data/TNO-HT-ATES/HT-ATES_NLFFS/TG418_NLDOBR__ntg_ATES.asc
ncols        266
nrows        269
xllcorner    11500.000000000000
yllcorner    355500.000000000000
cellsize     1000.000000000000
NODATA_value  -999999
[rows 115 to 137 of 269, columns 100 to 149 of 266]
-999999 -999999 -999999 -999999 -999999 -999999 -999999 -999999 -999999 -999999 0.76157999038696289062 0.76194000244140625 0.76223999261856079102 0.76244002580642700195 0.76270002126693725586 0.76279997825622558594 0.76289999485015869141 0.76305997371673583984 0.76345998048782348633 0.76406002044677734375 0.76490002870559692383 0.76590001583099365234 0.76713997125625610352 0.76854002475738525391 0.77020001411437988281 0.77204000949859619141 0.77398002147674560547 0.77613997459411621094 0.77847999334335327148 0.7809200286865234375 0.78358000516891479492 0.78631997108459472656 0.78921997547149658203 0.79215997457504272461 0.79526001214981079102 0.79835999011993408203 0.80084002017974853516 0.80277997255325317383 0.80422002077102661133 0.80519998073577880859 0.80659997463226318359 0.80834001302719116211 0.81033998727798461914 0.81208002567291259766 0.81353998184204101562 0.81454002857208251953 0.81458002328872680664 0.81348001956939697266 0.81121999025344848633 0.8078200221061706543
-999999 -999999 -999999 -999999 -999999 -999999 -999999 -999999 -999999 -999999 0.76209998130798339844 0.76230001449584960938 0.76244002580642700195 0.76260000467300415039 0.76266002655029296875 0.76266002655029296875 0.76266002655029296875 0.7628600001335144043 0.76330000162124633789 0.76396000385284423828 0.76490002870559692383 0.76599997282028198242 0.76730000972747802734 0.76880002021789550781 0.77053999900817871094 0.77244001626968383789 0.77454000711441040039 0.77678000926971435547 0.77917999029159545898 0.78178000450134277344 0.78451997041702270508 0.78741997480392456055 0.79041999578475952148 0.7935199737548828125 0.79676002264022827148 0.80015999078750610352 0.80309998989105224609 0.80558001995086669922 0.80751997232437133789 0.80886000394821166992 0.8104000091552734375 0.81256002187728881836 0.81484001874923706055 0.81664001941680908203 0.81813997030258178711 0.81884002685546875 0.81900000572204589844 0.8180999755859375 0.81603997945785522461 0.81278002262115478516
-999999 -999999 -999999 -999999 -999999 -999999 -999999 -999999 -999999 -999999 -999999 0.76226001977920532227 0.76230001449584960938 0.76235997676849365234 0.76235997676849365234 0.76235997676849365234 0.76235997676849365234 0.76266002655029296875 0.76315999031066894531 0.76389998197555541992 0.76490002870559692383 0.76604002714157104492 0.76744002103805541992 0.76903998851776123047 0.77083998918533325195 0.77284002304077148438 0.77503997087478637695 0.7773799896240234375 0.77987998723983764648 0.78258001804351806641 0.78542000055313110352 0.78842002153396606445 0.79151999950408935547 0.79482001066207885742 0.79816001653671264648 0.80166000127792358398 0.80515998601913452148 0.80813997983932495117 0.81051999330520629883 0.81242001056671142578 0.81405997276306152344 0.81625998020172119141 0.8187999725341796875 0.82099997997283935547 0.82253998517990112305 0.82323998212814331055 0.82333999872207641602 0.82244002819061279297 0.82043999433517456055 0.81734001636505126953
-999999 -999999 -999999 -999999 -999999 -999999 -999999 -999999 -999999 -999999 -999999 -999999 0.76205998659133911133 0.76205998659133911133 0.76205998659133911133 0.76205998659133911133 0.7621600031852722168 0.76245999336242675781 0.76300001144409179688 0.76380002498626708984 0.76490002870559692383 0.76609998941421508789 0.76759999990463256836 0.76924002170562744141 0.77113997936248779297 0.77323997020721435547 0.77547997236251831055 0.77793997526168823242 0.78053998947143554688 0.78333997726440429688 0.78627997636795043945 0.78938001394271850586 0.79262000322341918945 0.79597997665405273438 0.79945999383926391602 0.80316001176834106445 0.80695998668670654297 0.8104000091552734375 0.81327998638153076172 0.81568002700805664062 0.81756001710891723633 0.81981998682022094727 0.82245999574661254883 0.82485997676849365234 0.82660001516342163086 0.82753998041152954102 0.82760000228881835938 0.82683998346328735352 0.82494002580642700195 0.82187998294830322266
-999999 -999999 -999999 -999999 -999999 -999999 -999999 -999999 -999999 -999999 -999999 -999999 -999999 -999999 -999999 0.76179999113082885742 0.76196002960205078125 0.76230001449584960938 0.76289999485015869141 0.76380002498626708984 0.76490002870559692383 0.76620000600814819336 0.76774001121520996094 0.76950001716613769531 0.77144002914428710938 0.77354001998901367188 0.77594000101089477539 0.77843999862670898438 0.7811400294303894043 0.78398001194000244141 0.78703999519348144531 0.79018002748489379883 0.79357999563217163086 0.79707998037338256836 0.80071997642517089844 0.80452001094818115234 0.80842000246047973633 0.81225997209548950195 0.81563997268676757812 0.8185799717903137207 0.82091999053955078125 0.82322001457214355469 0.82595998048782348633 0.82855999469757080078 0.83050000667572021484 0.83160001039505004883 0.83183997869491577148 0.83123999834060668945 0.82958000898361206055 0.82668000459671020508
-999999 -999999 -999999 -999999 -999999 -999999 -999999 -999999 -999999 -999999 -999999 -999999 -999999 -999999 -999999 0.76160001754760742188 0.76175999641418457031 0.76219999790191650391 0.7628600001335144043 0.76380002498626708984 0.76490002870559692383 0.76630002260208129883 0.76784002780914306641 0.76964002847671508789 0.77164000272750854492 0.77389997243881225586 0.77630001306533813477 0.77884000539779663086 0.78163999319076538086 0.78457999229431152344 0.78767997026443481445 0.79097998142242431641 0.7944800257682800293 0.79808002710342407227 0.80181998014450073242 0.80571997165679931641 0.80971997976303100586 0.81375998258590698242 0.81765997409820556641 0.82103997468948364258 0.82397997379302978516 0.82652002573013305664 0.82932001352310180664 0.83201998472213745117 0.83415997028350830078 0.8354600071907043457 0.8359000086784362793 0.83550000190734863281 0.83424001932144165039 0.83182001113891601562
-999999 -999999 -999999 -999999 -999999 -999999 -999999 -999999 -999999 -999999 -999999 -999999 -999999 -999999 -999999 0.76139998435974121094 0.76160001754760742188 0.76209998130798339844 0.76279997825622558594 0.76370000839233398438 0.76490002870559692383 0.76630002260208129883 0.76800000667572021484 0.76980000734329223633 0.77189999818801879883 0.77414000034332275391 0.77663999795913696289 0.77924001216888427734 0.78214001655578613281 0.78513997793197631836 0.78833997249603271484 0.79174000024795532227 0.79527997970581054688 0.79897999763488769531 0.80277997255325317383 0.80672001838684082031 0.81077998876571655273 0.81497997045516967773 0.81922000646591186523 0.82309997081756591797 0.8265399932861328125 0.82947999238967895508 0.83237999677658081055 0.83521997928619384766 0.83752000331878662109 0.8389599919319152832 0.8396599888801574707 0.83960002660751342773 0.83863997459411621094 0.83678001165390014648
-999999 -999999 -999999 -999999 -999999 -999999 -999999 -999999 -999999 -999999 -999999 -999999 -999999 -999999 -999999 0.76125997304916381836 0.76150000095367431641 0.76200002431869506836 0.76270002126693725586 0.76370000839233398438 0.76490002870559692383 0.76639997959136962891 0.76804000139236450195 0.76994001865386962891 0.77204000949859619141 0.77433997392654418945 0.77683997154235839844 0.77954000234603881836 0.7825400233268737793 0.78564000129699707031 0.78887999057769775391 0.7923399806022644043 0.79593998193740844727 0.7996399998664855957 0.80353999137878417969 0.80757999420166015625 0.81168001890182495117 0.81598001718521118164 0.82028001546859741211 0.82462000846862792969 0.82855999469757080078 0.83204001188278198242 0.83517998456954956055 0.83818000555038452148 0.84048002958297729492 0.84222000837326049805 0.84311997890472412109 0.84336000680923461914 0.84270000457763671875 0.84123998880386352539
-999999 -999999 -999999 -999999 -999999 -999999 -999999 -999999 -999999 -999999 -999999 -999999 -999999 -999999 -999999 0.76109999418258666992 0.76139998435974121094 0.76190000772476196289 0.76270002126693725586 0.76370000839233398438 0.76490002870559692383 0.76639997959136962891 0.76810002326965332031 0.76999998092651367188 0.77219998836517333984 0.77454000711441040039 0.77714002132415771484 0.77990001440048217773 0.78284001350402832031 0.78600001335144042969 0.78930002450942993164 0.79273998737335205078 0.79644000530242919922 0.80018001794815063477 0.80413997173309326172 0.80817997455596923828 0.81238001585006713867 0.81668001413345336914 0.82108002901077270508 0.82568001747131347656 0.83002001047134399414 0.8340600132942199707 0.83763998746871948242 0.84074002504348754883 0.84324002265930175781 0.84508001804351806641 0.8462200164794921875 0.84662002325057983398 0.84631997346878051758 0.84526002407073974609
-999999 -999999 -999999 -999999 -999999 -999999 -999999 -999999 -999999 -999999 -999999 -999999 -999999 -999999 -999999 0.76105999946594238281 0.76130002737045288086 0.76179999113082885742 0.76260000467300415039 0.76359999179840087891 0.76490002870559692383 0.76639997959136962891 0.76819998025894165039 0.77009999752044677734 0.77230000495910644531 0.77469998598098754883 0.77730000019073486328 0.78009998798370361328 0.78310000896453857422 0.78623998165130615234 0.78960001468658447266 0.79309999942779541016 0.79673999547958374023 0.80053997039794921875 0.80449998378753662109 0.80864000320434570312 0.81283998489379882812 0.81720000505447387695 0.8216400146484375 0.82624000310897827148 0.83094000816345214844 0.83538001775741577148 0.83946001529693603516 0.84299999475479125977 0.84560000896453857422 0.84754002094268798828 0.84883999824523925781 0.84947997331619262695 0.84947997331619262695 0.84872001409530639648
-999999 -999999 -999999 -999999 -999999 -999999 -999999 -999999 -999999 -999999 -999999 -999999 -999999 -999999 -999999 0.76099997758865356445 0.76125997304916381836 0.76179999113082885742 0.76260000467300415039 0.76359999179840087891 0.76490002870559692383 0.76649999618530273438 0.76819998025894165039 0.77020001411437988281 0.77240002155303955078 0.7748000025749206543 0.77740001678466796875 0.78020000457763671875 0.78320002555847167969 0.78640002012252807617 0.78969997167587280273 0.79320001602172851562 0.79689997434616088867 0.80070000886917114258 0.80470001697540283203 0.80879998207092285156 0.81309998035430908203 0.81743997335433959961 0.82194000482559204102 0.8265399932861328125 0.83123999834060668945 0.83604001998901367188 0.840579986572265625 0.84472000598907470703 0.84755998849868774414 0.84956002235412597656 0.85096001625061035156 0.85176002979278564453 0.85189998149871826172 0.85140001773834228516
-999999 -999999 -999999 -999999 -999999 -999999 -999999 -999999 -999999 -999999 -999999 -999999 -999999 -999999 -999999 0.76099997758865356445 0.76120001077651977539 0.76179999113082885742 0.76260000467300415039 0.76359999179840087891 0.76490002870559692383 0.76649999618530273438 0.76819998025894165039 0.77020001411437988281 0.77240002155303955078 0.7748000025749206543 0.77740001678466796875 0.78020000457763671875 0.78320002555847167969 0.78640002012252807617 0.78969997167587280273 0.79320001602172851562 0.79689997434616088867 0.80070000886917114258 0.80470001697540283203 0.80879998207092285156 0.81305998563766479492 0.81746000051498413086 0.82190001010894775391 0.82656002044677734375 0.8312600255012512207 0.83605998754501342773 0.84090000391006469727 0.84543997049331665039 0.8490200042724609375 0.85115998983383178711 0.85262000560760498047 0.85342001914978027344 0.85365998744964599609 0.85325998067855834961
-999999 -999999 -999999 -999999 -999999 -999999 -999999 -999999 -999999 -999999 -999999 -999999 -999999 -999999 -999999 -999999 -999999 -999999 -999999 -999999 -999999 -999999 0.76815998554229736328 0.77009999752044677734 0.77230000495910644531 0.77469998598098754883 0.77730000019073486328 0.78009998798370361328 0.78306001424789428711 0.78626000881195068359 0.78956001996994018555 0.79306000471115112305 0.79676002264022827148 0.80055999755859375 0.80449998378753662109 0.80856001377105712891 0.81286001205444335938 0.81716001033782958984 0.82165998220443725586 0.82625997066497802734 0.83091998100280761719 0.83572000265121459961 0.84056001901626586914 0.84545999765396118164 0.84960001707077026367 0.85228002071380615234 0.85372000932693481445 0.85448002815246582031 0.85468000173568725586 0.85427999496459960938
-999999 -999999 -999999 -999999 -999999 -999999 -999999 -999999 -999999 -999999 -999999 -999999 -999999 -999999 -999999 -999999 -999999 -999999 -999999 -999999 -999999 -999999 -999999 0.76999998092651367188 0.77215999364852905273 0.77455997467041015625 0.77710002660751342773 0.77986001968383789062 0.78285998106002807617 0.78596001863479614258 0.78926002979278564453 0.79276001453399658203 0.796360015869140625 0.80015999078750610352 0.80412000417709350586 0.80816000699996948242 0.81235998868942260742 0.81665998697280883789 0.82112002372741699219 0.8256199955940246582 0.83021998405456542969 0.834980010986328125 0.83977997303009033203 0.84461998939514160156 0.84917998313903808594 0.85250002145767211914 0.8543999791145324707 0.85513997077941894531 0.85519999265670776367 0.85460001230239868164
-999999 -999999 -999999 -999999 -999999 -999999 -999999 -999999 -999999 -999999 -999999 -999999 -999999 -999999 -999999 -999999 -999999 -999999 -999999 -999999 -999999 -999999 -999999 -999999 -999999 0.77425998449325561523 0.77685999870300292969 0.77956002950668334961 0.78245997428894042969 0.78556001186370849609 0.78886002302169799805 0.79232001304626464844 0.79592001438140869141 0.79961997270584106445 0.80352002382278442383 0.80751997232437133789 0.81172001361846923828 0.81591999530792236328 0.82028001546859741211 0.82477998733520507812 0.82928001880645751953 0.83388000726699829102 0.83863997459411621094 0.843379974365234375 0.84794002771377563477 0.85177999734878540039 0.85421997308731079102 0.85519999265670776367 0.8550999760627746582 0.85426002740859985352
-999999 -999999 -999999 -999999 -999999 -999999 -999999 -999999 -999999 -999999 -999999 -999999 -999999 -999999 -999999 -999999 -999999 -999999 -999999 -999999 -999999 -999999 -999999 -999999 -999999 -999999 0.7764599919319152832 0.77916002273559570312 0.78206002712249755859 0.7851200103759765625 0.78832000494003295898 0.79171997308731079102 0.79522001743316650391 0.79891997575759887695 0.80272001028060913086 0.80672001838684082031 0.81077998876571655273 0.81497997045516967773 0.81918001174926757812 0.82358002662658691406 0.82804000377655029297 0.83253997564315795898 0.83714002370834350586 0.84174001216888427734 0.84619998931884765625 0.85009998083114624023 0.8529999852180480957 0.85457998514175415039 0.8546199798583984375 0.85357999801635742188
-999999 -999999 -999999 -999999 -999999 -999999 -999999 -999999 -999999 -999999 -999999 -999999 -999999 -999999 -999999 -999999 -999999 -999999 -999999 -999999 -999999 -999999 -999999 -999999 -999999 -999999 0.77601999044418334961 0.77865999937057495117 0.78145998716354370117 0.78451997041702270508 0.78762000799179077148 0.79101997613906860352 0.79442000389099121094 0.79808002710342407227 0.80181998014450073242 0.8056799769401550293 0.80967998504638671875 0.81378000974655151367 0.81793999671936035156 0.82217997312545776367 0.8265399932861328125 0.83090001344680786133 0.83530002832412719727 0.83976000547409057617 0.84406000375747680664 0.84785997867584228516 0.85100001096725463867 0.85290002822875976562 0.85350000858306884766 0.85258001089096069336
-999999 -999999 -999999 -999999 -999999 -999999 -999999 -999999 -999999 -999999 -999999 -999999 -999999 -999999 -999999 -999999 -999999 -999999 -999999 -999999 -999999 -999999 -999999 -999999 -999999 -999999 0.77546000480651855469 0.77806001901626586914 0.78082001209259033203 0.78376001119613647461 0.78688001632690429688 0.79012000560760498047 0.7935199737548828125 0.79707998037338256836 0.80067998170852661133 0.80448001623153686523 0.80838000774383544922 0.81234002113342285156 0.81643998622894287109 0.82054001092910766602 0.82469999790191650391 0.82899999618530273438 0.83319997787475585938 0.83745998144149780273 0.84166002273559570312 0.84531998634338378906 0.84851998090744018555 0.85056000947952270508 0.85145998001098632812 0.85100001096725463867
-999999 -999999 -999999 -999999 -999999 -999999 -999999 -999999 -999999 -999999 -999999 -999999 -999999 -999999 -999999 -999999 -999999 -999999 -999999 -999999 -999999 -999999 -999999 -999999 -999999 0.77252000570297241211 0.77486002445220947266 0.77741998434066772461 0.78012001514434814453 -999999 -999999 -999999 0.79247999191284179688 0.7958800196647644043 0.79948002099990844727 0.8031399846076965332 0.80687999725341796875 0.81073999404907226562 0.81470000743865966797 0.81870001554489135742 0.82270002365112304688 -999999 0.83086001873016357422 0.83491998910903930664 0.83891999721527099609 0.84251999855041503906 0.84557998180389404297 0.84781998395919799805 0.84881997108459472656 0.84861999750137329102
-999999 -999999 -999999 -999999 -999999 -999999 -999999 -999999 -999999 -999999 -999999 -999999 -999999 -999999 -999999 -999999 -999999 -999999 -999999 -999999 -999999 -999999 -999999 -999999 0.76986002922058105469 0.77192002534866333008 0.77421998977661132812 -999999 -999999 -999999 -999999 -999999 -999999 -999999 0.79803997278213500977 0.80163997411727905273 -999999 -999999 -999999 -999999 -999999 -999999 0.82832002639770507812 0.83222001791000366211 0.83597999811172485352 0.83947998285293579102 0.84237998723983764648 0.84468001127243041992 0.84592002630233764648 0.84592002630233764648
-999999 -999999 -999999 -999999 -999999 -999999 -999999 -999999 -999999 -999999 -999999 -999999 -999999 -999999 -999999 -999999 -999999 -999999 -999999 -999999 -999999 -999999 -999999 0.76745998859405517578 0.76925998926162719727 -999999 -999999 -999999 -999999 -999999 -999999 -999999 -999999 -999999 -999999 -999999 -999999 -999999 -999999 -999999 -999999 0.8218600153923034668 0.8256199955940246582 0.82921999692916870117 0.8328800201416015625 0.83617997169494628906 -999999 -999999 0.8426799774169921875 0.84298002719879150391
-999999 -999999 -999999 -999999 -999999 -999999 -999999 -999999 -999999 -999999 -999999 -999999 -999999 -999999 -999999 -999999 -999999 -999999 -999999 -999999 -999999 -999999 -999999 -999999 -999999 -999999 -999999 -999999 -999999 -999999 -999999 -999999 -999999 -999999 -999999 -999999 -999999 -999999 -999999 -999999 0.81562000513076782227 0.81922000646591186523 0.82271999120712280273 0.82617998123168945312 -999999 -999999 -999999 -999999 -999999 -999999
-999999 -999999 -999999 -999999 -999999 -999999 -999999 -999999 -999999 -999999 -999999 -999999 -999999 -999999 -999999 -999999 -999999 -999999 -999999 -999999 -999999 -999999 -999999 -999999 -999999 -999999 -999999 -999999 -999999 -999999 -999999 -999999 -999999 -999999 -999999 -999999 -999999 -999999 -999999 -999999 -999999 -999999 -999999 -999999 -999999 -999999 -999999 -999999 -999999 -999999
