data/TNO-HT-ATES/HT-ATES_NLFFS/TG417_NLDOBR__k_P50_ATES.asc
ncols        266
nrows        269
xllcorner    11500.000000000000
yllcorner    355500.000000000000
cellsize     1000.000000000000
NODATA_value  -999999
[rows 138 to 160 of 269, columns 159 to 211 of 266]
153.883453369140625 158.798797607421875 161.8855438232421875 163.7167816162109375 166.9494171142578125 174.027862548828125 181.06524658203125 182.2312164306640625 180.8519744873046875 181.31951904296875 182.60577392578125 185.5153961181640625 189.30902099609375 193.3634033203125 197.7046051025390625 202.2683258056640625 207.0430450439453125 211.93853759765625 216.785003662109375 221.436737060546875 225.8526763916015625 230.0925445556640625 234.282562255859375 238.6029052734375 243.277374267578125 248.52801513671875 254.468841552734375 261.015869140625 267.920654296875 274.887603759765625 281.679534912109375 288.148590087890625 294.20648193359375 299.819305419921875 305.003326416015625 309.819793701171875 314.187652587890625 318.013671875 322.125732421875 326.672576904296875 330.645050048828125 333.687713623046875 336.16107177734375 338.597808837890625 341.456634521484375 344.852813720703125 348.556671142578125 352.22882080078125 355.500732421875 358.156982421875 360.528076171875 362.805389404296875 364.807342529296875
145.566680908203125 150.11773681640625 155.0460662841796875 159.997833251953125 165.4761810302734375 172.9620819091796875 179.5182342529296875 181.790679931640625 181.5378265380859375 180.724853515625 180.5121002197265625 182.324493408203125 185.4299774169921875 188.9431610107421875 192.6243133544921875 196.554412841796875 200.9376220703125 205.746124267578125 210.7417144775390625 215.63909912109375 220.223785400390625 224.490386962890625 228.5500030517578125 232.5895538330078125 236.9102935791015625 241.8760833740234375 247.711273193359375 254.352203369140625 261.504608154296875 268.8199462890625 276.022064208984375 282.94805908203125 289.489501953125 295.583709716796875 301.149505615234375 306.0015869140625 309.753448486328125 312.898834228515625 317.665069580078125 324.03021240234375 329.660247802734375 333.725250244140625 336.8687744140625 339.74578857421875 342.760406494140625 346.0029296875 349.3123779296875 352.466583251953125 355.265716552734375 357.74560546875 360.205169677734375 362.38409423828125 364.188385009765625
139.586822509765625 145.086181640625 152.6097259521484375 161.250335693359375 168.769378662109375 175.043426513671875 180.0054473876953125 182.8307952880859375 182.835662841796875 181.5628662109375 180.9068603515625 181.74774169921875 183.7922210693359375 186.3936614990234375 189.0133819580078125 191.9516448974609375 195.7832794189453125 200.4701995849609375 205.6726837158203125 210.969512939453125 215.83770751953125 220.2294158935546875 224.237396240234375 227.95977783203125 231.76861572265625 236.2406463623046875 241.7781829833984375 248.3455352783203125 255.5984344482421875 263.134674072265625 270.64495849609375 277.938751220703125 284.899566650390625 291.415191650390625 297.33502197265625 302.368072509765625 306.15838623046875 309.54827880859375 314.97650146484375 322.4356689453125 329.1572265625 334.008026123046875 337.6651611328125 340.894744873046875 344.05718994140625 347.219879150390625 350.243804931640625 352.96624755859375 355.330047607421875 357.595703125 359.893646240234375 361.850921630859375 363.32159423828125
133.88214111328125 141.96807861328125 153.3392181396484375 165.039703369140625 173.213623046875 177.8045196533203125 181.2394866943359375 183.57159423828125 183.691680908203125 182.717376708984375 182.4268341064453125 183.0212249755859375 184.141693115234375 185.6544189453125 187.299285888671875 189.564697265625 193.1669769287109375 197.710174560546875 202.70391845703125 207.96588134765625 212.8674163818359375 217.362640380859375 221.3748626708984375 224.78424072265625 228.011383056640625 231.7749786376953125 236.8078460693359375 243.121856689453125 250.3119049072265625 257.927490234375 265.631195068359375 273.2080078125 280.5213623046875 287.451385498046875 293.850189208984375 299.514129638671875 304.29144287109375 308.9827880859375 315.055389404296875 322.490692138671875 329.367431640625 334.54425048828125 338.48065185546875 341.9669189453125 345.284942626953125 348.465789794921875 351.356536865234375 353.796966552734375 355.842254638671875 357.875091552734375 360.008453369140625 361.80145263671875 362.971466064453125
130.05426025390625 140.6168975830078125 155.286956787109375 168.8607025146484375 176.869720458984375 180.05792236328125 182.0854034423828125 183.6089324951171875 183.759735107421875 183.1787567138671875 183.33416748046875 184.249237060546875 185.1567230224609375 186.0012664794921875 187.4760589599609375 190.1427459716796875 194.1148223876953125 198.382080078125 202.43170166015625 206.7133941650390625 210.989898681640625 215.23486328125 219.1084442138671875 222.1771392822265625 225.0743255615234375 228.196044921875 232.6620330810546875 238.6263580322265625 245.6374359130859375 253.2183990478515625 261.01190185546875 268.78472900390625 276.388214111328125 283.7110595703125 290.65447998046875 297.137451171875 303.2052001953125 309.239501953125 315.911651611328125 323.132171630859375 329.82080078125 335.0794677734375 339.1583251953125 342.831634521484375 346.32684326171875 349.63458251953125 352.56243896484375 354.870513916015625 356.633697509765625 358.44482421875 360.60498046875 362.469573974609375 363.525634765625
128.98388671875 140.5521392822265625 156.1910247802734375 170.3217926025390625 178.238983154296875 181.049957275390625 182.5616607666015625 183.51458740234375 183.62127685546875 183.37109375 183.875152587890625 185.10870361328125 185.91741943359375 186.249237060546875 188.0475616455078125 191.9264984130859375 196.69146728515625 200.4634552001953125 203.1844635009765625 206.069366455078125 209.2604827880859375 212.8731536865234375 216.5045166015625 219.39154052734375 222.0259246826171875 224.8104248046875 228.958160400390625 234.651397705078125 241.4721221923828125 248.966064453125 256.77667236328125 264.66461181640625 272.476806640625 280.12371826171875 287.553314208984375 294.752197265625 301.783050537109375 308.817596435546875 316.02386474609375 323.296875 329.9830322265625 335.313812255859375 339.49560546875 343.319549560546875 346.99688720703125 350.4951171875 353.58074951171875 355.938140869140625 357.60015869140625 359.304046630859375 361.569732666015625 363.4393310546875 364.4598388671875
130.524017333984375 141.9745025634765625 156.503326416015625 169.3751983642578125 176.9397125244140625 180.1861724853515625 182.071502685546875 183.1209259033203125 183.219573974609375 182.9620361328125 183.7062835693359375 185.3465728759765625 186.0626983642578125 186.0308837890625 188.0659942626953125 192.89410400390625 197.955596923828125 200.7133941650390625 202.431976318359375 204.6657562255859375 207.04498291015625 209.7176666259765625 212.8953399658203125 215.785003662109375 218.2378997802734375 221.1300811767578125 225.331573486328125 230.976715087890625 237.7140655517578125 245.126434326171875 252.9084625244140625 260.8331298828125 268.75665283203125 276.61151123046875 284.384613037109375 292.092620849609375 299.775665283203125 307.4737548828125 315.168487548828125 322.713592529296875 329.578643798828125 335.039215087890625 339.326507568359375 343.278350830078125 347.106048583984375 350.75244140625 353.93927001953125 356.3697509765625 358.18438720703125 360.023712158203125 362.34283447265625 363.968780517578125 365.09375
135.1811065673828125 145.9198150634765625 158.5039215087890625 169.01324462890625 175.7352752685546875 179.7347869873046875 182.3056793212890625 183.305755615234375 183.1450347900390625 182.6568145751953125 183.2901458740234375 185.014801025390625 185.876861572265625 186.276763916015625 188.766845703125 193.5655670166015625 197.4423065185546875 198.768524169921875 200.2501068115234375 202.4716339111328125 204.4899749755859375 206.2446746826171875 208.578582763671875 211.2215728759765625 213.9076385498046875 217.23187255859375 221.7300262451171875 227.5248565673828125 234.30902099609375 241.6927032470703125 249.4095458984375 257.285430908203125 265.2025146484375 273.12298583984375 281.06549072265625 289.072784423828125 297.16961669921875 305.33441162109375 313.4642333984375 321.3702392578125 328.51568603515625 334.163665771484375 338.58123779296875 342.661712646484375 346.61041259765625 350.3223876953125 353.448760986328125 355.6868896484375 357.330902099609375 359.358367919921875 361.925048828125 363.69293212890625 365.157928466796875
142.9715576171875 152.6032257080078125 163.6524810791015625 172.7537994384765625 178.875762939453125 182.942718505859375 185.385101318359375 185.6333160400390625 184.618377685546875 183.353302001953125 183.354736328125 184.7488861083984375 185.963043212890625 187.1435394287109375 189.9063568115234375 193.6640777587890625 195.887786865234375 196.52752685546875 198.0785064697265625 200.0999755859375 201.810638427734375 203.0247039794921875 204.629913330078125 206.914886474609375 209.7946014404296875 213.5155181884765625 218.360443115234375 224.3873443603515625 231.2986602783203125 238.687713623046875 246.2964019775390625 254.0272369384765625 261.806304931640625 269.634185791015625 277.567138671875 285.67523193359375 293.993865966796875 302.48260498046875 310.99444580078125 319.293487548828125 326.79168701171875 332.70208740234375 337.3070068359375 341.55596923828125 345.655426025390625 349.456512451171875 352.55535888671875 354.62298583984375 356.086273193359375 358.1982421875 360.963134765625 363.21875 365.0072021484375
152.228485107421875 160.5256805419921875 169.9170074462890625 178.25689697265625 184.2593841552734375 188.091278076171875 190.0321807861328125 189.6445159912109375 187.3315582275390625 184.4199371337890625 183.3760223388671875 184.6474609375 186.5553131103515625 188.3472442626953125 190.6756439208984375 193.13592529296875 194.5727386474609375 195.349639892578125 196.5872650146484375 197.9340667724609375 199.103485107421875 199.9563140869140625 201.1089324951171875 203.087158203125 206.0790863037109375 210.1941986083984375 215.457733154296875 221.7614593505859375 228.7864990234375 236.136077880859375 243.57403564453125 251.0579376220703125 258.565673828125 266.14117431640625 273.881103515625 281.8968505859375 290.26153564453125 298.95013427734375 307.797210693359375 316.5137939453125 324.46484375 330.759063720703125 335.638671875 340.111968994140625 344.441009521484375 348.4736328125 351.81561279296875 354.21038818359375 356.152984619140625 358.476593017578125 361.235015869140625 363.518707275390625 365.212188720703125
160.5465240478515625 167.5172271728515625 174.77813720703125 181.6464385986328125 187.356414794921875 191.3690185546875 193.4056549072265625 192.9962005615234375 189.8132171630859375 185.79345703125 184.154815673828125 185.562164306640625 188.1079559326171875 190.276519775390625 191.908447265625 193.2470855712890625 194.2421417236328125 194.9250335693359375 195.5447540283203125 196.14276123046875 196.6114349365234375 196.960418701171875 197.6739044189453125 199.3518524169921875 202.4512176513671875 207.086944580078125 212.9621124267578125 219.6526947021484375 226.769073486328125 234.009735107421875 241.217254638671875 248.3686065673828125 255.485992431640625 262.6583251953125 270.02191162109375 277.74359130859375 285.967864990234375 294.733489990234375 303.88397216796875 313.07000732421875 321.633544921875 328.50390625 333.771514892578125 338.49505615234375 343.129364013671875 347.537353515625 351.318206787109375 354.312286376953125 356.882568359375 359.5631103515625 362.3660888671875 364.458038330078125 365.732757568359375
166.71087646484375 172.8901214599609375 178.4465179443359375 183.568145751953125 188.30523681640625 192.1842803955078125 194.3408660888671875 194.0377197265625 191.3839874267578125 188.2216339111328125 186.9771575927734375 188.2879180908203125 190.7881011962890625 192.8759765625 194.028106689453125 194.5423126220703125 194.791595458984375 194.8766021728515625 194.8311004638671875 194.69189453125 194.429718017578125 194.1148529052734375 194.1342010498046875 195.2595672607421875 198.4310455322265625 203.86114501953125 210.70654296875 217.9004364013671875 225.08929443359375 232.199920654296875 239.1670379638671875 245.956207275390625 252.6097869873046875 259.2510986328125 266.055328369140625 273.25469970703125 281.11273193359375 289.80926513671875 299.248626708984375 309.01959228515625 318.4073486328125 326.140533447265625 331.979034423828125 336.94989013671875 341.94647216796875 346.80096435546875 350.966522216796875 354.36529541015625 357.379852294921875 360.35919189453125 363.174713134765625 365.143890380859375 366.144622802734375
171.2247467041015625 177.1301727294921875 181.587615966796875 185.1706390380859375 188.7584991455078125 192.1821136474609375 194.18743896484375 194.1678466796875 192.8863983154296875 191.453155517578125 190.955780029296875 191.9279632568359375 193.8228607177734375 195.4983673095703125 196.354461669921875 196.4118194580078125 195.94189453125 195.21905517578125 194.415863037109375 193.5813751220703125 192.6375274658203125 191.5486602783203125 190.5431671142578125 190.615081787109375 193.64642333984375 200.42578125 208.7642059326171875 216.43902587890625 223.556640625 230.558685302734375 237.3910369873046875 243.874267578125 250.0554656982421875 256.084747314453125 262.1595458984375 268.56903076171875 275.751251220703125 284.1693115234375 293.905853271484375 304.4605712890625 314.95343017578125 323.938446044921875 330.711090087890625 336.041412353515625 341.4473876953125 346.622406005859375 350.812713623046875 354.149017333984375 357.191680908203125 360.189666748046875 362.997222900390625 365.1123046875 366.2757568359375
175.301666259765625 181.1781005859375 184.893646240234375 187.4683380126953125 190.223846435546875 193.05328369140625 194.6519927978515625 194.792236328125 194.523284912109375 194.3986053466796875 194.517181396484375 195.217315673828125 196.422698974609375 197.5884857177734375 198.17364501953125 197.9230804443359375 196.9176177978515625 195.5413055419921875 194.1403350830078125 192.78094482421875 191.350067138671875 189.6597442626953125 187.698760986328125 186.241455078125 188.59429931640625 197.4099578857421875 207.669036865234375 215.3305206298828125 222.0184783935546875 229.0666961669921875 235.934967041015625 242.2348175048828125 248.016357421875 253.450836181640625 258.705474853515625 264.074554443359375 270.20416259765625 278.04669189453125 288.1007080078125 299.7684326171875 311.692169189453125 322.326690673828125 330.486328125 336.562530517578125 342.33831787109375 347.2496337890625 350.742645263671875 353.6275634765625 356.415252685546875 359.205291748046875 361.98284912109375 364.3671875 366.07275390625
179.8138580322265625 185.626983642578125 189.118621826171875 191.389556884765625 193.51019287109375 195.3632659912109375 196.2325439453125 196.3027191162109375 196.4427337646484375 196.8408050537109375 197.231781005859375 197.707916259765625 198.3343658447265625 198.9238433837890625 199.0836181640625 198.502105712890625 197.1883392333984375 195.51055908203125 193.825775146484375 192.2447357177734375 190.681640625 188.9522552490234375 186.9363250732421875 185.2003936767578125 187.3320465087890625 197.1352996826171875 207.858184814453125 214.2949371337890625 220.390777587890625 227.8374786376953125 234.935882568359375 241.10882568359375 246.677520751953125 251.7316741943359375 256.328399658203125 260.69769287109375 265.65643310546875 272.713104248046875 283.020751953125 295.9412841796875 309.471282958984375 321.752288818359375 331.349456787109375 338.24774169921875 343.712188720703125 347.6268310546875 350.290985107421875 352.842132568359375 355.409942626953125 357.941925048828125 360.68853759765625 363.378753662109375 365.622650146484375
185.0092926025390625 190.450775146484375 193.7574615478515625 195.93316650390625 197.5925750732421875 198.5536346435546875 198.7896270751953125 198.726837158203125 198.8951263427734375 199.279296875 199.5560150146484375 199.698333740234375 199.804718017578125 199.78924560546875 199.40679931640625 198.4527130126953125 196.947418212890625 195.172576904296875 193.43194580078125 191.8821868896484375 190.5437164306640625 189.3608856201171875 188.439117431640625 188.5525054931640625 192.01861572265625 200.2139739990234375 208.584747314453125 213.5379638671875 219.01458740234375 226.5852813720703125 233.985565185546875 240.352203369140625 246.128875732421875 251.2771759033203125 255.7954559326171875 259.92633056640625 264.5230712890625 271.063812255859375 281.151031494140625 294.6458740234375 309.1514892578125 322.39111328125 332.778076171875 339.856292724609375 344.327728271484375 347.18560791015625 349.510101318359375 352.011077880859375 354.541046142578125 357.0003662109375 359.76611328125 362.63720703125 365.11602783203125
190.69000244140625 195.470977783203125 198.53448486328125 200.457275390625 201.6292724609375 202.0225067138671875 201.9700164794921875 201.8861846923828125 201.942596435546875 202.0061798095703125 201.8840789794921875 201.56561279296875 201.1263580322265625 200.506134033203125 199.5643463134765625 198.2044525146484375 196.4873046875 194.637939453125 192.91937255859375 191.5285797119140625 190.5925140380859375 190.22076416015625 190.610687255859375 192.4243927001953125 196.578155517578125 203.067718505859375 209.4984130859375 214.1481781005859375 219.0068359375 225.6516876220703125 233.06475830078125 240.0654449462890625 246.4792633056640625 252.2381744384765625 257.381378173828125 262.370452880859375 268.337371826171875 275.40838623046875 284.54620361328125 296.894012451171875 310.968017578125 324.0206298828125 334.266754150390625 340.771514892578125 344.292236328125 346.54669189453125 348.699493408203125 350.970703125 353.6202392578125 356.75665283203125 359.82550048828125 362.48828125 364.85040283203125
196.420196533203125 200.2234649658203125 203.1064605712890625 204.8485260009765625 205.566864013671875 205.6356353759765625 205.5265350341796875 205.4398040771484375 205.29150390625 204.9241943359375 204.2587432861328125 203.351776123046875 202.299713134765625 201.0771942138671875 199.5954132080078125 197.8278350830078125 195.8688201904296875 193.9227142333984375 192.22802734375 191.0094757080078125 190.4681243896484375 190.78302001953125 192.1519775390625 194.8491058349609375 199.1486053466796875 204.8114776611328125 210.7393798828125 215.9092254638671875 220.6531524658203125 226.332855224609375 233.2987213134765625 240.711578369140625 247.836822509765625 254.467864990234375 260.486114501953125 266.228729248046875 272.996063232421875 280.7576904296875 289.690338134765625 300.703765869140625 313.51971435546875 325.7833251953125 335.434783935546875 341.245269775390625 344.214599609375 346.056304931640625 347.712646484375 349.12225341796875 352.194305419921875 356.962371826171875 360.758148193359375 362.933380126953125 364.8145751953125
201.890960693359375 204.7241973876953125 207.2008819580078125 208.8153839111328125 209.29010009765625 209.1894073486328125 209.043426513671875 208.89849853515625 208.4668731689453125 207.5971221923828125 206.29791259765625 204.7399444580078125 203.073486328125 201.2932586669921875 199.341766357421875 197.2274169921875 195.0605926513671875 193.0243377685546875 191.3388671875 190.2436370849609375 189.9911651611328125 190.7930450439453125 192.765625 195.952667236328125 200.3526763916015625 205.829437255859375 211.8468170166015625 217.6662139892578125 222.9876861572265625 228.4594268798828125 234.88104248046875 242.2545166015625 250.01373291015625 257.6854248046875 264.70697021484375 270.635467529296875 275.73583984375 281.809326171875 290.77874755859375 302.407745361328125 314.693756103515625 326.305267333984375 335.4373779296875 340.98345947265625 343.8990478515625 345.403594970703125 346.3294677734375 347.49957275390625 351.750701904296875 357.703155517578125 361.46783447265625 363.187774658203125 364.7135009765625
-999999 209.178985595703125 211.4286956787109375 212.7063446044921875 212.8513641357421875 212.457183837890625 212.095916748046875 211.8096771240234375 210.9819183349609375 209.4302978515625 207.3914947509765625 205.3023223876953125 203.112823486328125 200.9152069091796875 198.6512451171875 196.33819580078125 194.07586669921875 192.0153961181640625 190.3412628173828125 189.305755615234375 189.2207183837890625 190.3508453369140625 192.7637176513671875 196.34429931640625 200.9461212158203125 206.4823760986328125 212.6568450927734375 218.6566162109375 224.1565399169921875 229.8390350341796875 236.3415985107421875 243.8153839111328125 252.180419921875 261.02203369140625 269.585540771484375 276.426300048828125 279.77734375 282.833587646484375 290.676116943359375 302.600830078125 314.390167236328125 325.212066650390625 333.87640380859375 339.683685302734375 342.95684814453125 344.48193359375 345.43701171875 347.687774658203125 352.951416015625 358.568511962890625 361.501495361328125 362.8375244140625 364.344268798828125
-999999 -999999 -999999 215.983642578125 216.2553253173828125 215.86834716796875 215.1373138427734375 214.208343505859375 -999999 -999999 -999999 204.6868743896484375 202.1744232177734375 199.803253173828125 197.4797821044921875 195.2010345458984375 193.0395355224609375 191.0864410400390625 189.4770965576171875 188.46551513671875 188.459136962890625 189.8481597900390625 192.6985626220703125 196.75439453125 201.6633758544921875 207.2524566650390625 213.519622802734375 219.4962158203125 224.9029541015625 230.608306884765625 237.1249237060546875 244.496063232421875 253.0554046630859375 262.58099365234375 272.21624755859375 280.668731689453125 285.552459716796875 288.6146240234375 294.62408447265625 303.945587158203125 313.896148681640625 323.440948486328125 331.61138916015625 337.632354736328125 341.296539306640625 343.2891845703125 345.44049072265625 349.0704345703125 354.24359130859375 358.75726318359375 361.426239013671875 362.895599365234375 364.60540771484375
-999999 -999999 -999999 -999999 -999999 -999999 217.169342041015625 217.0277557373046875 -999999 -999999 -999999 202.7812652587890625 200.240966796875 198.0117950439453125 195.9302215576171875 193.9710845947265625 192.1732940673828125 190.5482177734375 189.1583404541015625 188.230194091796875 188.2857818603515625 189.9945068359375 193.3838958740234375 197.990234375 203.273773193359375 208.7510223388671875 214.343475341796875 219.856597900390625 225.35052490234375 231.099334716796875 237.1918182373046875 243.947418212890625 251.941314697265625 261.281707763671875 271.1072998046875 280.390167236328125 287.437408447265625 292.575286865234375 298.304962158203125 305.4366455078125 313.333740234375 321.510650634765625 329.210906982421875 335.326568603515625 339.374847412109375 342.191925048828125 345.1201171875 349.0341796875 353.506591796875 357.787261962890625 361.196746826171875 363.557586669921875 365.6114501953125
-999999 -999999 -999999 -999999 -999999 -999999 -999999 -999999 -999999 205.3658599853515625 202.4156341552734375 199.8047637939453125 197.5748138427734375 195.8109130859375 194.2515411376953125 192.88323974609375 191.7387847900390625 190.7607421875 189.9208526611328125 189.3166656494140625 189.455078125 191.452301025390625 195.4174957275390625 200.6035003662109375 206.318359375 211.81365966796875 216.52557373046875 221.0135345458984375 226.060821533203125 231.522064208984375 236.944732666015625 242.7819061279296875 249.5658416748046875 257.927276611328125 267.3380126953125 276.701141357421875 285.04644775390625 292.3294677734375 298.938140869140625 305.405303955078125 312.216827392578125 319.423095703125 326.6973876953125 333.1617431640625 337.931243896484375 341.170806884765625 344.075836181640625 347.05133056640625 350.56939697265625 355.474273681640625 360.2744140625 363.568267822265625 366.059326171875
