data/TNO-HT-ATES/HT-ATES_NLFFS/TG417_NLDOBR__k_P50_ATES.asc
ncols        266
nrows        269
xllcorner    11500.000000000000
yllcorner    355500.000000000000
cellsize     1000.000000000000
NODATA_value  -999999
[rows 207 to 229 of 269, columns 53 to 105 of 266]
296.908050537109375 293.128021240234375 289.370391845703125 290.197174072265625 290.443695068359375 288.31072998046875 282.468170166015625 280.938568115234375 279.954437255859375 279.32379150390625 272.41436767578125 269.7694091796875 267.088623046875 265.6702880859375 266.089630126953125 270.719512939453125 271.032073974609375 270.86083984375 270.174407958984375 261.9949951171875 261.042816162109375 265.514495849609375 267.525421142578125 276.578857421875 281.178924560546875 283.91693115234375 287.258148193359375 289.379119873046875 291.565673828125 292.09228515625 292.572540283203125 296.907470703125 316.145477294921875 344.429229736328125 368.049407958984375 369.2803955078125 346.660308837890625 313.68353271484375 287.102294921875 284.986480712890625 285.9852294921875 288.42230224609375 292.5357666015625 292.543670654296875 297.289306640625 297.466064453125 298.5526123046875 299.68829345703125 299.509490966796875 307.923675537109375 286.149932861328125 283.627838134765625 301.25860595703125
299.027740478515625 295.0137939453125 293.229736328125 290.280029296875 288.932220458984375 289.302001953125 289.613128662109375 286.546417236328125 285.10809326171875 280.3695068359375 273.645965576171875 269.21905517578125 266.281158447265625 264.62109375 265.23284912109375 266.7696533203125 268.252105712890625 266.965850830078125 262.506683349609375 259.907958984375 260.77667236328125 263.646392822265625 268.201171875 274.344146728515625 279.730255126953125 283.751251220703125 283.871826171875 284.3585205078125 284.82379150390625 286.957733154296875 291.078704833984375 291.916473388671875 297.994049072265625 309.7662353515625 318.1986083984375 316.83074951171875 304.122894287109375 286.58056640625 272.80010986328125 275.07916259765625 277.90191650390625 276.77655029296875 279.01153564453125 283.424468994140625 290.676483154296875 298.91619873046875 294.17803955078125 290.013946533203125 292.054412841796875 298.015625 295.25030517578125 276.333526611328125 296.9774169921875
302.76019287109375 299.00164794921875 295.36224365234375 288.576416015625 285.364593505859375 291.01708984375 289.78125 288.107879638671875 285.8223876953125 281.15679931640625 275.447113037109375 272.454345703125 269.868560791015625 265.916595458984375 264.765228271484375 264.87872314453125 264.03179931640625 262.125274658203125 261.7789306640625 259.35797119140625 260.845458984375 264.337615966796875 269.690155029296875 273.511688232421875 276.2525634765625 279.059600830078125 284.633209228515625 284.676025390625 282.73675537109375 282.7470703125 285.9979248046875 286.43841552734375 291.282318115234375 293.852813720703125 292.591705322265625 289.588226318359375 284.319732666015625 277.055023193359375 273.255859375 265.156890869140625 260.566253662109375 267.72509765625 276.97906494140625 281.13006591796875 283.83642578125 289.032257080078125 288.622467041015625 288.201019287109375 291.01312255859375 292.712738037109375 302.832275390625 283.59344482421875 293.454071044921875
307.37652587890625 303.2518310546875 298.52191162109375 289.933013916015625 288.447235107421875 290.729888916015625 291.874908447265625 289.476165771484375 287.1612548828125 283.264312744140625 279.4884033203125 278.425933837890625 276.2200927734375 270.85693359375 270.233245849609375 267.227935791015625 264.041412353515625 262.08331298828125 262.61151123046875 262.69232177734375 264.855987548828125 268.262664794921875 272.015655517578125 275.44976806640625 279.41424560546875 280.709930419921875 283.424591064453125 284.516387939453125 281.830169677734375 282.670166015625 281.3250732421875 281.1767578125 283.91033935546875 293.1939697265625 292.968231201171875 287.50579833984375 283.711578369140625 282.410247802734375 279.798614501953125 272.180633544921875 262.178131103515625 263.69049072265625 270.01806640625 277.693389892578125 281.35015869140625 282.5152587890625 283.019744873046875 284.79443359375 286.17510986328125 291.750732421875 303.378814697265625 298.33343505859375 293.64678955078125
311.98828125 305.896331787109375 299.924652099609375 297.04315185546875 294.697845458984375 294.60699462890625 295.67132568359375 294.5172119140625 290.84588623046875 284.43304443359375 282.18597412109375 279.788116455078125 276.703033447265625 277.469451904296875 275.153594970703125 271.85662841796875 267.5712890625 265.851470947265625 266.22198486328125 267.94049072265625 270.5428466796875 272.74310302734375 272.971099853515625 276.620452880859375 277.61859130859375 278.553253173828125 279.005645751953125 277.166290283203125 274.218414306640625 278.525238037109375 279.752471923828125 280.975799560546875 280.59619140625 287.543304443359375 290.63433837890625 287.091278076171875 284.133056640625 283.43365478515625 281.564666748046875 277.883880615234375 271.729827880859375 269.250732421875 267.37506103515625 267.535369873046875 277.71490478515625 277.5113525390625 279.800689697265625 281.428009033203125 290.0333251953125 303.035675048828125 321.5814208984375 335.274261474609375 309.7996826171875
317.837188720703125 312.749359130859375 303.70257568359375 301.591644287109375 299.15777587890625 297.813995361328125 296.263092041015625 297.967071533203125 290.8470458984375 285.545989990234375 283.045623779296875 281.51812744140625 280.099334716796875 278.956878662109375 277.38970947265625 278.528656005859375 273.75982666015625 272.11456298828125 272.614990234375 274.086151123046875 276.06689453125 276.74786376953125 275.54833984375 274.097412109375 276.01129150390625 277.47210693359375 278.163726806640625 277.784454345703125 276.08660888671875 276.061767578125 274.70751953125 273.146331787109375 273.61834716796875 277.910888671875 281.250946044921875 281.697601318359375 282.749847412109375 283.866302490234375 283.889404296875 284.2564697265625 276.7996826171875 274.356170654296875 275.81781005859375 271.532257080078125 272.760711669921875 271.748687744140625 270.87933349609375 278.037261962890625 293.22845458984375 318.722930908203125 349.961517333984375 364.104644775390625 334.426971435546875
322.579193115234375 320.244537353515625 312.413787841796875 307.15625 303.7796630859375 300.608489990234375 295.775970458984375 290.485809326171875 289.128265380859375 288.3245849609375 282.680816650390625 282.288665771484375 280.578948974609375 280.6656494140625 278.683197021484375 278.09033203125 282.224884033203125 281.09393310546875 279.523834228515625 279.707611083984375 280.805694580078125 280.252532958984375 279.334228515625 277.342987060546875 279.620574951171875 279.34375 279.5574951171875 280.99188232421875 279.550445556640625 277.837890625 273.886993408203125 271.336334228515625 269.86578369140625 273.024566650390625 276.48406982421875 279.233184814453125 282.7186279296875 289.409576416015625 290.49664306640625 291.686309814453125 285.038482666015625 282.302032470703125 282.427032470703125 277.021820068359375 274.3253173828125 268.479949951171875 266.646453857421875 274.090087890625 289.1025390625 325.4107666015625 364.864227294921875 400.376129150390625 362.034027099609375
324.74676513671875 322.237152099609375 317.759674072265625 312.62628173828125 308.62274169921875 305.832977294921875 303.343170166015625 297.74713134765625 296.78106689453125 297.473114013671875 288.81170654296875 288.66497802734375 289.69830322265625 287.23883056640625 282.280975341796875 280.8331298828125 284.5775146484375 284.918731689453125 283.521728515625 283.61834716796875 284.433074951171875 284.938262939453125 283.9339599609375 281.41168212890625 280.08795166015625 280.219635009765625 280.334991455078125 280.92767333984375 281.888671875 280.20672607421875 275.694061279296875 274.86981201171875 276.83880615234375 277.28448486328125 282.500335693359375 287.316162109375 289.271331787109375 296.76800537109375 300.26947021484375 299.1788330078125 295.5255126953125 293.27288818359375 291.183685302734375 289.02044677734375 276.33050537109375 270.996337890625 269.321533203125 273.915130615234375 285.127685546875 330.365264892578125 375.420013427734375 403.805206298828125 367.761444091796875
328.214202880859375 323.58331298828125 319.028289794921875 315.668487548828125 313.044464111328125 312.282806396484375 311.711090087890625 310.273406982421875 310.143768310546875 305.204254150390625 300.466888427734375 303.1617431640625 299.205291748046875 293.146484375 288.629791259765625 288.226104736328125 291.142486572265625 289.894012451171875 287.25909423828125 287.47186279296875 287.587310791015625 288.138946533203125 286.8096923828125 284.330535888671875 282.014556884765625 283.996307373046875 280.519195556640625 282.65216064453125 284.36114501953125 282.537200927734375 278.778289794921875 280.59320068359375 283.040313720703125 288.815826416015625 294.58221435546875 307.300048828125 320.1182861328125 330.160308837890625 332.769073486328125 325.28411865234375 311.732330322265625 304.241424560546875 298.373687744140625 292.006988525390625 284.504730224609375 274.77764892578125 272.149749755859375 276.10284423828125 290.219329833984375 316.943817138671875 342.151885986328125 354.174652099609375 344.06549072265625
327.6356201171875 322.67742919921875 317.910369873046875 316.9918212890625 317.806732177734375 317.876800537109375 318.995849609375 320.359466552734375 320.8624267578125 320.13525390625 316.198394775390625 311.76934814453125 307.109527587890625 299.125946044921875 295.040130615234375 298.365386962890625 302.413055419921875 297.96466064453125 292.242950439453125 290.94525146484375 290.526611328125 288.1695556640625 289.194793701171875 285.36627197265625 282.2955322265625 285.698699951171875 287.328704833984375 287.828125 286.520782470703125 286.501373291015625 286.959930419921875 287.480926513671875 292.079071044921875 299.109375 313.7587890625 341.563385009765625 374.208343505859375 394.530181884765625 387.356475830078125 364.960205078125 338.932952880859375 315.4122314453125 305.67486572265625 298.885650634765625 291.376312255859375 282.35662841796875 278.5845947265625 280.360565185546875 285.114410400390625 293.795166015625 308.05108642578125 315.507293701171875 311.136383056640625
327.49371337890625 321.63409423828125 317.12298583984375 318.14190673828125 323.438751220703125 324.455657958984375 325.9677734375 325.63885498046875 325.674346923828125 326.3714599609375 324.373291015625 317.875152587890625 311.04296875 305.28814697265625 302.858551025390625 308.1527099609375 311.027374267578125 306.206878662109375 299.227813720703125 295.338592529296875 294.76190185546875 296.88104248046875 293.773345947265625 289.522857666015625 288.459320068359375 288.915802001953125 290.2884521484375 291.438201904296875 287.0255126953125 288.6068115234375 292.014190673828125 294.61993408203125 300.00018310546875 308.5809326171875 338.477996826171875 390.012115478515625 451.288848876953125 491.63751220703125 475.307830810546875 421.1195068359375 368.531646728515625 329.6771240234375 310.51239013671875 302.655731201171875 296.34173583984375 287.94244384765625 281.56903076171875 278.284210205078125 277.6112060546875 280.793060302734375 282.71038818359375 287.510528564453125 288.202789306640625
334.90765380859375 326.151092529296875 325.568359375 323.507232666015625 327.040252685546875 329.295654296875 330.688446044921875 328.19769287109375 327.866180419921875 329.4573974609375 329.794525146484375 323.867034912109375 316.56536865234375 312.7080078125 309.555572509765625 314.146270751953125 314.332916259765625 310.257476806640625 304.2808837890625 299.86175537109375 299.518280029296875 300.8238525390625 297.183929443359375 293.41668701171875 294.65411376953125 296.145111083984375 294.4073486328125 292.431427001953125 290.707977294921875 293.46173095703125 297.20159912109375 299.25177001953125 304.658111572265625 318.931793212890625 359.196624755859375 428.887359619140625 528.41705322265625 628.75042724609375 580.99267578125 470.9322509765625 388.9849853515625 338.976806640625 314.44830322265625 307.89166259765625 300.460113525390625 289.69384765625 279.784027099609375 276.091552734375 274.997589111328125 274.23321533203125 272.261993408203125 274.61334228515625 275.729339599609375
341.2767333984375 336.009063720703125 336.330352783203125 332.51971435546875 331.411529541015625 331.283721923828125 332.48614501953125 328.817352294921875 327.092864990234375 329.34857177734375 328.522247314453125 332.464447021484375 326.338958740234375 319.96881103515625 315.85009765625 313.307708740234375 317.504150390625 314.14923095703125 310.1944580078125 305.134368896484375 304.617828369140625 304.2860107421875 302.87890625 300.283599853515625 301.0390625 301.1072998046875 297.593231201171875 294.78973388671875 293.733245849609375 296.7010498046875 299.80413818359375 303.94696044921875 309.099822998046875 325.100494384765625 368.8760986328125 438.795928955078125 539.01123046875 653.67230224609375 597.414306640625 480.715301513671875 392.13665771484375 338.00347900390625 314.61474609375 309.305389404296875 302.46343994140625 290.66754150390625 279.897735595703125 279.503875732421875 282.87884521484375 279.425201416015625 276.195587158203125 276.5865478515625 277.08197021484375
343.574554443359375 340.260711669921875 341.363525390625 339.412689208984375 337.5736083984375 336.779205322265625 332.031768798828125 328.3240966796875 326.290191650390625 327.405364990234375 331.682342529296875 330.716033935546875 328.480987548828125 326.482147216796875 324.730712890625 320.959625244140625 322.6229248046875 319.85711669921875 316.68560791015625 316.2894287109375 314.333892822265625 308.33404541015625 305.675811767578125 306.710540771484375 304.4310302734375 305.525665283203125 304.2774658203125 297.951080322265625 294.8919677734375 297.4779052734375 302.32733154296875 309.00201416015625 312.972137451171875 324.22100830078125 359.887542724609375 413.105987548828125 479.209014892578125 526.10888671875 508.390350341796875 440.715484619140625 375.940887451171875 330.976806640625 312.133056640625 306.425628662109375 301.01129150390625 292.415283203125 284.039581298828125 282.810821533203125 285.57843017578125 284.18603515625 281.096343994140625 279.27069091796875 279.037811279296875
342.090576171875 346.62939453125 346.793853759765625 344.37933349609375 341.833709716796875 339.71051025390625 335.450042724609375 332.30230712890625 334.012176513671875 335.34637451171875 328.141265869140625 329.042816162109375 327.726165771484375 331.095947265625 328.65631103515625 327.8961181640625 328.79180908203125 326.759368896484375 324.095306396484375 322.67047119140625 316.50396728515625 315.74267578125 314.3546142578125 310.72723388671875 308.94390869140625 309.1077880859375 309.17681884765625 302.754608154296875 298.2623291015625 300.932159423828125 306.62823486328125 310.752410888671875 314.272247314453125 320.7408447265625 341.833831787109375 374.420074462890625 413.09832763671875 432.185791015625 423.87908935546875 389.997711181640625 350.340606689453125 320.079315185546875 310.309051513671875 306.2945556640625 299.4925537109375 293.708648681640625 287.276275634765625 284.507568359375 286.72589111328125 286.409912109375 284.062652587890625 280.857574462890625 281.699554443359375
343.98822021484375 347.39361572265625 348.0103759765625 345.702972412109375 344.30328369140625 343.082672119140625 340.9752197265625 338.8828125 339.040008544921875 337.9437255859375 335.2918701171875 335.136749267578125 334.707489013671875 327.810516357421875 328.848846435546875 330.8245849609375 333.2244873046875 330.905731201171875 329.986846923828125 330.0982666015625 328.950164794921875 327.176055908203125 324.00506591796875 321.441314697265625 322.308837890625 317.503570556640625 314.996429443359375 310.231231689453125 305.88690185546875 306.5947265625 312.465545654296875 315.876922607421875 316.1434326171875 319.271209716796875 324.399871826171875 340.74835205078125 360.28076171875 370.146026611328125 366.99383544921875 351.079010009765625 330.59759521484375 315.5264892578125 310.610504150390625 308.2894287109375 300.435699462890625 292.90997314453125 290.529693603515625 287.6434326171875 288.524261474609375 289.069549560546875 287.710357666015625 284.7674560546875 284.067047119140625
346.9595947265625 348.270355224609375 347.30194091796875 345.57269287109375 345.194366455078125 346.39306640625 345.021759033203125 342.70111083984375 341.566986083984375 340.4119873046875 339.798431396484375 338.933013916015625 337.435791015625 332.557830810546875 331.608795166015625 332.049163818359375 332.91705322265625 330.892120361328125 330.546905517578125 329.805419921875 333.75994873046875 333.13568115234375 329.082244873046875 325.24896240234375 327.05706787109375 324.6466064453125 321.97125244140625 320.436187744140625 316.674407958984375 313.959442138671875 318.0609130859375 321.25506591796875 319.546875 317.858551025390625 319.273590087890625 324.081787109375 331.2315673828125 336.246551513671875 334.85919189453125 331.38177490234375 322.62872314453125 316.99212646484375 311.749237060546875 307.775970458984375 302.73486328125 300.175537109375 290.8341064453125 288.93585205078125 292.227996826171875 293.171173095703125 291.64874267578125 289.545684814453125 287.930206298828125
349.479949951171875 350.161376953125 348.95599365234375 348.068023681640625 348.60906982421875 348.23284912109375 346.872161865234375 344.290191650390625 343.09735107421875 341.87005615234375 340.136138916015625 340.6072998046875 339.066925048828125 335.747772216796875 332.877166748046875 333.964691162109375 334.449737548828125 334.740692138671875 338.081756591796875 337.755218505859375 333.0919189453125 333.69281005859375 333.193389892578125 329.9649658203125 327.782379150390625 327.11248779296875 325.33203125 325.341461181640625 322.854400634765625 319.659942626953125 318.305877685546875 323.70379638671875 320.580291748046875 318.337921142578125 316.726165771484375 322.986114501953125 324.984954833984375 327.190643310546875 332.5731201171875 329.34197998046875 320.67059326171875 316.587738037109375 311.612152099609375 308.031707763671875 303.64117431640625 302.777374267578125 296.220306396484375 294.6058349609375 297.57513427734375 299.975250244140625 297.115509033203125 295.127593994140625 293.757080078125
351.016357421875 351.70819091796875 349.148834228515625 347.75421142578125 349.600250244140625 348.54296875 344.148284912109375 343.322113037109375 343.885528564453125 344.0826416015625 341.6260986328125 341.023468017578125 340.107208251953125 338.353973388671875 336.435821533203125 336.90020751953125 338.46649169921875 340.2225341796875 342.997711181640625 337.742156982421875 335.156646728515625 334.430206298828125 336.096588134765625 332.44049072265625 329.890625 328.611114501953125 328.614227294921875 329.331451416015625 328.831939697265625 327.1856689453125 324.5848388671875 324.5013427734375 326.005218505859375 320.185333251953125 315.479644775390625 317.7445068359375 319.711334228515625 327.0712890625 330.166839599609375 324.830841064453125 319.57025146484375 314.1331787109375 311.7554931640625 308.07159423828125 304.925048828125 303.78692626953125 303.3260498046875 302.042266845703125 301.87799072265625 304.920166015625 304.0128173828125 301.653656005859375 300.35223388671875
356.458587646484375 352.081939697265625 350.10931396484375 348.295654296875 350.5364990234375 349.162384033203125 344.1402587890625 344.0184326171875 344.163238525390625 344.094635009765625 343.15521240234375 342.162445068359375 341.196685791015625 340.826904296875 339.41595458984375 338.907623291015625 342.451904296875 344.856597900390625 341.078216552734375 339.131378173828125 337.777862548828125 337.639312744140625 338.79754638671875 334.8343505859375 333.283447265625 332.3026123046875 332.358978271484375 332.594451904296875 333.330047607421875 332.041107177734375 330.36138916015625 329.183990478515625 327.76690673828125 323.99237060546875 318.3436279296875 312.5604248046875 319.2191162109375 319.175750732421875 323.394378662109375 322.415069580078125 319.87652587890625 315.9183349609375 311.854644775390625 308.883392333984375 308.76348876953125 308.021087646484375 308.077392578125 307.319793701171875 307.016754150390625 308.390960693359375 308.927886962890625 305.05517578125 304.138031005859375
358.19390869140625 356.410858154296875 353.8560791015625 352.708587646484375 352.786865234375 350.0018310546875 345.15911865234375 346.315673828125 345.7657470703125 343.622222900390625 344.30096435546875 344.019989013671875 342.897430419921875 343.3912353515625 343.057861328125 343.469970703125 345.978729248046875 347.195159912109375 343.5208740234375 340.641998291015625 339.4322509765625 338.548858642578125 338.16412353515625 338.9404296875 336.8638916015625 336.20574951171875 335.702850341796875 335.134307861328125 335.27197265625 335.54095458984375 331.996826171875 331.00341796875 330.4251708984375 328.111480712890625 325.06634521484375 322.6041259765625 317.20709228515625 317.9344482421875 320.604888916015625 323.4910888671875 325.79400634765625 323.924591064453125 319.663848876953125 317.008148193359375 310.813507080078125 313.433013916015625 308.4556884765625 308.66571044921875 309.8165283203125 311.2208251953125 312.173828125 307.0064697265625 307.57208251953125
359.6834716796875 358.933074951171875 356.571868896484375 352.37200927734375 352.7789306640625 351.58416748046875 349.548248291015625 349.684173583984375 347.64007568359375 343.047271728515625 346.40679931640625 344.970550537109375 345.290740966796875 345.43707275390625 346.5609130859375 346.732513427734375 347.87335205078125 346.84161376953125 344.313232421875 342.912445068359375 342.122406005859375 339.865631103515625 340.2325439453125 340.224609375 339.60015869140625 339.42510986328125 338.0987548828125 337.833709716796875 337.04705810546875 336.558868408203125 334.8463134765625 333.995269775390625 334.010711669921875 333.473846435546875 333.36322021484375 328.695587158203125 319.650360107421875 315.568572998046875 317.36566162109375 326.161865234375 332.6146240234375 335.669158935546875 334.1915283203125 328.900054931640625 320.25860595703125 313.684814453125 311.34051513671875 311.547332763671875 312.26885986328125 312.105987548828125 313.238311767578125 312.752349853515625 310.784912109375
360.668609619140625 359.346649169921875 356.939971923828125 353.892242431640625 354.131317138671875 353.6220703125 352.141754150390625 351.07275390625 350.34686279296875 350.5902099609375 347.24560546875 346.40643310546875 348.130126953125 347.918212890625 348.331085205078125 347.727447509765625 347.047607421875 346.28485107421875 342.56591796875 342.24591064453125 341.62554931640625 343.69482421875 343.1590576171875 342.800811767578125 342.729736328125 341.5667724609375 340.807586669921875 340.41192626953125 338.8746337890625 337.929718017578125 337.296844482421875 336.91595458984375 337.32452392578125 338.0645751953125 336.435882568359375 332.84368896484375 326.39215087890625 320.725006103515625 321.334747314453125 327.9193115234375 340.52752685546875 349.924774169921875 350.468231201171875 342.30120849609375 329.0003662109375 318.598388671875 313.584014892578125 314.09234619140625 314.13592529296875 313.664031982421875 312.8565673828125 310.893035888671875 312.520660400390625
