data/TNO-HT-ATES/HT-ATES_NLFFS/TG418_NLDOBR__ntg_ATES.asc
ncols        266
nrows        269
xllcorner    11500.000000000000
yllcorner    355500.000000000000
cellsize     1000.000000000000
NODATA_value  -999999
[rows 0 to 22 of 269, columns 200 to 249 of 266]
-999999 -999999 -999999 -999999 -999999 -999999 -999999 -999999 -999999 -999999 -999999 0.79438000917434692383 0.79162001609802246094 0.78891998529434204102 -999999 -999999 -999999 -999999 -999999 -999999 -999999 -999999 -999999 -999999 -999999 -999999 -999999 -999999 -999999 -999999 -999999 -999999 -999999 -999999 -999999 -999999 -999999 -999999 -999999 -999999 -999999 -999999 -999999 -999999 -999999 -999999 -999999 -999999 -999999 -999999
-999999 -999999 -999999 -999999 -999999 -999999 -999999 -999999 -999999 0.79956001043319702148 0.79725998640060424805 0.79470002651214599609 0.79220002889633178711 0.78969997167587280273 0.78733998537063598633 0.78487998247146606445 0.78233999013900756836 0.77979999780654907227 -999999 -999999 -999999 -999999 -999999 -999999 -999999 -999999 -999999 -999999 -999999 -999999 -999999 -999999 -999999 -999999 -999999 -999999 -999999 -999999 -999999 -999999 -999999 -999999 -999999 -999999 -999999 -999999 -999999 -999999 -999999 -999999
-999999 -999999 -999999 -999999 -999999 -999999 -999999 0.80213999748229980469 0.80063998699188232422 0.79864001274108886719 0.79633998870849609375 0.79394000768661499023 0.79158002138137817383 0.78938001394271850586 0.78702002763748168945 0.78457999229431152344 0.78197997808456420898 0.77942001819610595703 0.77685999870300292969 0.77460002899169921875 0.7727000117301940918 0.77123999595642089844 -999999 -999999 -999999 -999999 -999999 -999999 -999999 -999999 -999999 -999999 -999999 -999999 -999999 -999999 -999999 -999999 -999999 -999999 -999999 -999999 -999999 -999999 -999999 -999999 -999999 -999999 -999999 -999999
-999999 -999999 -999999 -999999 -999999 0.80088001489639282227 0.80058002471923828125 0.79978001117706298828 0.79842001199722290039 0.79651999473571777344 0.7942600250244140625 0.79206001758575439453 0.78986001014709472656 0.78762000799179077148 0.78530001640319824219 0.78303998708724975586 0.78078001737594604492 0.77858000993728637695 0.77641999721527099609 0.77450001239776611328 0.77293998003005981445 0.77160000801086425781 0.77068001031875610352 0.77017998695373535156 0.76924002170562744141 -999999 -999999 -999999 -999999 -999999 -999999 -999999 -999999 -999999 -999999 -999999 -999999 -999999 -999999 -999999 -999999 -999999 -999999 -999999 -999999 -999999 -999999 -999999 -999999 -999999
-999999 -999999 -999999 0.79610002040863037109 0.79695999622344970703 0.79716002941131591797 0.79685997962951660156 0.79619997739791870117 0.79500001668930053711 0.79320001602172851562 0.79110002517700195312 0.78894001245498657227 0.78684002161026000977 0.78487998247146606445 0.78295999765396118164 0.7810999751091003418 0.77920001745223999023 0.7773799896240234375 0.77582001686096191406 0.7743600010871887207 0.77300000190734863281 0.77193999290466308594 0.77116000652313232422 0.77012002468109130859 0.76884001493453979492 0.76678001880645751953 -999999 -999999 -999999 -999999 -999999 -999999 -999999 -999999 -999999 -999999 -999999 -999999 -999999 -999999 -999999 -999999 -999999 -999999 -999999 -999999 -999999 -999999 -999999 -999999
0.78552001714706420898 0.78798002004623413086 0.78993999958038330078 0.79127997159957885742 0.79207998514175415039 0.79228001832962036133 0.7921199798583984375 0.79166001081466674805 0.79075998067855834961 0.78905999660491943359 0.7870000004768371582 0.78517997264862060547 0.78351998329162597656 0.78192001581192016602 0.78035998344421386719 0.77880001068115234375 0.77733999490737915039 0.77608001232147216797 0.77487999200820922852 0.77376002073287963867 0.7729600071907043457 0.77192002534866333008 0.77043998241424560547 0.76870000362396240234 0.76709997653961181641 0.76557999849319458008 0.76397997140884399414 -999999 -999999 -999999 -999999 -999999 -999999 -999999 -999999 -999999 -999999 -999999 -999999 -999999 -999999 -999999 -999999 -999999 -999999 -999999 -999999 -999999 -999999 -999999
0.78004002571105957031 0.7825400233268737793 0.78447997570037841797 0.78597998619079589844 0.78681999444961547852 0.78732001781463623047 0.78741997480392456055 0.78715997934341430664 0.78640002012252807617 0.78504002094268798828 0.78351998329162597656 0.78215998411178588867 0.78090000152587890625 0.77964001893997192383 0.77843999862670898438 0.77727997303009033203 0.77622002363204956055 0.7750599980354309082 0.77406001091003417969 0.77325999736785888672 0.77218002080917358398 0.77050000429153442383 0.76855999231338500977 0.76665997505187988281 0.76510000228881835938 0.7640399932861328125 0.76267999410629272461 0.76187998056411743164 -999999 -999999 -999999 -999999 -999999 -999999 -999999 -999999 -999999 -999999 -999999 -999999 -999999 -999999 -999999 -999999 -999999 -999999 -999999 -999999 -999999 -999999
0.77454000711441040039 0.77718001604080200195 0.77932000160217285156 0.7809200286865234375 0.78196001052856445312 0.78270000219345092773 0.78310000896453857422 0.7832400202751159668 0.78277999162673950195 0.78215998411178588867 0.78119999170303344727 0.78027999401092529297 0.77942001819610595703 0.7785599827766418457 0.77770000696182250977 0.7768999934196472168 0.77594000101089477539 0.77503997087478637695 0.77424001693725585938 0.77289998531341552734 0.77087998390197753906 0.76863998174667358398 0.7663599848747253418 0.76429998874664306641 0.76279997825622558594 0.76186001300811767578 0.76109999418258666992 0.760540008544921875 0.76058000326156616211 -999999 -999999 -999999 -999999 -999999 -999999 -999999 -999999 -999999 -999999 -999999 -999999 -999999 -999999 -999999 -999999 -999999 -999999 -999999 -999999 -999999
0.76914000511169433594 0.77197998762130737305 0.77428001165390014648 0.77601999044418334961 0.77736002206802368164 0.77850002050399780273 0.77947998046875 0.78012001514434814453 0.78020000457763671875 0.7801799774169921875 0.77991998195648193359 0.77950000762939453125 0.77913999557495117188 0.7787799835205078125 0.77832001447677612305 0.77766001224517822266 0.77710002660751342773 0.77640002965927124023 0.77502000331878662109 0.77284002304077148438 0.7701600193977355957 0.76727998256683349609 0.76458001136779785156 0.76234000921249389648 0.76065999269485473633 0.75959998369216918945 0.75919997692108154297 0.75884002447128295898 0.75933998823165893555 0.76038002967834472656 -999999 -999999 -999999 -999999 -999999 -999999 -999999 -999999 -999999 -999999 -999999 -999999 -999999 -999999 -999999 -999999 -999999 -999999 -999999 -999999
0.76374000310897827148 0.76668000221252441406 0.76917999982833862305 0.77112001180648803711 0.77285999059677124023 0.77473998069763183594 0.77652001380920410156 0.7775999903678894043 0.77843999862670898438 0.77916002273559570312 0.77960002422332763672 0.77982002496719360352 0.78001999855041503906 0.78009998798370361328 0.78004002571105957031 0.77991998195648193359 0.77972000837326049805 0.77863997220993041992 0.77649998664855957031 0.7736600041389465332 0.77028000354766845703 0.76675999164581298828 0.76352000236511230469 0.76077997684478759766 0.75874000787734985352 0.75764000415802001953 0.75743997097015380859 0.75717997550964355469 0.75783997774124145508 0.75932002067565917969 0.76131999492645263672 -999999 -999999 -999999 -999999 -999999 -999999 -999999 -999999 -999999 -999999 -999999 -999999 -999999 -999999 -999999 -999999 -999999 -999999 -999999
0.75885999202728271484 0.76196002960205078125 0.76446002721786499023 0.76670002937316894531 0.76917999982833862305 0.77165997028350830078 0.77389997243881225586 0.77553999423980712891 0.77711999416351318359 0.77869999408721923828 0.78004002571105957031 0.78105998039245605469 0.78189998865127563477 0.78251999616622924805 0.78315997123718261719 0.78364002704620361328 0.78329998254776000977 0.78166002035140991211 0.77902001142501831055 0.77543997764587402344 0.77135998010635375977 0.76712000370025634766 0.76319998502731323242 0.75981998443603515625 0.75731998682022094727 0.75594002008438110352 0.75573998689651489258 0.7560799717903137207 0.75686001777648925781 0.75845998525619506836 0.76046001911163330078 0.76261997222900390625 0.76468002796173095703 -999999 -999999 -999999 -999999 -999999 -999999 -999999 -999999 -999999 -999999 -999999 -999999 -999999 -999999 -999999 -999999 -999999
0.75493997335433959961 0.75804001092910766602 0.76068001985549926758 0.76366001367568969727 0.76670002937316894531 0.769680023193359375 0.77227997779846191406 0.7743600010871887207 0.77660000324249267578 0.77894002199172973633 0.78105998039245605469 0.7828000187873840332 0.78438001871109008789 0.78609997034072875977 0.78762000799179077148 0.78838002681732177734 0.78767997026443481445 0.78578001260757446289 0.78263998031616210938 0.77836000919342041016 0.77358001470565795898 0.76849997043609619141 0.76367998123168945312 0.75950002670288085938 -999999 0.7546799778938293457 0.7544199824333190918 0.75536000728607177734 0.75646001100540161133 0.75809997320175170898 0.75999999046325683594 0.76186001300811767578 0.76358002424240112305 0.76513999700546264648 0.76660001277923583984 -999999 -999999 -999999 -999999 -999999 -999999 -999999 -999999 -999999 -999999 -999999 -999999 -999999 -999999 -999999
0.75172001123428344727 0.75492000579833984375 0.75812000036239624023 0.7614600062370300293 0.76472002267837524414 0.76792001724243164062 0.77056002616882324219 0.77310001850128173828 0.77594000101089477539 0.77895998954772949219 0.7818400263786315918 0.78431999683380126953 0.78693997859954833984 0.78975999355316162109 0.79229998588562011719 0.79338002204895019531 0.79306000471115112305 0.7911999821662902832 0.78766000270843505859 0.78276002407073974609 0.77707999944686889648 0.77091997861862182617 0.7649599909782409668 -999999 -999999 0.75357997417449951172 0.75341999530792236328 0.75492000579833984375 0.75650000572204589844 0.75837999582290649414 0.76042002439498901367 0.76208001375198364258 0.76314002275466918945 0.76406002044677734375 0.76503998041152954102 0.76649999618530273438 0.76892000436782836914 -999999 -999999 -999999 -999999 -999999 -999999 -999999 -999999 -999999 -999999 -999999 -999999 -999999
0.74853998422622680664 0.75164002180099487305 0.7548999786376953125 0.75809997320175170898 0.76139998435974121094 0.764739990234375 0.76767998933792114258 0.7708600163459777832 0.77454000711441040039 0.77841997146606445312 0.78214001655578613281 0.78571999073028564453 0.78957998752593994141 0.793560028076171875 0.79654002189636230469 0.79831999540328979492 0.79865998029708862305 0.79724001884460449219 0.79394000768661499023 0.78894001245498657227 0.78259998559951782227 0.77517998218536376953 -999999 -999999 -999999 0.75238001346588134766 0.75227999687194824219 0.75432002544403076172 0.75698000192642211914 0.75980001688003540039 0.76217997074127197266 0.76377999782562255859 0.76458001136779785156 0.76466000080108642578 0.76433998346328735352 0.76454001665115356445 0.76612001657485961914 0.76994001865386962891 -999999 -999999 -999999 -999999 -999999 -999999 -999999 -999999 -999999 -999999 -999999 -999999
0.74466001987457275391 0.74765998125076293945 0.75076001882553100586 0.75392001867294311523 0.75742000341415405273 0.76091998815536499023 0.76415997743606567383 0.76800000667572021484 0.77252000570297241211 0.77726000547409057617 0.78197997808456420898 0.78688001632690429688 0.79224002361297607422 0.79711997509002685547 0.8010399937629699707 0.80365997552871704102 0.80474001169204711914 0.80382001399993896484 0.80099999904632568359 0.79610002040863037109 0.78912001848220825195 -999999 -999999 0.76212000846862792969 0.75520002841949462891 0.75128000974655151367 0.75088000297546386719 0.75366002321243286133 0.75805997848510742188 0.76245999336242675781 0.76612001657485961914 0.76810002326965332031 0.76851999759674072266 0.76744002103805541992 0.76554000377655029297 0.76359999179840087891 0.76308000087738037109 0.7659199833869934082 0.7734000086784362793 0.78472000360488891602 -999999 -999999 -999999 -999999 -999999 -999999 -999999 -999999 -999999 -999999
0.73974001407623291016 0.74250000715255737305 0.74522000551223754883 0.74822002649307250977 0.7516199946403503418 0.7551199793815612793 0.75871998071670532227 0.76323997974395751953 0.76848000288009643555 0.77399998903274536133 0.78001999855041503906 0.78653997182846069336 0.79339998960494995117 0.79966002702713012695 0.80506002902984619141 0.8092200160026550293 0.8115800023078918457 0.81177997589111328125 0.80959999561309814453 0.80470001697540283203 0.79698002338409423828 -999999 0.7748000025749206543 0.76327997446060180664 0.75405997037887573242 0.74904000759124755859 0.74926000833511352539 0.75384002923965454102 0.76065999269485473633 0.76737999916076660156 0.77297997474670410156 0.77586001157760620117 0.77568000555038452148 0.77311998605728149414 0.76911997795104980469 0.76463997364044189453 0.76087999343872070312 0.76073998212814331055 0.76950001716613769531 0.78424000740051269531 0.80026000738143920898 0.81565999984741210938 -999999 -999999 -999999 -999999 -999999 -999999 -999999 -999999
0.73351997137069702148 0.73558002710342407227 0.73780000209808349609 0.74045997858047485352 0.74375998973846435547 0.74725997447967529297 0.75129997730255126953 0.75654000043869018555 0.76231998205184936523 0.76880002021789550781 0.77622002363204956055 0.78438001871109008789 0.79250001907348632812 0.80036002397537231445 0.8076000213623046875 0.81370002031326293945 0.81813997030258178711 0.82037997245788574219 0.81988000869750976562 0.81559997797012329102 -999999 0.79475998878479003906 0.77960002422332763672 0.76384001970291137695 0.75062000751495361328 0.7438799738883972168 0.7455800175666809082 0.75396001338958740234 0.76546001434326171875 0.77618002891540527344 0.78439998626708984375 0.78798002004623413086 0.78658002614974975586 0.78203999996185302734 0.77587997913360595703 0.76914000511169433594 0.76222002506256103516 0.75602000951766967773 0.76734000444412231445 0.78658002614974975586 0.80504000186920166016 0.82235997915267944336 0.83807998895645141602 0.85233998298645019531 -999999 -999999 -999999 -999999 -999999 -999999
0.72662001848220825195 0.72790002822875976562 0.72942000627517700195 0.73167997598648071289 0.73483997583389282227 0.73847997188568115234 0.74291998147964477539 0.74856001138687133789 0.7548999786376953125 0.76252001523971557617 0.77127999067306518555 0.78060001134872436523 0.790019989013671875 0.79948002099990844727 0.80853998661041259766 0.81694000959396362305 0.82402002811431884766 0.82918000221252441406 0.83116000890731811523 0.82854002714157104492 -999999 0.80588001012802124023 0.78653997182846069336 0.76455998420715332031 0.74481999874114990234 0.73483997583389282227 0.7392399907112121582 0.75363999605178833008 0.77171999216079711914 0.78821998834609985352 0.80107998847961425781 0.80554002523422241211 0.80154001712799072266 0.79405999183654785156 0.78589999675750732422 0.77802002429962158203 0.77108001708984375 0.76756000518798828125 0.77663999795913696289 0.79395997524261474609 0.81257998943328857422 0.83061999082565307617 0.84750002622604370117 0.86298000812530517578 0.87625998258590698242 -999999 -999999 -999999 -999999 -999999
0.71957999467849731445 0.71965998411178588867 0.72034001350402832031 0.72206002473831176758 0.72496002912521362305 0.72865998744964599609 0.73360002040863037109 0.73953998088836669922 0.7467200160026550293 0.75554001331329345703 0.76560002565383911133 0.77608001232147216797 0.78680002689361572266 0.797760009765625 0.80875998735427856445 0.81933999061584472656 0.82932001352310180664 0.83792001008987426758 0.84351998567581176758 0.84387999773025512695 -999999 0.82076001167297363281 0.79681998491287231445 0.76756000518798828125 0.73790001869201660156 0.72101998329162597656 0.7319800257682800293 0.7558199763298034668 0.78043997287750244141 0.80199998617172241211 0.82073998451232910156 0.82704001665115356445 0.81844002008438110352 0.80838000774383544922 0.79875999689102172852 0.79060000181198120117 0.78508001565933227539 0.78453999757766723633 0.79167997837066650391 0.80510002374649047852 0.82179999351501464844 0.83972001075744628906 0.85736000537872314453 0.87388002872467041016 0.888339996337890625 -999999 -999999 -999999 -999999 -999999
0.71210002899169921875 0.71039998531341552734 0.70987999439239501953 0.71109998226165771484 0.71390002965927124023 0.71773999929428100586 0.72298002243041992188 0.72946000099182128906 0.73773998022079467773 0.74775999784469604492 0.75897997617721557617 0.77050000429153442383 0.78248000144958496094 0.79497998952865600586 0.80783998966217041016 0.82098001241683959961 0.83420002460479736328 0.84678000211715698242 0.85714000463485717773 0.86224001646041870117 0.85769999027252197266 0.84053999185562133789 0.8127200007438659668 0.77793997526168823242 0.73865997791290283203 0.70120000839233398438 0.73426002264022827148 0.76665997505187988281 0.7937800288200378418 0.81555998325347900391 0.83285999298095703125 0.83880001306533813477 0.83208000659942626953 0.82271999120712280273 0.81304001808166503906 0.8049799799919128418 0.80011999607086181641 0.79993999004364013672 0.80577999353408813477 0.81654000282287597656 0.83094000816345214844 0.84795999526977539062 0.86629998683929443359 0.88459998369216918945 0.90087997913360595703 -999999 -999999 -999999 -999999 -999999
0.70292001962661743164 0.69925999641418457031 0.69767999649047851562 0.69844001531600952148 0.70113998651504516602 0.70538002252578735352 0.71105998754501342773 0.71843999624252319336 0.72785997390747070312 0.73908001184463500977 0.75125998258590698242 0.76374000310897827148 0.77685999870300292969 0.79078000783920288086 0.80529999732971191406 0.82073998451232910156 0.83711999654769897461 0.85412001609802246094 0.87050002813339233398 0.88341999053955078125 0.88440001010894775391 0.86533999443054199219 0.83417999744415283203 0.79941999912261962891 0.76568001508712768555 0.74686002731323242188 0.76388001441955566406 0.79070001840591430664 0.81344002485275268555 0.83006000518798828125 0.84126001596450805664 0.84526002407073974609 0.84201997518539428711 0.83512002229690551758 0.82712000608444213867 0.81977999210357666016 0.81493997573852539062 0.81382000446319580078 0.81738001108169555664 0.82580000162124633789 0.83819997310638427734 0.85404002666473388672 0.87294000387191772461 0.89351999759674072266 0.91335999965667724609 -999999 -999999 -999999 -999999 -999999
0.69041997194290161133 0.68533998727798461914 0.68300002813339233398 0.68360000848770141602 0.68668001890182495117 0.69155997037887573242 0.69793999195098876953 0.70649999380111694336 0.71718001365661621094 0.72949999570846557617 0.74243998527526855469 0.75572001934051513672 0.76969999074935913086 0.78457999229431152344 0.80036002397537231445 -999999 0.8363800048828125 0.85681998729705810547 0.87882000207901000977 0.90182000398635864258 0.91667997837066650391 0.88921999931335449219 0.85541999340057373047 0.82485997676849365234 0.80225998163223266602 0.79530000686645507812 0.80673998594284057617 0.82367998361587524414 0.8368600010871887207 0.84609997272491455078 0.85196000337600708008 0.85357999801635742188 0.8511199951171875 0.84589999914169311523 0.83955997228622436523 0.83340001106262207031 0.82848000526428222656 0.82591998577117919922 0.82713997364044189453 0.83256000280380249023 0.84233999252319335938 0.85629999637603759766 0.87463998794555664062 0.89745998382568359375 0.92330002784729003906 -999999 -999999 -999999 -999999 -999999
0.67361998558044433594 0.66835999488830566406 0.6657199859619140625 0.66659998893737792969 0.67052000761032104492 0.67633998394012451172 0.6840000152587890625 0.6940199732780456543 0.70598000288009643555 0.71921998262405395508 0.73269999027252197266 0.7465000152587890625 -999999 -999999 -999999 -999999 -999999 0.85236001014709472656 0.87594002485275268555 0.90012001991271972656 0.9147999882698059082 0.89424002170562744141 0.86673998832702636719 0.84395998716354370117 0.83046001195907592773 0.83038002252578735352 0.84487998485565185547 0.856719970703125 0.85787999629974365234 0.86040002107620239258 0.86255997419357299805 0.86268001794815063477 0.86008000373840332031 0.85548001527786254883 0.84968000650405883789 0.84421998262405395508 0.84013998508453369141 0.83645999431610107422 0.834980010986328125 0.83705997467041015625 0.84302002191543579102 0.85354000329971313477 0.86923998594284057617 0.89112001657485961914 0.91927999258041381836 -999999 -999999 -999999 -999999 -999999
