data/TNO-HT-ATES/HT-ATES_NLFFS/TG416_NLDOBR__kh_P50_ATES.asc
ncols        266
nrows        269
xllcorner    11500.000000000000
yllcorner    355500.000000000000
cellsize     1000.000000000000
NODATA_value  -999999
[rows 184 to 206 of 269, columns 51 to 101 of 266]
32.461231231689453125 33.5149688720703125 34.05440521240234375 33.4394989013671875 34.5780487060546875 33.621517181396484375 34.404327392578125 33.816066741943359375 33.292484283447265625 33.0763702392578125 33.263523101806640625 32.792110443115234375 32.40743255615234375 32.73555755615234375 31.00362396240234375 31.867549896240234375 30.628282546997070312 27.184263229370117188 23.917613983154296875 21.820430755615234375 21.064027786254882812 19.467987060546875 18.338407516479492188 15.19551849365234375 9.945034027099609375 5.9057722091674804688 2.4151790142059326172 -999999 -999999 -999999 0.0050151003524661064148 0.013529337942600250244 0.028347136452794075012 -999999 -999999 -999999 -999999 -999999 -999999 -999999 -999999 -999999 -999999 -999999 -999999 -999999 -999999 -999999 -999999 -999999 -999999
31.0171356201171875 32.9385223388671875 34.48613739013671875 34.42961883544921875 33.794536590576171875 34.34818267822265625 34.366363525390625 33.594356536865234375 34.32366943359375 33.70121002197265625 33.993213653564453125 33.35123443603515625 33.20978546142578125 34.101573944091796875 32.70244598388671875 32.8593292236328125 33.252475738525390625 29.6318206787109375 26.51319122314453125 24.446699142456054688 25.15816497802734375 24.559123992919921875 24.93328094482421875 22.025518417358398438 17.893373489379882812 12.07408905029296875 7.5781216621398925781 2.0598239898681640625 0.47784221172332763672 0.0034613166935741901398 0.0011192273814231157303 0.0061739692464470863342 0.01733379065990447998 0.033429808914661407471 0.041205149143934249878 -999999 -999999 -999999 -999999 -999999 -999999 -999999 -999999 -999999 -999999 -999999 -999999 -999999 -999999 -999999 -999999
29.975994110107421875 32.49686431884765625 33.169986724853515625 34.196075439453125 33.58745574951171875 35.464511871337890625 35.47002410888671875 34.72425079345703125 33.90023040771484375 35.1890716552734375 35.0835418701171875 36.297901153564453125 38.4212646484375 37.47141265869140625 36.34694671630859375 33.9728546142578125 32.964633941650390625 33.377094268798828125 29.93163299560546875 26.61016845703125 24.631755828857421875 25.503103256225585938 25.753156661987304688 23.529079437255859375 19.6108245849609375 15.621328353881835938 8.110599517822265625 3.8559553623199462891 1.7672160863876342773 0.3187732398509979248 0.0023040960077196359634 0.002037416212260723114 0.0082751670852303504944 0.022184757515788078308 0.031675349920988082886 0.031245511025190353394 0.017432102933526039124 -999999 -999999 -999999 -999999 -999999 -999999 -999999 -999999 -999999 -999999 -999999 -999999 -999999 -999999
29.703826904296875 31.215909957885742188 31.064859390258789062 35.06307220458984375 35.71759033203125 35.78087615966796875 35.812854766845703125 35.9696197509765625 36.5852508544921875 37.35300445556640625 41.331096649169921875 44.214099884033203125 48.676113128662109375 47.9468536376953125 44.489566802978515625 40.31798553466796875 36.12624359130859375 34.82161712646484375 34.416606903076171875 30.945735931396484375 28.561433792114257812 27.812360763549804688 26.443857192993164062 24.2882537841796875 21.084909439086914062 15.070507049560546875 8.4011640548706054688 3.6492912769317626953 1.4158930778503417969 0.61380928754806518555 0.19509638845920562744 0.00053390429820865392685 0.0026678508147597312927 0.012007312849164009094 0.023028848692774772644 0.022789502516388893127 0.012760121375322341919 -999999 -999999 -999999 -999999 -999999 -999999 -999999 -999999 -999999 -999999 -999999 -999999 -999999 -999999
28.3843841552734375 30.981214523315429688 31.819677352905273438 33.160488128662109375 36.31597137451171875 37.62227630615234375 37.0902557373046875 37.639232635498046875 38.8039703369140625 42.754291534423828125 47.949817657470703125 57.8616485595703125 69.04821014404296875 68.02596282958984375 58.376529693603515625 47.49190521240234375 39.80701446533203125 38.617725372314453125 38.760410308837890625 35.885982513427734375 32.69019317626953125 30.64653778076171875 28.4930877685546875 25.141340255737304688 21.38684844970703125 15.149296760559082031 7.8346848487854003906 3.4560647010803222656 1.3544917106628417969 0.66240644454956054688 0.82488101720809936523 0.36336266994476318359 0.0066891587339341640472 0.0060819396749138832092 0.013125120662152767181 0.014674012549221515656 0.0085688792169094085693 -999999 -999999 -999999 -999999 -999999 -999999 -999999 -999999 -999999 -999999 -999999 -999999 -999999 -999999
30.275835037231445312 30.254644393920898438 32.07845306396484375 32.972621917724609375 34.112766265869140625 37.01715850830078125 37.689113616943359375 39.738460540771484375 41.945465087890625 46.40645599365234375 55.771511077880859375 76.00881195068359375 99.347808837890625 99.91338348388671875 77.75252532958984375 57.572170257568359375 46.674945831298828125 41.638050079345703125 42.78745269775390625 41.0041046142578125 39.640064239501953125 32.95832061767578125 29.617086410522460938 26.487079620361328125 23.238246917724609375 16.086299896240234375 8.226306915283203125 3.8869435787200927734 2.2031056880950927734 1.6227273941040039062 2.2593564987182617188 2.8793990612030029297 0.96659332513809204102 0.00125756789930164814 0.0040623974055051803589 0.0061271474696695804596 0.0045915851369500160217 -999999 -999999 -999999 -999999 -999999 -999999 -999999 -999999 -999999 -999999 -999999 -999999 -999999 -999999
30.746501922607421875 31.059123992919921875 33.11078643798828125 33.909969329833984375 33.700511932373046875 36.368473052978515625 41.502498626708984375 45.997768402099609375 49.06500244140625 54.7619476318359375 62.16622161865234375 85.5572662353515625 121.84465789794921875 123.26332855224609375 83.8434295654296875 62.37540435791015625 49.840564727783203125 44.546833038330078125 44.839778900146484375 44.983119964599609375 41.96120452880859375 38.036273956298828125 31.656223297119140625 27.644132614135742188 23.383129119873046875 17.71688079833984375 10.868107795715332031 5.6341495513916015625 3.8541135787963867188 3.5260756015777587891 4.7172985076904296875 7.2261304855346679688 8.9447298049926757812 2.8043892383575439453 0.30378615856170654297 0.00093622988788411021233 0.0016984539106488227844 -999999 -999999 -999999 -999999 -999999 -999999 -999999 -999999 -999999 -999999 -999999 -999999 -999999 -999999
30.571310043334960938 32.52265167236328125 32.916351318359375 34.229366302490234375 34.779262542724609375 37.970043182373046875 45.32696533203125 50.209949493408203125 57.700145721435546875 65.89858245849609375 71.2608184814453125 80.60385894775390625 96.25749969482421875 95.61183929443359375 78.30751800537109375 61.685070037841796875 49.40692138671875 47.816349029541015625 47.656856536865234375 47.451335906982421875 46.5127410888671875 42.99609375 35.986480712890625 32.204986572265625 25.552120208740234375 18.325901031494140625 13.431947708129882812 8.4639329910278320312 6.270870208740234375 6.7362704277038574219 8.7546367645263671875 12.351104736328125 16.056339263916015625 15.909470558166503906 9.3830394744873046875 4.1582551002502441406 1.4828597307205200195 5.7759804725646972656 12.656511306762695312 6.7629170417785644531 1.950482487678527832 0.46821251511573791504 -999999 6.8584437370300292969 7.1829895973205566406 1.057605743408203125 -999999 -999999 -999999 -999999 -999999
30.797098159790039062 31.269456863403320312 31.6403656005859375 34.5755767822265625 36.09455108642578125 41.24134063720703125 48.57802581787109375 58.474231719970703125 71.1613922119140625 76.2913818359375 76.7915191650390625 74.28943634033203125 75.02281951904296875 71.60674285888671875 64.3526763916015625 53.73140716552734375 49.354175567626953125 47.784183502197265625 49.800289154052734375 51.830120086669921875 48.065761566162109375 44.85382080078125 43.4386444091796875 37.676654815673828125 29.970752716064453125 22.424610137939453125 17.019502639770507812 13.568081855773925781 11.490855216979980469 12.094263076782226562 15.044359207153320312 18.390832901000976562 21.121706008911132812 21.873674392700195312 19.751010894775390625 17.168348312377929688 14.945649147033691406 13.776690483093261719 11.913219451904296875 10.230058670043945312 10.020392417907714844 8.8408966064453125 8.8088197708129882812 4.9321146011352539062 11.578862190246582031 10.559145927429199219 3.9409546852111816406 0.075324386358261108398 -999999 -999999 -999999
29.895784378051757812 30.154079437255859375 31.796718597412109375 34.238922119140625 37.0871429443359375 43.806751251220703125 54.355316162109375 67.7559356689453125 88.08660888671875 81.40526580810546875 71.1200714111328125 65.5919036865234375 59.920078277587890625 56.610111236572265625 53.282863616943359375 48.368137359619140625 45.584445953369140625 47.236942291259765625 48.70123291015625 51.92693328857421875 49.89894866943359375 48.13700103759765625 46.1847381591796875 40.756420135498046875 36.511928558349609375 28.47185516357421875 22.768629074096679688 18.710458755493164062 17.258642196655273438 18.209278106689453125 21.4151458740234375 24.9134063720703125 26.975788116455078125 26.239948272705078125 25.45102691650390625 23.324176788330078125 22.873769760131835938 20.836366653442382812 18.186878204345703125 18.877843856811523438 17.607919692993164062 15.946376800537109375 11.124944686889648438 6.7011408805847167969 14.757752418518066406 19.088731765747070312 14.988963127136230469 5.8353891372680664062 -999999 -999999 -999999
30.670198440551757812 33.18320465087890625 32.134929656982421875 34.18361663818359375 35.8343963623046875 42.2271728515625 52.039119720458984375 67.2060089111328125 86.4091033935546875 76.87055206298828125 61.070453643798828125 54.330718994140625 51.17996978759765625 47.386264801025390625 45.1067352294921875 43.82155609130859375 45.061107635498046875 45.2288360595703125 46.87444305419921875 48.830600738525390625 49.9642181396484375 49.42743682861328125 49.013256072998046875 45.137134552001953125 40.8196868896484375 36.216503143310546875 31.182905197143554688 26.147008895874023438 24.988046646118164062 26.982770919799804688 30.439035415649414062 35.2405242919921875 36.3725433349609375 33.1028289794921875 29.816650390625 26.727685928344726562 25.8013153076171875 23.684062957763671875 23.4930572509765625 21.647462844848632812 21.69132232666015625 19.851810455322265625 15.924306869506835938 11.261448860168457031 10.149044990539550781 17.9244842529296875 21.25231170654296875 18.08654022216796875 4.6387996673583984375 0.26637417078018188477 0.95866352319717407227
30.394428253173828125 30.614809036254882812 33.075046539306640625 33.97507476806640625 34.452117919921875 42.44200897216796875 48.88544464111328125 58.379589080810546875 65.794586181640625 63.296718597412109375 53.625255584716796875 45.103290557861328125 41.0005340576171875 42.324199676513671875 43.52710723876953125 43.787109375 43.5337066650390625 42.294689178466796875 43.2483978271484375 44.18547821044921875 48.78228759765625 50.247592926025390625 49.598979949951171875 46.284297943115234375 44.43795013427734375 40.67908477783203125 38.0197296142578125 34.542301177978515625 34.826473236083984375 35.58074188232421875 38.19069671630859375 44.580615997314453125 45.5240936279296875 38.6828155517578125 32.40857696533203125 28.778001785278320312 26.941286087036132812 25.853759765625 25.113521575927734375 23.329717636108398438 21.670808792114257812 20.56299591064453125 18.496404647827148438 12.698253631591796875 5.7172513008117675781 4.6420445442199707031 14.760195732116699219 21.063528060913085938 17.482034683227539062 5.6485919952392578125 10.324145317077636719
28.90949249267578125 29.817449569702148438 30.927242279052734375 32.347393035888671875 33.78853607177734375 36.93506622314453125 42.298412322998046875 47.778530120849609375 50.70934295654296875 49.41660308837890625 44.71259307861328125 40.75479888916015625 38.50743865966796875 38.50022125244140625 42.9972076416015625 42.95539093017578125 42.752292633056640625 43.128570556640625 41.943416595458984375 42.808681488037109375 48.437389373779296875 48.67998504638671875 47.507495880126953125 48.12067413330078125 43.418506622314453125 42.49921417236328125 41.29570770263671875 42.3172149658203125 42.033992767333984375 42.428096771240234375 46.416015625 49.020687103271484375 48.856349945068359375 41.5768280029296875 34.337009429931640625 30.260011672973632812 29.249481201171875 27.8988494873046875 26.258710861206054688 25.127607345581054688 24.213682174682617188 21.745086669921875 18.588346481323242188 14.856302261352539062 12.625852584838867188 8.0030307769775390625 7.4724211692810058594 14.380158424377441406 21.699113845825195312 18.4125518798828125 17.337554931640625
28.721897125244140625 28.639736175537109375 28.717100143432617188 30.059206008911132812 30.230243682861328125 34.381160736083984375 36.2697296142578125 39.7813873291015625 41.774173736572265625 41.1386260986328125 39.741336822509765625 37.9296875 37.91355133056640625 38.584751129150390625 40.86035919189453125 42.7218475341796875 43.2203216552734375 43.819610595703125 40.99688720703125 43.185443878173828125 46.160614013671875 48.307659149169921875 46.923000335693359375 46.6803131103515625 44.53692626953125 44.693759918212890625 45.787933349609375 47.678989410400390625 46.487842559814453125 46.7914581298828125 49.569713592529296875 51.727413177490234375 49.630435943603515625 44.489810943603515625 36.9971923828125 33.02504730224609375 31.177637100219726562 29.813802719116210938 29.125391006469726562 26.93427276611328125 25.120998382568359375 22.783136367797851562 21.057989120483398438 17.13765716552734375 14.605998992919921875 14.881868362426757812 18.257921218872070312 19.447582244873046875 20.748167037963867188 21.374876022338867188 23.301471710205078125
28.434736251831054688 29.311126708984375 29.7431793212890625 30.542186737060546875 30.88596343994140625 33.013935089111328125 34.428546905517578125 35.515293121337890625 35.82715606689453125 35.067035675048828125 35.54648590087890625 37.20149993896484375 37.848339080810546875 38.87111663818359375 40.39989471435546875 40.983795166015625 42.84528350830078125 43.40999603271484375 42.02198028564453125 42.89167022705078125 45.90655517578125 45.77188873291015625 45.97599029541015625 44.674648284912109375 45.12530517578125 45.09389495849609375 46.846385955810546875 47.698390960693359375 46.56296539306640625 49.16928863525390625 51.23981475830078125 49.15579986572265625 46.24835968017578125 42.0924530029296875 39.272552490234375 35.835906982421875 33.298168182373046875 31.1880645751953125 30.300363540649414062 28.506481170654296875 28.119077682495117188 25.647760391235351562 22.976449966430664062 20.729188919067382812 19.432422637939453125 18.3363494873046875 19.31206512451171875 23.173151016235351562 22.142063140869140625 21.70163726806640625 21.873708724975585938
30.132793426513671875 30.464616775512695312 31.079349517822265625 31.571973800659179688 31.033269882202148438 31.50778961181640625 33.189792633056640625 33.917510986328125 34.419223785400390625 34.13086700439453125 36.31926727294921875 36.445648193359375 37.62128448486328125 37.893589019775390625 40.17656707763671875 41.030712127685546875 41.55550384521484375 41.83480072021484375 41.64180755615234375 42.88936614990234375 41.2099456787109375 41.144134521484375 41.60637664794921875 42.344326019287109375 41.43688201904296875 44.4544219970703125 48.17505645751953125 46.4981842041015625 47.94400787353515625 49.187686920166015625 49.475925445556640625 47.811920166015625 43.732715606689453125 40.76978302001953125 39.2241973876953125 38.8824615478515625 35.997043609619140625 33.897762298583984375 32.291728973388671875 30.424055099487304688 28.561666488647460938 26.62691497802734375 24.96185302734375 24.510583877563476562 22.150766372680664062 21.700714111328125 21.559673309326171875 24.437793731689453125 23.771165847778320312 22.307462692260742188 20.120965957641601562
31.706689834594726562 32.02849578857421875 31.8429107666015625 32.230205535888671875 29.818948745727539062 31.069196701049804688 33.09552764892578125 33.2336883544921875 33.466278076171875 33.920108795166015625 36.227016448974609375 36.104465484619140625 37.502277374267578125 37.201038360595703125 38.87123870849609375 40.3682403564453125 41.222309112548828125 41.407894134521484375 39.953136444091796875 40.3421783447265625 38.20836639404296875 39.263057708740234375 40.599151611328125 44.40468597412109375 43.814647674560546875 44.118610382080078125 47.085788726806640625 46.3553924560546875 47.28418731689453125 46.926788330078125 47.98522186279296875 46.8093414306640625 44.873157501220703125 40.59369659423828125 40.19811248779296875 39.04613494873046875 37.263248443603515625 37.107089996337890625 32.9565887451171875 32.715923309326171875 31.783609390258789062 29.604089736938476562 29.0741424560546875 27.61894989013671875 25.508707046508789062 24.935125350952148438 25.252674102783203125 25.714319229125976562 25.880603790283203125 21.738557815551757812 19.933355331420898438
29.54360198974609375 31.1173858642578125 32.358428955078125 33.040679931640625 31.06615447998046875 30.610385894775390625 32.85712432861328125 32.858062744140625 32.682949066162109375 32.45075225830078125 35.22097015380859375 38.8794708251953125 41.383480072021484375 37.3582763671875 39.661441802978515625 42.5851898193359375 41.8632659912109375 40.9889678955078125 39.341617584228515625 39.806285858154296875 38.652835845947265625 38.2985382080078125 42.035587310791015625 44.215602874755859375 45.016124725341796875 44.35678863525390625 44.578433990478515625 43.556186676025390625 45.674129486083984375 45.304645538330078125 44.418972015380859375 45.063228607177734375 41.998870849609375 40.648151397705078125 40.984222412109375 41.163387298583984375 41.265460968017578125 40.910919189453125 38.48555755615234375 35.7105865478515625 33.32817840576171875 32.2697906494140625 32.031711578369140625 30.382877349853515625 29.22064208984375 28.07073974609375 28.15308380126953125 28.168094635009765625 27.534488677978515625 24.5608673095703125 22.320314407348632812
31.274171829223632812 32.602458953857421875 31.78710174560546875 30.423849105834960938 33.266208648681640625 31.9748687744140625 33.695526123046875 32.116992950439453125 31.361461639404296875 31.623096466064453125 34.856731414794921875 37.79376983642578125 38.518650054931640625 38.42835235595703125 41.590587615966796875 44.90149688720703125 41.866420745849609375 40.231700897216796875 39.229747772216796875 37.94751739501953125 40.07476806640625 38.80615234375 40.212146759033203125 41.707065582275390625 40.717517852783203125 41.60843658447265625 42.455257415771484375 42.450183868408203125 42.213176727294921875 42.151782989501953125 42.497894287109375 41.98432159423828125 42.527393341064453125 41.828144073486328125 45.658355712890625 48.4353790283203125 49.34668731689453125 49.6215667724609375 45.498172760009765625 40.57416534423828125 36.72966766357421875 34.395175933837890625 32.363246917724609375 31.9041595458984375 30.597497940063476562 29.952083587646484375 29.581722259521484375 29.159265518188476562 29.23349761962890625 28.329008102416992188 26.02788543701171875
33.748569488525390625 33.9139862060546875 30.5881805419921875 32.148868560791015625 34.255283355712890625 32.05239105224609375 33.783588409423828125 32.6873321533203125 31.340976715087890625 32.5660400390625 32.977062225341796875 34.1233367919921875 37.828891754150390625 38.68094635009765625 40.66419219970703125 42.57756805419921875 40.4391326904296875 39.63811492919921875 38.598369598388671875 37.188625335693359375 37.522212982177734375 38.10279083251953125 40.432071685791015625 39.67702484130859375 40.439483642578125 39.602710723876953125 40.75957489013671875 39.348419189453125 39.96349334716796875 39.237895965576171875 40.85315704345703125 41.2202911376953125 41.27695465087890625 43.282779693603515625 49.2492218017578125 57.2396087646484375 64.16153717041015625 62.868671417236328125 55.23601531982421875 45.764331817626953125 38.42559814453125 34.670734405517578125 33.26390838623046875 32.266162872314453125 31.284885406494140625 30.697597503662109375 31.480602264404296875 30.81658935546875 30.822816848754882812 30.699464797973632812 26.344038009643554688
34.37165069580078125 33.921512603759765625 32.156890869140625 33.787403106689453125 33.689609527587890625 32.525112152099609375 31.856174468994140625 32.807086944580078125 33.6000823974609375 34.17201995849609375 32.03216552734375 36.08237457275390625 37.93798065185546875 38.5175933837890625 39.570281982421875 39.867862701416015625 39.275760650634765625 38.0013885498046875 38.47853851318359375 36.918361663818359375 37.1126861572265625 37.7469940185546875 37.972476959228515625 45.58512115478515625 44.01709747314453125 40.71356201171875 38.79230499267578125 38.416656494140625 37.8009185791015625 41.05217742919921875 40.32527923583984375 40.65715789794921875 42.17999267578125 44.1359405517578125 51.968963623046875 60.72931671142578125 75.2303619384765625 76.8026123046875 63.561176300048828125 50.837116241455078125 40.838352203369140625 36.983867645263671875 34.4135589599609375 33.768863677978515625 33.035003662109375 32.867153167724609375 31.985231399536132812 31.210735321044921875 30.776597976684570312 31.396251678466796875 29.023496627807617188
34.546604156494140625 35.096588134765625 34.414340972900390625 34.22118377685546875 33.1474609375 31.684131622314453125 30.620737075805664062 30.788557052612304688 32.0413360595703125 33.40886688232421875 32.790699005126953125 35.6262664794921875 37.7781829833984375 36.9205322265625 36.5992584228515625 39.41364288330078125 37.0104217529296875 36.56829833984375 37.219066619873046875 38.2185516357421875 36.611293792724609375 36.745208740234375 34.264354705810546875 40.220516204833984375 39.465045928955078125 39.9023284912109375 38.996311187744140625 38.825969696044921875 39.935642242431640625 41.43918609619140625 41.426242828369140625 40.614147186279296875 41.76477813720703125 45.75063323974609375 51.358386993408203125 60.588939666748046875 74.7782440185546875 77.39122772216796875 64.5797576904296875 51.5027618408203125 42.02433013916015625 38.42777252197265625 34.922149658203125 34.640804290771484375 33.62335968017578125 33.07178497314453125 33.10990142822265625 33.13558197021484375 31.647281646728515625 30.491537094116210938 30.40533447265625
36.342792510986328125 35.046619415283203125 34.358776092529296875 34.3407135009765625 33.480098724365234375 32.0163726806640625 30.090534210205078125 30.898714065551757812 32.802036285400390625 33.53228759765625 32.296482086181640625 34.477733612060546875 33.71600341796875 34.304836273193359375 36.6383514404296875 36.573085784912109375 36.03708648681640625 37.089382171630859375 36.2977294921875 36.528034210205078125 37.2275543212890625 35.509769439697265625 33.98110198974609375 36.693668365478515625 39.389827728271484375 38.861675262451171875 38.73992919921875 39.163570404052734375 40.224704742431640625 41.222843170166015625 40.433574676513671875 42.428478240966796875 43.5254974365234375 43.465259552001953125 48.586872100830078125 54.984935760498046875 61.344493865966796875 62.608692169189453125 56.08345794677734375 47.258838653564453125 41.30571746826171875 37.75372314453125 35.242153167724609375 35.98189544677734375 34.581638336181640625 34.065555572509765625 33.4852752685546875 32.579437255859375 32.89875030517578125 31.999187469482421875 30.783781051635742188
