data/TNO-HT-ATES/HT-ATES_NLFFS/TG419_NLDOBR__porosity_ATES.asc
ncols        266
nrows        269
xllcorner    11500.000000000000
yllcorner    355500.000000000000
cellsize     1000.000000000000
NODATA_value  -999999
[rows 23 to 45 of 269, columns 104 to 155 of 266]
-999999 -999999 -999999 -999999 -999999 -999999 -999999 -999999 -999999 -999999 -999999 -999999 -999999 -999999 -999999 -999999 -999999 -999999 21.536420822143554688 21.543060302734375 21.576160430908203125 21.59413909912109375 21.582599639892578125 21.54817962646484375 21.516080856323242188 21.535800933837890625 21.634960174560546875 21.872079849243164062 22.213159561157226562 22.451900482177734375 22.533979415893554688 22.598180770874023438 22.690759658813476562 22.82147979736328125 22.972200393676757812 23.0839996337890625 23.135900497436523438 23.17620086669921875 23.219240188598632812 23.216379165649414062 23.201200485229492188 23.239419937133789062 23.329919815063476562 23.407039642333984375 23.463159561157226562 23.499460220336914062 23.535900115966796875 23.572719573974609375 23.635240554809570312 23.7355194091796875 23.838359832763671875 23.9468994140625
-999999 -999999 -999999 -999999 -999999 -999999 -999999 -999999 -999999 -999999 -999999 -999999 -999999 -999999 -999999 -999999 -999999 21.744939804077148438 21.731740951538085938 21.770219802856445312 21.813180923461914062 21.818159103393554688 21.790079116821289062 21.7490997314453125 21.718219757080078125 21.724439620971679688 21.779920578002929688 21.913379669189453125 22.20050048828125 22.478120803833007812 22.620420455932617188 22.71977996826171875 22.816480636596679688 22.9307403564453125 23.070560455322265625 23.164440155029296875 23.189640045166015625 23.202760696411132812 23.232519149780273438 23.227519989013671875 23.206180572509765625 23.227060317993164062 23.300220489501953125 23.38166046142578125 23.446519851684570312 23.48014068603515625 23.514120101928710938 23.541660308837890625 23.574300765991210938 23.661420822143554688 23.78778076171875 23.927400588989257812
-999999 -999999 -999999 -999999 -999999 -999999 -999999 -999999 -999999 -999999 -999999 -999999 -999999 -999999 -999999 -999999 -999999 21.868200302124023438 21.895940780639648438 21.942579269409179688 21.987920761108398438 22.0049591064453125 21.999780654907226562 21.993139266967773438 21.9991607666015625 22.012060165405273438 22.027299880981445312 22.025579452514648438 22.2220001220703125 22.526519775390625 22.717899322509765625 22.842380523681640625 22.943700790405273438 23.03762054443359375 23.158960342407226562 23.248180389404296875 23.26779937744140625 23.267139434814453125 23.28163909912109375 23.2761993408203125 23.2562408447265625 23.273319244384765625 23.320039749145507812 23.38275909423828125 23.444580078125 23.477720260620117188 23.516979217529296875 23.5480804443359375 23.568279266357421875 23.646160125732421875 23.771619796752929688 23.914440155029296875
-999999 -999999 -999999 -999999 -999999 -999999 -999999 -999999 -999999 -999999 -999999 -999999 -999999 -999999 -999999 -999999 21.908359527587890625 21.953260421752929688 22.010000228881835938 22.067499160766601562 22.1187591552734375 22.153659820556640625 22.178560256958007812 22.206819534301757812 22.244720458984375 22.261320114135742188 22.254899978637695312 22.178419113159179688 22.277240753173828125 22.556499481201171875 22.789300918579101562 22.946279525756835938 23.065420150756835938 23.159160614013671875 23.257720947265625 23.3339996337890625 23.357219696044921875 23.354860305786132812 23.355939865112304688 23.353399276733398438 23.348920822143554688 23.382600784301757812 23.416040420532226562 23.440359115600585938 23.478300094604492188 23.514360427856445312 23.562999725341796875 23.601980209350585938 23.626100540161132812 23.697660446166992188 23.807920455932617188 23.938219070434570312
-999999 -999999 -999999 -999999 -999999 -999999 -999999 -999999 -999999 -999999 -999999 -999999 -999999 -999999 -999999 21.954099655151367188 21.972919464111328125 22.028360366821289062 22.0908203125 22.15348052978515625 22.212060928344726562 22.263399124145507812 22.309820175170898438 22.3499603271484375 22.39112091064453125 22.399259567260742188 22.391719818115234375 22.329620361328125 22.371259689331054688 22.583860397338867188 22.835599899291992188 23.030660629272460938 23.173980712890625 23.280580520629882812 23.3717803955078125 23.438299179077148438 23.464580535888671875 23.462839126586914062 23.456819534301757812 23.46360015869140625 23.500379562377929688 23.583339691162109375 23.632080078125 23.628980636596679688 23.647260665893554688 23.691240310668945312 23.729600906372070312 23.756999969482421875 23.780160903930664062 23.82798004150390625 23.912080764770507812 24.025720596313476562
-999999 -999999 -999999 -999999 -999999 -999999 -999999 -999999 -999999 -999999 -999999 -999999 -999999 -999999 -999999 22.043819427490234375 22.055059432983398438 22.09799957275390625 22.153179168701171875 22.214960098266601562 22.27957916259765625 22.344419479370117188 22.406360626220703125 22.453580856323242188 22.4897003173828125 22.49481964111328125 22.492099761962890625 22.473360061645507812 22.510179519653320312 22.67086029052734375 22.90586090087890625 23.117340087890625 23.282140731811523438 23.408039093017578125 23.50659942626953125 23.5743408203125 23.603960037231445312 23.604579925537109375 23.60012054443359375 23.617380142211914062 23.681280136108398438 23.785980224609375 23.8576202392578125 23.876680374145507812 23.911439895629882812 23.973239898681640625 24.0035400390625 24.015760421752929688 24.028499603271484375 24.041299819946289062 24.091680526733398438 24.183000564575195312
-999999 -999999 -999999 -999999 -999999 -999999 -999999 -999999 -999999 -999999 -999999 -999999 -999999 -999999 22.15225982666015625 22.132259368896484375 22.137620925903320312 22.164180755615234375 22.20767974853515625 22.265499114990234375 22.334299087524414062 22.410200119018554688 22.486040115356445312 22.548740386962890625 22.592559814453125 22.606119155883789062 22.60836029052734375 22.620840072631835938 22.682760238647460938 22.823879241943359375 23.026720046997070312 23.2338409423828125 23.414419174194335938 23.560499191284179688 23.672100067138671875 23.745279312133789062 23.777879714965820312 23.779859542846679688 23.775739669799804688 23.795320510864257812 23.86215972900390625 23.9599609375 24.039140701293945312 24.083240509033203125 24.131420135498046875 24.207080841064453125 24.255800247192382812 24.281719207763671875 24.295999526977539062 24.298440933227539062 24.326719284057617188 24.392740249633789062
-999999 -999999 -999999 -999999 -999999 -999999 -999999 -999999 -999999 -999999 -999999 -999999 -999999 22.219480514526367188 22.21855926513671875 22.21186065673828125 22.213939666748046875 22.228960037231445312 22.261259078979492188 22.3145599365234375 22.387020111083984375 22.471399307250976562 22.557979583740234375 22.634220123291015625 22.68965911865234375 22.721220016479492188 22.74076080322265625 22.771820068359375 22.84336090087890625 22.975679397583007812 23.162639617919921875 23.371919631958007812 23.571119308471679688 23.739759445190429688 23.867259979248046875 23.947559356689453125 23.981019973754882812 23.979600906372070312 23.967739105224609375 23.99134063720703125 24.070039749145507812 24.191579818725585938 24.289140701293945312 24.29051971435546875 24.283000946044921875 24.352640151977539062 24.422540664672851562 24.484859466552734375 24.517000198364257812 24.533939361572265625 24.563199996948242188 24.619480133056640625
-999999 -999999 -999999 -999999 -999999 -999999 -999999 -999999 -999999 -999999 22.00698089599609375 22.106700897216796875 22.187200546264648438 22.242359161376953125 22.27140045166015625 22.2832794189453125 22.29026031494140625 22.298940658569335938 22.321199417114257812 22.370500564575195312 22.446559906005859375 22.53672027587890625 22.629659652709960938 22.714559555053710938 22.7826995849609375 22.830799102783203125 22.866140365600585938 22.905719757080078125 22.973440170288085938 23.092020034790039062 23.271619796752929688 23.497880935668945312 23.73097991943359375 23.93296051025390625 24.081960678100585938 24.170440673828125 24.201839447021484375 24.190700531005859375 24.170480728149414062 24.194559097290039062 24.287420272827148438 24.467699050903320312 24.633420944213867188 24.573499679565429688 24.43058013916015625 24.442779541015625 24.519260406494140625 24.5858001708984375 24.639799118041992188 24.671360015869140625 24.709260940551757812 24.773899078369140625
-999999 -999999 -999999 -999999 -999999 -999999 -999999 -999999 -999999 21.842359542846679688 21.964879989624023438 22.079980850219726562 22.185619354248046875 22.268999099731445312 22.323579788208007812 22.354900360107421875 22.375299453735351562 22.384059906005859375 22.397159576416015625 22.441259384155273438 22.519460678100585938 22.610820770263671875 22.705160140991210938 22.793920516967773438 22.870119094848632812 22.92993927001953125 22.974399566650390625 23.010240554809570312 23.05171966552734375 23.12969970703125 23.293819427490234375 23.561880111694335938 23.863199234008789062 24.120639801025390625 24.300100326538085938 24.3977203369140625 24.423740386962890625 24.397640228271484375 24.36479949951171875 24.37361907958984375 24.455699920654296875 24.654560089111328125 24.8847808837890625 24.8292999267578125 24.575960159301757812 24.484020233154296875 24.569000244140625 24.648580551147460938 24.700399398803710938 24.730279922485351562 24.752979278564453125 24.80194091796875
-999999 -999999 -999999 -999999 -999999 -999999 -999999 21.54933929443359375 21.654239654541015625 21.774679183959960938 21.912439346313476562 22.05319976806640625 22.186159133911132812 22.296779632568359375 22.37606048583984375 22.425519943237304688 22.462720870971679688 22.485279083251953125 22.500659942626953125 22.53646087646484375 22.608219146728515625 22.693559646606445312 22.783960342407226562 22.87284088134765625 22.954179763793945312 23.022180557250976562 23.070220947265625 23.089319229125976562 23.071580886840820312 23.04875946044921875 23.169740676879882812 23.516660690307617188 23.9490203857421875 24.288679122924804688 24.504980087280273438 24.611059188842773438 24.629180908203125 24.585779190063476562 24.531360626220703125 24.510919570922851562 24.551000595092773438 24.689540863037109375 24.879480361938476562 24.852680206298828125 24.612079620361328125 24.48426055908203125 24.578699111938476562 24.680120468139648438 24.7450408935546875 24.771120071411132812 24.771160125732421875 24.785699844360351562
-999999 -999999 -999999 -999999 -999999 -999999 21.441919326782226562 21.502399444580078125 21.594760894775390625 21.71334075927734375 21.860460281372070312 22.023740768432617188 22.183019638061523438 22.32006072998046875 22.423900604248046875 22.491119384765625 22.541460037231445312 22.582080841064453125 22.610879898071289062 22.644319534301757812 22.70388031005859375 22.778499603271484375 22.861959457397460938 22.949739456176757812 23.035900115966796875 23.112300872802734375 23.165460586547851562 23.170040130615234375 23.087799072265625 22.941379547119140625 22.98484039306640625 23.444559097290039062 24.021900177001953125 24.440019607543945312 24.682399749755859375 24.791540145874023438 24.80194091796875 24.745639801025390625 24.667680740356445312 24.616260528564453125 24.60630035400390625 24.65193939208984375 24.721639633178710938 24.68675994873046875 24.55303955078125 24.495800018310546875 24.579280853271484375 24.6854400634765625 24.77783966064453125 24.828500747680664062 24.839019775390625 24.843099594116210938
-999999 -999999 -999999 -999999 -999999 21.394559860229492188 21.412160873413085938 21.457860946655273438 21.53755950927734375 21.653139114379882812 21.808740615844726562 21.990419387817382812 22.170999526977539062 22.328939437866210938 22.455780029296875 22.545360565185546875 22.607799530029296875 22.656820297241210938 22.696939468383789062 22.73625946044921875 22.788240432739257812 22.854160308837890625 22.932779312133789062 23.020900726318359375 23.113359451293945312 23.201620101928710938 23.270120620727539062 23.289739608764648438 23.215959548950195312 23.066680908203125 23.10829925537109375 23.585580825805664062 24.1741790771484375 24.58596038818359375 24.817319869995117188 24.919240951538085938 24.926420211791992188 24.869340896606445312 24.779880523681640625 24.7064208984375 24.658840179443359375 24.636640548706054688 24.625139236450195312 24.586019515991210938 24.529460906982421875 24.523199081420898438 24.593679428100585938 24.690000534057617188 24.801380157470703125 24.8865203857421875 24.941179275512695312 24.96540069580078125
-999999 -999999 -999999 21.493360519409179688 21.423320770263671875 21.387939453125 21.401380538940429688 21.440219879150390625 21.504680633544921875 21.609619140625 21.765720367431640625 21.957180023193359375 22.1497802734375 22.319339752197265625 22.462739944458007812 22.575220108032226562 22.654359817504882812 22.7096405029296875 22.754180908203125 22.797540664672851562 22.849000930786132812 22.91278076171875 22.990560531616210938 23.08126068115234375 23.181379318237304688 23.284219741821289062 23.378179550170898438 23.443859100341796875 23.46089935302734375 23.45117950439453125 23.584180831909179688 23.959100723266601562 24.394060134887695312 24.70478057861328125 24.888380050659179688 24.97454071044921875 24.985540390014648438 24.944059371948242188 24.869100570678710938 24.785860061645507812 24.717679977416992188 24.659259796142578125 24.609659194946289062 24.5699005126953125 24.552919387817382812 24.578800201416015625 24.65216064453125 24.740579605102539062 24.831899642944335938 24.919500350952148438 25.003780364990234375 25.054779052734375
-999999 -999999 21.691240310668945312 21.59188079833984375 21.49810028076171875 21.438699722290039062 21.446979522705078125 21.479419708251953125 21.520799636840820312 21.6017608642578125 21.747320175170898438 21.93592071533203125 22.128000259399414062 22.301080703735351562 22.452280044555664062 22.57765960693359375 22.670240402221679688 22.734439849853515625 22.78466033935546875 22.83274078369140625 22.887279510498046875 22.95323944091796875 23.033140182495117188 23.127019882202148438 23.233640670776367188 23.349580764770507812 23.468759536743164062 23.582899093627929688 23.68914031982421875 23.809600830078125 24.00138092041015625 24.283599853515625 24.562299728393554688 24.764879226684570312 24.894540786743164062 24.9602203369140625 24.97415924072265625 24.955579757690429688 24.910160064697265625 24.843820571899414062 24.770719528198242188 24.697780609130859375 24.631099700927734375 24.592180252075195312 24.602380752563476562 24.669139862060546875 24.763139724731445312 24.839860916137695312 24.895259857177734375 24.941440582275390625 24.996860504150390625 25.046319961547851562
-999999 21.949520111083984375 21.83538055419921875 21.718860626220703125 21.61389923095703125 21.55023956298828125 21.546039581298828125 21.562519073486328125 21.578020095825195312 21.634920120239257812 21.7656402587890625 21.9384002685546875 22.116460800170898438 22.284900665283203125 22.436399459838867188 22.563600540161132812 22.661899566650390625 22.734760284423828125 22.7935791015625 22.84922027587890625 22.909460067749023438 22.979059219360351562 23.060979843139648438 23.15637969970703125 23.265499114990234375 23.387899398803710938 23.522159576416015625 23.665679931640625 23.819580078125 23.994440078735351562 24.205539703369140625 24.44120025634765625 24.64971923828125 24.795640945434570312 24.882099151611328125 24.91526031494140625 24.91320037841796875 24.899379730224609375 24.874219894409179688 24.838159561157226562 24.790960311889648438 24.72389984130859375 24.653619766235351562 24.623319625854492188 24.66764068603515625 24.776180267333984375 24.8997802734375 24.977079391479492188 24.994619369506835938 24.9906005859375 25.001739501953125 25.030420303344726562
-999999 22.103380203247070312 21.990619659423828125 21.869260787963867188 21.760400772094726562 21.68965911865234375 21.665760040283203125 21.659900665283203125 21.663339614868164062 21.711719512939453125 21.825979232788085938 21.9716796875 22.125299453735351562 22.279140472412109375 22.422159194946289062 22.544460296630859375 22.643060684204101562 22.722080230712890625 22.7897796630859375 22.8540191650390625 22.920999526977539062 22.994840621948242188 23.077640533447265625 23.17079925537109375 23.275560379028320312 23.394880294799804688 23.530239105224609375 23.680559158325195312 23.845539093017578125 24.029399871826171875 24.2396392822265625 24.47093963623046875 24.684919357299804688 24.822259902954101562 24.857599258422851562 24.829959869384765625 24.792379379272460938 24.768880844116210938 24.755359649658203125 24.748460769653320312 24.736480712890625 24.697500228881835938 24.649839401245117188 24.650159835815429688 24.737279891967773438 24.894819259643554688 25.041019439697265625 25.107320785522460938 25.096599578857421875 25.069780349731445312 25.058759689331054688 25.090419769287109375
22.354280471801757812 22.251819610595703125 22.145399093627929688 22.031299591064453125 21.927059173583984375 21.852840423583984375 21.810100555419921875 21.783739089965820312 21.786260604858398438 21.83499908447265625 21.924280166625976562 22.030559539794921875 22.158399581909179688 22.290899276733398438 22.417959213256835938 22.529920578002929688 22.62509918212890625 22.707220077514648438 22.781919479370117188 22.854379653930664062 22.928499221801757812 23.006780624389648438 23.089580535888671875 23.17572021484375 23.267179489135742188 23.371999740600585938 23.496219635009765625 23.637340545654296875 23.790439605712890625 23.956600189208984375 24.150800704956054688 24.39550018310546875 24.66577911376953125 24.822919845581054688 24.761419296264648438 24.61305999755859375 24.528959274291992188 24.522380828857421875 24.553440093994140625 24.592159271240234375 24.6334991455078125 24.650320053100585938 24.650560379028320312 24.69821929931640625 24.832820892333984375 25.029560089111328125 25.192419052124023438 25.246099472045898438 25.200839996337890625 25.192399978637695312 25.173740386962890625 25.205280303955078125
22.496919631958007812 22.4012603759765625 22.300739288330078125 22.198759078979492188 22.107879638671875 22.040460586547851562 21.993480682373046875 21.954679489135742188 21.934539794921875 21.96269989013671875 22.030120849609375 22.109380722045898438 22.212999343872070312 22.32328033447265625 22.431140899658203125 22.528839111328125 22.616720199584960938 22.698579788208007812 22.778179168701171875 22.857820510864257812 22.938899993896484375 23.023040771484375 23.106700897216796875 23.18231964111328125 23.24958038330078125 23.326900482177734375 23.430820465087890625 23.555080413818359375 23.68527984619140625 23.815219879150390625 23.966640472412109375 24.19696044921875 24.519620895385742188 24.708400726318359375 24.5044403076171875 24.20471954345703125 24.072820663452148438 24.120679855346679688 24.261899948120117188 24.405500411987304688 24.552160263061523438 24.667999267578125 24.725160598754882812 24.802579879760742188 24.993839263916015625 25.208019256591796875 25.36190032958984375 25.43791961669921875 25.4306793212890625 25.40612030029296875 25.299579620361328125 25.320600509643554688
22.61016082763671875 22.534639358520507812 22.447919845581054688 22.363300323486328125 22.291660308837890625 22.238800048828125 22.200639724731445312 22.161539077758789062 22.115720748901367188 22.104879379272460938 22.145139694213867188 22.209720611572265625 22.2915802001953125 22.381280899047851562 22.467800140380859375 22.546979904174804688 22.62342071533203125 22.702039718627929688 22.784479141235351562 22.869760513305664062 22.957239151000976562 23.04840087890625 23.139219284057617188 23.206979751586914062 23.239419937133789062 23.277399063110351562 23.35514068603515625 23.4613800048828125 23.568759918212890625 23.649419784545898438 23.717599868774414062 23.85919952392578125 24.112100601196289062 24.242460250854492188 24.000499725341796875 23.660160064697265625 23.5138397216796875 23.629659652709960938 23.920419692993164062 24.228700637817382812 24.523939132690429688 24.77487945556640625 24.89633941650390625 24.94712066650390625 25.254400253295898438 25.561979293823242188 25.647680282592773438 25.702600479125976562 25.736179351806640625 25.680379867553710938 25.434820175170898438 25.469900131225585938
22.727619171142578125 22.658260345458984375 22.584360122680664062 22.517240524291992188 22.462779998779296875 22.420440673828125 22.390439987182617188 22.361360549926757812 22.312219619750976562 22.27172088623046875 22.279260635375976562 22.329540252685546875 22.39640045166015625 22.46681976318359375 22.52841949462890625 22.583240509033203125 22.645099639892578125 22.719160079956054688 22.803419113159179688 22.89253997802734375 22.983320236206054688 23.078359603881835938 23.179880142211914062 23.249719619750976562 23.250120162963867188 23.254259109497070312 23.30551910400390625 23.391239166259765625 23.483980178833007812 23.515300750732421875 23.475299835205078125 23.478580474853515625 23.586299896240234375 23.624479293823242188 23.452020645141601562 23.194200515747070312 23.07154083251953125 23.217260360717773438 23.612180709838867188 24.112859725952148438 24.632020950317382812 25.065460205078125 25.312379837036132812 25.438259124755859375 25.907100677490234375 26.427059173583984375 26.268259048461914062 26.098300933837890625 26.029939651489257812 25.983860015869140625 25.900499343872070312 25.851879119873046875
22.854000091552734375 22.78112030029296875 22.711500167846679688 22.655759811401367188 22.614959716796875 22.576999664306640625 22.545480728149414062 22.520679473876953125 22.47866058349609375 22.431499481201171875 22.421079635620117188 22.457080841064453125 22.515600204467773438 22.566499710083007812 22.597120285034179688 22.625200271606445312 22.674940109252929688 22.746580123901367188 22.833379745483398438 22.9254608154296875 23.014499664306640625 23.101259231567382812 23.190080642700195312 23.253320693969726562 23.261539459228515625 23.268419265747070312 23.301240921020507812 23.364599227905273438 23.432460784912109375 23.402399063110351562 23.278699874877929688 23.200420379638671875 23.243499755859375 23.277399063110351562 23.173740386962890625 23.026020050048828125 22.95149993896484375 23.048740386962890625 23.481660842895507812 24.182220458984375 24.939580917358398438 25.538160324096679688 25.905620574951171875 26.146640777587890625 26.7030792236328125 27.12451934814453125 26.868360519409179688 26.53047943115234375 26.34915924072265625 26.239080429077148438 26.193019866943359375 26.139339447021484375
22.971279144287109375 22.9001007080078125 22.831079483032226562 22.77938079833984375 22.749540328979492188 22.720340728759765625 22.685659408569335938 22.65167999267578125 22.607839584350585938 22.56201934814453125 22.545879364013671875 22.570940017700195312 22.614959716796875 22.64105987548828125 22.643259048461914062 22.656719207763671875 22.704919815063476562 22.779420852661132812 22.871219635009765625 22.966899871826171875 23.05261993408203125 23.126739501953125 23.196519851684570312 23.264200210571289062 23.309759140014648438 23.31967926025390625 23.33654022216796875 23.375139236450195312 23.393999099731445312 23.305959701538085938 23.15193939208984375 23.07196044921875 23.144359588623046875 23.244840621948242188 23.20355987548828125 23.125959396362304688 23.096799850463867188 23.188280105590820312 23.66741943359375 24.498559951782226562 25.359300613403320312 26.007659912109375 26.381299972534179688 26.536920547485351562 26.719480514526367188 26.884000778198242188 26.804660797119140625 26.747919082641601562 26.642139434814453125 26.514080047607421875 26.438459396362304688 26.37722015380859375
