data/TNO-HT-ATES/HT-ATES_NLFFS/TG416_NLDOBR__kh_P50_ATES.asc
ncols        266
nrows        269
xllcorner    11500.000000000000
yllcorner    355500.000000000000
cellsize     1000.000000000000
NODATA_value  -999999
[rows 115 to 137 of 269, columns 102 to 152 of 266]
-999999 -999999 -999999 -999999 -999999 -999999 -999999 -999999 5.2760763168334960938 5.8047270774841308594 5.6059031486511230469 5.7788367271423339844 5.7095975875854492188 5.6788554191589355469 5.8875918388366699219 6.1088976860046386719 5.5940389633178710938 6.8193645477294921875 8.147792816162109375 9.4092769622802734375 9.8498353958129882812 10.798943519592285156 11.054961204528808594 10.981412887573242188 9.821788787841796875 7.3472723960876464844 7.0461344718933105469 7.4599199295043945312 7.06513214111328125 6.4631400108337402344 7.1576323509216308594 8.61281585693359375 10.474436759948730469 11.741075515747070312 12.689884185791015625 12.110612869262695312 11.180643081665039062 11.473424911499023438 11.760775566101074219 11.736149787902832031 11.012355804443359375 9.39499664306640625 9.272937774658203125 9.7616672515869140625 10.170722007751464844 10.2245330810546875 10.489060401916503906 10.000179290771484375 9.7476959228515625 10.952231407165527344 12.399974822998046875
-999999 -999999 -999999 -999999 -999999 -999999 -999999 -999999 5.4748253822326660156 5.4267168045043945312 4.9135608673095703125 4.4211783409118652344 4.7383761405944824219 4.8888287544250488281 5.3131012916564941406 5.5450301170349121094 5.1827535629272460938 6.3264498710632324219 8.5797214508056640625 10.334016799926757812 10.818921089172363281 11.209475517272949219 10.307568550109863281 9.2127895355224609375 7.8972325325012207031 6.0014863014221191406 6.12871551513671875 7.41739654541015625 7.4147467613220214844 6.6283235549926757812 7.3588099479675292969 9.3127622604370117188 11.225695610046386719 11.859479904174804688 12.017148971557617188 11.136908531188964844 10.754962921142578125 11.189726829528808594 11.075716972351074219 10.703200340270996094 10.123050689697265625 9.7288875579833984375 9.128299713134765625 8.8474273681640625 8.5555019378662109375 9.2370767593383789062 10.175852775573730469 10.394989967346191406 10.317254066467285156 11.080878257751464844 12.395459175109863281
-999999 -999999 -999999 -999999 -999999 -999999 -999999 -999999 -999999 4.9360017776489257812 4.4001002311706542969 4.3877692222595214844 4.6335821151733398438 4.8066191673278808594 5.1343293190002441406 5.3603320121765136719 5.0173549652099609375 5.5424437522888183594 7.7239055633544921875 9.8014097213745117188 10.754108428955078125 9.9923610687255859375 8.5982198715209960938 7.9079499244689941406 7.5671777725219726562 7.5388135910034179688 7.5370311737060546875 8.7821807861328125 8.5433607101440429688 7.8629522323608398438 8.6606111526489257812 10.837778091430664062 12.184426307678222656 12.003740310668945312 12.351240158081054688 11.710783958435058594 11.427831649780273438 11.091986656188964844 10.134441375732421875 9.6177244186401367188 10.147838592529296875 10.732532501220703125 9.5865602493286132812 8.6273603439331054688 8.64868927001953125 10.116341590881347656 12.747890472412109375 13.841733932495117188 12.722672462463378906 13.268553733825683594 14.395604133605957031
-999999 -999999 -999999 -999999 -999999 -999999 -999999 -999999 -999999 -999999 4.1457014083862304688 4.18665313720703125 4.4446969032287597656 4.6321949958801269531 4.9017910957336425781 5.1856632232666015625 4.8505220413208007812 5.4346852302551269531 6.5007090568542480469 7.8347458839416503906 8.88674163818359375 8.9270172119140625 8.0635662078857421875 7.9402813911437988281 8.3335695266723632812 8.7431402206420898438 8.5474805831909179688 8.516590118408203125 8.7178144454956054688 8.9569044113159179688 9.8814821243286132812 11.023268699645996094 11.906620979309082031 12.504426956176757812 12.526325225830078125 12.083989143371582031 11.549742698669433594 10.395099639892578125 9.1413249969482421875 9.0121669769287109375 9.6252183914184570312 9.4446153640747070312 8.777843475341796875 8.433803558349609375 9.2993726730346679688 11.288808822631835938 14.454672813415527344 15.973860740661621094 15.405014991760253906 15.343516349792480469 16.592908859252929688
-999999 -999999 -999999 -999999 -999999 -999999 -999999 -999999 -999999 -999999 -999999 -999999 -999999 4.6204056739807128906 5.0123424530029296875 5.1292352676391601562 5.2673726081848144531 5.5497117042541503906 5.7157578468322753906 6.205600738525390625 7.0099477767944335938 8.628383636474609375 9.3438968658447265625 9.2903461456298828125 8.519207000732421875 8.8711414337158203125 8.4445466995239257812 7.7865176200866699219 7.7153477668762207031 8.9933214187622070312 10.254180908203125 11.185962677001953125 11.828207969665527344 12.055612564086914062 11.782680511474609375 10.976640701293945312 10.427978515625 9.7307491302490234375 9.3204488754272460938 8.8525371551513671875 8.5771493911743164062 7.6051716804504394531 6.8965497016906738281 7.5498285293579101562 8.712772369384765625 10.874119758605957031 13.993237495422363281 17.033966064453125 16.841085433959960938 17.4658203125 18.5439300537109375
-999999 -999999 -999999 -999999 -999999 -999999 -999999 -999999 -999999 -999999 -999999 -999999 -999999 4.4044947624206542969 4.6980271339416503906 5.0721383094787597656 5.1424083709716796875 5.4065108299255371094 5.5267415046691894531 5.88262176513671875 7.1539130210876464844 9.0943603515625 9.8361711502075195312 8.8796520233154296875 7.6465711593627929688 7.2728285789489746094 7.4714436531066894531 7.306346893310546875 7.3281526565551757812 8.4770679473876953125 9.951202392578125 10.432641029357910156 10.729856491088867188 10.701496124267578125 9.6049585342407226562 9.3176546096801757812 8.7383365631103515625 9.7417469024658203125 9.9867982864379882812 9.1022853851318359375 7.9805989265441894531 6.1936154365539550781 5.6824727058410644531 6.7582526206970214844 8.0590887069702148438 9.9556360244750976562 12.535429000854492188 15.532506942749023438 17.371198654174804688 18.661159515380859375 19.995115280151367188
-999999 -999999 -999999 -999999 -999999 -999999 -999999 -999999 -999999 -999999 -999999 -999999 -999999 4.2916011810302734375 4.9259305000305175781 5.2155947685241699219 5.1998715400695800781 5.2613530158996582031 5.4567894935607910156 6.2016172409057617188 7.4974207878112792969 8.7129306793212890625 8.6396226882934570312 6.9346799850463867188 5.4525055885314941406 5.3041534423828125 6.3963155746459960938 6.5402231216430664062 6.6375346183776855469 7.7550764083862304688 9.358242034912109375 10.004190444946289062 9.4983377456665039062 8.2579469680786132812 7.8937335014343261719 7.5523557662963867188 8.0151805877685546875 9.8967227935791015625 10.928760528564453125 9.214229583740234375 7.3662195205688476562 5.6581397056579589844 5.7631020545959472656 6.5739898681640625 7.58240509033203125 8.7986116409301757812 11.368190765380859375 14.504314422607421875 17.386409759521484375 20.27803802490234375 22.166078567504882812
-999999 -999999 -999999 -999999 -999999 -999999 -999999 -999999 -999999 -999999 -999999 -999999 -999999 4.4164414405822753906 4.7441091537475585938 4.9129443168640136719 4.9097161293029785156 5.0074186325073242188 5.2263975143432617188 6.0392508506774902344 7.2299818992614746094 8.0772485733032226562 7.5034394264221191406 6.0830173492431640625 4.6683030128479003906 4.5672421455383300781 5.1096377372741699219 5.3567891120910644531 5.4014158248901367188 6.5800523757934570312 8.4982538223266601562 9.21576690673828125 8.47977447509765625 7.4221143722534179688 7.1528043746948242188 7.1510033607482910156 8.3006725311279296875 9.6075716018676757812 10.627801895141601562 9.1395521163940429688 6.5729475021362304688 5.6126828193664550781 5.7727198600769042969 6.4562311172485351562 7.5027031898498535156 8.7190618515014648438 10.830433845520019531 13.873049736022949219 17.572559356689453125 20.64163970947265625 22.89684295654296875
-999999 -999999 -999999 -999999 -999999 -999999 -999999 -999999 -999999 -999999 -999999 -999999 -999999 4.3449192047119140625 4.2948026657104492188 4.4942879676818847656 4.646442413330078125 4.4130454063415527344 4.8690342903137207031 5.3912825584411621094 6.3219966888427734375 7.3843922615051269531 7.3479299545288085938 6.4737696647644042969 5.5775146484375 5.0981597900390625 4.5324110984802246094 4.5623369216918945312 5.1650729179382324219 6.6698880195617675781 7.1198635101318359375 7.6947946548461914062 7.57636260986328125 7.8709878921508789062 7.1001601219177246094 7.191989898681640625 7.9086899757385253906 8.6399364471435546875 8.52028656005859375 7.4155454635620117188 5.7517008781433105469 5.4902205467224121094 6.1571078300476074219 7.0928349494934082031 7.7381334304809570312 8.7749271392822265625 10.647480010986328125 13.71417999267578125 16.753856658935546875 19.625028610229492188 22.173069000244140625
-999999 -999999 -999999 -999999 -999999 -999999 -999999 -999999 -999999 -999999 -999999 -999999 -999999 4.4140505790710449219 4.0788788795471191406 3.8605000972747802734 3.7353124618530273438 3.8852877616882324219 4.2059264183044433594 4.5599198341369628906 5.2906241416931152344 6.3031368255615234375 7.1207265853881835938 6.9486789703369140625 6.2357506752014160156 4.9760274887084960938 4.1525254249572753906 4.9582605361938476562 6.3803496360778808594 7.1139111518859863281 6.8366641998291015625 6.3371005058288574219 7.2149858474731445312 8.2031755447387695312 7.8446259498596191406 7.1975827217102050781 7.7571234703063964844 7.5499410629272460938 6.4234166145324707031 5.4405369758605957031 5.2405567169189453125 5.6606054306030273438 6.4723525047302246094 7.2451696395874023438 7.9528203010559082031 8.7319784164428710938 10.456836700439453125 12.752544403076171875 15.347167015075683594 17.919963836669921875 20.141019821166992188
-999999 -999999 -999999 -999999 -999999 -999999 -999999 -999999 -999999 -999999 -999999 -999999 -999999 3.8796575069427490234 3.4953012466430664062 3.2122013568878173828 3.1397302150726318359 3.3333795070648193359 3.6081433296203613281 4.1277923583984375 4.8662710189819335938 5.655872344970703125 6.3798031806945800781 6.5712723731994628906 5.8916516304016113281 4.8224248886108398438 4.7717561721801757812 6.5601115226745605469 7.8179125785827636719 7.9678058624267578125 6.37567901611328125 5.5649929046630859375 6.4755978584289550781 7.8865919113159179688 8.247486114501953125 7.8014674186706542969 6.9876756668090820312 6.5085282325744628906 5.774509429931640625 5.3965544700622558594 5.1612081527709960938 5.5165376663208007812 6.0439958572387695312 6.9137411117553710938 7.7982039451599121094 8.5977621078491210938 9.9017076492309570312 11.899003982543945312 14.090923309326171875 16.231021881103515625 18.249162673950195312
-999999 -999999 -999999 -999999 -999999 -999999 -999999 -999999 -999999 -999999 -999999 -999999 -999999 3.2585775852203369141 3.0119953155517578125 2.9332697391510009766 2.9045300483703613281 3.0078461170196533203 3.3554372787475585938 3.9181370735168457031 4.5941166877746582031 5.23044586181640625 5.3658761978149414062 5.0645961761474609375 5.3139972686767578125 5.7926511764526367188 6.1934499740600585938 7.3460283279418945312 7.9737324714660644531 6.9634108543395996094 5.6694555282592773438 4.5868506431579589844 5.1162614822387695312 6.6038861274719238281 8.1546621322631835938 7.5319714546203613281 6.4028692245483398438 5.9605011940002441406 6.4474010467529296875 6.3725042343139648438 5.7812790870666503906 5.5373792648315429688 5.6746153831481933594 6.4792413711547851562 7.7739095687866210938 8.6649112701416015625 9.519931793212890625 11.3237457275390625 13.117870330810546875 14.815273284912109375 16.344964981079101562
-999999 -999999 -999999 -999999 -999999 -999999 -999999 -999999 -999999 -999999 -999999 -999999 -999999 -999999 -999999 -999999 -999999 -999999 -999999 -999999 4.6082258224487304688 5.1281037330627441406 5.1008648872375488281 4.9403767585754394531 5.8880419731140136719 6.5382313728332519531 6.4016923904418945312 6.4540362358093261719 5.8874897956848144531 5.2739834785461425781 4.7417912483215332031 4.30629730224609375 4.7614946365356445312 5.7944388389587402344 6.8464846611022949219 6.7811479568481445312 6.3924221992492675781 6.6963319778442382812 7.1333026885986328125 7.14734649658203125 6.1604518890380859375 5.6450824737548828125 5.8945307731628417969 6.5216565132141113281 7.6428251266479492188 8.3783597946166992188 9.74315643310546875 11.197784423828125 13.098339080810546875 14.895766258239746094 16.5178070068359375
-999999 -999999 -999999 -999999 -999999 -999999 -999999 -999999 -999999 -999999 -999999 -999999 -999999 -999999 -999999 -999999 -999999 -999999 -999999 -999999 -999999 5.6112031936645507812 6.1178112030029296875 6.3780641555786132812 7.1151709556579589844 6.6570720672607421875 5.8073949813842773438 4.9332323074340820312 4.2643213272094726562 4.3739233016967773438 4.6056237220764160156 4.7956686019897460938 5.0629482269287109375 5.6014218330383300781 5.9319510459899902344 6.1901011466979980469 6.2440333366394042969 7.0453691482543945312 7.8862857818603515625 7.8139214515686035156 6.4267644882202148438 5.7965197563171386719 6.2126030921936035156 6.3438544273376464844 7.3786325454711914062 8.70111846923828125 9.8503246307373046875 11.457058906555175781 12.932440757751464844 14.516839027404785156 16.196939468383789062
-999999 -999999 -999999 -999999 -999999 -999999 -999999 -999999 -999999 -999999 -999999 -999999 -999999 -999999 -999999 -999999 -999999 -999999 -999999 -999999 -999999 -999999 -999999 6.7732377052307128906 6.4820957183837890625 6.1505565643310546875 5.4639554023742675781 4.7830901145935058594 4.3187346458435058594 4.4515209197998046875 5.1458592414855957031 5.6132206916809082031 5.5111002922058105469 5.526599884033203125 5.3375239372253417969 5.6245508193969726562 6.1317229270935058594 6.7247185707092285156 7.9653363227844238281 8.1657543182373046875 7.1905870437622070312 6.3110833168029785156 6.1460695266723632812 6.092060089111328125 6.789638519287109375 7.8386411666870117188 9.4932422637939453125 10.885455131530761719 12.46625518798828125 13.342335700988769531 15.194446563720703125
-999999 -999999 -999999 -999999 -999999 -999999 -999999 -999999 -999999 -999999 -999999 -999999 -999999 -999999 -999999 -999999 -999999 -999999 -999999 -999999 -999999 -999999 -999999 -999999 4.8716135025024414062 5.1060771942138671875 6.1690645217895507812 6.4574375152587890625 5.8623781204223632812 5.3914475440979003906 5.4493422508239746094 5.5910968780517578125 5.2246956825256347656 5.0466523170471191406 5.0045475959777832031 4.9566774368286132812 5.54726409912109375 6.7126507759094238281 8.1695413589477539062 8.5511493682861328125 8.1079959869384765625 7.1470227241516113281 6.2882328033447265625 5.7707681655883789062 6.3143200874328613281 7.17200469970703125 8.4314937591552734375 9.7390737533569335938 11.164844512939453125 12.05530548095703125 13.263502120971679688
-999999 -999999 -999999 -999999 -999999 -999999 -999999 -999999 -999999 -999999 -999999 -999999 -999999 -999999 -999999 -999999 -999999 -999999 -999999 -999999 -999999 -999999 -999999 -999999 3.291961669921875 4.6249074935913085938 6.6058607101440429688 7.4498906135559082031 7.1068005561828613281 5.9410848617553710938 5.2264084815979003906 4.7531003952026367188 4.5783610343933105469 4.7851543426513671875 4.6929306983947753906 4.5848040580749511719 4.7700543403625488281 6.3006033897399902344 7.5753397941589355469 8.456912994384765625 8.1890611648559570312 7.4451317787170410156 6.5427651405334472656 6.2800321578979492188 6.1590514183044433594 6.528362274169921875 7.4026131629943847656 8.4426355361938476562 9.3155765533447265625 10.230198860168457031 10.906748771667480469
-999999 -999999 -999999 -999999 -999999 -999999 -999999 -999999 -999999 -999999 -999999 -999999 -999999 -999999 -999999 -999999 -999999 -999999 -999999 -999999 -999999 -999999 -999999 -999999 2.7192981243133544922 4.2085576057434082031 6.48089599609375 7.3283987045288085938 6.7293791770935058594 5.5487742424011230469 4.5169858932495117188 4.2914104461669921875 4.37844085693359375 4.3836264610290527344 4.2936568260192871094 3.8152117729187011719 4.0856595039367675781 5.2946658134460449219 6.65518951416015625 7.2208666801452636719 7.078014373779296875 6.8073711395263671875 7.2013540267944335938 6.9352545738220214844 6.0518670082092285156 6.0593571662902832031 6.9208254814147949219 7.8781743049621582031 8.0326604843139648438 8.2426080703735351562 8.987945556640625
-999999 -999999 -999999 -999999 -999999 -999999 -999999 -999999 -999999 -999999 -999999 -999999 -999999 -999999 -999999 -999999 -999999 -999999 -999999 -999999 -999999 -999999 -999999 2.5287473201751708984 2.7527782917022705078 3.6045768260955810547 3.5225765705108642578 -999999 -999999 -999999 2.4965457916259765625 4.1973252296447753906 4.3204278945922851562 3.9477651119232177734 3.7503416538238525391 3.3679502010345458984 3.4684088230133056641 4.3413143157958984375 3.4132900238037109375 -999999 5.6669621467590332031 6.5255188941955566406 7.2871065139770507812 6.7872881889343261719 5.5049791336059570312 5.0798373222351074219 6.1186857223510742188 6.8866252899169921875 6.6727061271667480469 6.8823575973510742188 7.2730779647827148438
-999999 -999999 -999999 -999999 -999999 -999999 -999999 -999999 -999999 -999999 -999999 -999999 -999999 -999999 -999999 -999999 -999999 -999999 -999999 -999999 -999999 -999999 2.5170376300811767578 2.5613167285919189453 2.6387145519256591797 -999999 -999999 -999999 -999999 -999999 -999999 -999999 4.3016486167907714844 3.7553091049194335938 -999999 -999999 -999999 -999999 -999999 -999999 5.5664811134338378906 5.7155041694641113281 5.8624811172485351562 5.5052952766418457031 4.7583413124084472656 4.0617260932922363281 4.5879259109497070312 5.33629608154296875 5.5180172920227050781 5.6181654930114746094 5.8994264602661132812
-999999 -999999 -999999 -999999 -999999 -999999 -999999 -999999 -999999 -999999 -999999 -999999 -999999 -999999 -999999 -999999 -999999 -999999 -999999 -999999 -999999 2.3247587680816650391 2.5334916114807128906 -999999 -999999 -999999 -999999 -999999 -999999 -999999 -999999 -999999 -999999 -999999 -999999 -999999 -999999 -999999 -999999 4.2088804244995117188 4.6072640419006347656 4.3508758544921875 3.9733684062957763672 4.0716772079467773438 -999999 -999999 3.5260372161865234375 3.9116911888122558594 4.3409976959228515625 4.7672853469848632812 4.8419189453125
-999999 -999999 -999999 -999999 -999999 -999999 -999999 -999999 -999999 -999999 -999999 -999999 -999999 -999999 -999999 -999999 -999999 -999999 -999999 -999999 -999999 -999999 -999999 -999999 -999999 -999999 -999999 -999999 -999999 -999999 -999999 -999999 -999999 -999999 -999999 -999999 -999999 -999999 3.0765810012817382812 3.3762052059173583984 3.5051293373107910156 3.2250771522521972656 -999999 -999999 -999999 -999999 -999999 -999999 3.7862825393676757812 4.1777982711791992188 4.1921701431274414062
-999999 -999999 -999999 -999999 -999999 -999999 -999999 -999999 -999999 -999999 -999999 -999999 -999999 -999999 -999999 -999999 -999999 -999999 -999999 -999999 -999999 -999999 -999999 -999999 -999999 -999999 -999999 -999999 -999999 -999999 -999999 -999999 -999999 -999999 -999999 -999999 -999999 -999999 -999999 -999999 -999999 -999999 -999999 -999999 -999999 -999999 -999999 -999999 -999999 3.4474139213562011719 3.3333194255828857422
