data/TNO-HT-ATES/HT-ATES_NLFFS/TG412_NLDOBR__flowr_P50_ATES.asc
ncols        266
nrows        269
xllcorner    11500.000000000000
yllcorner    355500.000000000000
cellsize     1000.000000000000
NODATA_value  -999999
[rows 27 to 53 of 269, columns 120 to 179 of 266]
0 0 0 0 0 0 0 0 0 0 0 0 0 0 0 0 0 0 0 0 0 0 0 0 0 0 0 0 0 0 0 0 0 0 0 0 0 0 0 0 0 0 0 26.15921783447265625 26.326456069946289062 25.80600738525390625 25.418071746826171875 24.496957778930664062 24.339479446411132812 24.436750411987304688 24.215639114379882812 24.6924896240234375 24.254253387451171875 23.566057205200195312 23.218902587890625 21.584150314331054688 19.723783493041992188 19.776859283447265625 20.87014007568359375 21.870466232299804688
0 0 0 0 0 0 0 0 0 0 0 0 0 0 0 0 0 0 0 0 0 0 0 0 0 0 0 0 0 0 0 0 0 0 0 0 0 0 0 0 0 27.57277679443359375 27.089597702026367188 26.579212188720703125 26.617549896240234375 26.25986480712890625 25.808835983276367188 24.976404190063476562 24.735860824584960938 24.756526947021484375 24.641763687133789062 25.367710113525390625 24.994159698486328125 23.620458602905273438 23.373006820678710938 21.842992782592773438 20.30755615234375 20.54093170166015625 21.0673065185546875 21.236555099487304688
0 0 0 0 0 0 0 0 0 0 0 0 0 0 0 0 0 0 0 0 0 0 0 0 0 0 0 0 0 0 0 0 0 0 0 0 0 0 0 27.514987945556640625 27.121982574462890625 27.366018295288085938 27.380716323852539062 26.941600799560546875 26.693220138549804688 25.940881729125976562 25.976907730102539062 25.855386734008789062 24.993787765502929688 24.768138885498046875 24.241033554077148438 24.80022430419921875 24.53334808349609375 24.029973983764648438 24.565576553344726562 22.978425979614257812 20.762218475341796875 20.357397079467773438 20.235635757446289062 20.700475692749023438
0 0 0 0 0 0 0 0 0 0 0 0 0 0 0 0 0 0 0 0 0 0 0 0 0 0 0 0 0 0 0 0 28.075420379638671875 28.460819244384765625 28.737443923950195312 27.664134979248046875 26.386219024658203125 26.125249862670898438 26.9749603271484375 27.867319107055664062 27.3023681640625 27.035350799560546875 27.584924697875976562 27.455385208129882812 26.671808242797851562 25.365587234497070312 25.34078216552734375 25.341236114501953125 24.519609451293945312 23.777853012084960938 23.589605331420898438 24.890546798706054688 24.870855331420898438 24.581829071044921875 25.051984786987304688 22.720724105834960938 19.5816497802734375 18.873495101928710938 19.19406890869140625 20.281152725219726562
0 0 0 0 0 0 0 0 0 0 0 0 0 0 0 0 0 0 0 0 0 0 0 0 0 0 26.027734756469726562 26.616481781005859375 0 0 28.744457244873046875 29.51062774658203125 29.797548294067382812 29.965322494506835938 29.958953857421875 28.687908172607421875 27.364377975463867188 27.2215728759765625 27.650571823120117188 28.006509780883789062 27.286241531372070312 26.658758163452148438 26.732402801513671875 27.074453353881835938 26.34629058837890625 25.272645950317382812 25.832324981689453125 25.598787307739257812 24.418569564819335938 23.547367095947265625 23.967710494995117188 25.94525146484375 25.978025436401367188 24.324413299560546875 23.250186920166015625 20.670495986938476562 18.416660308837890625 18.428714752197265625 19.719964981079101562 20.667942047119140625
0 0 0 0 0 0 0 0 0 0 0 0 0 0 0 0 0 0 0 0 0 0 0 0 26.195138931274414062 26.585515975952148438 27.084306716918945312 27.567577362060546875 28.125783920288085938 28.736095428466796875 29.509092330932617188 29.906217575073242188 30.110231399536132812 30.118900299072265625 29.529644012451171875 27.87348175048828125 26.731695175170898438 26.861005783081054688 27.197023391723632812 27.317335128784179688 27.065937042236328125 26.3954010009765625 26.024946212768554688 26.604906082153320312 26.775018692016601562 26.212100982666015625 27.731264114379882812 27.368906021118164062 25.746999740600585938 25.444860458374023438 25.322500228881835938 25.934568405151367188 25.261289596557617188 23.034116744995117188 21.947498321533203125 20.192409515380859375 18.9914398193359375 19.320226669311523438 20.566270828247070312 21.744798660278320312
0 0 0 0 0 0 0 0 0 0 0 0 0 0 0 0 0 0 0 21.028730392456054688 22.391885757446289062 23.86695098876953125 25.2164154052734375 26.094583511352539062 26.624013900756835938 27.137264251708984375 27.70398712158203125 28.282110214233398438 28.92733001708984375 29.408029556274414062 29.633768081665039062 29.305530548095703125 29.028184890747070312 28.603199005126953125 27.786161422729492188 26.292278289794921875 25.7694091796875 26.2124481201171875 26.825731277465820312 26.726041793823242188 26.138477325439453125 25.5222625732421875 25.500463485717773438 26.580209732055664062 27.244859695434570312 26.854969024658203125 29.32366180419921875 29.3526611328125 27.238454818725585938 26.723993301391601562 26.013597488403320312 24.799230575561523438 23.793519973754882812 22.548727035522460938 22.817539215087890625 22.242223739624023438 21.0802459716796875 20.94777679443359375 22.1318817138671875 23.51641082763671875
0 0 0 0 0 0 0 0 0 0 0 0 0 0 0 0 0 0 19.6815032958984375 20.526763916015625 21.702413558959960938 23.111600875854492188 24.507171630859375 25.5635986328125 26.222383499145507812 26.970245361328125 27.698293685913085938 28.512287139892578125 29.403455734252929688 29.886148452758789062 29.842065811157226562 29.224872589111328125 28.423139572143554688 27.792545318603515625 26.796932220458984375 25.749357223510742188 25.996799468994140625 27.235967636108398438 27.5147247314453125 26.418340682983398438 25.216283798217773438 24.0745849609375 24.370492935180664062 26.26445770263671875 26.825000762939453125 25.988031387329101562 28.031225204467773438 28.889238357543945312 27.215274810791015625 26.105632781982421875 25.389217376708984375 23.86537933349609375 23.035387039184570312 23.142656326293945312 23.698545455932617188 23.296846389770507812 22.4762420654296875 22.58409881591796875 23.203563690185546875 23.752412796020507812
0 0 0 0 0 0 0 0 0 0 0 0 0 0 0 0 0 0 19.552362442016601562 20.052051544189453125 20.65771484375 21.772369384765625 23.296230316162109375 24.3372955322265625 25.077676773071289062 26.05245208740234375 27.011127471923828125 28.19541168212890625 29.175931930541992188 30.052520751953125 30.381992340087890625 29.98705291748046875 28.819650650024414062 27.669439315795898438 26.457208633422851562 25.38751220703125 26.334539413452148438 28.017564773559570312 28.01662445068359375 26.082723617553710938 24.779466629028320312 23.997882843017578125 24.44532012939453125 26.221811294555664062 26.197605133056640625 25.216993331909179688 25.558439254760742188 26.356525421142578125 25.785715103149414062 25.36907958984375 24.853796005249023438 23.527635574340820312 22.550893783569335938 23.398244857788085938 24.289587020874023438 23.891811370849609375 23.099451065063476562 23.392232894897460938 23.270177841186523438 22.677682876586914062
0 0 0 0 0 0 0 0 0 0 0 0 0 0 0 0 0 19.077154159545898438 19.4737091064453125 19.611986160278320312 19.704851150512695312 20.320627212524414062 21.40264892578125 22.698884963989257812 23.525621414184570312 24.359401702880859375 25.57210540771484375 27.019138336181640625 28.324859619140625 29.662479400634765625 30.264806747436523438 30.050968170166015625 29.151685714721679688 28.273725509643554688 27.1589813232421875 26.26360321044921875 27.053615570068359375 28.4331207275390625 28.3179473876953125 27.005746841430664062 26.171234130859375 26.5130462646484375 27.470170974731445312 27.575000762939453125 26.688577651977539062 25.501600265502929688 23.9673919677734375 23.627147674560546875 24.433736801147460938 25.16429901123046875 25.18138885498046875 24.34760284423828125 22.958307266235351562 23.726648330688476562 25.3115692138671875 25.032705307006835938 23.272752761840820312 23.023256301879882812 22.971815109252929688 22.138093948364257812
0 0 0 0 0 0 0 0 0 0 0 0 0 0 0 0 0 19.34250640869140625 19.526956558227539062 19.488233566284179688 19.072368621826171875 19.213336944580078125 19.771070480346679688 20.862417221069335938 21.688657760620117188 22.382089614868164062 23.512104034423828125 24.923343658447265625 26.785879135131835938 28.184221267700195312 29.233800888061523438 29.589166641235351562 29.1046600341796875 28.9954681396484375 28.893049240112304688 28.834293365478515625 29.248378753662109375 29.162027359008789062 28.302944183349609375 27.26483154296875 27.103229522705078125 28.202657699584960938 29.329425811767578125 28.674314498901367188 27.207399368286132812 26.138731002807617188 24.254405975341796875 22.852739334106445312 24.106870651245117188 25.379894256591796875 25.877689361572265625 25.810571670532226562 24.28443145751953125 24.67836761474609375 26.514751434326171875 25.840824127197265625 23.654500961303710938 23.203310012817382812 23.423824310302734375 23.270931243896484375
0 0 0 0 0 0 0 0 0 0 0 0 0 0 0 0 0 19.848009109497070312 19.982830047607421875 19.594285964965820312 19.154510498046875 18.957698822021484375 19.325586318969726562 19.991855621337890625 20.351787567138671875 20.486200332641601562 21.165422439575195312 22.293313980102539062 23.943134307861328125 25.699314117431640625 27.41480255126953125 28.288272857666015625 28.840185165405273438 29.558256149291992188 30.277118682861328125 30.564077377319335938 30.758937835693359375 29.873485565185546875 28.397012710571289062 27.4892730712890625 27.607616424560546875 29.041494369506835938 30.330959320068359375 28.842723846435546875 26.360914230346679688 25.822896957397460938 25.420558929443359375 24.497304916381835938 25.155122756958007812 25.757677078247070312 26.698320388793945312 26.970188140869140625 25.299337387084960938 25.051654815673828125 26.662750244140625 25.91374969482421875 23.83414459228515625 23.316415786743164062 23.8544158935546875 24.111650466918945312
0 0 0 0 0 0 0 0 0 0 0 0 0 0 0 0 20.232898712158203125 20.542955398559570312 20.838214874267578125 20.62068939208984375 20.1759033203125 20.185100555419921875 20.363618850708007812 20.42269134521484375 20.329601287841796875 20.148593902587890625 0 20.441133499145507812 21.276790618896484375 22.20475006103515625 23.83624267578125 26.225490570068359375 29.06103515625 30.735103607177734375 30.94439697265625 30.705320358276367188 30.692934036254882812 29.90761566162109375 28.762086868286132812 28.342428207397460938 28.248165130615234375 28.988348007202148438 30.114923477172851562 28.315502166748046875 26.0413818359375 25.967998504638671875 26.753519058227539062 26.336864471435546875 26.405467987060546875 26.135715484619140625 26.717077255249023438 27.02043914794921875 25.167703628540039062 24.55152130126953125 25.722475051879882812 25.721302032470703125 23.919469833374023438 23.136369705200195312 23.749307632446289062 24.206867218017578125
0 0 0 0 0 0 0 0 0 0 0 0 0 0 0 0 21.376445770263671875 21.529972076416015625 22.173055648803710938 22.675853729248046875 0 0 0 0 0 20.4386749267578125 20.435567855834960938 20.467920303344726562 20.135171890258789062 20.40459442138671875 21.80432891845703125 25.286352157592773438 29.786956787109375 31.538339614868164062 30.77434539794921875 29.808141708374023438 29.070257186889648438 28.42071533203125 28.629930496215820312 29.917291641235351562 29.850574493408203125 28.487697601318359375 28.44933319091796875 27.786668777465820312 27.114587783813476562 27.2909698486328125 28.067434310913085938 27.744419097900390625 27.660535812377929688 26.912172317504882812 27.051593780517578125 26.715772628784179688 24.813945770263671875 24.067827224731445312 24.829107284545898438 25.140283584594726562 24.021303176879882812 23.238979339599609375 23.576511383056640625 24.078643798828125
0 0 0 0 0 0 0 0 0 0 0 0 0 0 0 0 0 22.718357086181640625 0 0 0 0 0 0 0 20.187971115112304688 21.49224090576171875 22.31053924560546875 21.6457366943359375 21.500652313232421875 22.788961410522460938 26.242786407470703125 29.882349014282226562 31.128879547119140625 30.947183609008789062 29.366472244262695312 27.387708663940429688 26.812921524047851562 27.737813949584960938 29.7724761962890625 30.13588714599609375 28.424993515014648438 27.299608230590820312 27.265941619873046875 27.30870819091796875 27.515253067016601562 27.752429962158203125 27.847398757934570312 28.057817459106445312 27.056304931640625 26.751283645629882812 26.360757827758789062 24.908733367919921875 23.980737686157226562 24.335767745971679688 24.872404098510742188 24.38053131103515625 24.144519805908203125 24.347591400146484375 24.271554946899414062
0 0 0 0 0 0 0 0 0 0 0 0 0 0 0 0 0 0 0 0 0 0 0 0 0 20.865137100219726562 23.908090591430664062 26.12186431884765625 25.245767593383789062 24.344503402709960938 25.158895492553710938 27.806276321411132812 30.207921981811523438 30.015613555908203125 30.636404037475585938 28.993188858032226562 26.375579833984375 26.184734344482421875 27.5723876953125 29.16031646728515625 29.968051910400390625 29.725271224975585938 29.061794281005859375 28.5439910888671875 28.129695892333984375 27.852428436279296875 27.677593231201171875 27.851118087768554688 27.960113525390625 26.88527679443359375 26.10840606689453125 25.680423736572265625 24.866228103637695312 24.18781280517578125 24.378381729125976562 25.095470428466796875 25.195224761962890625 24.974090576171875 24.683135986328125 23.983753204345703125
0 0 0 0 0 0 0 0 0 0 0 0 0 0 0 0 0 0 0 0 0 0 0 0 21.249471664428710938 23.273799896240234375 26.44189453125 28.892126083374023438 27.97444915771484375 25.6568756103515625 26.777700424194335938 28.72499847412109375 29.294040679931640625 28.576601028442382812 26.762615203857421875 25.960041046142578125 25.099002838134765625 26.158792495727539062 27.823657989501953125 28.817127227783203125 30.36107635498046875 31.821338653564453125 31.6820526123046875 31.029323577880859375 30.653432846069335938 30.062290191650390625 29.266981124877929688 29.111684799194335938 28.232652664184570312 26.45269775390625 24.67873382568359375 24.156894683837890625 24.356983184814453125 24.292745590209960938 25.309108734130859375 26.475526809692382812 26.611255645751953125 25.421344757080078125 24.763950347900390625 23.750631332397460938
0 0 0 0 0 0 0 0 0 0 0 0 0 0 0 0 0 0 0 0 0 0 0 0 23.149600982666015625 25.1707000732421875 27.393640518188476562 28.808115005493164062 27.514852523803710938 24.780315399169921875 27.375288009643554688 28.260700225830078125 27.34454345703125 26.485269546508789062 24.983980178833007812 23.918674468994140625 24.313615798950195312 25.685556411743164062 26.754947662353515625 27.825366973876953125 30.185146331787109375 31.9246978759765625 31.965551376342773438 32.017902374267578125 32.14652252197265625 31.791528701782226562 31.107416152954101562 30.379079818725585938 28.77817535400390625 26.178083419799804688 23.658449172973632812 22.725278854370117188 23.548822402954101562 24.45000457763671875 26.52858734130859375 28.196954727172851562 27.441961288452148438 25.719717025756835938 25.00589752197265625 24.686727523803710938
0 0 0 0 0 0 0 0 0 0 0 0 0 0 0 0 0 0 0 0 0 0 0 0 24.2966156005859375 25.801538467407226562 27.109142303466796875 27.85164642333984375 27.659452438354492188 27.6837615966796875 28.177556991577148438 27.342718124389648438 25.679876327514648438 24.501155853271484375 23.497310638427734375 22.886148452758789062 24.128728866577148438 25.722198486328125 27.180454254150390625 28.325216293334960938 29.869230270385742188 29.995635986328125 29.834985733032226562 30.48366546630859375 31.235853195190429688 31.57994842529296875 31.402187347412109375 30.141847610473632812 27.77213287353515625 25.516595840454101562 23.309967041015625 22.471254348754882812 22.834692001342773438 24.624074935913085938 27.391458511352539062 28.900259017944335938 27.69181060791015625 26.202884674072265625 26.485015869140625 26.379484176635742188
0 0 0 0 0 0 0 0 0 0 0 0 0 0 0 0 0 0 0 0 0 0 0 22.931049346923828125 24.30562591552734375 25.515460968017578125 26.4305267333984375 27.157030105590820312 27.952981948852539062 28.151063919067382812 27.69074249267578125 26.363340377807617188 24.529850006103515625 23.6163787841796875 22.868112564086914062 22.786931991577148438 23.801998138427734375 25.939302444458007812 28.129024505615234375 29.077322006225585938 28.910223007202148438 28.021419525146484375 28.129980087280273438 29.154205322265625 30.080850601196289062 30.643198013305664062 30.321056365966796875 28.964281082153320312 27.293859481811523438 25.95360565185546875 24.588617324829101562 23.514039993286132812 23.674907684326171875 25.483358383178710938 27.891511917114257812 29.05550384521484375 27.894571304321289062 26.873594284057617188 27.813436508178710938 28.125543594360351562
0 0 0 0 0 0 0 0 0 0 0 0 0 0 0 0 0 0 0 0 0 0 0 22.650646209716796875 23.846036911010742188 24.854736328125 25.877857208251953125 26.787532806396484375 27.394174575805664062 27.284481048583984375 26.187061309814453125 24.510875701904296875 23.307180404663085938 23.08264923095703125 23.199754714965820312 23.62592315673828125 24.560693740844726562 26.232831954956054688 27.933101654052734375 27.854951858520507812 26.918630599975585938 26.814914703369140625 27.844007492065429688 29.4199676513671875 30.269662857055664062 30.261732101440429688 29.409994125366210938 28.245344161987304688 27.573724746704101562 27.033086776733398438 26.491891860961914062 25.590051651000976562 25.499567031860351562 27.119504928588867188 28.60982513427734375 29.266849517822265625 28.299280166625976562 27.370548248291015625 27.969427108764648438 28.11020660400390625
0 0 0 0 0 0 0 0 0 0 0 0 0 0 0 0 0 0 0 0 0 0 0 21.905473709106445312 23.500123977661132812 24.755884170532226562 25.730607986450195312 26.34661865234375 26.232303619384765625 25.2411651611328125 23.50913238525390625 21.76349639892578125 21.92798614501953125 23.3886566162109375 24.409692764282226562 25.323911666870117188 26.349233627319335938 27.050342559814453125 27.1379852294921875 26.304033279418945312 25.4808807373046875 25.748424530029296875 27.374460220336914062 29.275859832763671875 30.43540191650390625 30.28470611572265625 29.380720138549804688 28.493310928344726562 27.7247772216796875 27.41719818115234375 27.319759368896484375 27.38152313232421875 27.44091796875 27.379152297973632812 28.186414718627929688 29.080465316772460938 28.604864120483398438 27.24069976806640625 26.816637039184570312 26.546001434326171875
0 0 0 0 0 0 0 0 0 0 0 0 0 0 0 0 0 0 0 0 0 0 0 0 23.624376296997070312 25.024477005004882812 25.797779083251953125 26.003269195556640625 24.915704727172851562 22.990772247314453125 20.73592376708984375 19.700483322143554688 20.739360809326171875 23.35471343994140625 25.861253738403320312 27.320398330688476562 28.779726028442382812 29.09722137451171875 27.93494415283203125 26.029539108276367188 24.640214920043945312 24.884801864624023438 26.524778366088867188 28.752099990844726562 30.242946624755859375 30.205850601196289062 29.7055511474609375 28.5974273681640625 27.4036865234375 26.8062896728515625 27.433603286743164062 28.641263961791992188 28.758966445922851562 27.461702346801757812 26.852907180786132812 27.831573486328125 28.39190673828125 27.418514251708984375 26.017580032348632812 25.1031341552734375
0 0 0 0 0 0 0 0 0 0 0 0 0 0 0 0 0 0 0 0 0 0 0 22.637334823608398438 24.279714584350585938 25.344051361083984375 25.986577987670898438 25.753664016723632812 23.975797653198242188 21.579977035522460938 19.699552536010742188 19.57813262939453125 20.788219451904296875 23.439130783081054688 26.80846405029296875 29.006748199462890625 30.5284271240234375 30.501245498657226562 28.978895187377929688 27.202211380004882812 25.782125473022460938 25.788402557373046875 27.175725936889648438 28.991176605224609375 30.39517974853515625 30.6787567138671875 30.108196258544921875 28.763233184814453125 27.447824478149414062 27.857616424560546875 27.84687042236328125 28.96860504150390625 29.959585189819335938 28.891717910766601562 26.90407562255859375 26.970424652099609375 28.041820526123046875 27.920339584350585938 26.286382675170898438 24.723825454711914062
0 0 0 0 0 0 0 0 0 0 0 0 0 0 0 0 0 0 0 0 0 0 0 24.592809677124023438 25.440587997436523438 25.586948394775390625 25.649522781372070312 25.7454986572265625 23.982080459594726562 21.477832794189453125 20.680692672729492188 21.53240203857421875 22.86540985107421875 25.04601287841796875 28.164453506469726562 29.69686126708984375 30.513423919677734375 30.343648910522460938 29.319627761840820312 28.391141891479492188 27.468133926391601562 27.18405914306640625 28.243173599243164062 28.993450164794921875 29.75473785400390625 30.090810775756835938 29.864301681518554688 28.5963287353515625 27.408296585083007812 27.843820571899414062 27.46115875244140625 29.099498748779296875 29.306844711303710938 27.725795745849609375 26.763692855834960938 27.858652114868164062 28.174428939819335938 27.871784210205078125 26.395368576049804688 25.077188491821289062
0 0 0 0 0 0 0 0 0 0 0 0 0 0 0 0 0 0 0 0 0 0 0 26.7767486572265625 26.478679656982421875 26.088438034057617188 26.217920303344726562 25.916128158569335938 24.6477813720703125 23.284877777099609375 23.106382369995117188 24.531496047973632812 26.222486495971679688 27.838552474975585938 29.229753494262695312 29.1484527587890625 28.398443222045898438 28.040929794311523438 28.1071014404296875 27.85352325439453125 27.692602157592773438 27.867975234985351562 28.421033859252929688 28.407196044921875 28.609678268432617188 28.85726165771484375 29.272573471069335938 28.919384002685546875 28.006298065185546875 27.658575057983398438 27.658067703247070312 27.569349288940429688 27.266462326049804688 25.991031646728515625 26.268865585327148438 28.858114242553710938 28.331071853637695312 27.486074447631835938 25.965488433837890625 25.479761123657226562
0 0 0 0 0 0 0 0 0 0 0 0 0 0 0 0 0 0 30.268465042114257812 0 0 0 0 28.4836883544921875 27.788389205932617188 27.068975448608398438 26.8622589111328125 26.913663864135742188 26.7638397216796875 26.146440505981445312 26.296466827392578125 27.883495330810546875 29.064428329467773438 29.379795074462890625 29.333368301391601562 28.031049728393554688 26.186048507690429688 26.020233154296875 26.593160629272460938 26.54312896728515625 26.841211318969726562 27.457227706909179688 27.679576873779296875 27.9469451904296875 28.446781158447265625 28.585996627807617188 29.351369857788085938 29.2887420654296875 28.872701644897460938 28.572706222534179688 28.544437408447265625 28.83667755126953125 27.945201873779296875 26.936479568481445312 27.260805130004882812 29.027097702026367188 28.32457733154296875 27.325901031494140625 26.389057159423828125 26.203084945678710938
