data/TNO-HT-ATES/HT-ATES_NLFFS/TG415_NLDOBR__h_P50_ATES.asc
ncols        266
nrows        269
xllcorner    11500.000000000000
yllcorner    355500.000000000000
cellsize     1000.000000000000
NODATA_value  -999999
[rows 92 to 114 of 269, columns 104 to 155 of 266]
96.2361602783203125 93.84496307373046875 91.940399169921875 92.46584320068359375 92.123321533203125 92.0048370361328125 91.22248077392578125 87.32463836669921875 81.54239654541015625 84.65515899658203125 87.491241455078125 93.47248077392578125 101.9981231689453125 107.865478515625 111.70172119140625 116.19402313232421875 120.67079925537109375 121.2563629150390625 118.23813629150390625 112.4512786865234375 105.2926177978515625 100.0023193359375 98.20465850830078125 98.9257965087890625 100.6481170654296875 102.46051788330078125 104.01380157470703125 104.8466033935546875 104.55036163330078125 104.97177886962890625 107.24871826171875 111.1470794677734375 115.25923919677734375 118.68715667724609375 118.6500396728515625 112.618438720703125 103.92954254150390625 103.4774169921875 114.55255889892578125 127.745758056640625 136.46343994140625 142.290557861328125 145.94073486328125 147.9983978271484375 146.564544677734375 143.3844451904296875 142.0802459716796875 143.4642181396484375 145.014556884765625 146.056793212890625 146.429595947265625 147.1883392333984375
82.74759674072265625 89.85944366455078125 93.615081787109375 91.7118377685546875 89.5429229736328125 88.56215667724609375 89.361236572265625 85.13803863525390625 77.9341583251953125 80.32044219970703125 84.36144256591796875 89.741363525390625 91.41088104248046875 91.2420806884765625 95.7043609619140625 103.32032012939453125 110.59464263916015625 114.3787994384765625 113.903778076171875 109.91977691650390625 103.37164306640625 98.9430999755859375 98.580078125 100.6461029052734375 103.20880126953125 105.06749725341796875 105.99063873291015625 105.08480072021484375 102.37957763671875 100.479217529296875 102.32180023193359375 107.2141571044921875 111.2037811279296875 111.3984375 110.25287628173828125 108.2342376708984375 103.33660125732421875 100.88147735595703125 107.44307708740234375 119.6651763916015625 131.088104248046875 138.5954742431640625 140.6187744140625 140.8066253662109375 140.20562744140625 138.214263916015625 137.5424652099609375 138.74652099609375 140.88800048828125 143.6513671875 146.7181243896484375 148.6156768798828125
68.89054107666015625 86.01496124267578125 96.81719970703125 94.44171905517578125 91.41088104248046875 92.00128173828125 93.8813629150390625 91.09612274169921875 86.14228057861328125 84.897003173828125 86.841400146484375 90.42252349853515625 88.4739990234375 80.72255706787109375 80.44994354248046875 90.48239898681640625 101.22344207763671875 106.31812286376953125 107.5773773193359375 103.608642578125 96.9705810546875 94.577239990234375 96.96331787109375 100.95284271240234375 104.87270355224609375 107.13977813720703125 107.5140380859375 105.8115234375 101.56024169921875 97.6007232666015625 98.4926605224609375 102.130157470703125 104.05892181396484375 100.217498779296875 99.2584991455078125 107.30564117431640625 111.7737579345703125 107.124481201171875 106.20813751220703125 115.06452178955078125 126.99437713623046875 134.4906768798828125 134.7332763671875 132.87744140625 131.04339599609375 129.3431243896484375 129.7190399169921875 131.54327392578125 134.9805145263671875 138.9102325439453125 143.0748748779296875 146.0203857421875
64.75743865966796875 79.294403076171875 91.6558380126953125 97.04476165771484375 99.3594818115234375 101.6302032470703125 102.2239227294921875 99.1537628173828125 95.3388824462890625 94.46732330322265625 95.70644378662109375 97.07335662841796875 95.73683929443359375 97.04620361328125 83.06536102294921875 77.38146209716796875 89.3409576416015625 97.97039794921875 99.4559173583984375 93.005157470703125 88.46083831787109375 91.47308349609375 96.37787628173828125 100.8489227294921875 104.964996337890625 107.607696533203125 107.84175872802734375 105.988037109375 102.57720184326171875 98.83672332763671875 98.10489654541015625 99.12613677978515625 99.38092041015625 93.58332061767578125 95.393341064453125 110.04476165771484375 117.783477783203125 110.44300079345703125 105.60951995849609375 113.63675689697265625 125.45745849609375 131.7693939208984375 130.968963623046875 127.21685791015625 122.94828033447265625 120.45761871337890625 121.346160888671875 123.80030059814453125 128.11224365234375 133.0738067626953125 136.488006591796875 138.4765625
59.532558441162109375 68.01058197021484375 78.71257781982421875 91.13295745849609375 101.82288360595703125 106.90296173095703125 107.26212310791015625 104.7118377685546875 102.41423797607421875 102.92407989501953125 105.53060150146484375 106.92555999755859375 105.90924072265625 105.154998779296875 85.85443878173828125 69.6287994384765625 75.152801513671875 86.577117919921875 88.92188262939453125 83.38899993896484375 85.2254791259765625 93.4472808837890625 98.18733978271484375 100.74951934814453125 102.37342071533203125 104.8609619140625 106.41732025146484375 103.7731781005859375 100.94210052490234375 101.08145904541015625 100.5912017822265625 99.36679840087890625 101.38384246826171875 100.49037933349609375 105.60881805419921875 112.20928192138671875 109.97756195068359375 104.1152801513671875 106.3369598388671875 118.218719482421875 128.0794830322265625 130.1971588134765625 126.88951873779296875 121.863800048828125 117.15039825439453125 114.98000335693359375 115.49755859375 117.1806793212890625 120.8724365234375 126.0771026611328125 129.5072021484375 131.553680419921875
47.081878662109375 53.471538543701171875 62.36576080322265625 76.50543975830078125 93.7044830322265625 103.742919921875 106.08132171630859375 105.3639984130859375 104.69184112548828125 106.4695587158203125 111.51171875 115.62548065185546875 114.4005584716796875 105.7658233642578125 87.2735595703125 66.82895660400390625 61.73484039306640625 70.95281982421875 77.64288330078125 79.2472381591796875 85.08408355712890625 92.4471588134765625 97.36541748046875 98.63654327392578125 98.13812255859375 100.06137847900390625 103.81600189208984375 100.52996063232421875 95.50176239013671875 97.8069610595703125 100.62973785400390625 101.2751617431640625 105.1858978271484375 106.63120269775390625 108.02410125732421875 107.09496307373046875 104.53433990478515625 109.62592315673828125 121.758758544921875 131.6096343994140625 131.4599151611328125 125.92828369140625 120.3333587646484375 116.06839752197265625 113.81459808349609375 113.82843780517578125 114.92755889892578125 116.0604400634765625 117.57308197021484375 120.00865936279296875 122.065399169921875 123.77539825439453125
36.09832000732421875 42.373760223388671875 51.3227996826171875 65.76548004150390625 85.27848052978515625 98.20400238037109375 102.1518402099609375 103.04592132568359375 103.67536163330078125 106.5943603515625 112.6876373291015625 118.5682373046875 119.35791778564453125 110.80072021484375 91.76992034912109375 67.68379974365234375 53.887359619140625 56.67575836181640625 67.1358795166015625 77.3428802490234375 83.15540313720703125 85.05413818359375 90.97029876708984375 93.6345367431640625 93.7473602294921875 95.1259613037109375 100.36885833740234375 98.92060089111328125 92.765838623046875 93.39356231689453125 98.8784027099609375 103.36544036865234375 106.484283447265625 104.15219879150390625 99.70247650146484375 104.54720306396484375 118.9089202880859375 136.9515533447265625 149.637359619140625 146.5500335693359375 129.7375030517578125 115.29676055908203125 109.93560028076171875 110.6209564208984375 114.0246429443359375 117.69243621826171875 119.540802001953125 120.04683685302734375 118.99919891357421875 117.3843231201171875 116.91184234619140625 117.5997161865234375
31.445360183715820312 38.5946807861328125 48.8252410888671875 62.75196075439453125 82.1546783447265625 95.27384185791015625 98.81291961669921875 99.7608795166015625 101.6717987060546875 105.55995941162109375 110.98651885986328125 117.03955841064453125 120.39459991455078125 114.93315887451171875 98.4586029052734375 76.53948211669921875 59.3348388671875 54.066440582275390625 58.49398040771484375 70.33460235595703125 75.9933624267578125 76.45960235595703125 80.71179962158203125 88.01831817626953125 91.9122772216796875 91.057098388671875 94.70543670654296875 95.87116241455078125 92.14118194580078125 92.332763671875 97.97540283203125 104.2534637451171875 107.52152252197265625 105.20311737060546875 106.1811981201171875 121.7509613037109375 143.0561370849609375 158.488800048828125 161.962921142578125 148.3655548095703125 121.61260223388671875 101.324676513671875 98.10572052001953125 106.36731719970703125 116.16191864013671875 122.78900146484375 124.3727569580078125 123.3240814208984375 120.65316009521484375 117.0416412353515625 116.56916046142578125 117.935516357421875
-999999 37.988361358642578125 47.51123809814453125 58.708560943603515625 76.672760009765625 91.5233612060546875 96.5434417724609375 96.72191619873046875 100.27185821533203125 105.25852203369140625 110.24759674072265625 115.90570068359375 120.98947906494140625 119.89183807373046875 109.02712249755859375 92.97968292236328125 76.157318115234375 62.461559295654296875 57.406719207763671875 63.7997589111328125 71.3098602294921875 73.63179779052734375 77.3534393310546875 84.2525177001953125 85.9910430908203125 83.58966064453125 84.723602294921875 86.9725189208984375 88.07263946533203125 91.222900390625 96.71959686279296875 102.55454254150390625 108.75858306884765625 116.7689971923828125 129.6343841552734375 146.574066162109375 156.89715576171875 155.8508148193359375 148.50091552734375 130.78155517578125 103.67240142822265625 86.541839599609375 90.630523681640625 105.5162811279296875 118.485321044921875 124.59380340576171875 124.8795166015625 122.33943939208984375 120.06976318359375 118.35759735107421875 119.5815582275390625 121.4376373291015625
-999999 -999999 27.387720108032226562 50.573638916015625 63.486919403076171875 81.541717529296875 93.62175750732421875 96.70607757568359375 102.04212188720703125 107.31961822509765625 111.99285888671875 117.45980072021484375 122.62972259521484375 123.7167205810546875 118.1748809814453125 107.877960205078125 92.405517578125 73.32572174072265625 60.9247589111328125 60.08003997802734375 68.28163909912109375 74.07430267333984375 76.0532379150390625 71.09671783447265625 67.5628814697265625 69.5063629150390625 74.766082763671875 78.69699859619140625 82.94770050048828125 87.6159210205078125 92.5451202392578125 97.85051727294921875 109.45079803466796875 127.48554229736328125 145.5419769287109375 157.563507080078125 155.04876708984375 141.058563232421875 124.81742095947265625 104.0749969482421875 83.5503997802734375 79.005279541015625 90.5751190185546875 107.225921630859375 119.515716552734375 123.07469940185546875 121.49025726318359375 118.5641632080078125 117.89324188232421875 119.55834197998046875 121.88092041015625 123.05500030517578125
-999999 -999999 -999999 -999999 48.175159454345703125 63.77912139892578125 82.61827850341796875 94.215118408203125 104.9544830322265625 111.92748260498046875 115.28279876708984375 118.8700408935546875 122.4765167236328125 123.4718017578125 121.297882080078125 116.26020050048828125 103.696136474609375 85.848602294921875 72.3397216796875 67.02496337890625 70.8300628662109375 74.1051177978515625 69.48516082763671875 58.782001495361328125 53.613079071044921875 62.69667816162109375 73.18019866943359375 76.5238037109375 80.817962646484375 84.2615203857421875 88.15883636474609375 98.50737762451171875 116.6829833984375 133.457244873046875 144.4658660888671875 149.575439453125 143.063262939453125 125.95644378662109375 104.97512054443359375 85.9037628173828125 77.86775970458984375 83.0400390625 94.2500762939453125 107.19699859619140625 116.6580810546875 118.6593170166015625 115.28954315185546875 112.29599761962890625 115.21521759033203125 121.2464599609375 123.82379913330078125 123.84523773193359375
-999999 -999999 -999999 -999999 -999999 48.332118988037109375 67.05307769775390625 85.61479949951171875 99.6293182373046875 108.981597900390625 113.94915771484375 117.08936309814453125 120.522796630859375 119.8171234130859375 115.22943878173828125 117.2476806640625 108.8491973876953125 96.2530364990234375 85.4093780517578125 73.8865814208984375 67.73236083984375 65.91641998291015625 63.28424072265625 59.76219940185546875 59.49887847900390625 72.81622314453125 82.3164825439453125 80.46720123291015625 82.35243988037109375 84.040283203125 88.151123046875 104.80316162109375 124.794036865234375 132.9621429443359375 134.84765625 134.470794677734375 128.9678802490234375 115.9191436767578125 98.1254425048828125 84.6250762939453125 84.4165191650390625 90.66139984130859375 98.85352325439453125 105.8099212646484375 110.99494171142578125 111.56381988525390625 106.7035980224609375 105.19683837890625 112.8750762939453125 122.07140350341796875 124.68991851806640625 125.1361236572265625
-999999 -999999 -999999 -999999 -999999 39.640079498291015625 56.333278656005859375 74.20684051513671875 82.56832122802734375 89.16223907470703125 100.9365234375 112.55068206787109375 119.84439849853515625 113.8975982666015625 89.111602783203125 113.71443939208984375 103.82399749755859375 95.88307952880859375 90.08802032470703125 71.69571685791015625 56.4801788330078125 54.1860809326171875 61.197559356689453125 67.414520263671875 71.07682037353515625 81.59477996826171875 87.79583740234375 85.34075927734375 83.47808074951171875 83.57051849365234375 88.78521728515625 104.8209991455078125 119.5805206298828125 121.95247650146484375 121.83075714111328125 122.1351165771484375 119.120880126953125 111.2098236083984375 100.26496124267578125 91.8294830322265625 92.8167572021484375 98.10706329345703125 102.9349822998046875 105.49347686767578125 106.56491851806640625 104.77172088623046875 100.61235809326171875 102.13372039794921875 111.718658447265625 120.81639862060546875 123.54579925537109375 124.152923583984375
-999999 -999999 -999999 -999999 -999999 35.828678131103515625 48.479778289794921875 61.766521453857421875 62.350078582763671875 63.893878936767578125 78.67575836181640625 101.2044830322265625 118.571319580078125 121.749359130859375 114.1844024658203125 121.15059661865234375 111.60153961181640625 100.3206787109375 87.29810333251953125 65.9006195068359375 50.513080596923828125 49.610980987548828125 61.89112091064453125 75.438201904296875 83.26419830322265625 88.92896270751953125 91.04985809326171875 85.84307861328125 79.3629608154296875 78.37920379638671875 85.34168243408203125 98.61331939697265625 108.9315185546875 111.5650787353515625 112.52411651611328125 113.6174774169921875 111.3847198486328125 105.87857818603515625 99.8928985595703125 97.04000091552734375 98.54772186279296875 101.86907958984375 103.68756103515625 104.1716766357421875 103.87387847900390625 102.379638671875 101.90335845947265625 105.78183746337890625 111.97191619873046875 116.92864227294921875 119.47171783447265625 120.8212432861328125
-999999 -999999 -999999 -999999 -999999 33.444919586181640625 40.996158599853515625 48.3392791748046875 48.247119903564453125 49.924678802490234375 58.09423828125 78.2414398193359375 105.08043670654296875 121.21611785888671875 126.53267669677734375 131.524078369140625 124.61260223388671875 104.58956146240234375 81.16956329345703125 58.792819976806640625 48.996341705322265625 54.415760040283203125 67.74739837646484375 82.2639617919921875 91.2698822021484375 92.169677734375 89.21643829345703125 80.35964202880859375 74.14916229248046875 76.4860382080078125 84.05243682861328125 94.48856353759765625 102.8035430908203125 106.1817779541015625 104.47393798828125 102.04012298583984375 100.3008575439453125 98.0128631591796875 97.302520751953125 98.61583709716796875 99.8709564208984375 100.72016143798828125 100.47852325439453125 100.63446044921875 103.0877838134765625 105.52802276611328125 107.5329437255859375 110.53072357177734375 111.3851165771484375 111.0993194580078125 112.4853973388671875 115.1152801513671875
-999999 -999999 -999999 -999999 -999999 -999999 37.697879791259765625 41.329559326171875 42.6253204345703125 44.16603851318359375 46.83380126953125 55.7621612548828125 77.9194793701171875 100.61827850341796875 117.46804046630859375 126.65096282958984375 120.0034027099609375 97.1529388427734375 73.0358428955078125 54.479740142822265625 50.941158294677734375 64.17336273193359375 78.4600830078125 82.48095703125 82.171722412109375 82.17890167236328125 82.46807861328125 75.35456085205078125 73.082916259765625 79.88336181640625 87.54064178466796875 94.40704345703125 99.04508209228515625 98.8565216064453125 92.49675750732421875 87.19132232666015625 86.91732025146484375 88.92864227294921875 93.0396575927734375 97.2147369384765625 98.7826385498046875 98.16327667236328125 97.49616241455078125 100.14859771728515625 107.723358154296875 112.582763671875 113.22428131103515625 112.3220367431640625 109.38397979736328125 106.46600341796875 107.6502838134765625 111.38719940185546875
-999999 -999999 -999999 -999999 -999999 -999999 -999999 38.360958099365234375 38.392120361328125 39.0039215087890625 43.43804168701171875 48.00775909423828125 56.82096099853515625 73.594879150390625 95.983642578125 109.376556396484375 103.938079833984375 83.5130767822265625 68.05814361572265625 59.339420318603515625 59.518360137939453125 72.7533416748046875 82.27519989013671875 77.37433624267578125 70.0487213134765625 69.3583984375 75.26450347900390625 76.545440673828125 77.71167755126953125 83.041900634765625 89.239959716796875 92.20892333984375 92.3869781494140625 88.8612823486328125 82.76287841796875 78.097137451171875 79.0490570068359375 83.8210601806640625 90.08383941650390625 96.23358154296875 99.35655975341796875 98.4318389892578125 97.241363525390625 102.4574432373046875 112.38025665283203125 116.46508026123046875 115.0361175537109375 111.7126007080078125 107.34644317626953125 104.98348236083984375 107.99887847900390625 114.3279571533203125
-999999 -999999 -999999 -999999 -999999 -999999 -999999 34.308441162109375 34.399078369140625 38.878681182861328125 45.521640777587890625 48.2733612060546875 49.022319793701171875 55.245319366455078125 70.752960205078125 89.94068145751953125 88.70355987548828125 74.49167633056640625 73.068359375 74.9691009521484375 73.4839630126953125 75.873199462890625 77.288482666015625 72.577117919921875 67.7019195556640625 66.91295623779296875 73.39959716796875 82.17124176025390625 87.04451751708984375 88.88623809814453125 90.53112030029296875 90.32675933837890625 88.97441864013671875 85.41172027587890625 81.55455780029296875 78.9955596923828125 81.615478515625 85.98734283447265625 90.63198089599609375 96.742401123046875 98.911041259765625 97.21868133544921875 97.6826019287109375 104.11042022705078125 111.41692352294921875 112.66616058349609375 111.38480377197265625 110.433563232421875 108.8821563720703125 108.2675628662109375 112.33599853515625 121.57096099853515625
-999999 -999999 -999999 -999999 -999999 -999999 -999999 -999999 37.2701416015625 44.307239532470703125 50.59075927734375 52.74288177490234375 53.4173583984375 53.1475982666015625 54.894260406494140625 71.53537750244140625 81.42955780029296875 80.043182373046875 84.92388153076171875 85.88507843017578125 74.37735748291015625 64.9158782958984375 64.45684051513671875 67.0337982177734375 68.4213409423828125 70.7644195556640625 78.11338043212890625 89.11344146728515625 96.3515167236328125 98.59307861328125 97.996002197265625 95.824462890625 94.13379669189453125 89.9104766845703125 84.50447845458984375 84.02332305908203125 88.99315643310546875 91.9418182373046875 92.775482177734375 94.00092315673828125 94.50995635986328125 95.37451934814453125 98.96820068359375 103.8813018798828125 107.16867828369140625 107.3840789794921875 107.7674407958984375 110.24236297607421875 113.69763946533203125 114.35431671142578125 116.56015777587890625 125.7218017578125
-999999 -999999 -999999 -999999 -999999 -999999 -999999 -999999 42.07907867431640625 46.881160736083984375 51.435359954833984375 56.45439910888671875 62.8170013427734375 59.194080352783203125 48.658599853515625 55.232898712158203125 72.42028045654296875 82.98812103271484375 87.07599639892578125 80.713043212890625 61.647480010986328125 50.366359710693359375 54.909519195556640625 63.01348114013671875 69.34548187255859375 76.91815948486328125 85.57108306884765625 94.31728363037109375 101.17008209228515625 105.7615203857421875 106.4279632568359375 103.79705810546875 100.8702392578125 95.28421783447265625 88.8345184326171875 89.38224029541015625 93.7992401123046875 94.572021484375 94.643157958984375 89.66648101806640625 89.370361328125 95.51894378662109375 101.02935791015625 104.11260223388671875 106.35231781005859375 108.017059326171875 109.0146026611328125 110.66056060791015625 116.7713623046875 118.2651214599609375 116.8749237060546875 125.1505584716796875
-999999 -999999 -999999 -999999 -999999 -999999 -999999 -999999 42.528598785400390625 45.884521484375 50.059200286865234375 58.0093994140625 64.72576141357421875 59.570201873779296875 48.1417999267578125 51.0917816162109375 65.41236114501953125 74.6343231201171875 73.74147796630859375 64.9815216064453125 51.022480010986328125 49.7832794189453125 62.261821746826171875 72.33467864990234375 76.75595855712890625 81.31601715087890625 87.56897735595703125 93.30803680419921875 98.231658935546875 102.556121826171875 104.6977386474609375 103.0214996337890625 100.30834197998046875 95.78318023681640625 92.24964141845703125 94.084320068359375 95.136383056640625 93.90160369873046875 97.0909423828125 93.008819580078125 87.34691619873046875 90.88104248046875 98.9665985107421875 104.524139404296875 109.56678009033203125 110.04651641845703125 106.41359710693359375 106.83596038818359375 114.95220184326171875 114.358917236328125 108.31311798095703125 116.82483673095703125
-999999 -999999 -999999 -999999 -999999 -999999 -999999 -999999 37.330539703369140625 42.282039642333984375 48.677921295166015625 55.0380401611328125 54.519561767578125 49.285358428955078125 44.578639984130859375 51.756801605224609375 60.802181243896484375 62.32920074462890625 58.988361358642578125 54.724460601806640625 56.672821044921875 66.983123779296875 80.932220458984375 85.76064300537109375 82.5126800537109375 79.23560333251953125 78.96600341796875 80.4579620361328125 82.203643798828125 85.65200042724609375 91.58634185791015625 95.07720184326171875 95.5203399658203125 93.98317718505859375 92.57483673095703125 92.723602294921875 92.37168121337890625 92.627197265625 95.68399810791015625 92.68206024169921875 84.43389892578125 84.76271820068359375 92.96240234375 100.51619720458984375 107.25604248046875 103.1186370849609375 93.90483856201171875 96.3871612548828125 105.7174835205078125 103.88411712646484375 97.55184173583984375 105.5864410400390625
-999999 -999999 -999999 -999999 -999999 -999999 -999999 32.941799163818359375 35.6559600830078125 41.3659210205078125 45.027278900146484375 46.365520477294921875 44.351318359375 41.775241851806640625 40.75955963134765625 47.916721343994140625 55.394321441650390625 58.1399993896484375 59.8040008544921875 62.7071990966796875 71.1392364501953125 82.4882965087890625 87.83719635009765625 79.6475372314453125 74.61324310302734375 71.6784210205078125 63.797199249267578125 60.523601531982421875 62.147701263427734375 68.3119964599609375 77.99273681640625 86.72435760498046875 92.26799774169921875 92.73709869384765625 88.86165618896484375 85.39800262451171875 88.09445953369140625 91.36199951171875 88.06555938720703125 79.2220001220703125 74.19004058837890625 78.33599853515625 84.32160186767578125 88.18424224853515625 89.80623626708984375 82.0013580322265625 74.8360595703125 81.5235595703125 90.85688018798828125 92.0106201171875 91.22705841064453125 98.9093170166015625
