data/TNO-HT-ATES/HT-ATES_NLFFS/TG418_NLDOBR__ntg_ATES.asc
ncols        266
nrows        269
xllcorner    11500.000000000000
yllcorner    355500.000000000000
cellsize     1000.000000000000
NODATA_value  -999999
[rows 115 to 137 of 269, columns 200 to 249 of 266]
0.885540008544921875 0.88326001167297363281 0.8804200291633605957 0.8773199915885925293 0.87361997365951538086 0.86931997537612915039 0.86426001787185668945 0.85869997739791870117 0.85277998447418212891 0.8471400141716003418 0.84254002571105957031 0.83916002511978149414 0.83736002445220947266 0.83737999200820922852 0.8393999934196472168 0.84284001588821411133 0.84718000888824462891 0.85237997770309448242 0.85809999704360961914 0.86371999979019165039 0.8689200282096862793 0.8731200098991394043 0.87633997201919555664 0.87911999225616455078 0.88142001628875732422 0.88331997394561767578 0.88444000482559204102 0.88458001613616943359 0.88415998220443725586 0.88371998071670532227 0.88370001316070556641 0.88403999805450439453 0.88470000028610229492 0.88517999649047851562 -999999 -999999 -999999 -999999 -999999 -999999 -999999 -999999 -999999 -999999 -999999 -999999 -999999 -999999 -999999 -999999
0.8836600184440612793 0.88095998764038085938 0.87786000967025756836 0.8745200037956237793 0.87077999114990234375 0.86641997098922729492 0.861660003662109375 0.85670000314712524414 0.85192000865936279297 0.84788000583648681641 0.84479999542236328125 0.84299999475479125977 0.84271997213363647461 0.84403997659683227539 0.84711998701095581055 0.85110002756118774414 0.85570001602172851562 0.86080002784729003906 0.8658599853515625 0.8705800175666809082 0.87426000833511352539 0.87646001577377319336 0.87712001800537109375 0.87646001577377319336 0.87489998340606689453 0.8724200129508972168 0.86908000707626342773 0.86518001556396484375 0.86141997575759887695 0.85857999324798583984 0.85736000537872314453 -999999 -999999 -999999 -999999 -999999 -999999 -999999 -999999 -999999 -999999 -999999 -999999 -999999 -999999 -999999 -999999 -999999 -999999 -999999
0.8810799717903137207 0.87841999530792236328 0.87525999546051025391 0.8717200160026550293 0.86782002449035644531 0.86357998847961425781 0.85916000604629516602 0.8548399806022644043 0.85136002302169799805 0.84872001409530639648 0.84710001945495605469 0.84666001796722412109 0.84767997264862060547 0.85034000873565673828 0.85427999496459960938 0.85882002115249633789 0.86361998319625854492 0.86865997314453125 0.87342000007629394531 0.87747997045516967773 0.88003998994827270508 0.88043999671936035156 0.87840002775192260742 0.87458002567291259766 0.8691800236701965332 0.86233997344970703125 0.8543999791145324707 0.84605997800827026367 0.83841997385025024414 0.83289998769760131836 0.8305199742317199707 0.8319600224494934082 -999999 -999999 -999999 -999999 -999999 -999999 -999999 -999999 -999999 -999999 -999999 -999999 -999999 -999999 -999999 -999999 -999999 -999999
0.87787997722625732422 0.8754799962043762207 0.8724200129508972168 0.86878001689910888672 0.86492002010345458984 0.8609600067138671875 0.85699999332427978516 0.85351997613906860352 0.85110002756118774414 0.84968000650405883789 0.84934002161026000977 0.85022002458572387695 0.85247999429702758789 0.85626000165939331055 0.86084002256393432617 0.8656399846076965332 0.87077999114990234375 0.8759199976921081543 0.88072001934051513672 0.88447999954223632812 0.88605999946594238281 0.88477998971939086914 0.88077998161315917969 0.87404000759124755859 0.86497998237609863281 0.85377997159957885742 0.84119999408721923828 0.82807999849319458008 0.81580001115798950195 0.80655997991561889648 0.80299997329711914062 0.80580002069473266602 -999999 -999999 -999999 -999999 -999999 -999999 -999999 -999999 -999999 -999999 -999999 -999999 -999999 -999999 -999999 -999999 -999999 -999999
0.87440001964569091797 0.87217998504638671875 0.86927998065948486328 0.8658599853515625 0.86225998401641845703 0.85865998268127441406 0.85527998208999633789 0.85266000032424926758 0.85114002227783203125 0.85082000494003295898 0.85154002904891967773 0.85351997613906860352 0.8569399714469909668 0.86158001422882080078 0.86637997627258300781 0.87155997753143310547 0.87705999612808227539 0.88249999284744262695 0.88726001977920532227 0.8906599879264831543 0.89190000295639038086 0.89020001888275146484 0.88481998443603515625 0.8754799962043762207 0.86282002925872802734 0.84751999378204345703 0.83038002252578735352 0.81230002641677856445 0.79464000463485717773 0.78020000457763671875 0.77461999654769897461 0.78021997213363647461 0.79203999042510986328 -999999 -999999 -999999 -999999 -999999 -999999 -999999 -999999 -999999 -999999 -999999 -999999 -999999 -999999 -999999 -999999 -999999
0.87050002813339233398 0.86868000030517578125 0.86621999740600585938 0.86330002546310424805 0.86000001430511474609 0.85673999786376953125 0.85401999950408935547 0.85225999355316162109 0.85154002904891967773 0.85202002525329589844 0.85379999876022338867 0.85681998729705810547 0.86115998029708862305 0.8658599853515625 0.87081998586654663086 0.87611997127532958984 0.88161998987197875977 0.88701999187469482422 0.89186000823974609375 0.89587998390197753906 0.89819997549057006836 0.89705997705459594727 0.89101999998092651367 0.87932002544403076172 0.86316001415252685547 0.84399998188018798828 0.82297998666763305664 0.80062001943588256836 0.77758002281188964844 0.75568002462387084961 0.74562001228332519531 0.75775998830795288086 0.77503997087478637695 -999999 -999999 -999999 -999999 -999999 -999999 -999999 -999999 -999999 -999999 -999999 -999999 -999999 -999999 -999999 -999999 -999999
0.86673998832702636719 0.86548000574111938477 0.86356002092361450195 0.86114001274108886719 0.85834002494812011719 0.85541999340057373047 0.85335999727249145508 0.85224002599716186523 0.85221999883651733398 0.85342001914978027344 0.85596001148223876953 0.85960000753402709961 0.86382001638412475586 0.8681799769401550293 0.87294000387191772461 0.87804001569747924805 0.88340002298355102539 0.88897997140884399414 0.89469999074935913086 0.90008002519607543945 0.90421998500823974609 0.90523999929428100586 0.89969998598098754883 0.88528001308441162109 0.86548000574111938477 0.84314000606536865234 0.8195400238037109375 0.79496002197265625 0.76959997415542602539 0.74386000633239746094 0.72879999876022338867 0.74684000015258789062 0.76590001583099365234 -999999 -999999 -999999 -999999 -999999 -999999 -999999 -999999 -999999 -999999 -999999 -999999 -999999 -999999 -999999 -999999 -999999
0.86330002546310424805 0.86268001794815063477 0.86132001876831054688 0.85930001735687255859 0.8569399714469909668 0.85468000173568725586 0.85302001237869262695 0.85236001014709472656 0.85266000032424926758 0.85409998893737792969 0.85666000843048095703 0.86018002033233642578 0.86383998394012451172 0.86779999732971191406 0.87220001220703125 0.8770999908447265625 0.882740020751953125 0.88884001970291137695 0.89531999826431274414 0.9018999934196472168 0.90810000896453857422 0.91320002079010009766 0.91093999147415161133 0.89168000221252441406 0.86809998750686645508 0.84391999244689941406 0.81966000795364379883 0.79548001289367675781 0.77218002080917358398 0.75238001346588134766 0.74386000633239746094 0.75132000446319580078 -999999 -999999 -999999 -999999 -999999 -999999 -999999 -999999 -999999 -999999 -999999 -999999 -999999 -999999 -999999 -999999 -999999 -999999
0.85912001132965087891 0.85909998416900634766 0.85824000835418701172 0.85667997598648071289 0.85486000776290893555 0.85320001840591430664 0.85184001922607421875 0.8513399958610534668 0.85170000791549682617 0.85285997390747070312 0.85501998662948608398 0.85790002346038818359 0.86110001802444458008 0.86479997634887695312 0.86919999122619628906 0.87423998117446899414 0.88003998994827270508 0.88634002208709716797 0.89304000139236450195 0.89990001916885375977 0.90671998262405395508 0.91324001550674438477 0.91373997926712036133 0.89212000370025634766 0.8684399724006652832 0.84494000673294067383 0.82201999425888061523 0.80019998550415039062 0.78060001134872436523 0.76572000980377197266 0.75897997617721557617 0.76196002960205078125 -999999 -999999 -999999 -999999 -999999 -999999 -999999 -999999 -999999 -999999 -999999 -999999 -999999 -999999 -999999 -999999 -999999 -999999
0.85404002666473388672 0.85448002815246582031 0.85405999422073364258 0.85310000181198120117 0.85188001394271850586 0.85071998834609985352 0.849720001220703125 0.84898000955581665039 0.8488000035285949707 0.84956002235412597656 0.85101997852325439453 0.85324001312255859375 0.8562800288200378418 0.86008000373840332031 0.86453998088836669922 0.86963999271392822266 0.87533998489379882812 0.88160002231597900391 0.88792002201080322266 0.89403998851776123047 0.89933997392654418945 0.90232002735137939453 0.89850002527236938477 0.88444000482559204102 0.86540001630783081055 0.84520000219345092773 0.82532000541687011719 0.80677998065948486328 0.79074001312255859375 0.77888000011444091797 0.77292001247406005859 0.77362000942230224609 0.77973997592926025391 -999999 -999999 -999999 -999999 -999999 -999999 -999999 -999999 -999999 -999999 -999999 -999999 -999999 -999999 -999999 -999999 -999999
0.84820002317428588867 0.84909999370574951172 0.84908002614974975586 0.84876000881195068359 0.84806001186370849609 0.84715998172760009766 0.84601998329162597656 0.84491997957229614258 0.84428000450134277344 0.84453999996185302734 0.84553998708724975586 0.8474000096321105957 0.85022002458572387695 0.85401999950408935547 0.85842001438140869141 0.86347997188568115234 0.86897999048233032227 0.87474000453948974609 0.88046002388000488281 0.88543999195098876953 0.88892000913619995117 0.88966000080108642578 0.88539999723434448242 0.87511998414993286133 0.86081999540328979492 0.84486001729965209961 0.8288599848747253418 0.81392002105712890625 0.80099999904632568359 0.79129999876022338867 0.78564000129699707031 0.78468000888824462891 0.78799998760223388672 0.79540002346038818359 0.80610001087188720703 -999999 -999999 -999999 -999999 -999999 -999999 -999999 -999999 -999999 -999999 -999999 -999999 -999999 -999999 -999999
0.84167999029159545898 0.84299999475479125977 0.8435999751091003418 0.8435999751091003418 0.84303998947143554688 0.84207999706268310547 0.84091997146606445312 0.8398799896240234375 0.83917999267578125 0.83894002437591552734 0.83946001529693603516 0.84082001447677612305 0.84318000078201293945 0.84659999608993530273 0.8508999943733215332 0.85585999488830566406 0.86115998029708862305 0.86651998758316040039 0.87154000997543334961 0.87555998563766479492 0.87791997194290161133 0.87791997194290161133 0.8743000030517578125 0.86684000492095947266 0.85640001296997070312 0.84456002712249755859 0.83241999149322509766 0.82091999053955078125 0.81099998950958251953 0.80320000648498535156 0.79780000448226928711 0.79490000009536743164 0.79534000158309936523 0.80136001110076904297 0.81261998414993286133 0.825839996337890625 -999999 -999999 -999999 -999999 -999999 -999999 -999999 -999999 -999999 -999999 -999999 -999999 -999999 -999999
0.83472001552581787109 0.83656001091003417969 0.83759999275207519531 0.83793997764587402344 0.83767998218536376953 0.83692002296447753906 0.83587998151779174805 0.83481997251510620117 0.83398002386093139648 0.83323997259140014648 0.83301997184753417969 0.83363997936248779297 0.83535999059677124023 0.83822000026702880859 0.84227997064590454102 0.84707999229431152344 0.85224002599716186523 0.85728001594543457031 0.86184000968933105469 0.86529999971389770508 0.86750000715255737305 0.86764001846313476562 0.86519998311996459961 0.86000001430511474609 0.85291999578475952148 0.84464001655578613281 0.83600002527236938477 0.82788002490997314453 0.82086002826690673828 0.81519997119903564453 0.81041997671127319336 0.80549997091293334961 0.80140000581741333008 0.80709999799728393555 0.82065999507904052734 0.83542001247406005859 0.85000002384185791016 0.86312001943588256836 0.87348002195358276367 0.88021999597549438477 0.88381999731063842773 0.88498002290725708008 0.88432002067565917969 -999999 -999999 -999999 -999999 -999999 -999999 -999999
0.82819998264312744141 0.83054000139236450195 0.83208000659942626953 0.83281999826431274414 0.83281999826431274414 0.83219999074935913086 0.8312600255012512207 0.83016002178192138672 0.82877999544143676758 0.82730001211166381836 0.82621997594833374023 0.82594001293182373047 0.82691997289657592773 0.82918000221252441406 0.83274000883102416992 0.83740001916885375977 0.84249997138977050781 0.84759998321533203125 0.8520399928092956543 0.8555399775505065918 0.85791999101638793945 0.85879999399185180664 0.85772001743316650391 0.85475999116897583008 0.85039997100830078125 0.84508001804351806641 0.8396599888801574707 0.83454000949859619141 0.83042001724243164062 0.82730001211166381836 0.82472002506256103516 0.82037997245788574219 0.81190001964569091797 0.81735998392105102539 0.83230000734329223633 0.84776002168655395508 0.86330002546310424805 0.87717998027801513672 0.88694000244140625 0.89175999164581298828 0.89278000593185424805 0.89160001277923583984 0.8890399932861328125 0.88568001985549926758 0.8815600275993347168 0.87677997350692749023 -999999 -999999 -999999 -999999
0.82267999649047851562 0.82546001672744750977 0.82740002870559692383 0.82844001054763793945 0.82874000072479248047 0.82837998867034912109 0.82753998041152954102 0.82590001821517944336 0.82371997833251953125 0.82130002975463867188 0.81918001174926757812 0.81790000200271606445 0.8178799748420715332 0.81950002908706665039 0.82275998592376708984 0.82719999551773071289 0.8324000239372253418 0.83774000406265258789 0.84248000383377075195 0.84641999006271362305 0.8495000004768371582 0.85136002302169799805 0.85177999734878540039 0.85074001550674438477 0.84864002466201782227 0.84587997198104858398 0.84306001663208007812 0.84061998128890991211 0.8389599919319152832 0.83854001760482788086 0.83986002206802368164 0.84192001819610595703 0.83623999357223510742 0.83736002445220947266 0.84755998849868774414 0.86180001497268676758 0.87746000289916992188 0.8923199772834777832 0.90196001529693603516 0.90328001976013183594 0.90091997385025024414 0.89723998308181762695 0.89292001724243164062 0.88810002803802490234 0.88287997245788574219 0.87720000743865966797 0.87111997604370117188 0.86463999748229980469 0.85717999935150146484 0.84917998313903808594
0.8180999755859375 0.82134002447128295898 0.82367998361587524414 0.82511997222900390625 0.82590001821517944336 0.82590001821517944336 0.8246600031852722168 0.82227998971939086914 0.8190600275993347168 0.81543999910354614258 0.81198000907897949219 0.80941998958587646484 0.80849999189376831055 0.80945998430252075195 0.81235998868942260742 0.81695997714996337891 0.82239997386932373047 0.82814002037048339844 0.83345997333526611328 0.83824002742767333984 0.84226000308990478516 0.84527999162673950195 0.84706002473831176758 0.8476200103759765625 0.84747999906539916992 0.84678000211715698242 0.84597998857498168945 0.84539997577667236328 0.84552001953125 0.84697997570037841797 0.85052001476287841797 0.85487997531890869141 0.8532199859619140625 0.85446000099182128906 0.86221998929977416992 0.87448000907897949219 0.88907998800277709961 0.90509998798370361328 0.91696000099182128906 0.91177999973297119141 0.90631997585296630859 0.90079998970031738281 0.89512002468109130859 0.88924002647399902344 0.88309997320175170898 0.87672001123428344727 0.87003999948501586914 0.86299997568130493164 0.85563999414443969727 -999999
0.81427997350692749023 0.81801998615264892578 0.82099997997283935547 0.82331997156143188477 0.82462000846862792969 0.82451999187469482422 0.82288002967834472656 0.81973999738693237305 0.81528002023696899414 0.81002002954483032227 0.80478000640869140625 0.80058002471923828125 0.7984600067138671875 0.79891997575759887695 0.80199998617172241211 0.80694001913070678711 0.8129799962043762207 0.81915998458862304688 0.82533997297286987305 0.83116000890731811523 0.83623999357223510742 0.84026002883911132812 0.84324002265930175781 0.8453000187873840332 0.84671998023986816406 0.84754002094268798828 0.84802001714706420898 0.8485400080680847168 0.849720001220703125 0.8522999882698059082 0.85585999488830566406 0.8593400120735168457 0.8618800044059753418 0.86577999591827392578 0.87294000387191772461 0.88309997320175170898 0.89521998167037963867 0.90773999691009521484 0.91504001617431640625 0.91285997629165649414 0.90751999616622924805 0.90152001380920410156 0.89528000354766845703 0.88877999782562255859 0.88213998079299926758 0.87519997358322143555 0.8679599761962890625 0.86085999011993408203 0.85383999347686767578 -999999
0.81125998497009277344 0.81588000059127807617 0.81989997625350952148 0.82300001382827758789 0.82458001375198364258 0.82444000244140625 0.82244002819061279297 0.81849998235702514648 0.81274002790451049805 0.80559998750686645508 0.79802000522613525391 0.79144001007080078125 0.78767997026443481445 0.78788000345230102539 0.79170000553131103516 0.79772001504898071289 0.80457997322082519531 0.81161999702453613281 0.81859999895095825195 0.82528001070022583008 0.8312600255012512207 0.83623999357223510742 0.84031999111175537109 0.84354001283645629883 0.84601998329162597656 0.84780001640319824219 0.84903997182846069336 0.85031998157501220703 0.8522999882698059082 0.85534000396728515625 0.8590800166130065918 0.86316001415252685547 0.86743998527526855469 0.87247997522354125977 0.87914001941680908203 0.88744002580642700195 0.89665997028350830078 0.90494000911712646484 0.90943998098373413086 0.90891999006271362305 0.90504002571105957031 0.8995800018310546875 0.89341998100280761719 0.88682001829147338867 0.87981998920440673828 0.87257999181747436523 0.86532002687454223633 0.85846000909805297852 0.85189998149871826172 -999999
0.80962002277374267578 0.81529998779296875 0.82017999887466430664 0.82375997304916381836 0.82580000162124633789 0.82590001821517944336 0.82378000020980834961 0.81919997930526733398 0.81217998266220092773 0.80283999443054199219 0.7921199798583984375 0.78207999467849731445 0.77605998516082763672 0.77644002437591552734 0.78192001581192016602 0.78968000411987304688 0.79790002107620239258 0.80581998825073242188 0.81349998712539672852 0.82073998451232910156 0.82727998495101928711 0.83311998844146728516 0.83796000480651855469 0.84193998575210571289 0.84517997503280639648 0.84745997190475463867 0.84920001029968261719 0.85114002227783203125 0.85386002063751220703 0.85750001668930053711 0.86163997650146484375 0.86614000797271728516 0.87084001302719116211 0.87599998712539672852 0.88195997476577758789 0.88866001367568969727 0.89546000957489013672 0.90096002817153930664 0.90384000539779663086 0.90343999862670898438 0.90043997764587402344 0.89565998315811157227 0.88985997438430786133 0.88330000638961791992 0.87635999917984008789 0.86914002895355224609 0.86228001117706298828 0.85582000017166137695 -999999 -999999
0.80930000543594360352 0.8157799839973449707 0.82135999202728271484 0.82564002275466918945 0.82836002111434936523 0.82910001277923583984 0.82738000154495239258 0.82261997461318969727 0.81454002857208251953 0.80304002761840820312 0.78882002830505371094 0.77367997169494628906 0.76314002275466918945 0.76506000757217407227 0.77399998903274536133 0.78395998477935791016 0.79328000545501708984 0.80206000804901123047 0.81025999784469604492 0.81775999069213867188 0.82455998659133911133 0.83046001195907592773 0.83565998077392578125 0.84030002355575561523 0.84417998790740966797 0.84696000814437866211 0.84920001029968261719 0.85177999734878540039 0.85522001981735229492 0.85916000604629516602 0.86342000961303710938 0.8677800297737121582 0.87234002351760864258 0.87713998556137084961 0.88231998682022094727 0.88770002126693725586 0.89257997274398803711 0.89627999067306518555 0.89800000190734863281 0.89740002155303955078 0.89469999074935913086 0.8904399871826171875 0.88498002290725708008 0.87867999076843261719 0.87195998430252075195 0.86533999443054199219 0.85904002189636230469 0.85302001237869262695 0.84745997190475463867 -999999
0.80963999032974243164 0.81682002544403076172 0.82309997081756591797 0.8284199833869934082 0.83223998546600341797 0.83420002460479736328 0.83345997333526611328 0.8293399810791015625 0.82098001241683959961 0.80813997983932495117 0.79114001989364624023 0.77075999975204467773 0.74948000907897949219 0.75819998979568481445 0.77053999900817871094 0.78149998188018798828 0.79136002063751220703 0.80036002397537231445 0.80857998132705688477 0.81594002246856689453 0.82249999046325683594 0.82819998264312744141 0.8333600163459777832 0.83840000629425048828 0.84332001209259033203 0.84680002927780151367 0.84930002689361572266 0.85243999958038330078 0.85618001222610473633 0.8600400090217590332 0.86400002241134643555 0.86809998750686645508 0.87231999635696411133 0.87664002180099487305 0.88099998235702514648 0.88517999649047851562 0.88866001367568969727 0.89108002185821533203 0.89190000295639038086 0.89095997810363769531 0.88841998577117919922 0.8843600153923034668 0.87926000356674194336 0.87334001064300537109 0.86732000112533569336 0.86129999160766601562 0.85557997226715087891 0.85022002458572387695 0.84516000747680664062 0.83999997377395629883
0.8101800084114074707 0.81801998615264892578 0.82529997825622558594 0.83175998926162719727 0.8370800018310546875 0.84071999788284301758 0.84196001291275024414 0.83950001001358032227 0.83201998472213745117 0.81896001100540161133 0.80129998922348022461 0.78123998641967773438 0.76520001888275146484 0.766139984130859375 0.77451997995376586914 0.78343999385833740234 0.79220002889633178711 0.80037999153137207031 0.80786001682281494141 0.81458002328872680664 0.82059997320175170898 0.82586002349853515625 0.83099997043609619141 0.83644002676010131836 0.84236001968383789062 0.84637999534606933594 0.84921997785568237305 0.85266000032424926758 0.85622000694274902344 0.85982000827789306641 0.86352002620697021484 0.86728000640869140625 0.87110000848770141602 0.87485998868942260742 0.87848001718521118164 0.88160002231597900391 0.88407999277114868164 0.88550001382827758789 0.88565999269485473633 0.88441997766494750977 0.88172000646591186523 0.87786000967025756836 0.87305998802185058594 0.86783999204635620117 0.86251997947692871094 0.85729998350143432617 0.85218000411987304688 0.84732002019882202148 0.8428999781608581543 0.83833998441696166992
0.81073999404907226562 0.81928002834320068359 0.82749998569488525391 0.83521997928619384766 0.84218001365661621094 0.84811997413635253906 0.85214000940322875977 0.85263997316360473633 0.84718000888824462891 0.83451998233795166016 0.81701999902725219727 0.79913997650146484375 0.78597998619079589844 0.78152000904083251953 0.78359997272491455078 0.78869998455047607422 0.79492002725601196289 0.80132001638412475586 0.80750000476837158203 0.81327998638153076172 0.81863999366760253906 0.82384002208709716797 0.82918000221252441406 0.83477997779846191406 0.84020000696182250977 0.84464001655578613281 0.84828001260757446289 0.85177999734878540039 0.85523998737335205078 0.85868000984191894531 0.8621399998664855957 0.86559998989105224609 0.86896002292633056641 0.87217998504638671875 0.87503999471664428711 0.87735998630523681641 0.87893998622894287109 0.87959998846054077148 0.87915998697280883789 0.87761998176574707031 0.87481999397277832031 0.87115997076034545898 0.86699998378753662109 0.86247998476028442383 0.85786002874374389648 0.85329997539520263672 0.84883999824523925781 0.84461998939514160156 0.8407999873161315918 -999999
