data/TNO-HT-ATES/HT-ATES_NLFFS/TG419_NLDOBR__porosity_ATES.asc
ncols        266
nrows        269
xllcorner    11500.000000000000
yllcorner    355500.000000000000
cellsize     1000.000000000000
NODATA_value  -999999
[rows 0 to 22 of 269, columns 156 to 207 of 266]
-999999 -999999 -999999 -999999 -999999 -999999 -999999 -999999 -999999 -999999 -999999 -999999 -999999 -999999 -999999 -999999 -999999 -999999 -999999 -999999 -999999 -999999 -999999 -999999 -999999 -999999 -999999 -999999 -999999 -999999 -999999 -999999 -999999 -999999 -999999 -999999 -999999 -999999 -999999 -999999 -999999 -999999 -999999 -999999 -999999 -999999 -999999 -999999 -999999 -999999 -999999 -999999
-999999 -999999 -999999 -999999 -999999 -999999 -999999 -999999 -999999 -999999 -999999 -999999 -999999 -999999 -999999 -999999 -999999 -999999 -999999 -999999 -999999 -999999 -999999 -999999 -999999 -999999 -999999 -999999 -999999 -999999 -999999 -999999 -999999 -999999 -999999 -999999 -999999 -999999 -999999 -999999 -999999 -999999 -999999 -999999 -999999 -999999 -999999 -999999 -999999 -999999 -999999 -999999
-999999 -999999 -999999 -999999 -999999 -999999 -999999 -999999 -999999 -999999 -999999 -999999 -999999 -999999 -999999 -999999 -999999 -999999 -999999 -999999 -999999 -999999 -999999 -999999 -999999 -999999 -999999 -999999 -999999 -999999 -999999 -999999 -999999 -999999 -999999 -999999 -999999 -999999 -999999 -999999 -999999 -999999 -999999 -999999 -999999 -999999 -999999 -999999 -999999 -999999 -999999 28.758880615234375
-999999 -999999 -999999 -999999 -999999 -999999 -999999 -999999 -999999 -999999 -999999 -999999 -999999 -999999 -999999 -999999 -999999 -999999 -999999 -999999 -999999 -999999 -999999 -999999 -999999 -999999 -999999 -999999 -999999 -999999 -999999 -999999 -999999 -999999 -999999 -999999 -999999 -999999 -999999 -999999 -999999 -999999 -999999 -999999 -999999 -999999 -999999 -999999 -999999 28.621660232543945312 28.5224609375 28.48130035400390625
-999999 -999999 -999999 -999999 -999999 -999999 -999999 -999999 -999999 -999999 -999999 -999999 -999999 -999999 -999999 -999999 -999999 -999999 -999999 -999999 -999999 -999999 -999999 -999999 -999999 -999999 -999999 -999999 -999999 -999999 -999999 -999999 -999999 -999999 -999999 -999999 -999999 -999999 -999999 -999999 -999999 -999999 -999999 -999999 -999999 -999999 -999999 28.518159866333007812 28.480840682983398438 28.361700057983398438 28.225719451904296875 28.133859634399414062
-999999 -999999 -999999 -999999 -999999 -999999 -999999 -999999 -999999 -999999 -999999 -999999 -999999 -999999 -999999 -999999 -999999 -999999 -999999 -999999 -999999 -999999 -999999 -999999 -999999 -999999 -999999 -999999 -999999 -999999 -999999 -999999 -999999 -999999 -999999 -999999 -999999 -999999 -999999 -999999 -999999 -999999 -999999 -999999 26.695020675659179688 27.212520599365234375 27.612360000610351562 27.806020736694335938 27.825880050659179688 27.79051971435546875 27.735059738159179688 27.701080322265625
-999999 -999999 -999999 -999999 -999999 -999999 -999999 -999999 -999999 -999999 -999999 -999999 -999999 -999999 -999999 -999999 -999999 -999999 -999999 -999999 -999999 -999999 -999999 -999999 -999999 -999999 -999999 -999999 -999999 -999999 -999999 -999999 -999999 -999999 -999999 -999999 -999999 -999999 -999999 -999999 24.121900558471679688 24.509540557861328125 24.987279891967773438 25.470060348510742188 25.861360549926757812 26.157320022583007812 26.410999298095703125 26.627420425415039062 26.809179306030273438 26.940980911254882812 27.04914093017578125 27.184619903564453125
-999999 -999999 -999999 -999999 -999999 -999999 -999999 -999999 -999999 -999999 -999999 -999999 -999999 -999999 -999999 -999999 -999999 -999999 -999999 -999999 -999999 -999999 -999999 -999999 -999999 -999999 -999999 -999999 -999999 -999999 -999999 -999999 -999999 -999999 -999999 26.082139968872070312 24.811580657958984375 24.009260177612304688 23.67440032958984375 23.772680282592773438 23.64263916015625 23.749599456787109375 24.004940032958984375 24.323320388793945312 24.626779556274414062 24.892940521240234375 25.14508056640625 25.384639739990234375 25.663820266723632812 25.947099685668945312 26.247100830078125 26.570520401000976562
-999999 -999999 -999999 -999999 -999999 26.141559600830078125 26.6689605712890625 -999999 -999999 -999999 -999999 -999999 -999999 -999999 -999999 -999999 -999999 -999999 -999999 -999999 -999999 -999999 -999999 -999999 -999999 -999999 -999999 -999999 -999999 -999999 -999999 -999999 -999999 29.141439437866210938 27.688680648803710938 26.023500442504882812 24.67350006103515625 23.692279815673828125 23.110279083251953125 22.873279571533203125 22.766780853271484375 22.807580947875976562 23.010820388793945312 23.286800384521484375 23.558300018310546875 23.807779312133789062 24.043079376220703125 24.2927398681640625 24.622640609741210938 25.012880325317382812 25.43798065185546875 25.862400054931640625
-999999 -999999 -999999 25.604639053344726562 25.810100555419921875 26.0185394287109375 26.216920852661132812 26.3770599365234375 26.477720260620117188 -999999 -999999 -999999 -999999 -999999 -999999 -999999 -999999 -999999 -999999 -999999 -999999 -999999 -999999 -999999 30.72480010986328125 30.638959884643554688 30.7420806884765625 31.2520599365234375 31.76573944091796875 -999999 -999999 -999999 -999999 28.89163970947265625 27.328460693359375 25.592920303344726562 24.199239730834960938 23.143560409545898438 22.428239822387695312 22.071920394897460938 21.977659225463867188 22.04792022705078125 22.257219314575195312 22.527780532836914062 22.790639877319335938 23.028539657592773438 23.2472991943359375 23.505519866943359375 23.845819473266601562 24.264699935913085938 24.717500686645507812 25.1483001708984375
-999999 24.827259063720703125 25.159360885620117188 25.393199920654296875 25.5881195068359375 25.796739578247070312 26.023059844970703125 26.239179611206054688 26.395799636840820312 26.425840377807617188 26.305040359497070312 -999999 -999999 25.8139190673828125 25.41783905029296875 25.649499893188476562 25.896240234375 26.216360092163085938 26.581979751586914062 27.025880813598632812 27.535860061645507812 28.062000274658203125 28.73773956298828125 29.607400894165039062 30.182159423828125 30.30558013916015625 30.554399490356445312 31.07032012939453125 31.572080612182617188 31.693899154663085938 -999999 -999999 -999999 28.147039413452148438 26.503360748291015625 24.851459503173828125 23.486219406127929688 22.449459075927734375 21.781919479370117188 21.473779678344726562 21.423360824584960938 21.54412078857421875 21.789539337158203125 22.092479705810546875 22.392400741577148438 22.655139923095703125 22.873020172119140625 23.093000411987304688 23.344579696655273438 23.685739517211914062 24.100460052490234375 24.506719589233398438
24.08885955810546875 24.431980133056640625 24.732900619506835938 24.9955596923828125 25.23468017578125 25.466619491577148438 25.723339080810546875 25.995439529418945312 26.234819412231445312 26.38694000244140625 26.363939285278320312 26.146320343017578125 25.769479751586914062 25.501180648803710938 25.466159820556640625 25.568979263305664062 25.764379501342773438 26.058559417724609375 26.437519073486328125 26.95735931396484375 27.510040283203125 28.074960708618164062 28.656520843505859375 29.231800079345703125 29.69763946533203125 30.031339645385742188 30.4041595458984375 30.886400222778320312 31.226720809936523438 31.076419830322265625 -999999 -999999 27.973379135131835938 26.893939971923828125 25.3316192626953125 23.839380264282226562 22.592899322509765625 21.698200225830078125 21.209659576416015625 21.051179885864257812 21.096879959106445312 21.293819427490234375 21.609739303588867188 21.981319427490234375 22.353420257568359375 22.681699752807617188 22.910299301147460938 23.018079757690429688 23.072820663452148438 23.2473602294921875 23.587579727172851562 23.950620651245117188
23.759899139404296875 24.0285797119140625 24.244619369506835938 24.467119216918945312 24.722019195556640625 24.985240936279296875 25.299440383911132812 25.658079147338867188 26.013980865478515625 26.337739944458007812 26.464719772338867188 26.29364013671875 25.93173980712890625 25.6365203857421875 25.475660324096679688 25.40802001953125 25.498159408569335938 25.755399703979492188 26.141399383544921875 26.734979629516601562 27.392820358276367188 28.048620223999023438 28.655979156494140625 29.188140869140625 29.617519378662109375 29.943340301513671875 30.218900680541992188 30.469120025634765625 30.479059219360351562 30.046459197998046875 29.239240646362304688 28.075199127197265625 26.763299942016601562 25.392580032348632812 24.00691986083984375 22.744440078735351562 21.717439651489257812 21.039819717407226562 20.748060226440429688 20.758180618286132812 20.950880050659179688 21.275379180908203125 21.711080551147460938 22.188199996948242188 22.6423797607421875 23.033899307250976562 23.25717926025390625 23.196720123291015625 22.97190093994140625 22.918279647827148438 23.157499313354492188 23.446720123291015625
23.6205596923828125 23.801540374755859375 23.9006805419921875 24.016359329223632812 24.211719512939453125 24.4766998291015625 24.847860336303710938 25.291660308837890625 25.760839462280273438 26.228719711303710938 26.4702606201171875 26.312519073486328125 25.922840118408203125 25.56826019287109375 25.3422393798828125 25.177499771118164062 25.1364593505859375 25.279659271240234375 25.639360427856445312 26.320699691772460938 27.094020843505859375 27.845319747924804688 28.534040451049804688 29.136699676513671875 29.614900588989257812 29.840440750122070312 29.833099365234375 29.678640365600585938 29.277540206909179688 28.5687408447265625 27.667200088500976562 26.537000656127929688 25.261180877685546875 24.022859573364257812 22.863679885864257812 21.829639434814453125 21.027759552001953125 20.553680419921875 20.442159652709960938 20.6123199462890625 20.951860427856445312 21.420139312744140625 22.007940292358398438 22.628419876098632812 23.179620742797851562 23.611539840698242188 23.786800384521484375 23.515079498291015625 22.954740524291992188 22.644680023193359375 22.767160415649414062 22.95265960693359375
23.63758087158203125 23.758760452270507812 23.780000686645507812 23.80532073974609375 23.919160842895507812 24.14878082275390625 24.530580520629882812 25.000299453735351562 25.520900726318359375 26.063100814819335938 26.370119094848632812 26.201280593872070312 25.748779296875 25.335100173950195312 25.10308074951171875 24.930280685424804688 24.802480697631835938 24.828460693359375 25.138139724731445312 25.804479598999023438 26.625219345092773438 27.366960525512695312 28.067739486694335938 28.805360794067382812 -999999 29.579120635986328125 29.262479782104492188 28.697919845581054688 27.936960220336914062 27.0373992919921875 26.100040435791015625 25.077239990234375 23.974559783935546875 22.953500747680664062 22.02716064453125 21.223199844360351562 20.635000228881835938 20.323080062866210938 20.348199844360351562 20.649440765380859375 21.11389923095703125 21.70439910888671875 22.410579681396484375 23.140340805053710938 23.770700454711914062 24.2099609375 24.314960479736328125 23.846160888671875 22.962160110473632812 22.401880264282226562 22.404600143432617188 22.463199615478515625
23.645559310913085938 23.717500686645507812 23.756380081176757812 23.832340240478515625 23.955980300903320312 24.154499053955078125 24.49391937255859375 24.89781951904296875 25.354879379272460938 25.857240676879882812 26.152139663696289062 25.996839523315429688 25.511579513549804688 25.037160873413085938 24.793560028076171875 24.683759689331054688 24.598979949951171875 24.609300613403320312 24.836700439453125 25.353300094604492188 26.021379470825195312 26.628459930419921875 27.255680084228515625 28.069639205932617188 -999999 -999999 28.713979721069335938 27.929500579833984375 26.90341949462890625 25.857400894165039062 24.878839492797851562 23.945039749145507812 23.028440475463867188 22.20027923583984375 21.455980300903320312 20.875339508056640625 20.510499954223632812 20.360200881958007812 20.487060546875 20.876779556274414062 21.454759597778320312 22.143039703369140625 22.897619247436523438 23.646799087524414062 24.273080825805664062 24.67845916748046875 24.735639572143554688 24.2497406005859375 23.116100311279296875 22.265779495239257812 22.103460311889648438 22.034580230712890625
23.64582061767578125 23.6883392333984375 23.789079666137695312 23.995700836181640625 24.218740463256835938 24.422580718994140625 24.704679489135742188 25.010280609130859375 25.334560394287109375 25.686880111694335938 25.881040573120117188 25.74333953857421875 25.278459548950195312 24.769580841064453125 24.490159988403320312 24.45323944091796875 24.49629974365234375 24.565340042114257812 24.686380386352539062 24.972560882568359375 25.368139266967773438 25.786500930786132812 26.420820236206054688 27.271940231323242188 -999999 -999999 28.3593597412109375 27.515499114990234375 26.235340118408203125 25.048799514770507812 24.0391998291015625 23.184499740600585938 22.441240310668945312 21.791019439697265625 21.215179443359375 20.821840286254882812 20.6264801025390625 20.594179153442382812 20.806020736694335938 21.274860382080078125 21.921720504760742188 22.673120498657226562 23.428499221801757812 24.131679534912109375 24.687160491943359375 25.011480331420898438 25.027139663696289062 24.6400604248046875 23.377740859985351562 22.343799591064453125 22.005220413208007812 21.758039474487304688
23.743040084838867188 23.77165985107421875 23.8834991455078125 24.140979766845703125 24.446819305419921875 24.694040298461914062 24.9560394287109375 25.196620941162109375 25.396139144897460938 25.57379913330078125 25.6175994873046875 25.43888092041015625 25.016359329223632812 24.530080795288085938 24.2378997802734375 24.208040237426757812 24.343259811401367188 24.48535919189453125 24.56233978271484375 24.684719085693359375 24.850740432739257812 25.09320068359375 25.736660003662109375 26.719739913940429688 -999999 -999999 -999999 27.267599105834960938 25.786159515380859375 24.501600265502929688 23.512760162353515625 22.7614593505859375 22.192340850830078125 21.719259262084960938 21.320539474487304688 21.06793975830078125 20.9678802490234375 21.003000259399414062 21.270959854125976562 21.781620025634765625 22.459539413452148438 23.218420028686523438 23.954919815063476562 24.5870208740234375 25.031459808349609375 25.237279891967773438 25.185419082641601562 24.818479537963867188 23.560960769653320312 22.53466033935546875 22.06497955322265625 21.614240646362304688
23.900419235229492188 23.91847991943359375 23.973859786987304688 24.183660507202148438 24.527780532836914062 24.856920242309570312 25.137859344482421875 25.332700729370117188 25.42926025390625 25.467519760131835938 25.400239944458007812 25.18634033203125 24.803720474243164062 24.385740280151367188 24.124460220336914062 24.067159652709960938 24.1824798583984375 24.35063934326171875 24.46804046630859375 24.547100067138671875 24.587080001831054688 24.741680145263671875 25.437000274658203125 26.715740203857421875 -999999 -999999 -999999 27.092519760131835938 25.579980850219726562 24.226179122924804688 23.304620742797851562 22.687700271606445312 22.286260604858398438 21.97093963623046875 21.709260940551757812 21.549940109252929688 21.49810028076171875 21.549160003662109375 21.80886077880859375 22.293279647827148438 22.941179275512695312 23.647319793701171875 24.338220596313476562 24.910919189453125 25.258699417114257812 25.337739944458007812 25.1901397705078125 24.763599395751953125 23.59690093994140625 22.614900588989257812 22.062799453735351562 21.521099090576171875
24.052259445190429688 24.0504608154296875 24.077199935913085938 24.26300048828125 24.606039047241210938 24.964239120483398438 25.243280410766601562 25.389020919799804688 25.383119583129882812 25.318859100341796875 25.217199325561523438 25.060640335083007812 24.804779052734375 24.51309967041015625 24.286220550537109375 24.175279617309570312 24.210880279541015625 24.337579727172851562 24.480939865112304688 24.564540863037109375 24.54850006103515625 24.652620315551757812 25.420320510864257812 26.990459442138671875 -999999 -999999 -999999 27.088220596313476562 25.6981201171875 24.21295928955078125 23.345279693603515625 22.87252044677734375 22.655199050903320312 22.497259140014648438 22.34394073486328125 22.2310791015625 22.1719207763671875 22.178819656372070312 22.352399826049804688 22.718179702758789062 23.2437591552734375 23.836940765380859375 24.453460693359375 24.987819671630859375 25.2877197265625 25.29611968994140625 25.078420639038085938 24.616559982299804688 23.620439529418945312 22.698680877685546875 22.109600067138671875 21.601320266723632812
24.1305999755859375 24.147920608520507812 24.201520919799804688 24.39929962158203125 24.705280303955078125 25.000699996948242188 25.24777984619140625 25.3617401123046875 25.27848052978515625 25.151460647583007812 25.062860488891601562 25.040060043334960938 24.98477935791015625 24.846759796142578125 24.681299209594726562 24.518720626831054688 24.450960159301757812 24.4867401123046875 24.59674072265625 24.688419342041015625 24.641199111938476562 24.676219940185546875 25.461460113525390625 27.09767913818359375 -999999 -999999 -999999 -999999 26.07064056396484375 24.46714019775390625 23.550260543823242188 23.1831207275390625 23.153879165649414062 23.140399932861328125 23.0941009521484375 23.03376007080078125 22.931440353393554688 22.836339950561523438 22.861860275268554688 23.0469207763671875 23.384519577026367188 23.832899093627929688 24.359439849853515625 24.843240737915039062 25.121919631958007812 25.125499725341796875 24.901479721069335938 24.451580047607421875 23.675039291381835938 22.926279067993164062 22.370500564575195312 21.9655609130859375
24.114179611206054688 24.175100326538085938 24.27429962158203125 24.475820541381835938 24.722539901733398438 24.947559356689453125 25.169019699096679688 25.270879745483398438 25.176860809326171875 25.055620193481445312 25.0167999267578125 25.120859146118164062 25.233240127563476562 25.2393798828125 25.182399749755859375 25.025020599365234375 24.868959426879882812 24.819440841674804688 24.89073944091796875 24.965179443359375 24.853580474853515625 24.770999908447265625 25.42530059814453125 26.99127960205078125 -999999 -999999 -999999 -999999 26.770380020141601562 24.87310028076171875 23.7873992919921875 23.52906036376953125 23.74053955078125 23.860240936279296875 23.877960205078125 23.864459991455078125 23.719720840454101562 23.480499267578125 23.308879852294921875 23.296319961547851562 23.44448089599609375 23.741220474243164062 24.150600433349609375 24.554279327392578125 24.81735992431640625 24.875080108642578125 24.717119216918945312 24.344980239868164062 23.764179229736328125 23.208820343017578125 22.79669952392578125 22.587659835815429688
24.064420700073242188 24.137020111083984375 24.229259490966796875 24.385660171508789062 24.573839187622070312 24.756439208984375 24.94976043701171875 25.049219131469726562 25.03163909912109375 25.009599685668945312 25.05706024169921875 25.22602081298828125 25.4354400634765625 25.582080841064453125 25.64466094970703125 25.536039352416992188 25.373199462890625 25.318239212036132812 25.384939193725585938 25.428960800170898438 25.243560791015625 24.995759963989257812 25.33068084716796875 26.730699539184570312 28.685260772705078125 -999999 -999999 -999999 27.244920730590820312 25.057260513305664062 23.845500946044921875 23.711660385131835938 24.18881988525390625 24.40586090087890625 24.49044036865234375 24.533239364624023438 24.393659591674804688 24.066600799560546875 23.703439712524414062 23.462879180908203125 23.415159225463867188 23.556179046630859375 23.82904052734375 24.148860931396484375 24.416599273681640625 24.57659912109375 24.546159744262695312 24.322820663452148438 23.979000091552734375 23.644060134887695312 23.4071197509765625 23.368700027465820312
