data/TNO-HT-ATES/HT-ATES_NLFFS/TG415_NLDOBR__h_P50_ATES.asc
ncols        266
nrows        269
xllcorner    11500.000000000000
yllcorner    355500.000000000000
cellsize     1000.000000000000
NODATA_value  -999999
[rows 23 to 45 of 269, columns 104 to 155 of 266]
-999999 -999999 -999999 -999999 -999999 -999999 -999999 -999999 -999999 -999999 -999999 -999999 -999999 -999999 -999999 -999999 -999999 -999999 83.35590362548828125 74.7624969482421875 81.9455413818359375 97.77680206298828125 113.60283660888671875 122.828460693359375 124.48729705810546875 121.77996063232421875 118.51560211181640625 118.64483642578125 121.51920318603515625 121.37872314453125 116.02422332763671875 111.80223846435546875 111.314483642578125 111.1430816650390625 111.4287567138671875 113.696319580078125 118.54656219482421875 122.2932586669921875 121.9270172119140625 121.02848052978515625 121.8830413818359375 121.5292816162109375 119.6911773681640625 115.6339569091796875 112.57340240478515625 115.13300323486328125 118.138397216796875 118.959503173828125 121.85861968994140625 124.92028045654296875 126.39288330078125 125.7138824462890625
-999999 -999999 -999999 -999999 -999999 -999999 -999999 -999999 -999999 -999999 -999999 -999999 -999999 -999999 -999999 -999999 -999999 128.224334716796875 110.552398681640625 95.71804046630859375 92.64044189453125 102.27326202392578125 115.6075592041015625 124.47029876708984375 127.61049652099609375 127.80523681640625 127.3932037353515625 126.71790313720703125 122.92433929443359375 114.25916290283203125 104.63934326171875 100.62162017822265625 103.90940093994140625 108.53778076171875 113.12296295166015625 115.2781982421875 118.81268310546875 123.66056060791015625 124.44326019287109375 123.80100250244140625 126.30429840087890625 127.948883056640625 126.310882568359375 121.59279632568359375 117.0622406005859375 117.12020111083984375 119.38211822509765625 121.74082183837890625 125.94139862060546875 129.4008331298828125 131.0119171142578125 129.560516357421875
-999999 -999999 -999999 -999999 -999999 -999999 -999999 -999999 -999999 -999999 -999999 -999999 -999999 -999999 -999999 -999999 -999999 144.595184326171875 129.365997314453125 115.204803466796875 109.2259979248046875 112.985137939453125 120.94519805908203125 127.37400054931640625 131.3459930419921875 133.54925537109375 132.507537841796875 123.78762054443359375 107.7672576904296875 90.5284423828125 79.91924285888671875 83.8677978515625 97.05191802978515625 107.939483642578125 114.515899658203125 116.28215789794921875 118.688201904296875 123.4967193603515625 127.33840179443359375 129.44427490234375 133.321044921875 135.21551513671875 133.7688140869140625 128.5684814453125 124.54376220703125 123.97772216796875 122.454681396484375 123.461517333984375 127.118682861328125 128.4125213623046875 130.8743133544921875 131.8632049560546875
-999999 -999999 -999999 -999999 -999999 -999999 -999999 -999999 -999999 -999999 -999999 -999999 -999999 -999999 -999999 -999999 160.5023956298828125 150.655242919921875 138.19805908203125 127.0551605224609375 120.6767425537109375 120.07520294189453125 122.8119964599609375 126.2888031005859375 129.1699981689453125 129.899993896484375 123.652740478515625 103.666900634765625 79.111602783203125 64.47280120849609375 63.567501068115234375 76.5662384033203125 93.9808807373046875 107.20015716552734375 114.5809783935546875 117.43715667724609375 119.06569671630859375 122.211761474609375 126.27295684814453125 128.6049957275390625 132.6147613525390625 135.5159149169921875 135.88427734375 132.5401763916015625 130.7637176513671875 130.5397186279296875 126.35385894775390625 126.20928192138671875 130.1897125244140625 129.904205322265625 130.544403076171875 130.6663970947265625
-999999 -999999 -999999 -999999 -999999 -999999 -999999 -999999 -999999 -999999 -999999 -999999 -999999 -999999 -999999 166.82879638671875 161.9551544189453125 153.0243988037109375 142.948760986328125 133.50799560546875 126.201263427734375 121.8239593505859375 119.962799072265625 120.36319732666015625 120.15000152587890625 119.131561279296875 112.69640350341796875 92.1584014892578125 67.34760284423828125 58.46720123291015625 65.6746826171875 80.716796875 95.2819976806640625 106.711517333984375 113.81014251708984375 116.97872161865234375 118.227996826171875 119.7230377197265625 121.078277587890625 120.64959716796875 122.17595672607421875 125.62779998779296875 128.86883544921875 130.5471954345703125 131.3679962158203125 130.273162841796875 125.39483642578125 125.65792083740234375 130.9653167724609375 132.3867645263671875 130.66827392578125 126.13004302978515625
-999999 -999999 -999999 -999999 -999999 -999999 -999999 -999999 -999999 -999999 -999999 -999999 -999999 -999999 -999999 164.0943603515625 160.32763671875 153.5923614501953125 145.463592529296875 136.6999969482421875 128.1791534423828125 120.6563568115234375 114.66396331787109375 111.06368255615234375 107.7026214599609375 106.7991180419921875 105.89884185791015625 95.7256011962890625 77.50319671630859375 70.83396148681640625 77.7523193359375 88.34999847412109375 98.27866363525390625 106.811798095703125 112.81131744384765625 116.1251220703125 117.73728179931640625 118.57244110107421875 118.23296356201171875 116.35578155517578125 115.67987823486328125 118.15483856201171875 122.7601165771484375 127.045440673828125 129.184967041015625 128.1187591552734375 124.39756011962890625 125.07061767578125 129.9893646240234375 133.3400421142578125 131.678680419921875 123.811798095703125
-999999 -999999 -999999 -999999 -999999 -999999 -999999 -999999 -999999 -999999 -999999 -999999 -999999 -999999 159.5847625732421875 159.3443450927734375 156.878753662109375 152.5420989990234375 146.20166015625 138.0988006591796875 128.906402587890625 119.2806396484375 109.9626007080078125 102.05191802978515625 96.08756256103515625 95.401336669921875 98.48265838623046875 97.703399658203125 90.78227996826171875 86.92555999755859375 89.28415679931640625 94.542083740234375 100.80074310302734375 107.19455718994140625 112.54907989501953125 116.369720458984375 118.960357666015625 120.5865631103515625 120.97975921630859375 120.4226837158203125 119.73824310302734375 120.637359619140625 124.0092010498046875 128.27227783203125 131.5116729736328125 131.8007659912109375 128.9578399658203125 128.6021575927734375 132.0578765869140625 135.2451629638671875 134.1962127685546875 126.4576416015625
-999999 -999999 -999999 -999999 -999999 -999999 -999999 -999999 -999999 -999999 -999999 -999999 -999999 153.896697998046875 154.0984039306640625 153.7068023681640625 152.7972564697265625 150.5376434326171875 145.8644561767578125 138.652435302734375 129.5070343017578125 119.05840301513671875 108.06395721435546875 97.93419647216796875 90.89984130859375 89.4694976806640625 92.91513824462890625 95.91867828369140625 95.39531707763671875 94.31884002685546875 95.2113037109375 98.0182037353515625 102.3924407958984375 107.65991973876953125 112.85668182373046875 117.46051788330078125 121.5497589111328125 125.2366180419921875 128.5120849609375 128.9974822998046875 128.046234130859375 128.0407257080078125 129.9564056396484375 132.9544830322265625 135.82867431640625 137.567474365234375 137.7021942138671875 135.93731689453125 137.81719970703125 139.436767578125 138.71600341796875 132.321044921875
-999999 -999999 -999999 -999999 -999999 -999999 -999999 -999999 -999999 -999999 160.398406982421875 155.2616424560546875 152.224395751953125 150.5164031982421875 149.21783447265625 148.643798828125 148.9375152587890625 148.3790435791015625 144.9535064697265625 138.602752685546875 130.1784820556640625 120.023101806640625 109.06504058837890625 98.8870391845703125 91.7602386474609375 89.634857177734375 91.85912322998046875 94.95220184326171875 96.463043212890625 97.04778289794921875 97.9974822998046875 100.00087738037109375 103.40200042724609375 107.9771575927734375 113.1216583251953125 118.48567962646484375 124.167999267578125 130.4094390869140625 135.8935546875 137.1549530029296875 136.713165283203125 136.6013641357421875 137.652435302734375 139.6324005126953125 141.98828125 144.5295257568359375 147.4102020263671875 149.30908203125 149.3587188720703125 149.2239227294921875 147.2105560302734375 138.982513427734375
-999999 -999999 -999999 -999999 -999999 -999999 -999999 -999999 -999999 168.0179443359375 161.6331329345703125 155.6999664306640625 151.2592010498046875 148.4269256591796875 146.4151153564453125 145.0933990478515625 145.963043212890625 146.39471435546875 143.4434814453125 137.759124755859375 130.9257965087890625 121.99436187744140625 112.13687896728515625 103.0304412841796875 96.5440826416015625 93.89228057861328125 94.56298065185546875 96.5229034423828125 98.19944000244140625 99.3961029052734375 100.42215728759765625 101.7355194091796875 104.12139892578125 107.8727569580078125 112.73181915283203125 118.489959716796875 125.310699462890625 133.5492401123046875 140.1905670166015625 142.70379638671875 143.365203857421875 143.8105621337890625 144.9083251953125 146.7167205810546875 148.896881103515625 151.134765625 153.0976409912109375 154.3270416259765625 153.7425994873046875 151.45196533203125 147.061798095703125 136.5516357421875
-999999 -999999 -999999 -999999 -999999 -999999 -999999 192.071563720703125 180.68365478515625 171.287200927734375 163.4712066650390625 157.100006103515625 152.4864044189453125 149.5076751708984375 147.1526947021484375 144.04376220703125 143.1289215087890625 144.0504608154296875 142.649139404296875 137.640960693359375 132.366119384765625 125.065399169921875 116.77919769287109375 109.060516357421875 103.31137847900390625 100.28748321533203125 99.67626190185546875 100.39756011962890625 101.625 103.1790771484375 104.07823944091796875 104.06800079345703125 104.71398162841796875 107.21488189697265625 111.3790435791015625 116.92803955078125 123.98020172119140625 132.99896240234375 140.6479949951171875 144.543121337890625 146.5343017578125 148.1869049072265625 149.986724853515625 152.51611328125 155.156005859375 156.725677490234375 156.10955810546875 152.6680755615234375 148.7163543701171875 145.059326171875 139.3645172119140625 129.9774017333984375
-999999 -999999 -999999 -999999 -999999 -999999 212.1295928955078125 200.346466064453125 187.1248626708984375 175.01690673828125 165.978057861328125 159.484405517578125 155.0299530029296875 152.5502471923828125 151.115234375 147.2370758056640625 142.65594482421875 141.98016357421875 142.482879638671875 139.2270355224609375 135.03399658203125 129.215972900390625 122.57855987548828125 116.22492218017578125 111.13744354248046875 107.8073577880859375 106.1273193359375 105.67896270751953125 106.2947235107421875 108.054840087890625 108.905517578125 106.8323211669921875 105.26599884033203125 106.26792144775390625 109.4060821533203125 114.04463958740234375 120.20864105224609375 128.544403076171875 137.085723876953125 142.13787841796875 145.3878326416015625 148.3157196044921875 151.705963134765625 155.5166473388671875 159.01531982421875 160.9483642578125 159.54791259765625 153.9149169921875 146.9414825439453125 141.3100738525390625 134.9835968017578125 127.68731689453125
-999999 -999999 -999999 -999999 -999999 218.842803955078125 213.5048065185546875 203.384796142578125 189.1479949951171875 175.689605712890625 166.3860015869140625 160.6736602783203125 156.96563720703125 154.9790802001953125 154.9884033203125 152.8558349609375 146.86480712890625 143.167755126953125 143.308746337890625 141.7321014404296875 138.5139617919921875 134.1090850830078125 129.0039825439453125 123.87651824951171875 119.33287811279296875 115.74803924560546875 113.15502166748046875 111.45336151123046875 110.816497802734375 111.42028045654296875 111.25171661376953125 108.19223785400390625 105.65740203857421875 105.70131683349609375 107.765716552734375 110.77719879150390625 114.81047821044921875 121.04815673828125 129.546875 135.556243896484375 139.7618865966796875 143.93548583984375 148.832275390625 154.276123046875 159.4974365234375 163.0576019287109375 163.2778472900390625 158.99420166015625 150.2038726806640625 142.203033447265625 133.9753570556640625 127.0126800537109375
-999999 -999999 -999999 228.2859649658203125 221.14239501953125 212.8323974609375 207.612396240234375 198.5240020751953125 184.66949462890625 171.6136016845703125 163.79913330078125 160.097137451171875 157.7964019775390625 156.283782958984375 156.710205078125 156.4096832275390625 152.4410858154296875 147.675323486328125 145.7808074951171875 144.520843505859375 142.3738250732421875 139.35589599609375 135.65826416015625 131.5816192626953125 127.512359619140625 123.7500762939453125 120.39092254638671875 117.432037353515625 114.88063812255859375 112.81728363037109375 110.40087890625 107.44300079345703125 105.4584808349609375 105.7998809814453125 107.35488128662109375 108.30808258056640625 109.19339752197265625 112.2756805419921875 118.63867950439453125 125.7167205810546875 130.4824371337890625 134.966522216796875 140.79876708984375 148.042724609375 155.518524169921875 161.357757568359375 163.3512725830078125 159.999786376953125 153.6695556640625 146.15643310546875 138.01739501953125 132.441162109375
-999999 -999999 222.4380035400390625 225.9152069091796875 219.4835662841796875 209.6055755615234375 202.531158447265625 192.1968994140625 177.9124603271484375 165.7339324951171875 160.7851409912109375 159.6675567626953125 158.46124267578125 157.521820068359375 157.7487335205078125 157.5658416748046875 155.193206787109375 151.41876220703125 149.014892578125 147.8013153076171875 146.5779571533203125 144.824981689453125 142.3620452880859375 139.2088470458984375 135.5870819091796875 131.74737548828125 127.83338165283203125 123.807159423828125 119.52947998046875 114.95684051513671875 110.40296173095703125 106.75372314453125 105.56008148193359375 107.0644378662109375 108.6038818359375 107.65920257568359375 105.4447174072265625 105.37999725341796875 109.08164215087890625 114.790802001953125 119.51444244384765625 123.0540008544921875 128.4714813232421875 136.741943359375 146.0912017822265625 153.2540435791015625 157.899322509765625 157.49176025390625 153.88800048828125 151.123382568359375 148.8818359375 146.5465240478515625
-999999 210.5659942626953125 214.9091033935546875 218.3596038818359375 215.6136016845703125 208.548797607421875 200.3427581787109375 188.018798828125 172.1580352783203125 161.3671417236328125 160.3387451171875 161.3123931884765625 159.8195953369140625 158.5665130615234375 158.791839599609375 158.3077392578125 156.412017822265625 153.7176971435546875 151.8661956787109375 151.172882080078125 150.904052734375 150.35345458984375 149.0352783203125 146.7598419189453125 143.592132568359375 139.7837982177734375 135.5328826904296875 130.8031463623046875 125.32804107666015625 119.08023834228515625 112.89459991455078125 108.4914398193359375 107.6304779052734375 109.55023956298828125 110.71804046630859375 108.8515167236328125 105.41944122314453125 104.329681396484375 106.59703826904296875 109.61456298828125 111.2674407958984375 112.1584014892578125 114.886138916015625 121.42787933349609375 129.8036041259765625 138.0930328369140625 146.61236572265625 150.76727294921875 151.6154327392578125 154.2648468017578125 156.97015380859375 156.8487548828125
-999999 204.69775390625 207.520233154296875 210.2624053955078125 209.74920654296875 205.3932342529296875 197.3804779052734375 183.5623931884765625 167.92919921875 160.320404052734375 161.8975982666015625 163.5247955322265625 161.516754150390625 159.3283843994140625 159.00311279296875 158.33935546875 156.6975250244140625 154.82171630859375 153.8536376953125 154.097259521484375 154.98712158203125 155.6999664306640625 155.547882080078125 154.1536865234375 151.4866790771484375 147.768341064453125 143.368804931640625 138.3212738037109375 132.1903228759765625 124.90529632568359375 117.85968017578125 113.32747650146484375 112.3951568603515625 113.81812286376953125 115.0599212646484375 114.19448089599609375 111.88242340087890625 110.96456146240234375 111.869476318359375 111.91739654541015625 110.9547576904296875 109.518402099609375 108.07848358154296875 109.69692230224609375 113.62371826171875 118.06136322021484375 125.6089630126953125 137.956634521484375 153.483123779296875 161.0773162841796875 160.1651153564453125 157.8803558349609375
199.8709564208984375 200.7504425048828125 202.0791168212890625 203.76171875 203.7288055419921875 200.5496063232421875 192.783538818359375 179.7631988525390625 167.4335784912109375 163.006805419921875 164.020355224609375 164.0679931640625 162.2532958984375 160.00860595703125 158.8407135009765625 157.7259674072265625 156.1769561767578125 154.9261016845703125 154.882965087890625 156.2645263671875 158.4697265625 160.5385589599609375 161.5604400634765625 161.06121826171875 158.9174346923828125 155.3391571044921875 150.8767242431640625 145.8694000244140625 139.60943603515625 131.6226348876953125 123.96868133544921875 119.53568267822265625 118.32044219970703125 119.625 123.360443115234375 126.18134307861328125 125.99167633056640625 123.67003631591796875 119.88095855712890625 114.68315887451171875 111.50911712646484375 111.44364166259765625 110.594482421875 109.344482421875 107.023956298828125 106.701202392578125 113.328643798828125 131.750213623046875 157.1905670166015625 165.474761962890625 159.655242919921875 152.1341552734375
197.35687255859375 196.573486328125 196.789276123046875 197.66748046875 197.363006591796875 194.614013671875 188.4863433837890625 179.220062255859375 170.9980010986328125 167.4080352783203125 166.0264434814453125 163.7808074951171875 161.92474365234375 159.9945526123046875 158.3121185302734375 156.6879425048828125 155.113861083984375 154.295196533203125 155.05804443359375 157.56488037109375 161.086944580078125 164.4181060791015625 166.4019775390625 166.6467132568359375 165.1144866943359375 161.733245849609375 157.38909912109375 152.949798583984375 147.3754425048828125 138.8116455078125 130.1101531982421875 125.92368316650390625 124.57684326171875 125.5899200439453125 133.2926025390625 140.3967132568359375 141.296966552734375 135.75860595703125 123.85491943359375 110.9819183349609375 105.42120361328125 108.78711700439453125 115.68547821044921875 119.3462371826171875 114.4602813720703125 112.12760162353515625 119.0202789306640625 136.972442626953125 156.5188446044921875 161.8983612060546875 159.7760009765625 149.2005615234375
194.7677001953125 191.93975830078125 190.966217041015625 190.910003662109375 190.1041259765625 187.77203369140625 183.7970428466796875 178.7095794677734375 174.1716766357421875 170.3899993896484375 167.0431976318359375 163.519561767578125 161.2795562744140625 159.3795928955078125 157.4064788818359375 155.29974365234375 153.554473876953125 152.9605560302734375 154.3194427490234375 157.796875 162.5373382568359375 166.860626220703125 169.029937744140625 169.3842926025390625 168.706207275390625 166.107513427734375 162.2991180419921875 159.1858367919921875 155.560333251953125 146.3521270751953125 135.8468475341796875 132.1274871826171875 132.8164825439453125 134.0975189208984375 140.4662017822265625 145.5453033447265625 144.5112762451171875 136.85247802734375 122.47924041748046875 108.44243621826171875 104.61324310302734375 112.04560089111328125 128.2407989501953125 141.25836181640625 134.506927490234375 127.91037750244140625 130.888275146484375 145.9908447265625 157.9891204833984375 155.51495361328125 157.65423583984375 147.1461944580078125
191.492523193359375 187.6215972900390625 185.361846923828125 184.106597900390625 182.669677734375 180.540802001953125 177.6038818359375 174.8691253662109375 172.6598663330078125 169.7595977783203125 166.15447998046875 162.71575927734375 160.2177581787109375 158.297393798828125 155.935760498046875 153.1363525390625 151.105438232421875 150.6402435302734375 152.4472808837890625 156.7617950439453125 162.7191619873046875 167.9644927978515625 169.520843505859375 168.7520751953125 169.454925537109375 167.6031036376953125 164.606475830078125 163.5583648681640625 162.848907470703125 153.083465576171875 141.1827850341796875 138.13763427734375 140.2585601806640625 138.7548065185546875 137.7411956787109375 135.93731689453125 130.6719970703125 124.25583648681640625 117.50832366943359375 112.09420013427734375 113.31099700927734375 123.83740234375 141.9911651611328125 155.88568115234375 150.0417938232421875 136.6166839599609375 141.835418701171875 150.8536376953125 153.6741943359375 147.110992431640625 136.6931610107421875 130.1362762451171875
188.0547943115234375 183.514007568359375 180.4156341552734375 178.26416015625 176.0609130859375 173.8065948486328125 170.9893035888671875 168.6325836181640625 167.4546356201171875 166.1326141357421875 163.9086456298828125 160.9552154541015625 158.3188323974609375 155.880615234375 152.6923065185546875 149.2839202880859375 147.2110595703125 147.017364501953125 149.2618865966796875 154.327667236328125 161.7006072998046875 168.831817626953125 171.70184326171875 170.7512969970703125 170.5737152099609375 167.68603515625 164.907806396484375 164.789276123046875 163.6511383056640625 152.6024017333984375 143.9970855712890625 144.509796142578125 142.6678466796875 131.9696807861328125 124.1362762451171875 120.69120025634765625 114.01110076904296875 112.6219635009765625 113.95416259765625 116.4290008544921875 122.373321533203125 133.330474853515625 146.682952880859375 155.21783447265625 150.1255950927734375 134.3211212158203125 147.7347564697265625 149.4355621337890625 142.21929931640625 136.421356201171875 126.50267791748046875 120.3835601806640625
184.973419189453125 179.4534149169921875 175.832000732421875 172.9562835693359375 170.137054443359375 167.8989410400390625 165.433807373046875 162.87261962890625 161.8584136962890625 161.4168853759765625 160.3122406005859375 158.00616455078125 155.078765869140625 151.4246063232421875 147.2595672607421875 143.81732177734375 142.2637176513671875 142.5081939697265625 145.0325164794921875 150.5750732421875 159.3738861083984375 169.0016937255859375 174.9467620849609375 175.00335693359375 171.0239410400390625 166.507659912109375 163.38067626953125 162.2564239501953125 159.2334442138671875 150.6966400146484375 147.3395538330078125 149.407958984375 141.96484375 124.5882415771484375 115.0140380859375 112.6705169677734375 108.9474029541015625 109.643402099609375 113.47904205322265625 119.11067962646484375 126.82508087158203125 136.3375244140625 145.21429443359375 149.920440673828125 149.51495361328125 149.5035247802734375 151.3040771484375 145.03656005859375 133.485382080078125 126.2816009521484375 119.77808380126953125 115.9407196044921875
