data/TNO-HT-ATES/HT-ATES_NLFFS/TG419_NLDOBR__porosity_ATES.asc
ncols        266
nrows        269
xllcorner    11500.000000000000
yllcorner    355500.000000000000
cellsize     1000.000000000000
NODATA_value  -999999
[rows 115 to 137 of 269, columns 104 to 155 of 266]
-999999 -999999 -999999 -999999 -999999 -999999 23.804439544677734375 23.643339157104492188 23.447919845581054688 23.309459686279296875 23.209100723266601562 23.159620285034179688 23.134019851684570312 23.068979263305664062 22.994800567626953125 22.92407989501953125 22.801160812377929688 22.614459991455078125 22.4732208251953125 22.448339462280273438 22.454000473022460938 22.386220932006835938 22.301860809326171875 22.127660751342773438 22.029760360717773438 22.085760116577148438 22.198360443115234375 22.298379898071289062 22.361419677734375 22.377939224243164062 22.364160537719726562 22.329160690307617188 22.281280517578125 22.237119674682617188 22.216920852661132812 22.223119735717773438 22.247560501098632812 22.273759841918945312 22.276540756225585938 22.277879714965820312 22.302999496459960938 22.349840164184570312 22.380340576171875 22.444759368896484375 22.612760543823242188 22.796560287475585938 22.8493194580078125 22.834459304809570312 22.833099365234375 22.88159942626953125 22.958179473876953125 23.039239883422851562
-999999 -999999 -999999 -999999 -999999 -999999 23.790719985961914062 23.6005401611328125 23.39897918701171875 23.254520416259765625 23.1653594970703125 23.059619903564453125 22.941999435424804688 22.859180450439453125 22.785020828247070312 22.71797943115234375 22.580120086669921875 22.40670013427734375 22.288740158081054688 22.297540664672851562 22.33358001708984375 22.27899932861328125 22.203580856323242188 22.061540603637695312 21.906560897827148438 21.928220748901367188 22.105779647827148438 22.238199234008789062 22.276599884033203125 22.275499343872070312 22.251459121704101562 22.227260589599609375 22.196819305419921875 22.143339157104492188 22.10655975341796875 22.119539260864257812 22.154840469360351562 22.1942596435546875 22.21466064453125 22.206279754638671875 22.206060409545898438 22.250080108642578125 22.288440704345703125 22.330020904541015625 22.450719833374023438 22.610660552978515625 22.699619293212890625 22.762420654296875 22.8199005126953125 22.877199172973632812 22.92877960205078125 22.999460220336914062
-999999 -999999 -999999 -999999 -999999 -999999 -999999 23.546300888061523438 23.361719131469726562 23.223880767822265625 23.15225982666015625 23.062940597534179688 22.8841400146484375 22.644359588623046875 22.496580123901367188 22.482540130615234375 22.374540328979492188 22.237760543823242188 22.147159576416015625 22.1712799072265625 22.234020233154296875 22.234220504760742188 22.168859481811523438 22.061460494995117188 21.909759521484375 21.861240386962890625 21.986539840698242188 22.117380142211914062 22.158319473266601562 22.15924072265625 22.140499114990234375 22.137399673461914062 22.146900177001953125 22.117919921875 22.08300018310546875 22.078779220581054688 22.086839675903320312 22.106540679931640625 22.122859954833984375 22.114139556884765625 22.109500885009765625 22.149499893188476562 22.20751953125 22.27075958251953125 22.379980087280273438 22.5032806396484375 22.633380889892578125 22.833879470825195312 23.0256195068359375 23.143659591674804688 23.17942047119140625 23.241060256958007812
-999999 -999999 -999999 -999999 -999999 -999999 -999999 -999999 23.347759246826171875 23.211980819702148438 23.117099761962890625 23.042339324951171875 22.89608001708984375 22.615339279174804688 22.373859405517578125 22.276079177856445312 22.224939346313476562 22.179819107055664062 22.119739532470703125 22.096559524536132812 22.130960464477539062 22.160940170288085938 22.129899978637695312 22.074199676513671875 21.972980499267578125 21.848339080810546875 21.824159622192382812 21.913900375366210938 21.992399215698242188 22.015939712524414062 22.025600433349609375 22.047000885009765625 22.086980819702148438 22.083959579467773438 22.054960250854492188 22.02989959716796875 22.010820388793945312 22.009519577026367188 22.016719818115234375 22.004259109497070312 22.000879287719726562 22.035900115966796875 22.096099853515625 22.1678009033203125 22.257799148559570312 22.428300857543945312 22.721099853515625 23.105699539184570312 23.4530792236328125 23.677959442138671875 23.770599365234375 23.798360824584960938
-999999 -999999 -999999 -999999 -999999 -999999 -999999 -999999 -999999 -999999 -999999 23.01194000244140625 22.956800460815429688 22.781179428100585938 22.472120285034179688 22.182699203491210938 22.09799957275390625 22.144880294799804688 22.146940231323242188 22.071039199829101562 22.046899795532226562 22.061620712280273438 22.057300567626953125 22.046779632568359375 21.987020492553710938 21.838619232177734375 21.730539321899414062 21.759059906005859375 21.834720611572265625 21.873479843139648438 21.90554046630859375 21.946420669555664062 21.987819671630859375 21.970300674438476562 21.926340103149414062 21.90447998046875 21.898519515991210938 21.9029998779296875 21.899919509887695312 21.876560211181640625 21.873479843139648438 21.907379150390625 21.962200164794921875 22.026519775390625 22.174379348754882812 22.464040756225585938 22.9566192626953125 23.526279449462890625 24.03079986572265625 24.381420135498046875 24.55796051025390625 24.579439163208007812
-999999 -999999 -999999 -999999 -999999 -999999 -999999 -999999 -999999 -999999 -999999 22.96566009521484375 22.930820465087890625 22.824779510498046875 22.578380584716796875 22.261199951171875 22.094839096069335938 22.11035919189453125 22.126840591430664062 22.043500900268554688 21.9844207763671875 21.97183990478515625 21.981019973754882812 21.9803009033203125 21.914640426635742188 21.807180404663085938 21.735319137573242188 21.729780197143554688 21.756000518798828125 21.775499343872070312 21.796360015869140625 21.834920883178710938 21.862619400024414062 21.806379318237304688 21.716520309448242188 21.7108001708984375 21.751920700073242188 21.778720855712890625 21.775079727172851562 21.76300048828125 21.767160415649414062 21.792520523071289062 21.838659286499023438 21.982059478759765625 22.283880233764648438 22.741840362548828125 23.390539169311523438 24.1028594970703125 24.740919113159179688 25.213220596313476562 25.47776031494140625 25.528200149536132812
-999999 -999999 -999999 -999999 -999999 -999999 -999999 -999999 -999999 -999999 -999999 22.878000259399414062 22.803159713745117188 22.702840805053710938 22.573139190673828125 22.386899948120117188 22.219579696655273438 22.14485931396484375 22.108400344848632812 22.006959915161132812 21.891399383544921875 21.85366058349609375 21.887159347534179688 21.894880294799804688 21.83737945556640625 21.785139083862304688 21.751440048217773438 21.737039566040039062 21.740060806274414062 21.720159530639648438 21.695720672607421875 21.684999465942382812 21.677820205688476562 21.608140945434570312 21.513120651245117188 21.527540206909179688 21.60366058349609375 21.643680572509765625 21.644220352172851562 21.66616058349609375 21.701700210571289062 21.725940704345703125 21.794219970703125 22.089620590209960938 22.564920425415039062 23.196079254150390625 23.9654998779296875 24.78961944580078125 25.556859970092773438 26.169160842895507812 26.543600082397460938 26.634159088134765625
-999999 -999999 -999999 -999999 -999999 -999999 -999999 -999999 -999999 -999999 -999999 22.805059432983398438 22.710199356079101562 22.596639633178710938 22.516040802001953125 22.418600082397460938 22.30113983154296875 22.204900741577148438 22.123020172119140625 21.992139816284179688 21.799739837646484375 21.703279495239257812 21.738239288330078125 21.777780532836914062 21.771200180053710938 21.755720138549804688 21.72283935546875 21.696079254150390625 21.6996002197265625 21.649820327758789062 21.546720504760742188 21.467500686645507812 21.4495391845703125 21.412759780883789062 21.370880126953125 21.410139083862304688 21.493700027465820312 21.526479721069335938 21.51110076904296875 21.537740707397460938 21.606540679931640625 21.67259979248046875 21.85334014892578125 22.298200607299804688 22.920179367065429688 23.67572021484375 24.561260223388671875 25.516260147094726562 26.436279296875 27.226100921630859375 27.76045989990234375 27.88668060302734375
-999999 -999999 -999999 -999999 -999999 -999999 -999999 -999999 -999999 -999999 -999999 22.75666046142578125 22.669179916381835938 22.5587005615234375 22.469160079956054688 22.38719940185546875 22.298120498657226562 22.210580825805664062 22.118139266967773438 21.977420806884765625 21.75312042236328125 21.60301971435546875 21.60984039306640625 21.675600051879882812 21.704359054565429688 21.687219619750976562 21.631439208984375 21.536119461059570312 21.486600875854492188 21.435699462890625 21.332899093627929688 21.265359878540039062 21.274799346923828125 21.277660369873046875 21.295360565185546875 21.34857940673828125 21.407379150390625 21.4124603271484375 21.378780364990234375 21.38224029541015625 21.45413970947265625 21.589019775390625 21.932500839233398438 22.519439697265625 23.262319564819335938 24.100580215454101562 25.086019515991210938 26.211259841918945312 27.343759536743164062 28.349639892578125 29.069360733032226562 29.210420608520507812
-999999 -999999 -999999 -999999 -999999 -999999 -999999 -999999 -999999 -999999 -999999 22.707279205322265625 22.623819351196289062 22.5233001708984375 22.428079605102539062 22.340280532836914062 22.251659393310546875 22.1589202880859375 22.055639266967773438 21.91558074951171875 21.728960037231445312 21.586139678955078125 21.583179473876953125 21.65547943115234375 21.668399810791015625 21.610559463500976562 21.540979385375976562 21.384359359741210938 21.208440780639648438 21.113019943237304688 21.113599777221679688 21.200880050659179688 21.260320663452148438 21.259059906005859375 21.268720626831054688 21.301420211791992188 21.325799942016601562 21.30326080322265625 21.25592041015625 21.240419387817382812 21.295160293579101562 21.476720809936523438 21.947940826416015625 22.660360336303710938 23.511739730834960938 24.433139801025390625 25.493719100952148438 26.7597808837890625 28.122180938720703125 29.4095001220703125 30.381900787353515625 30.570600509643554688
-999999 -999999 -999999 -999999 -999999 -999999 -999999 -999999 -999999 -999999 -999999 22.668399810791015625 22.57682037353515625 22.4754791259765625 22.37599945068359375 22.280780792236328125 22.184619903564453125 22.081659317016601562 21.966600418090820312 21.830759048461914062 21.697679519653320312 21.601400375366210938 21.604539871215820312 21.655279159545898438 21.633859634399414062 21.541559219360351562 21.472059249877929688 21.340620040893554688 21.14862060546875 20.991559982299804688 21.016519546508789062 21.210199356079101562 21.313760757446289062 21.298999786376953125 21.269399642944335938 21.251520156860351562 21.2437591552734375 21.217800140380859375 21.167079925537109375 21.136240005493164062 21.164859771728515625 21.343759536743164062 21.865200042724609375 22.6530609130859375 23.594640731811523438 24.624759674072265625 25.754299163818359375 27.058420181274414062 28.53646087646484375 30.094419479370117188 31.64524078369140625 31.905939102172851562
-999999 -999999 -999999 -999999 -999999 -999999 -999999 -999999 -999999 -999999 -999999 22.625280380249023438 22.529499053955078125 22.426319122314453125 22.315639495849609375 22.217699050903320312 22.111179351806640625 22.00337982177734375 21.897100448608398438 21.794300079345703125 21.726640701293945312 21.680700302124023438 21.612859725952148438 21.579439163208007812 21.563299179077148438 21.492700576782226562 21.444200515747070312 21.349500656127929688 21.231279373168945312 21.112060546875 21.098419189453125 21.235780715942382812 21.324640274047851562 21.292280197143554688 21.258119583129882812 21.23921966552734375 21.205099105834960938 21.159120559692382812 21.113460540771484375 21.074720382690429688 21.069059371948242188 21.194620132446289062 21.674879074096679688 22.458879470825195312 23.439239501953125 24.54579925537109375 25.713100433349609375 26.977079391479492188 28.406280517578125 30.001499176025390625 31.614719390869140625 31.960880279541015625
-999999 -999999 -999999 -999999 -999999 -999999 -999999 -999999 -999999 -999999 -999999 -999999 -999999 -999999 -999999 -999999 -999999 -999999 21.840200424194335938 21.788219451904296875 21.776580810546875 21.739759445190429688 21.579799652099609375 21.458379745483398438 21.458820343017578125 21.446100234985351562 21.432279586791992188 21.35951995849609375 21.283359527587890625 21.234220504760742188 21.232120513916015625 21.290439605712890625 21.327899932861328125 21.280260086059570312 21.274820327758789062 21.2868194580078125 21.232919692993164062 21.151920318603515625 21.11157989501953125 21.068460464477539062 21.014020919799804688 21.0380401611328125 21.407239913940429688 22.100879669189453125 23.027439117431640625 24.103059768676757812 25.211139678955078125 26.382419586181640625 27.706380844116210938 29.132619857788085938 30.326139450073242188 30.7325592041015625
-999999 -999999 -999999 -999999 -999999 -999999 -999999 -999999 -999999 -999999 -999999 -999999 -999999 -999999 -999999 -999999 -999999 -999999 -999999 21.759540557861328125 21.76573944091796875 21.706140518188476562 21.5221405029296875 21.365720748901367188 21.34748077392578125 21.37342071533203125 21.3823394775390625 21.351940155029296875 21.294780731201171875 21.249340057373046875 21.272279739379882812 21.338060379028320312 21.359039306640625 21.316400527954101562 21.312000274658203125 21.327100753784179688 21.285480499267578125 21.2084197998046875 21.156560897827148438 21.089080810546875 20.980619430541992188 20.88446044921875 21.095659255981445312 21.659559249877929688 22.467639923095703125 23.395940780639648438 24.356679916381835938 25.399539947509765625 26.617519378662109375 27.907619476318359375 28.954219818115234375 29.359079360961914062
-999999 -999999 -999999 -999999 -999999 -999999 -999999 -999999 -999999 -999999 -999999 -999999 -999999 -999999 -999999 -999999 -999999 -999999 -999999 -999999 -999999 21.624980926513671875 21.438800811767578125 21.287120819091796875 21.27931976318359375 21.325000762939453125 21.326480865478515625 21.30699920654296875 21.253839492797851562 21.20124053955078125 21.22628021240234375 21.314500808715820312 21.35382080078125 21.32212066650390625 21.307500839233398438 21.326419830322265625 21.310760498046875 21.260099411010742188 21.191900253295898438 21.07585906982421875 20.922960281372070312 20.797100067138671875 20.878040313720703125 21.2709808349609375 21.900239944458007812 22.626440048217773438 23.414739608764648438 24.318759918212890625 25.401239395141601562 26.545820236206054688 27.48805999755859375 27.8977203369140625
-999999 -999999 -999999 -999999 -999999 -999999 -999999 -999999 -999999 -999999 -999999 -999999 -999999 -999999 -999999 -999999 -999999 -999999 -999999 -999999 -999999 -999999 21.337160110473632812 21.2633209228515625 21.31504058837890625 21.354740142822265625 21.32624053955078125 21.287500381469726562 21.23419952392578125 21.191659927368164062 21.205640792846679688 21.265439987182617188 21.2892608642578125 21.260580062866210938 21.245260238647460938 21.271699905395507812 21.2862396240234375 21.264059066772460938 21.186679840087890625 21.032779693603515625 20.856939315795898438 20.76103973388671875 20.769399642944335938 20.968679428100585938 21.400819778442382812 21.955659866333007812 22.58679962158203125 23.346040725708007812 24.257120132446289062 25.1981201171875 25.971500396728515625 26.403839111328125
-999999 -999999 -999999 -999999 -999999 -999999 -999999 -999999 -999999 -999999 -999999 -999999 -999999 -999999 -999999 -999999 -999999 -999999 -999999 -999999 -999999 -999999 21.294919967651367188 21.322780609130859375 21.400600433349609375 21.413000106811523438 21.354259490966796875 21.2975006103515625 21.25904083251953125 21.2390594482421875 21.2343597412109375 21.231700897216796875 21.205539703369140625 21.160100936889648438 21.143060684204101562 21.173160552978515625 21.201940536499023438 21.16931915283203125 21.071580886840820312 20.932140350341796875 20.777639389038085938 20.688720703125 20.660999298095703125 20.701900482177734375 20.9626007080078125 21.364740371704101562 21.862360000610351562 22.510860443115234375 23.252399444580078125 23.970920562744140625 24.609899520874023438 25.104799270629882812
-999999 -999999 -999999 -999999 -999999 -999999 -999999 -999999 -999999 -999999 -999999 -999999 -999999 -999999 -999999 -999999 -999999 -999999 -999999 -999999 -999999 -999999 21.336439132690429688 21.410520553588867188 21.451620101928710938 21.416400909423828125 21.344280242919921875 21.279920578002929688 21.247760772705078125 21.23683929443359375 21.21501922607421875 21.171939849853515625 21.107799530029296875 21.037000656127929688 21.004459381103515625 21.029819488525390625 21.0539398193359375 20.971599578857421875 20.82180023193359375 20.725460052490234375 20.65522003173828125 20.560579299926757812 20.485700607299804688 20.450780868530273438 20.553499221801757812 20.8004608154296875 21.20182037353515625 21.773380279541015625 22.353879928588867188 22.89788055419921875 23.468219757080078125 24.0155792236328125
-999999 -999999 -999999 -999999 -999999 -999999 -999999 -999999 -999999 -999999 -999999 -999999 -999999 -999999 -999999 -999999 -999999 -999999 -999999 -999999 -999999 21.25106048583984375 21.346040725708007812 21.436000823974609375 21.552179336547851562 -999999 -999999 -999999 21.273519515991210938 21.174459457397460938 21.135700225830078125 21.074100494384765625 20.996700286865234375 20.92285919189453125 20.886880874633789062 20.913379669189453125 21.024580001831054688 -999999 20.610059738159179688 20.519580841064453125 20.490579605102539062 20.412319183349609375 20.309780120849609375 20.259519577026367188 20.293779373168945312 20.43199920654296875 20.721599578857421875 21.15193939208984375 21.57025909423828125 21.996700286865234375 22.511339187622070312 23.063020706176757812
-999999 -999999 -999999 -999999 -999999 -999999 -999999 -999999 -999999 -999999 -999999 -999999 -999999 -999999 -999999 -999999 -999999 -999999 -999999 -999999 21.1688995361328125 21.217960357666015625 21.314340591430664062 -999999 -999999 -999999 -999999 -999999 -999999 -999999 21.049440383911132812 20.99835968017578125 -999999 -999999 -999999 -999999 -999999 -999999 20.520139694213867188 20.3894805908203125 20.305820465087890625 20.237279891967773438 20.152120590209960938 20.121580123901367188 20.206119537353515625 20.340200424194335938 20.48748016357421875 20.697359085083007812 20.970399856567382812 21.336040496826171875 21.789760589599609375 22.28697967529296875
-999999 -999999 -999999 -999999 -999999 -999999 -999999 -999999 -999999 -999999 -999999 -999999 -999999 -999999 -999999 -999999 -999999 -999999 -999999 20.91783905029296875 21.07855987548828125 -999999 -999999 -999999 -999999 -999999 -999999 -999999 -999999 -999999 -999999 -999999 -999999 -999999 -999999 -999999 -999999 20.57566070556640625 20.470699310302734375 20.297239303588867188 20.153360366821289062 20.080280303955078125 -999999 -999999 20.140600204467773438 20.285039901733398438 20.396219253540039062 20.457180023193359375 20.606500625610351562 20.922140121459960938 21.320360183715820312 21.736059188842773438
-999999 -999999 -999999 -999999 -999999 -999999 -999999 -999999 -999999 -999999 -999999 -999999 -999999 -999999 -999999 -999999 -999999 -999999 -999999 -999999 -999999 -999999 -999999 -999999 -999999 -999999 -999999 -999999 -999999 -999999 -999999 -999999 -999999 -999999 -999999 -999999 20.586099624633789062 20.553239822387695312 20.448499679565429688 20.262880325317382812 -999999 -999999 -999999 -999999 -999999 -999999 20.288639068603515625 20.294080734252929688 20.389020919799804688 20.660919189453125 21.015300750732421875 21.36595916748046875
-999999 -999999 -999999 -999999 -999999 -999999 -999999 -999999 -999999 -999999 -999999 -999999 -999999 -999999 -999999 -999999 -999999 -999999 -999999 -999999 -999999 -999999 -999999 -999999 -999999 -999999 -999999 -999999 -999999 -999999 -999999 -999999 -999999 -999999 -999999 -999999 -999999 -999999 -999999 -999999 -999999 -999999 -999999 -999999 -999999 -999999 -999999 20.13430023193359375 20.173679351806640625 20.387159347534179688 20.6813201904296875 20.9881591796875
