data/TNO-HT-ATES/HT-ATES_NLFFS/TG418_NLDOBR__ntg_ATES.asc
ncols        266
nrows        269
xllcorner    11500.000000000000
yllcorner    355500.000000000000
cellsize     1000.000000000000
NODATA_value  -999999
[rows 230 to 252 of 269, columns 100 to 149 of 266]
0.70920002460479736328 0.70240002870559692383 0.69569998979568481445 0.68963998556137084961 0.68436002731323242188 0.68006002902984619141 0.67636001110076904297 0.67330002784729003906 0.67085999250411987305 0.66905999183654785156 0.66785997152328491211 0.66725999116897583008 0.66715997457504272461 0.66755998134613037109 0.66846001148223876953 0.66982001066207885742 0.67151999473571777344 0.67361998558044433594 0.67607998847961425781 0.67887997627258300781 0.68198001384735107422 0.68533998727798461914 0.68897998332977294922 0.6928799748420715332 0.69708001613616943359 0.70147997140884399414 0.70613998174667358398 -999999 -999999 -999999 -999999 -999999 -999999 -999999 -999999 -999999 -999999 -999999 -999999 -999999 -999999 -999999 -999999 -999999 -999999 -999999 -999999 -999999 -999999 -999999
0.71082001924514770508 0.70410001277923583984 0.69793999195098876953 0.69252002239227294922 0.68786001205444335938 0.68365997076034545898 0.68010002374649047852 0.67710000276565551758 0.67470002174377441406 0.67290002107620239258 0.67170000076293945312 0.67100000381469726562 0.67085999250411987305 0.67115998268127441406 0.67195999622344970703 0.67316001653671264648 0.6748600006103515625 0.67685997486114501953 0.67922002077102661133 0.68191999197006225586 0.6849200129508972168 0.68827998638153076172 0.6919199824333190918 0.69577997922897338867 0.6999199986457824707 0.70432001352310180664 0.70902001857757568359 0.71391999721527099609 -999999 -999999 -999999 -999999 -999999 -999999 -999999 -999999 -999999 -999999 -999999 -999999 -999999 -999999 -999999 -999999 -999999 -999999 -999999 -999999 -999999 -999999
0.71215999126434326172 0.70613998174667358398 0.70068001747131347656 0.6957200169563293457 0.69125998020172119141 0.68735998868942260742 0.68389999866485595703 0.68099999427795410156 0.67869997024536132812 0.67694002389907836914 0.67570000886917114258 0.67500001192092895508 0.67479997873306274414 0.67504000663757324219 0.67580002546310424805 0.67690002918243408203 0.67846000194549560547 0.68040001392364501953 0.68276000022888183594 0.68536001443862915039 0.68835997581481933594 0.69165998697280883789 0.69521999359130859375 0.69906002283096313477 0.70326000452041625977 0.7076600193977355957 0.71236002445220947266 0.71736001968383789062 -999999 -999999 -999999 -999999 -999999 -999999 -999999 -999999 -999999 -999999 -999999 -999999 -999999 -999999 -999999 -999999 -999999 -999999 -999999 -999999 -999999 -999999
0.71413999795913696289 0.70877999067306518555 0.70371997356414794922 0.69906002283096313477 0.69485998153686523438 0.69110000133514404297 0.68779999017715454102 0.68510001897811889648 0.68283998966217041016 0.68114000558853149414 0.67989999055862426758 0.67919999361038208008 0.67893999814987182617 0.67919999361038208008 0.67984002828598022461 0.6809399724006652832 0.68243998289108276367 0.68430000543594360352 0.68660002946853637695 0.68919998407363891602 0.69209998846054077148 0.69539999961853027344 0.69889998435974121094 0.70279997587203979492 0.70690000057220458984 0.71139997243881225586 0.71609997749328613281 0.72109997272491455078 0.72630000114440917969 -999999 -999999 -999999 -999999 -999999 -999999 -999999 -999999 -999999 -999999 -999999 -999999 -999999 -999999 -999999 -999999 -999999 -999999 -999999 -999999 -999999
0.71667999029159545898 0.71161997318267822266 0.70686000585556030273 0.7024599909782409668 0.69849997758865356445 0.69499999284744262695 0.69190001487731933594 0.68923997879028320312 0.68713998794555664062 0.68544000387191772461 0.68427997827529907227 0.68357998132705688477 0.68334001302719116211 0.68353998661041259766 0.68423998355865478516 0.68523997068405151367 0.68673998117446899414 0.68853998184204101562 0.69073998928070068359 0.69334000349044799805 0.69624000787734985352 0.69950002431869506836 0.70304000377655029297 0.70690000057220458984 0.71104001998901367188 0.71549999713897705078 0.72023999691009521484 0.72523999214172363281 0.73044002056121826172 0.73549997806549072266 -999999 -999999 -999999 -999999 -999999 -999999 -999999 -999999 -999999 -999999 -999999 -999999 -999999 -999999 -999999 -999999 -999999 -999999 -999999 -999999
0.71938002109527587891 0.71461999416351318359 0.71021997928619384766 0.70605999231338500977 0.70235997438430786133 0.69900000095367431641 0.69603997468948364258 0.69363999366760253906 0.69154000282287597656 0.68997997045516967773 0.68888002634048461914 0.68818002939224243164 0.6879799962043762207 0.68818002939224243164 0.68883997201919555664 0.68988001346588134766 0.69128000736236572266 0.69313997030258178711 0.69533997774124145508 0.69788002967834472656 0.70077997446060180664 0.70398002862930297852 0.70753997564315795898 0.7113800048828125 0.715579986572265625 0.71998000144958496094 0.72478002309799194336 0.7298399806022644043 0.73479998111724853516 0.739459991455078125 -999999 -999999 -999999 -999999 -999999 -999999 -999999 -999999 -999999 -999999 -999999 -999999 -999999 -999999 -999999 -999999 -999999 -999999 -999999 -999999
0.72241997718811035156 0.71792000532150268555 0.71376001834869384766 0.70990002155303955078 0.70634001493453979492 0.70319998264312744141 0.70043998956680297852 0.69814002513885498047 0.69617998600006103516 0.69467997550964355469 0.69367998838424682617 0.69308000802993774414 0.6928799748420715332 0.69308000802993774414 0.69371998310089111328 0.69477999210357666016 0.69621998071670532227 0.69801998138427734375 0.70021998882293701172 0.7027199864387512207 0.70561999082565307617 0.70881998538970947266 0.71241998672485351562 0.7162799835205078125 0.72042000293731689453 0.72491997480392456055 0.72968000173568725586 0.73444002866744995117 0.73894000053405761719 0.74316000938415527344 0.74691998958587646484 -999999 -999999 -999999 -999999 -999999 -999999 -999999 -999999 -999999 -999999 -999999 -999999 -999999 -999999 -999999 -999999 -999999 -999999 -999999
0.72561997175216674805 0.72145998477935791016 0.71749997138977050781 0.71390002965927124023 0.71053999662399291992 0.70763999223709106445 0.70503997802734375 0.70282000303268432617 0.70102000236511230469 0.69962000846862792969 0.69871997833251953125 0.69811999797821044922 0.69801998138427734375 0.69822001457214355469 0.69892001152038574219 0.69995999336242675781 0.70142000913619995117 0.70322000980377197266 0.70542001724243164062 0.70796000957489013672 0.71086001396179199219 0.71406000852584838867 0.71766000986099243164 0.72152000665664672852 0.72571998834609985352 0.73008000850677490234 0.73448002338409423828 0.73883998394012451172 0.74286001920700073242 0.74655997753143310547 0.74997997283935546875 -999999 -999999 -999999 -999999 -999999 -999999 -999999 -999999 -999999 -999999 -999999 -999999 -999999 -999999 -999999 -999999 -999999 -999999 -999999
0.72916001081466674805 0.7251999974250793457 0.72149997949600219727 0.71814000606536865234 0.71498000621795654297 0.71223998069763183594 0.70977997779846191406 0.70778000354766845703 0.70612001419067382812 0.7048199772834777832 0.70392000675201416016 0.70345997810363769531 0.70336002111434936523 0.70366001129150390625 0.70436000823974609375 0.70546001195907592773 0.7069600224494934082 0.70876002311706542969 0.71095997095108032227 0.71350002288818359375 0.71645998954772949219 0.71965998411178588867 0.72325998544692993164 0.72702002525329589844 0.73092001676559448242 0.73497998714447021484 0.73904001712799072266 0.74290001392364501953 0.74646002054214477539 0.74971997737884521484 0.75264000892639160156 0.75520002841949462891 0.7572600245475769043 -999999 -999999 -999999 -999999 -999999 -999999 -999999 -999999 -999999 -999999 -999999 -999999 -999999 -999999 -999999 -999999 -999999
0.73295998573303222656 0.72924000024795532227 0.72574001550674438477 0.72258001565933227539 0.71968001127243041992 0.71707999706268310547 0.71482002735137939453 0.71292001008987426758 0.71135997772216796875 0.71025997400283813477 0.70946002006530761719 0.7090600132942199707 0.70899999141693115234 0.70939999818801879883 0.71009999513626098633 0.71130001544952392578 0.71280002593994140625 0.71460002660751342773 0.71684002876281738281 0.71939998865127563477 0.72229999303817749023 0.72545999288558959961 0.72872000932693481445 0.73221999406814575195 0.73588001728057861328 0.73963999748229980469 0.74330002069473266602 0.74665999412536621094 0.7497799992561340332 0.7525799870491027832 0.75503998994827270508 0.75709998607635498047 0.75875997543334960938 0.75998002290725708008 0.76073998212814331055 0.76090002059936523438 0.76090002059936523438 -999999 -999999 -999999 -999999 -999999 -999999 -999999 -999999 -999999 -999999 -999999 -999999 -999999
0.73703998327255249023 0.73353999853134155273 0.73027998208999633789 0.72732001543045043945 0.72461998462677001953 0.72222000360488891602 0.72012001276016235352 0.71836000680923461914 0.71696001291275024414 0.71590000391006469727 0.71520000696182250977 0.71490001678466796875 0.71494001150131225586 0.71539998054504394531 0.71619999408721923828 0.71733999252319335938 0.7189000248908996582 0.72079998254776000977 0.72289997339248657227 0.72535997629165649414 0.72795999050140380859 0.73085999488830566406 0.73391997814178466797 0.73717999458312988281 0.74058002233505249023 0.74393999576568603516 0.74716001749038696289 0.75002002716064453125 0.75268000364303588867 0.75503998994827270508 0.75705999135971069336 0.7586600184440612793 0.75988000631332397461 0.76064002513885498047 0.76090002059936523438 0.76090002059936523438 0.76090002059936523438 -999999 -999999 -999999 -999999 -999999 -999999 -999999 -999999 -999999 -999999 -999999 -999999 -999999
0.74147999286651611328 0.73817998170852661133 0.73518002033233642578 0.73232001066207885742 0.72982001304626464844 0.72755998373031616211 0.72566002607345581055 0.72405999898910522461 0.72280001640319824219 0.72180002927780151367 0.72123998403549194336 0.72104001045227050781 0.72114002704620361328 0.72163999080657958984 0.72244000434875488281 0.72359997034072875977 0.72500002384185791016 0.72670000791549682617 0.72865998744964599609 0.73092001676559448242 0.73331999778747558594 0.73597997426986694336 0.73887997865676879883 0.74184000492095947266 0.74489998817443847656 0.74786001443862915039 0.75062000751495361328 0.75308001041412353516 0.75524002313613891602 0.75716000795364379883 0.75871998071670532227 0.75988000631332397461 0.76064002513885498047 0.76090002059936523438 0.76090002059936523438 0.76090002059936523438 0.76090002059936523438 0.76090002059936523438 -999999 -999999 -999999 -999999 -999999 -999999 -999999 -999999 -999999 -999999 -999999 -999999
0.74594002962112426758 0.74294000864028930664 0.74018001556396484375 0.73751997947692871094 0.73522001504898071289 0.7331600189208984375 0.73136001825332641602 0.72986000776290893555 0.7286999821662902832 0.72785997390747070312 0.7272999882698059082 0.72710001468658447266 0.72719997167587280273 0.72766000032424926758 0.72835999727249145508 0.72935998439788818359 0.73066002130508422852 0.73221999406814575195 0.73401999473571777344 0.73607999086380004883 0.73838001489639282227 0.74077999591827392578 0.7434399724006652832 0.74614000320434570312 0.74886000156402587891 0.75132000446319580078 0.75357997417449951172 0.75563997030258178711 0.75739997625350952148 0.75881999731063842773 0.75992000102996826172 0.76064002513885498047 0.76090002059936523438 0.76090002059936523438 0.76090002059936523438 0.76090002059936523438 0.76090002059936523438 0.76090002059936523438 0.76090002059936523438 -999999 -999999 -999999 -999999 -999999 -999999 -999999 -999999 -999999 -999999 -999999
0.75 0.74730002880096435547 0.74474000930786132812 0.74238002300262451172 0.74023997783660888672 0.73831999301910400391 0.73672002553939819336 0.73531997203826904297 0.73422002792358398438 0.73346000909805297852 0.73295998573303222656 0.73276001214981079102 0.73281997442245483398 0.73321998119354248047 0.73382002115249633789 0.7347800135612487793 0.73592001199722290039 0.73738002777099609375 0.7389799952507019043 0.74088001251220703125 0.74294000864028930664 0.74519997835159301758 0.74760001897811889648 0.74996000528335571289 0.75221997499465942383 0.75427997112274169922 0.75613999366760253906 0.75770002603530883789 0.75901997089385986328 0.76002001762390136719 0.76064002513885498047 0.76090002059936523438 0.76090002059936523438 0.76090002059936523438 0.76090002059936523438 0.76090002059936523438 0.76090002059936523438 0.76090002059936523438 0.76090002059936523438 -999999 -999999 -999999 -999999 -999999 -999999 -999999 -999999 -999999 -999999 -999999
0.75362002849578857422 0.75116002559661865234 0.74886000156402587891 0.74669998884201049805 0.74474000930786132812 0.74304002523422241211 0.74154001474380493164 0.74027997255325317383 0.73927998542785644531 0.73857998847961425781 0.73808002471923828125 0.73787999153137207031 0.73798000812530517578 0.7382799983024597168 0.73887997865676879883 0.7396799921989440918 0.74077999591827392578 0.7420399785041809082 0.74353998899459838867 0.74529999494552612305 0.74720001220703125 0.74919998645782470703 0.75132000446319580078 0.75331997871398925781 0.75514000654220581055 0.75673997402191162109 0.75815999507904052734 0.75932002067565917969 0.76017999649047851562 0.76073998212814331055 0.76090002059936523438 0.76090002059936523438 0.76090002059936523438 0.76090002059936523438 0.76090002059936523438 0.76090002059936523438 0.76090002059936523438 0.76090002059936523438 0.76090002059936523438 -999999 -999999 -999999 -999999 -999999 -999999 -999999 -999999 -999999 -999999 -999999
0.75678002834320068359 0.75458002090454101562 0.75246000289916992188 0.75055998563766479492 0.74879997968673706055 0.74720001220703125 0.74589997529983520508 0.74474000930786132812 0.74383997917175292969 0.74313998222351074219 0.7427399754524230957 0.74254000186920166016 0.74260002374649047852 0.74283999204635620117 0.7434399724006652832 0.74414002895355224609 0.74514001607894897461 0.74629998207092285156 0.74769997596740722656 0.74926000833511352539 0.75095999240875244141 0.75275999307632446289 0.75448000431060791016 0.75603997707366943359 0.75749999284744262695 0.7586600184440612793 0.7596200108528137207 0.76038002967834472656 0.76083999872207641602 0.76090002059936523438 0.76090002059936523438 0.76090002059936523438 0.76090002059936523438 0.76090002059936523438 0.76090002059936523438 0.76090002059936523438 0.76090002059936523438 0.76090002059936523438 0.76090002059936523438 -999999 -999999 -999999 -999999 -999999 -999999 -999999 -999999 -999999 -999999 -999999
-999999 0.75748002529144287109 0.75562000274658203125 0.75392001867294311523 0.7523199915885925293 0.7509199976921081543 0.74971997737884521484 0.74866002798080444336 0.74786001443862915039 0.74725997447967529297 0.74686002731323242188 0.74669998884201049805 0.74669998884201049805 0.74699997901916503906 0.74746000766754150391 0.74816000461578369141 0.74905997514724731445 0.75006002187728881836 0.75135999917984008789 0.75271999835968017578 0.75427997112274169922 0.75573998689651489258 0.7570400238037109375 0.75819998979568481445 0.75925999879837036133 0.76002001762390136719 0.76058000326156616211 0.76090002059936523438 0.76090002059936523438 0.76090002059936523438 0.76090002059936523438 0.76090002059936523438 0.76090002059936523438 0.76090002059936523438 0.76090002059936523438 0.76090002059936523438 0.76090002059936523438 0.76090002059936523438 -999999 -999999 -999999 -999999 -999999 -999999 -999999 -999999 -999999 -999999 -999999 -999999
-999999 -999999 -999999 0.75678002834320068359 0.7553799748420715332 0.75411999225616455078 0.7530199885368347168 0.75212001800537109375 0.75142002105712890625 0.75081998109817504883 0.75046002864837646484 0.75032001733779907227 0.75036001205444335938 0.75062000751495361328 0.75102001428604125977 0.7516199946403503418 0.75242000818252563477 0.75341999530792236328 0.75451999902725219727 0.75577998161315917969 0.75694000720977783203 0.75800001621246337891 0.75896000862121582031 0.75981998443603515625 0.76038002967834472656 0.76073998212814331055 0.76090002059936523438 0.76090002059936523438 0.76090002059936523438 0.76090002059936523438 0.76090002059936523438 0.76090002059936523438 0.76090002059936523438 0.76090002059936523438 0.76090002059936523438 0.76090002059936523438 0.76090002059936523438 0.76090002059936523438 -999999 -999999 -999999 -999999 -999999 -999999 -999999 -999999 -999999 -999999 -999999 -999999
-999999 -999999 -999999 -999999 -999999 -999999 -999999 -999999 -999999 -999999 -999999 -999999 0.75348001718521118164 0.75367999076843261719 0.75407999753952026367 0.7546799778938293457 0.7553799748420715332 0.75624001026153564453 0.75723999738693237305 0.75809997320175170898 0.75896000862121582031 0.75972002744674682617 0.76028001308441162109 0.76068001985549926758 0.76090002059936523438 0.76090002059936523438 0.76090002059936523438 0.76090002059936523438 0.76090002059936523438 0.76090002059936523438 0.76090002059936523438 0.76090002059936523438 0.76090002059936523438 0.76090002059936523438 0.76090002059936523438 0.76090002059936523438 0.76090002059936523438 0.76090002059936523438 -999999 -999999 -999999 -999999 -999999 -999999 -999999 -999999 -999999 -999999 -999999 -999999
-999999 -999999 -999999 -999999 -999999 -999999 -999999 -999999 -999999 -999999 -999999 -999999 -999999 -999999 -999999 -999999 -999999 -999999 0.75915998220443725586 0.75981998443603515625 0.76028001308441162109 -999999 0.76090002059936523438 0.76090002059936523438 0.76090002059936523438 0.76090002059936523438 0.76090002059936523438 0.76090002059936523438 0.76090002059936523438 0.76090002059936523438 0.76090002059936523438 0.76090002059936523438 0.76090002059936523438 0.76090002059936523438 0.76090002059936523438 -999999 -999999 -999999 -999999 -999999 -999999 -999999 -999999 -999999 -999999 -999999 -999999 -999999 -999999 -999999
-999999 -999999 -999999 -999999 -999999 -999999 -999999 -999999 -999999 -999999 -999999 -999999 -999999 -999999 -999999 -999999 -999999 -999999 0.76047998666763305664 0.76073998212814331055 0.76090002059936523438 -999999 -999999 0.76090002059936523438 0.76090002059936523438 0.76090002059936523438 0.76090002059936523438 0.76090002059936523438 0.76090002059936523438 0.76090002059936523438 -999999 -999999 -999999 -999999 -999999 -999999 -999999 -999999 -999999 -999999 -999999 -999999 -999999 -999999 -999999 -999999 -999999 -999999 -999999 -999999
-999999 -999999 -999999 -999999 -999999 -999999 -999999 -999999 -999999 -999999 -999999 -999999 -999999 -999999 -999999 -999999 -999999 -999999 0.76090002059936523438 0.76090002059936523438 0.76090002059936523438 -999999 -999999 0.76090002059936523438 -999999 -999999 -999999 -999999 -999999 -999999 -999999 -999999 -999999 -999999 -999999 -999999 -999999 -999999 -999999 -999999 -999999 -999999 -999999 -999999 -999999 -999999 -999999 -999999 -999999 -999999
-999999 -999999 -999999 -999999 -999999 -999999 -999999 -999999 -999999 -999999 -999999 -999999 -999999 -999999 -999999 -999999 -999999 -999999 -999999 0.76090002059936523438 -999999 -999999 -999999 -999999 -999999 -999999 -999999 -999999 -999999 -999999 -999999 -999999 -999999 -999999 -999999 -999999 -999999 -999999 -999999 -999999 -999999 -999999 -999999 -999999 -999999 -999999 -999999 -999999 -999999 -999999
