data/TNO-HT-ATES/HT-ATES_NLFFS/TG415_NLDOBR__h_P50_ATES.asc
ncols        266
nrows        269
xllcorner    11500.000000000000
yllcorner    355500.000000000000
cellsize     1000.000000000000
NODATA_value  -999999
[rows 230 to 252 of 269, columns 0 to 51 of 266]
-999999 -999999 -999999 -999999 -999999 -999999 100.597198486328125 101.5238037109375 102.600799560546875 103.794403076171875 105.01959991455078125 106.170196533203125 107.1531982421875 107.81060028076171875 108.233001708984375 108.57340240478515625 106.82900238037109375 102.69460296630859375 106.26580047607421875 107.36679840087890625 110.987396240234375 111.46379852294921875 108.345001220703125 104.4965972900390625 98.53659820556640625 91.9925994873046875 86.92340087890625 83.07180023193359375 81.119598388671875 82.79119873046875 87.1826019287109375 91.81439971923828125 95.3455963134765625 96.8227996826171875 95.97260284423828125 96.92400360107421875 100.5391998291015625 104.6360015869140625 103.45099639892578125 92.89820098876953125 100.8766021728515625 103.09380340576171875 106.1457977294921875 105.856201171875 102.216400146484375 98.498199462890625 96.90920257568359375 100.77480316162109375 107.48239898681640625 115.3896026611328125 123.839996337890625 130.8802032470703125
-999999 -999999 -999999 -999999 -999999 -999999 99.5294036865234375 100.2837982177734375 101.196197509765625 102.24160003662109375 103.35959625244140625 104.477203369140625 105.52880096435546875 106.40239715576171875 107.02459716796875 107.4774017333984375 107.3097991943359375 105.9980010986328125 107.464599609375 112.22679901123046875 115.9481964111328125 112.5673980712890625 109.27500152587890625 106.6493988037109375 100.62580108642578125 95.22139739990234375 93.0966033935546875 89.70059967041015625 86.05719757080078125 86.4573974609375 89.95819854736328125 93.240997314453125 96.20420074462890625 97.96160125732421875 95.89080047607421875 95.470001220703125 99.5973968505859375 107.5614013671875 105.42099761962890625 97.626800537109375 101.88379669189453125 102.7427978515625 107.27960205078125 110.48000335693359375 107.513397216796875 103.47859954833984375 102.37640380859375 105.339599609375 111.47840118408203125 120.03780364990234375 129.2559967041015625 136.7449951171875
-999999 -999999 -999999 -999999 -999999 97.95159912109375 98.36679840087890625 98.932403564453125 99.662200927734375 100.539398193359375 101.52359771728515625 102.57360076904296875 103.654998779296875 104.720001220703125 105.7552032470703125 106.79219818115234375 107.8173980712890625 108.72280120849609375 110.6011962890625 113.9940032958984375 115.1490020751953125 110.8690032958984375 110.5894012451171875 105.8600006103515625 98.53780364990234375 95.1865997314453125 97.9051971435546875 95.86920166015625 90.95580291748046875 90.2837982177734375 92.4199981689453125 92.37920379638671875 93.57160186767578125 97.2147979736328125 95.30059814453125 92.897003173828125 98.34380340576171875 107.30539703369140625 107.2834014892578125 101.81980133056640625 100.17340087890625 105.27159881591796875 112.14060211181640625 115.32360076904296875 112.57879638671875 109.08260345458984375 108.64119720458984375 111.28220367431640625 117.5543975830078125 126.83100128173828125 136.24859619140625 142.8636016845703125
-999999 -999999 -999999 -999999 -999999 96.8914031982421875 97.10520172119140625 97.46520233154296875 97.98699951171875 98.662200927734375 99.46880340576171875 100.39420318603515625 101.44840240478515625 102.65460205078125 104.089202880859375 105.82399749755859375 107.8061981201171875 109.86139678955078125 111.914398193359375 113.2888031005859375 112.38339996337890625 109.138397216796875 106.24579620361328125 99.317596435546875 95.00080108642578125 98.79419708251953125 100.95099639892578125 97.63520050048828125 93.02719879150390625 92.83460235595703125 94.40959930419921875 92.2537994384765625 91.2801971435546875 96.34380340576171875 95.35959625244140625 94.84999847412109375 101.0968017578125 108.33699798583984375 110.16840362548828125 107.96099853515625 107.63159942626953125 114.473602294921875 121.352996826171875 119.00060272216796875 117.51560211181640625 114.8634033203125 114.125396728515625 117.237396240234375 124.5204010009765625 134.691192626953125 144.0988006591796875 149.429595947265625
-999999 -999999 -999999 -999999 -999999 95.75060272216796875 95.7519989013671875 95.89299774169921875 96.183197021484375 96.61859893798828125 97.1959991455078125 97.9326019287109375 98.8769989013671875 100.1154022216796875 101.76959991455078125 103.94139862060546875 106.5301971435546875 109.18060302734375 111.37259674072265625 112.22699737548828125 110.75420379638671875 107.21219635009765625 102.12580108642578125 96.4741973876953125 101.37220001220703125 105.81279754638671875 98.97299957275390625 96.62180328369140625 91.52320098876953125 93.6902008056640625 95.897796630859375 94.82199859619140625 93.17420196533203125 94.287200927734375 93.8246002197265625 96.1533966064453125 102.762603759765625 110.007598876953125 113.67120361328125 113.97100067138671875 114.84279632568359375 119.56020355224609375 122.60019683837890625 117.37259674072265625 119.92559814453125 120.98380279541015625 118.9718017578125 122.7350006103515625 131.8966064453125 142.91900634765625 151.621002197265625 155.433807373046875
-999999 -999999 -999999 -999999 -999999 94.52480316162109375 94.316802978515625 94.23200225830078125 94.27100372314453125 94.43219757080078125 94.7313995361328125 95.21240234375 95.962799072265625 97.10379791259765625 98.7852020263671875 101.10160064697265625 103.93720245361328125 106.87359619140625 109.29740142822265625 110.47820281982421875 109.6885986328125 106.70240020751953125 101.75440216064453125 97.76799774169921875 99.0240020751953125 98.1414031982421875 97.3323974609375 96.52020263671875 92.97699737548828125 95.19080352783203125 96.91699981689453125 96.3173980712890625 94.3975982666015625 93.05879974365234375 93.50579833984375 97.06580352783203125 103.57399749755859375 110.4906005859375 115.04540252685546875 116.8114013671875 117.61119842529296875 118.9906005859375 119.1414031982421875 116.37000274658203125 117.17279815673828125 121.53260040283203125 120.47979736328125 127.052398681640625 139.397796630859375 150.791595458984375 157.01739501953125 158.45660400390625
-999999 -999999 -999999 -999999 93.6938018798828125 93.21579742431640625 92.80860137939453125 92.4980010986328125 92.27459716796875 92.13739776611328125 92.11640167236328125 92.28859710693359375 92.7740020751953125 93.72260284423828125 95.29019927978515625 97.55879974365234375 100.4033966064453125 103.427398681640625 106.072998046875 107.774200439453125 108.0055999755859375 106.3865966796875 102.781402587890625 98.7855987548828125 96.26399993896484375 92.21099853515625 90.0655975341796875 93.34059906005859375 97.1757965087890625 98.04380035400390625 97.7350006103515625 97.01560211181640625 95.335601806640625 93.981597900390625 94.647003173828125 97.966796875 103.39859771728515625 109.16699981689453125 113.32939910888671875 115.0426025390625 114.90219879150390625 113.887603759765625 112.19080352783203125 111.20040130615234375 114.32779693603515625 120.1190032958984375 123.54199981689453125 134.5995941162109375 148.07440185546875 156.821197509765625 158.691192626953125 157.0243988037109375
-999999 -999999 -999999 -999999 92.4907989501953125 91.819000244140625 91.23419952392578125 90.71019744873046875 90.22519683837890625 89.776397705078125 89.41179656982421875 89.23780059814453125 89.410797119140625 90.11100006103515625 91.49700164794921875 93.63559722900390625 96.39600372314453125 99.41139984130859375 102.1977996826171875 104.2969970703125 105.3119964599609375 104.875396728515625 102.658203125 99.1100006103515625 95.25620269775390625 90.75420379638671875 88.29840087890625 91.9105987548828125 96.076202392578125 97.983001708984375 98.01740264892578125 97.339996337890625 96.06259918212890625 95.07740020751953125 95.576202392578125 97.97699737548828125 101.84279632568359375 105.93199920654296875 108.7519989013671875 109.30120086669921875 107.477203369140625 103.8730010986328125 99.6156005859375 98.1681976318359375 103.78759765625 114.3079986572265625 125.78179931640625 145.1533966064453125 155.2324066162109375 160.8217926025390625 158.167999267578125 153.62359619140625
-999999 -999999 -999999 -999999 91.13680267333984375 90.332000732421875 89.6024017333984375 88.89499664306640625 88.1660003662109375 87.40899658203125 86.69139862060546875 86.1529998779296875 85.98960113525390625 86.410400390625 87.59020233154296875 89.59239959716796875 92.2740020751953125 95.2781982421875 98.16400146484375 100.54940032958984375 102.11660003662109375 102.53659820556640625 101.494598388671875 99.068603515625 95.9008026123046875 92.77300262451171875 91.36879730224609375 93.25879669189453125 96.199798583984375 97.73419952392578125 97.8863983154296875 97.2798004150390625 96.249603271484375 95.42040252685546875 95.5276031494140625 96.8473968505859375 99.061798095703125 101.28459930419921875 102.3634033203125 101.29239654541015625 97.45159912109375 90.9499969482421875 83.46759796142578125 80.52159881591796875 87.74919891357421875 102.490997314453125 120.95420074462890625 142.3285980224609375 155.6083984375 157.742401123046875 155.0695953369140625 153.61480712890625
-999999 -999999 -999999 -999999 89.63500213623046875 88.75119781494140625 87.93579864501953125 87.098602294921875 86.1660003662109375 85.12640380859375 84.067596435546875 83.16739654541015625 82.6548004150390625 82.77320098876953125 83.7313995361328125 85.6045989990234375 88.242401123046875 91.27680206298828125 94.28040313720703125 96.90899658203125 98.89800262451171875 99.98040008544921875 99.920196533203125 98.74340057373046875 96.914398193359375 95.2014007568359375 94.52880096435546875 95.39099884033203125 96.82659912109375 97.57199859619140625 97.47139739990234375 96.8018035888671875 95.82039642333984375 94.94499969482421875 94.61319732666015625 94.97319793701171875 95.76940155029296875 96.36679840087890625 95.927398681640625 93.5785980224609375 88.5070037841796875 80.4980010986328125 71.755401611328125 68.70960235595703125 76.1327972412109375 92.197998046875 113.3820037841796875 136.2581939697265625 152.52520751953125 156.5679931640625 152.9770050048828125 154.38580322265625
-999999 -999999 -999999 88.91120147705078125 87.97519683837890625 87.08660125732421875 86.27159881591796875 85.38939666748046875 84.322998046875 83.0518035888671875 81.69120025634765625 80.45220184326171875 79.585601806640625 79.37220001220703125 80.08080291748046875 81.82080078125 84.428802490234375 87.51360321044921875 90.65200042724609375 93.511199951171875 95.84639739990234375 97.44339752197265625 98.14040374755859375 97.96579742431640625 97.2317962646484375 96.4552001953125 96.15419769287109375 96.50440216064453125 97.03659820556640625 97.15540313720703125 96.75360107421875 95.95059967041015625 94.91500091552734375 93.9214019775390625 93.2256011962890625 92.88320159912109375 92.68379974365234375 92.17420196533203125 90.78639984130859375 87.8809967041015625 82.80120086669921875 75.43979644775390625 68.01580047607421875 65.75820159912109375 72.28179931640625 87.4044036865234375 108.5594024658203125 130.6735992431640625 146.398406982421875 151.404205322265625 151.4691925048828125 150.6959991455078125
-999999 -999999 -999999 87.15720367431640625 86.1488037109375 85.3560028076171875 84.66339874267578125 83.8560028076171875 82.75679779052734375 81.33100128173828125 79.72899627685546875 78.1956024169921875 76.98439788818359375 76.415802001953125 76.8545989990234375 78.4441986083984375 80.99579620361328125 84.09619903564453125 87.32399749755859375 90.36080169677734375 92.964599609375 94.9438018798828125 96.177001953125 96.6826019287109375 96.66619873046875 96.4718017578125 96.4087982177734375 96.54219818115234375 96.62860107421875 96.39040374755859375 95.77700042724609375 94.8585968017578125 93.75820159912109375 92.66300201416015625 91.7261962890625 90.9589996337890625 90.18979644775390625 89.10520172119140625 87.3336029052734375 84.46779632568359375 80.14600372314453125 74.54540252685546875 69.35980224609375 68.12200164794921875 73.97879791259765625 87.80879974365234375 107.20639801025390625 126.59780120849609375 140.18359375 145.7610015869140625 147.7129974365234375 149.4900054931640625
-999999 -999999 -999999 85.09980010986328125 84.15360260009765625 83.59059906005859375 83.184600830078125 82.6139984130859375 81.61199951171875 80.12380218505859375 78.34960174560546875 76.58679962158203125 75.0821990966796875 74.1732025146484375 74.3358001708984375 75.742401123046875 78.17079925537109375 81.18360137939453125 84.38719940185546875 87.4833984375 90.2328033447265625 92.4517974853515625 94.029998779296875 94.96820068359375 95.40779876708984375 95.5861968994140625 95.7050018310546875 95.79019927978515625 95.7073974609375 95.3227996826171875 94.6248016357421875 93.6717987060546875 92.5637969970703125 91.4380035400390625 90.3972015380859375 89.44080352783203125 88.44300079345703125 87.192596435546875 85.46099853515625 83.04199981689453125 79.82540130615234375 76.10720062255859375 73.09940338134765625 73.191802978515625 78.8932037353515625 91.08840179443359375 107.51779937744140625 123.42299652099609375 134.7144012451171875 140.45159912109375 143.4886016845703125 146.87579345703125
-999999 -999999 -999999 82.742401123046875 81.9907989501953125 81.83159637451171875 81.93379974365234375 81.81939697265625 81.0821990966796875 79.6118011474609375 77.67859649658203125 75.74639892578125 74.07379913330078125 72.860198974609375 72.76760101318359375 73.95880126953125 76.160797119140625 78.94480133056640625 81.96179962158203125 84.947601318359375 87.6750030517578125 89.96900177001953125 91.722198486328125 92.917999267578125 93.6531982421875 94.09459686279296875 94.3766021728515625 94.5110015869140625 94.421600341796875 94.04380035400390625 93.388397216796875 92.50479888916015625 91.47899627685546875 90.417999267578125 89.40200042724609375 88.4364013671875 87.441802978515625 86.28620147705078125 84.8600006103515625 83.1179962158203125 81.104400634765625 79.10359954833984375 77.94680023193359375 79.19000244140625 84.5780029296875 94.74579620361328125 107.9571990966796875 120.727996826171875 130.246795654296875 136.0225982666015625 139.7053985595703125 143.136993408203125
-999999 -999999 -999999 80.12380218505859375 79.64820098876953125 80.11199951171875 81.0258026123046875 81.6714019775390625 81.419403076171875 80.04759979248046875 77.856201171875 75.54959869384765625 73.76619720458984375 72.408599853515625 72.26799774169921875 73.27559661865234375 75.13800048828125 77.52339935302734375 80.16919708251953125 82.8527984619140625 85.37139892578125 87.5670013427734375 89.3394012451171875 90.660797119140625 91.5861968994140625 92.2256011962890625 92.662200927734375 92.90360260009765625 92.90920257568359375 92.647796630859375 92.13700103759765625 91.4197998046875 90.56600189208984375 89.65959930419921875 88.7689971923828125 87.910400390625 87.04579925537109375 86.110198974609375 85.0858001708984375 84.031402587890625 83.0634002685546875 82.402801513671875 82.5652008056640625 84.49199676513671875 89.32019805908203125 97.52660369873046875 107.9718017578125 118.268402099609375 126.44860076904296875 132.108795166015625 136.1761932373046875 139.650604248046875
-999999 -999999 78.707916259765625 77.2555389404296875 77.0775604248046875 78.40670013427734375 80.53778076171875 82.35764312744140625 82.93347930908203125 81.89092254638671875 79.50344085693359375 76.60880279541015625 74.419403076171875 73.27919769287109375 73.162200927734375 73.8654022216796875 75.1999969482421875 76.98819732666015625 79.06980133056640625 81.266998291015625 83.40540313720703125 85.34839630126953125 87.00620269775390625 88.34020233154296875 89.3715972900390625 90.15419769287109375 90.73439788818359375 91.1156005859375 91.27519989013671875 91.20240020751953125 90.91159820556640625 90.43399810791015625 89.8188018798828125 89.13079833984375 88.42620086669921875 87.73040008544921875 87.03679656982421875 86.33080291748046875 85.651397705078125 85.10739898681640625 84.841796875 85.02700042724609375 85.960601806640625 88.1826019287109375 92.41840362548828125 99.02500152587890625 107.285400390625 115.615997314453125 122.660003662109375 128.0399932861328125 132.23199462890625 135.7928009033203125
-999999 -999999 -999999 74.1988372802734375 74.17530059814453125 76.5370025634765625 80.385223388671875 83.928436279296875 85.7715606689453125 85.4553985595703125 83.3747406005859375 80.43070220947265625 77.893402099609375 76.341796875 75.677001953125 75.68340301513671875 76.22840118408203125 77.22840118408203125 78.5843963623046875 80.152801513671875 81.78800201416015625 83.367401123046875 84.81020355224609375 86.06819915771484375 87.126800537109375 88.00119781494140625 88.70400238037109375 89.23580169677734375 89.58319854736328125 89.7422027587890625 89.7165985107421875 89.52320098876953125 89.18779754638671875 88.751800537109375 88.2552032470703125 87.72499847412109375 87.1735992431640625 86.62079620361328125 86.136199951171875 85.84999847412109375 85.919403076171875 86.4998016357421875 87.77179718017578125 90.04419708251953125 93.76540374755859375 99.16259765625 105.7686004638671875 112.54940032958984375 118.5930023193359375 123.5688018798828125 127.67060089111328125 131.195404052734375
-999999 -999999 -999999 71.1560211181640625 70.8677215576171875 74.2566986083984375 80.37149810791015625 86.20452117919921875 89.57784271240234375 90.0556182861328125 88.4907379150390625 85.76148223876953125 82.89356231689453125 80.63379669189453125 79.1024017333984375 78.17919921875 77.79399871826171875 77.91480255126953125 78.47319793701171875 79.35379791259765625 80.4311981201171875 81.5966033935546875 82.76740264892578125 83.88539886474609375 84.910400390625 85.82599639892578125 86.626800537109375 87.3061981201171875 87.85479736328125 88.26580047607421875 88.53040313720703125 88.6436004638671875 88.60359954833984375 88.42420196533203125 88.12619781494140625 87.727996826171875 87.24880218505859375 86.731597900390625 86.26760101318359375 86.0059967041015625 86.12560272216796875 86.77880096435546875 88.102996826171875 90.28179931640625 93.5670013427734375 98.0706024169921875 103.4626007080078125 109.05999755859375 114.2498016357421875 118.763397216796875 122.64620208740234375 126.040802001953125
-999999 -999999 -999999 -999999 67.82082366943359375 72.15238189697265625 80.5115203857421875 88.64105987548828125 93.2509002685546875 94.15708160400390625 92.97197723388671875 90.453643798828125 87.41359710693359375 84.6254425048828125 82.33686065673828125 80.55780029296875 79.30712127685546875 78.60379791259765625 78.41100311279296875 78.64040374755859375 79.1847991943359375 79.9423980712890625 80.82879638671875 81.77339935302734375 82.72119903564453125 83.6396026611328125 84.5110015869140625 85.3267974853515625 86.078399658203125 86.7498016357421875 87.31659698486328125 87.74420166015625 87.99900054931640625 88.063201904296875 87.9329986572265625 87.6134033203125 87.123199462890625 86.52159881591796875 85.92839813232421875 85.52320098876953125 85.50579833984375 86.04199981689453125 87.251800537109375 89.2447967529296875 92.14299774169921875 95.96739959716796875 100.466400146484375 105.1750030517578125 109.67240142822265625 113.7407989501953125 117.35759735107421875 120.5746002197265625
-999999 -999999 -999999 -999999 66.26457977294921875 71.18389892578125 80.413299560546875 89.43271636962890625 94.22699737548828125 95.56833648681640625 95.05126190185546875 92.97882080078125 90.11937713623046875 87.18065643310546875 84.45915985107421875 82.091217041015625 80.19603729248046875 78.85456085205078125 78.06600189208984375 77.766998291015625 77.86640167236328125 78.27179718017578125 78.89679718017578125 79.66500091552734375 80.51439666748046875 81.4087982177734375 82.3303985595703125 83.2704010009765625 84.21900177001953125 85.1533966064453125 86.0281982421875 86.7707977294921875 87.31079864501953125 87.5951995849609375 87.59400177001953125 87.296600341796875 86.71720123291015625 85.932403564453125 85.09999847412109375 84.43759918212890625 84.17240142822265625 84.48480224609375 85.487396240234375 87.24019622802734375 89.77880096435546875 93.0630035400390625 96.88880157470703125 100.9272003173828125 104.87619781494140625 108.55719757080078125 111.91280364990234375 114.94139862060546875
-999999 -999999 -999999 -999999 65.768157958984375 70.598602294921875 78.90313720703125 86.9676971435546875 91.32869720458984375 93.55673980712890625 94.03923797607421875 92.7321624755859375 90.42690277099609375 87.709320068359375 84.9095611572265625 82.28235626220703125 80.0425567626953125 78.3247833251953125 77.16069793701171875 76.50943756103515625 76.2969970703125 76.438201904296875 76.85260009765625 77.464996337890625 78.21920013427734375 79.0802001953125 80.035797119140625 81.08480072021484375 82.22280120849609375 83.41840362548828125 84.60160064697265625 85.65979766845703125 86.47460174560546875 86.95400238037109375 87.0449981689453125 86.7198028564453125 85.9884033203125 84.94699859619140625 83.79720306396484375 82.79940032958984375 82.21600341796875 82.24559783935546875 82.9927978515625 84.48200225830078125 86.6869964599609375 89.52500152587890625 92.82659912109375 96.34799957275390625 99.86260223388671875 103.2180023193359375 106.33899688720703125 109.18979644775390625
-999999 -999999 -999999 -999999 64.64022064208984375 69.0216827392578125 75.91493988037109375 82.76837921142578125 87.2790374755859375 89.777801513671875 90.64119720458984375 90.01805877685546875 88.37001800537109375 86.07057952880859375 83.4635162353515625 80.886199951171875 78.6111602783203125 76.80088043212890625 75.505279541015625 74.69840240478515625 74.3232421875 74.30999755859375 74.58499908447265625 75.08460235595703125 75.7615966796875 76.59079742431640625 77.57039642333984375 78.71140289306640625 80.0204010009765625 81.46700286865234375 82.9553985595703125 84.32520294189453125 85.4051971435546875 86.06279754638671875 86.218597412109375 85.82700347900390625 84.8954010009765625 83.546600341796875 82.026397705078125 80.64260101318359375 79.69699859619140625 79.41120147705078125 79.8863983154296875 81.1156005859375 83.020599365234375 85.48999786376953125 88.37220001220703125 91.4828033447265625 94.64479827880859375 97.7241973876953125 100.63520050048828125 103.3227996826171875
-999999 -999999 -999999 60.668239593505859375 62.194179534912109375 66.1812591552734375 72.019561767578125 77.8410797119140625 82.04949951171875 84.42652130126953125 85.38603973388671875 85.23486328125 84.1467437744140625 82.32791900634765625 80.11660003662109375 77.86566162109375 75.84490203857421875 74.2100372314453125 73.01265716552734375 72.2392425537109375 71.850860595703125 71.79498291015625 72.0146026611328125 72.45760345458984375 73.0879974365234375 73.89240264892578125 74.8809967041015625 76.0843963623046875 77.5301971435546875 79.20439910888671875 80.9871978759765625 82.662200927734375 84.00319671630859375 84.82959747314453125 85.02500152587890625 84.544403076171875 83.3990020751953125 81.716400146484375 79.79180145263671875 77.986602783203125 76.65540313720703125 76.046600341796875 76.261199951171875 77.2574005126953125 78.908599853515625 81.072998046875 83.61840057373046875 86.39739990234375 89.2628021240234375 92.097198486328125 94.81060028076171875 97.3361968994140625
