data/TNO-HT-ATES/HT-ATES_NLFFS/TG419_NLDOBR__porosity_ATES.asc
ncols        266
nrows        269
xllcorner    11500.000000000000
yllcorner    355500.000000000000
cellsize     1000.000000000000
NODATA_value  -999999
[rows 92 to 114 of 269, columns 208 to 259 of 266]
28.989139556884765625 28.52249908447265625 28.091060638427734375 28.379140853881835938 29.119659423828125 29.935359954833984375 30.67704010009765625 31.288499832153320312 31.790340423583984375 32.11801910400390625 32.25376129150390625 32.29644012451171875 32.408199310302734375 32.714801788330078125 33.149501800537109375 33.5166015625 33.65148162841796875 -999999 -999999 -999999 33.543140411376953125 33.56021881103515625 33.641300201416015625 33.7677001953125 33.876079559326171875 33.8718414306640625 33.330699920654296875 32.181301116943359375 31.346660614013671875 32.003559112548828125 33.094940185546875 33.266880035400390625 33.234039306640625 33.240020751953125 33.324779510498046875 33.44892120361328125 33.53736114501953125 33.6334381103515625 33.68988037109375 33.644458770751953125 33.60314178466796875 33.600559234619140625 33.579959869384765625 33.565639495849609375 33.560359954833984375 33.574901580810546875 33.588481903076171875 33.586780548095703125 33.5860595703125 -999999 -999999 -999999
29.124940872192382812 29.345579147338867188 29.064119338989257812 28.6913604736328125 29.059780120849609375 30.168060302734375 31.1753997802734375 31.808500289916992188 32.19435882568359375 32.377559661865234375 32.43347930908203125 32.36640167236328125 32.353038787841796875 32.621219635009765625 33.07823944091796875 33.496181488037109375 33.945499420166015625 -999999 -999999 33.707721710205078125 33.75930023193359375 33.763401031494140625 33.799320220947265625 33.83731842041015625 33.832340240478515625 33.684619903564453125 33.129039764404296875 31.82649993896484375 30.347539901733398438 30.419500350952148438 31.838460922241210938 32.84912109375 33.035400390625 33.08480072021484375 33.181720733642578125 33.30049896240234375 33.373138427734375 33.436920166015625 33.429401397705078125 33.30255889892578125 33.229839324951171875 33.241878509521484375 33.245021820068359375 33.264801025390625 33.27674102783203125 33.3204193115234375 33.36228179931640625 33.396961212158203125 33.431060791015625 -999999 -999999 -999999
28.908479690551757812 29.346220016479492188 29.700040817260742188 29.58950042724609375 29.782140731811523438 30.901479721069335938 31.9407196044921875 32.239238739013671875 32.144481658935546875 32.081340789794921875 32.15850067138671875 32.2749786376953125 32.409820556640625 32.691680908203125 33.0923614501953125 33.4810791015625 33.75839996337890625 33.84574127197265625 33.83660125732421875 33.861660003662109375 33.907459259033203125 33.918079376220703125 33.919940948486328125 33.852458953857421875 33.702320098876953125 33.454799652099609375 33.013698577880859375 31.97808074951171875 30.242979049682617188 29.350719451904296875 30.290300369262695312 31.971160888671875 32.854038238525390625 32.979778289794921875 33.084140777587890625 33.18489837646484375 33.228740692138671875 33.255878448486328125 33.2248992919921875 33.084621429443359375 32.9844818115234375 32.96920013427734375 32.97898101806640625 33.03910064697265625 33.091800689697265625 33.1446990966796875 33.176998138427734375 33.235439300537109375 33.2856597900390625 -999999 -999999 -999999
28.844860076904296875 29.113920211791992188 29.691980361938476562 30.188280105590820312 30.81761932373046875 31.905740737915039062 32.883258819580078125 32.859241485595703125 31.895200729370117188 31.1600799560546875 30.867279052734375 30.90998077392578125 31.594219207763671875 32.528659820556640625 33.12348175048828125 33.43791961669921875 33.7444000244140625 33.90290069580078125 33.939319610595703125 33.94789886474609375 33.96929931640625 33.962299346923828125 33.920978546142578125 33.805240631103515625 33.617359161376953125 33.32727813720703125 32.861480712890625 32.176761627197265625 30.73979949951171875 29.347400665283203125 29.370540618896484375 31.037860870361328125 32.5752410888671875 32.9230194091796875 33.018520355224609375 33.116241455078125 33.150241851806640625 33.155681610107421875 33.120941162109375 33.005359649658203125 32.900379180908203125 32.86305999755859375 32.866939544677734375 32.924121856689453125 32.990558624267578125 33.0380401611328125 33.056301116943359375 33.122058868408203125 33.179901123046875 -999999 -999999 -999999
29.004619598388671875 29.198879241943359375 29.607000350952148438 30.230440139770507812 31.038219451904296875 32.062038421630859375 33.138019561767578125 33.4584808349609375 32.2078399658203125 30.872579574584960938 29.834600448608398438 29.397279739379882812 30.180919647216796875 31.84954071044921875 33.0586395263671875 33.4336395263671875 33.681598663330078125 33.84033966064453125 33.887279510498046875 33.86177825927734375 33.86125946044921875 33.863040924072265625 33.831340789794921875 33.7520599365234375 33.630939483642578125 33.38880157470703125 32.90557861328125 32.26171875 31.170660018920898438 29.859300613403320312 29.275140762329101562 30.563959121704101562 32.225261688232421875 32.883098602294921875 32.971179962158203125 33.081478118896484375 33.122501373291015625 33.123180389404296875 33.09783935546875 33.007640838623046875 32.91918182373046875 32.873538970947265625 32.876781463623046875 32.9225616455078125 32.9791412353515625 33.01155853271484375 33.025241851806640625 33.092258453369140625 33.14839935302734375 -999999 -999999 -999999
29.320959091186523438 29.58251953125 29.867519378662109375 30.26342010498046875 30.7897796630859375 31.497379302978515625 32.31948089599609375 32.75460052490234375 32.21791839599609375 31.196420669555664062 30.0498199462890625 29.293180465698242188 29.483600616455078125 30.775480270385742188 32.332340240478515625 33.25202178955078125 33.59442138671875 33.7205810546875 33.743740081787109375 33.687679290771484375 33.65245819091796875 33.6618194580078125 33.689220428466796875 33.690959930419921875 33.642101287841796875 33.4690399169921875 33.049381256103515625 32.372638702392578125 31.458040237426757812 30.230060577392578125 29.462839126586914062 30.433099746704101562 32.029140472412109375 32.88565826416015625 32.97891998291015625 33.082538604736328125 33.113201141357421875 33.09574127197265625 33.073520660400390625 33.004138946533203125 32.92559814453125 32.8881988525390625 32.92105865478515625 32.983379364013671875 33.032360076904296875 33.03871917724609375 33.037540435791015625 33.097980499267578125 33.150119781494140625 -999999 -999999 -999999
29.681560516357421875 30.04965972900390625 30.318960189819335938 30.631959915161132812 30.856000900268554688 31.156919479370117188 31.516180038452148438 31.6795806884765625 31.549800872802734375 31.184160232543945312 30.577320098876953125 29.990159988403320312 29.768840789794921875 30.135919570922851562 31.006799697875976562 31.896600723266601562 32.559299468994140625 33.21643829345703125 33.586578369140625 33.55300140380859375 33.501239776611328125 33.498920440673828125 33.55448150634765625 33.6004791259765625 33.556041717529296875 33.399898529052734375 33.084941864013671875 32.498638153076171875 31.679019927978515625 30.483280181884765625 29.6389007568359375 30.421199798583984375 31.995000839233398438 32.938480377197265625 33.05326080322265625 33.135601043701171875 33.1381988525390625 33.102741241455078125 33.117221832275390625 33.0947418212890625 33.032581329345703125 32.9949188232421875 33.05757904052734375 33.141941070556640625 33.1744384765625 33.15560150146484375 33.14331817626953125 33.18579864501953125 -999999 -999999 -999999 -999999
29.933620452880859375 30.480960845947265625 30.78665924072265625 31.038600921630859375 31.065059661865234375 31.068399429321289062 31.089460372924804688 31.019359588623046875 30.899499893188476562 30.7898406982421875 30.630239486694335938 30.425340652465820312 30.250080108642578125 30.187540054321289062 30.230119705200195312 30.34767913818359375 30.618139266967773438 31.569459915161132812 32.819339752197265625 33.458759307861328125 33.514461517333984375 33.504058837890625 33.52751922607421875 33.545101165771484375 33.476001739501953125 33.318981170654296875 33.0756988525390625 32.63397979736328125 32.00640106201171875 30.8941802978515625 29.946279525756835938 30.396619796752929688 31.817380905151367188 32.904781341552734375 33.16680145263671875 33.260921478271484375 33.229801177978515625 33.2024383544921875 33.279041290283203125 33.332401275634765625 33.316440582275390625 33.270481109619140625 33.31703948974609375 33.38372039794921875 33.379199981689453125 33.336719512939453125 33.32051849365234375 33.341739654541015625 -999999 -999999 -999999 -999999
29.919179916381835938 30.540500640869140625 30.928539276123046875 31.127199172973632812 31.13339996337890625 31.045820236206054688 30.881740570068359375 30.674579620361328125 30.53787994384765625 30.475660324096679688 30.411439895629882812 30.35861968994140625 30.2897796630859375 30.26416015625 30.188079833984375 29.835859298706054688 29.359600067138671875 29.766839981079101562 31.296100616455078125 32.89395904541015625 33.598300933837890625 33.702121734619140625 33.7260589599609375 33.710918426513671875 33.65380096435546875 33.528900146484375 33.312740325927734375 32.938159942626953125 32.502780914306640625 31.63520050048828125 30.672899246215820312 30.68354034423828125 31.56446075439453125 32.562679290771484375 33.11029815673828125 33.369159698486328125 33.355998992919921875 33.371700286865234375 33.4779815673828125 33.609958648681640625 33.656299591064453125 33.6028594970703125 33.606861114501953125 33.653278350830078125 33.633518218994140625 33.58950042724609375 33.56581878662109375 33.572940826416015625 -999999 -999999 -999999 -999999
29.741319656372070312 30.214620590209960938 30.64163970947265625 30.903680801391601562 31.023080825805664062 31.0027008056640625 30.806240081787109375 30.562200546264648438 30.409639358520507812 30.344219207763671875 30.290340423583984375 30.238000869750976562 30.169359207153320312 30.147340774536132812 30.164699554443359375 29.971279144287109375 29.556119918823242188 29.396699905395507812 30.238500595092773438 31.921060562133789062 33.271160125732421875 33.812320709228515625 34.005138397216796875 33.986660003662109375 33.928478240966796875 33.8883209228515625 33.724639892578125 33.351879119873046875 32.944438934326171875 32.29026031494140625 31.6131591796875 31.458940505981445312 31.69416046142578125 32.153041839599609375 32.71089935302734375 33.14984130859375 33.3747406005859375 33.536518096923828125 33.66210174560546875 33.823978424072265625 33.9436798095703125 33.949558258056640625 33.94918060302734375 33.9655609130859375 33.946239471435546875 33.908519744873046875 33.874721527099609375 33.872638702392578125 -999999 -999999 -999999 -999999
29.52165985107421875 29.905160903930664062 30.312679290771484375 30.651899337768554688 30.881860733032226562 30.951280593872070312 30.813259124755859375 30.587619781494140625 30.422939300537109375 30.3464202880859375 30.292459487915039062 30.235219955444335938 30.173799514770507812 30.14337921142578125 30.19113922119140625 30.25115966796875 30.246660232543945312 30.209520339965820312 30.474819183349609375 31.386659622192382812 32.62953948974609375 33.565181732177734375 34.01548004150390625 34.035259246826171875 33.9496002197265625 33.887119293212890625 33.774341583251953125 33.56529998779296875 33.340320587158203125 32.85166168212890625 32.3351593017578125 32.192180633544921875 32.282318115234375 32.309478759765625 32.439601898193359375 32.69512176513671875 33.04090118408203125 33.461521148681640625 33.7739410400390625 33.989040374755859375 34.181659698486328125 34.257480621337890625 34.286121368408203125 34.29077911376953125 34.2809600830078125 34.2732391357421875 34.266658782958984375 34.280620574951171875 -999999 -999999 -999999 -999999
29.361780166625976562 29.729040145874023438 30.112760543823242188 30.499319076538085938 30.792039871215820312 30.94235992431640625 30.909040451049804688 30.725200653076171875 30.544399261474609375 30.447139739990234375 30.395839691162109375 30.33827972412109375 30.29264068603515625 30.286439895629882812 30.344339370727539062 30.513299942016601562 30.812040328979492188 31.150079727172851562 31.421400070190429688 31.80500030517578125 32.632221221923828125 33.560741424560546875 34.083560943603515625 34.115940093994140625 33.964199066162109375 33.758998870849609375 33.6363983154296875 33.652721405029296875 33.708740234375 33.315380096435546875 32.6790008544921875 32.472698211669921875 32.83435821533203125 32.9777984619140625 32.783779144287109375 32.6269989013671875 32.671398162841796875 33.057979583740234375 33.642978668212890625 34.106800079345703125 34.36808013916015625 34.4768218994140625 34.538639068603515625 34.58248138427734375 34.60984039306640625 34.628040313720703125 34.663799285888671875 34.725738525390625 -999999 -999999 -999999 -999999
29.236959457397460938 29.627140045166015625 30.031000137329101562 30.4489593505859375 30.796459197998046875 31.046819686889648438 31.140680313110351562 31.04225921630859375 30.857240676879882812 30.695039749145507812 30.598920822143554688 30.529020309448242188 30.49407958984375 30.507299423217773438 30.595319747924804688 30.791660308837890625 31.193559646606445312 31.718000411987304688 32.14138031005859375 32.52687835693359375 33.3494415283203125 34.147640228271484375 34.463680267333984375 34.421298980712890625 34.24571990966796875 33.943279266357421875 33.698360443115234375 33.7288818359375 33.910579681396484375 33.60295867919921875 32.828521728515625 32.55332183837890625 33.044780731201171875 33.454639434814453125 33.357761383056640625 33.01226043701171875 32.655879974365234375 32.74462127685546875 33.3610382080078125 34.054561614990234375 34.44319915771484375 34.596881866455078125 34.68418121337890625 34.784458160400390625 34.86421966552734375 34.888179779052734375 34.933361053466796875 35.021800994873046875 -999999 -999999 -999999 -999999
29.054540634155273438 29.576000213623046875 30.019220352172851562 30.471139907836914062 30.882200241088867188 31.242700576782226562 31.485860824584960938 31.5386199951171875 31.426300048828125 31.224199295043945312 31.04521942138671875 30.90283966064453125 30.809560775756835938 30.793300628662109375 30.920679092407226562 31.187440872192382812 31.563360214233398438 31.976680755615234375 32.368778228759765625 32.80326080322265625 33.755279541015625 34.4412384033203125 34.440959930419921875 34.326080322265625 34.17646026611328125 33.99932098388671875 33.789058685302734375 -999999 -999999 -999999 -999999 -999999 -999999 -999999 -999999 -999999 -999999 -999999 -999999 33.793060302734375 34.199680328369140625 34.519741058349609375 34.729320526123046875 -999999 34.97074127197265625 34.981639862060546875 35.01818084716796875 35.1039581298828125 -999999 -999999 -999999 -999999
29.031280517578125 29.53424072265625 29.982900619506835938 30.462459564208984375 30.938100814819335938 31.391279220581054688 31.75592041015625 31.983579635620117188 32.0735015869140625 31.970800399780273438 31.73831939697265625 31.467800140380859375 31.237180709838867188 31.070880889892578125 31.250640869140625 31.595439910888671875 31.832979202270507812 32.005279541015625 32.232738494873046875 32.54875946044921875 33.231578826904296875 33.746021270751953125 33.769561767578125 33.73921966552734375 33.56330108642578125 33.743198394775390625 33.754901885986328125 -999999 -999999 -999999 -999999 -999999 -999999 -999999 -999999 -999999 -999999 -999999 -999999 -999999 -999999 -999999 -999999 -999999 -999999 -999999 -999999 -999999 -999999 -999999 -999999 -999999
29.145219802856445312 29.49301910400390625 29.88777923583984375 30.331800460815429688 30.81587982177734375 31.297260284423828125 31.73535919189453125 32.089599609375 32.345279693603515625 32.413600921630859375 32.271240234375 31.997859954833984375 31.686239242553710938 31.458980560302734375 31.592319488525390625 31.839040756225585938 31.842260360717773438 31.784639358520507812 31.877399444580078125 32.065460205078125 32.475620269775390625 32.9042816162109375 33.085338592529296875 33.1476593017578125 33.2626800537109375 -999999 -999999 -999999 -999999 -999999 -999999 -999999 -999999 -999999 -999999 -999999 -999999 -999999 -999999 -999999 -999999 -999999 -999999 -999999 -999999 -999999 -999999 -999999 -999999 -999999 -999999 -999999
29.162139892578125 29.420660018920898438 29.737199783325195312 30.078060150146484375 30.450120925903320312 30.845640182495117188 31.276500701904296875 31.689239501953125 32.027400970458984375 32.2158203125 32.235080718994140625 32.07418060302734375 31.819719314575195312 31.6777191162109375 31.70774078369140625 31.74604034423828125 31.576480865478515625 31.405620574951171875 31.43115997314453125 31.57714080810546875 31.915500640869140625 32.310779571533203125 32.57540130615234375 32.76721954345703125 32.959400177001953125 -999999 -999999 -999999 -999999 -999999 -999999 -999999 -999999 -999999 -999999 -999999 -999999 -999999 -999999 -999999 -999999 -999999 -999999 -999999 -999999 -999999 -999999 -999999 -999999 -999999 -999999 -999999
29.174160003662109375 29.35514068603515625 29.568799972534179688 29.783399581909179688 30.002899169921875 30.25724029541015625 30.59246063232421875 30.974979400634765625 31.309339523315429688 31.524700164794921875 31.612720489501953125 31.563299179077148438 31.451999664306640625 31.399980545043945312 31.40258026123046875 31.36750030517578125 31.210260391235351562 31.079860687255859375 31.080900192260742188 31.217580795288085938 31.530439376831054688 31.920419692993164062 32.259960174560546875 32.5251617431640625 32.75125885009765625 32.877780914306640625 -999999 -999999 -999999 -999999 -999999 -999999 -999999 -999999 -999999 -999999 -999999 -999999 -999999 -999999 -999999 -999999 -999999 -999999 -999999 -999999 -999999 -999999 -999999 -999999 -999999 -999999
29.215259552001953125 29.337060928344726562 29.4459991455078125 29.567539215087890625 29.71591949462890625 29.870260238647460938 30.078279495239257812 30.339479446411132812 30.601839065551757812 30.798999786376953125 30.869319915771484375 30.857160568237304688 30.8569793701171875 30.874799728393554688 30.88677978515625 30.891620635986328125 30.877260208129882812 30.8417205810546875 30.8410797119140625 30.9610595703125 31.266040802001953125 31.6571197509765625 32.0493011474609375 32.365039825439453125 32.551380157470703125 32.68000030517578125 -999999 -999999 -999999 -999999 -999999 -999999 -999999 -999999 -999999 -999999 -999999 -999999 -999999 -999999 -999999 -999999 -999999 -999999 -999999 -999999 -999999 -999999 -999999 -999999 -999999 -999999
29.2249603271484375 29.341339111328125 29.422359466552734375 29.520320892333984375 29.642259597778320312 29.751359939575195312 29.881860733032226562 30.029699325561523438 30.182720184326171875 30.308900833129882812 30.34947967529296875 30.36164093017578125 30.422559738159179688 30.492340087890625 30.548139572143554688 30.637739181518554688 30.721399307250976562 30.72917938232421875 30.744619369506835938 30.8540802001953125 31.141719818115234375 31.502580642700195312 31.909839630126953125 32.261341094970703125 32.3751983642578125 32.448360443115234375 -999999 -999999 -999999 -999999 -999999 -999999 -999999 -999999 -999999 -999999 -999999 -999999 -999999 -999999 -999999 -999999 -999999 -999999 -999999 -999999 -999999 -999999 -999999 -999999 -999999 -999999
29.13159942626953125 29.287179946899414062 29.394439697265625 29.507959365844726562 29.620080947875976562 29.705240249633789062 29.794519424438476562 29.893840789794921875 29.986379623413085938 30.069379806518554688 30.115900039672851562 30.160480499267578125 30.2593994140625 30.366939544677734375 30.460199356079101562 30.562040328979492188 30.634960174560546875 30.685819625854492188 30.753240585327148438 30.878679275512695312 31.109479904174804688 31.394159317016601562 31.735759735107421875 32.030040740966796875 32.20021820068359375 32.303699493408203125 -999999 -999999 -999999 -999999 -999999 -999999 -999999 -999999 -999999 -999999 -999999 -999999 -999999 -999999 -999999 -999999 -999999 -999999 -999999 -999999 -999999 -999999 -999999 -999999 -999999 -999999
28.947719573974609375 29.139919281005859375 29.2985992431640625 29.43865966796875 29.5469207763671875 29.622600555419921875 29.690980911254882812 29.762359619140625 29.833799362182617188 29.91352081298828125 29.993600845336914062 30.082500457763671875 30.213880538940429688 30.339860916137695312 30.455839157104492188 30.556200027465820312 30.619579315185546875 30.694179534912109375 30.789960861206054688 30.919139862060546875 31.12261962890625 31.374120712280273438 31.65802001953125 31.90901947021484375 32.1214599609375 32.303741455078125 -999999 -999999 -999999 -999999 -999999 -999999 -999999 -999999 -999999 -999999 -999999 -999999 -999999 -999999 -999999 -999999 -999999 -999999 -999999 -999999 -999999 -999999 -999999 -999999 -999999 -999999
28.7183990478515625 28.92414093017578125 29.121179580688476562 29.290979385375976562 29.424100875854492188 29.51663970947265625 29.592159271240234375 29.652959823608398438 29.731899261474609375 29.835920333862304688 29.937280654907226562 30.04199981689453125 30.1842803955078125 30.317739486694335938 30.44448089599609375 30.54560089111328125 30.62129974365234375 30.727739334106445312 30.849140167236328125 30.988979339599609375 31.183000564575195312 31.421159744262695312 31.679239273071289062 31.926279067993164062 32.15483856201171875 32.343601226806640625 32.478939056396484375 32.550060272216796875 -999999 -999999 -999999 -999999 -999999 -999999 -999999 -999999 -999999 -999999 -999999 -999999 -999999 -999999 -999999 -999999 -999999 -999999 -999999 -999999 -999999 -999999 -999999 -999999
