data/TNO-HT-ATES/HT-ATES_NLFFS/TG417_NLDOBR__k_P50_ATES.asc
ncols        266
nrows        269
xllcorner    11500.000000000000
yllcorner    355500.000000000000
cellsize     1000.000000000000
NODATA_value  -999999
[rows 46 to 68 of 269, columns 212 to 264 of 266]
327.5316162109375 322.0159912109375 315.51336669921875 308.689361572265625 303.341888427734375 301.57568359375 304.44500732421875 311.57537841796875 321.50738525390625 333.093536376953125 344.765411376953125 355.095794677734375 362.2237548828125 365.511474609375 366.109893798828125 365.038604736328125 362.387786865234375 358.639739990234375 355.649078369140625 356.730194091796875 362.99761962890625 365.890045166015625 366.58056640625 -999999 -999999 368.402801513671875 368.18701171875 366.068145751953125 364.072540283203125 361.838653564453125 361.23919677734375 360.885833740234375 358.3466796875 355.931732177734375 356.215484619140625 360.174713134765625 364.655487060546875 367.64678955078125 367.778411865234375 364.15032958984375 357.838287353515625 358.200531005859375 359.39093017578125 360.52069091796875 360.75433349609375 360.567718505859375 354.6595458984375 337.72198486328125 331.589324951171875 339.614288330078125 337.62408447265625 334.976165771484375 337.7747802734375
333.592041015625 330.239593505859375 325.4580078125 319.491912841796875 314.40325927734375 312.220428466796875 314.219970703125 320.1566162109375 327.99493408203125 336.505035400390625 345.18212890625 353.45733642578125 359.8426513671875 363.284912109375 363.828582763671875 362.14208984375 358.75311279296875 354.4197998046875 350.920684814453125 351.62548828125 357.803497314453125 362.345672607421875 364.66119384765625 -999999 -999999 368.401641845703125 367.9227294921875 366.968780517578125 366.116790771484375 364.301361083984375 362.27142333984375 360.898681640625 357.32598876953125 353.193145751953125 354.0286865234375 359.224029541015625 364.4022216796875 368.094268798828125 368.402801513671875 368.1163330078125 366.130950927734375 364.093017578125 361.652252197265625 360.700592041015625 360.273773193359375 359.72186279296875 357.040374755859375 345.86865234375 341.113800048828125 346.819610595703125 344.38995361328125 339.208648681640625 -999999
338.537841796875 337.27655029296875 334.15179443359375 329.37066650390625 324.768402099609375 322.09033203125 322.621429443359375 326.632293701171875 332.57904052734375 338.970428466796875 345.07354736328125 350.71978759765625 355.45361328125 358.48577880859375 358.84228515625 356.759307861328125 352.9517822265625 347.86810302734375 343.101715087890625 341.992919921875 345.369140625 350.362335205078125 355.88909912109375 361.93524169921875 365.0673828125 363.81011962890625 362.253631591796875 363.97088623046875 364.885406494140625 364.1922607421875 362.632659912109375 361.707794189453125 357.293731689453125 352.423309326171875 355.28497314453125 360.20294189453125 364.111572265625 367.95068359375 368.402801513671875 -999999 368.402801513671875 367.50396728515625 363.448272705078125 360.9532470703125 360.46875 360.160888671875 360.011627197265625 356.568115234375 353.930023193359375 354.4334716796875 351.7669677734375 347.130859375 -999999
341.836456298828125 341.958282470703125 340.1595458984375 336.73162841796875 332.959197998046875 329.823272705078125 328.40875244140625 329.696563720703125 333.765045166015625 339.087371826171875 343.703094482421875 347.098175048828125 349.8575439453125 351.729278564453125 351.682830810546875 349.37896728515625 345.244659423828125 339.61248779296875 334.1080322265625 331.3758544921875 332.490325927734375 336.47113037109375 342.73626708984375 350.747528076171875 355.380889892578125 353.9263916015625 353.420745849609375 358.762115478515625 363.5853271484375 364.986053466796875 363.877349853515625 363.47369384765625 358.569732666015625 354.416168212890625 359.230224609375 362.530426025390625 364.47607421875 367.561248779296875 -999999 -999999 -999999 368.30731201171875 364.986114501953125 361.625274658203125 361.5028076171875 361.64263916015625 361.450592041015625 361.470458984375 362.043609619140625 360.043853759765625 355.17987060546875 351.2021484375 -999999
342.182220458984375 343.0302734375 342.23614501953125 340.28271484375 337.708648681640625 334.712188720703125 332.29730224609375 331.75042724609375 333.759521484375 337.663116455078125 341.067474365234375 342.7574462890625 343.674468994140625 343.96771240234375 343.038818359375 340.311187744140625 335.932464599609375 330.4178466796875 325.450286865234375 322.576141357421875 322.59234619140625 325.511260986328125 331.8258056640625 341.0562744140625 349.4757080078125 353.93212890625 356.00872802734375 360.594146728515625 365.6314697265625 367.340911865234375 367.3128662109375 365.707183837890625 360.706512451171875 358.090911865234375 361.416778564453125 362.9757080078125 363.5302734375 365.94866943359375 368.222137451171875 -999999 -999999 368.391326904296875 366.27996826171875 362.428497314453125 362.37060546875 362.667877197265625 362.024749755859375 361.822906494140625 363.35382080078125 361.567962646484375 353.64544677734375 -999999 -999999
339.4937744140625 340.64617919921875 340.2896728515625 340.50115966796875 340.3895263671875 338.45880126953125 335.589752197265625 334.021270751953125 334.6082763671875 336.69793701171875 338.584991455078125 339.093536376953125 338.73016357421875 337.54254150390625 335.223388671875 331.446685791015625 326.4857177734375 321.440399169921875 317.954803466796875 316.65863037109375 317.368988037109375 320.058258056640625 326.82940673828125 339.09259033203125 351.430908203125 359.641845703125 363.62689208984375 366.56878662109375 368.2923583984375 368.402801513671875 368.178192138671875 365.462432861328125 361.6083984375 360.96600341796875 362.04278564453125 361.945648193359375 360.927154541015625 361.208587646484375 365.088775634765625 367.41705322265625 -999999 -999999 366.211181640625 362.865692138671875 362.861907958984375 363.073272705078125 362.094940185546875 360.984161376953125 361.446319580078125 360.08544921875 346.733245849609375 -999999 -999999
334.33209228515625 335.376922607421875 336.1922607421875 338.7801513671875 341.207275390625 340.818878173828125 338.17425537109375 336.00885009765625 335.79180908203125 337.04193115234375 337.734222412109375 336.89239501953125 335.322906494140625 332.925506591796875 329.254608154296875 324.34393310546875 318.7799072265625 314.220977783203125 312.4710693359375 313.7349853515625 316.4354248046875 318.529266357421875 324.936187744140625 345.186431884765625 359.42156982421875 365.227569580078125 -999999 -999999 -999999 -999999 366.49365234375 361.33758544921875 359.257293701171875 359.46136474609375 358.6092529296875 356.79193115234375 354.377288818359375 352.70086669921875 355.149017333984375 357.574371337890625 359.18072509765625 361.499053955078125 362.7646484375 362.253326416015625 362.85540771484375 363.016998291015625 361.972381591796875 360.379425048828125 359.510040283203125 356.708770751953125 336.660736083984375 311.447784423828125 -999999
326.984100341796875 327.9407958984375 330.6756591796875 335.79864501953125 340.147064208984375 340.883544921875 339.196533203125 337.409912109375 336.73291015625 337.0877685546875 337.180572509765625 335.527252197265625 332.91009521484375 329.641357421875 325.338470458984375 320.284912109375 315.270050048828125 311.764007568359375 311.442352294921875 314.73504638671875 320.21832275390625 326.43707275390625 337.775177001953125 357.57281494140625 366.122039794921875 -999999 -999999 -999999 -999999 -999999 360.410858154296875 355.300262451171875 353.738525390625 351.989532470703125 348.60174560546875 345.0322265625 342.130279541015625 340.646026611328125 341.57733154296875 339.411346435546875 339.5816650390625 348.787933349609375 357.0888671875 361.194915771484375 362.6602783203125 362.877960205078125 361.944671630859375 360.187713623046875 358.62689208984375 352.982452392578125 327.99468994140625 303.9063720703125 309.76629638671875
318.239593505859375 315.908843994140625 316.120269775390625 324.49066162109375 334.930389404296875 338.01123046875 337.26177978515625 336.317657470703125 335.5609130859375 335.511322021484375 335.657135009765625 334.687896728515625 332.44842529296875 329.941925048828125 326.9266357421875 323.598358154296875 320.46783447265625 318.16009521484375 317.857177734375 320.984649658203125 327.629791259765625 338.3170166015625 353.304534912109375 365.91900634765625 368.402801513671875 -999999 -999999 -999999 -999999 -999999 357.205780029296875 353.004608154296875 350.760223388671875 345.62713623046875 340.162445068359375 336.15478515625 332.2684326171875 331.188568115234375 332.379730224609375 330.6820068359375 332.884368896484375 344.756378173828125 355.168914794921875 360.6116943359375 362.91497802734375 363.156463623046875 362.301300048828125 360.591339111328125 358.881256103515625 351.86419677734375 324.728607177734375 301.933807373046875 311.058349609375
295.5762939453125 276.876190185546875 269.4432373046875 279.570404052734375 301.8331298828125 323.772705078125 332.44390869140625 332.425933837890625 332.15960693359375 332.75567626953125 334.033843994140625 335.18603515625 335.53802490234375 336.0455322265625 336.3209228515625 335.808807373046875 334.59759521484375 332.99688720703125 331.8992919921875 333.036407470703125 337.963531494140625 347.935943603515625 360.361846923828125 367.887542724609375 -999999 -999999 -999999 -999999 -999999 361.87457275390625 355.29339599609375 354.054443359375 356.171966552734375 352.0565185546875 348.086090087890625 344.698089599609375 338.450927734375 338.364410400390625 337.5316162109375 336.9932861328125 341.2425537109375 349.693115234375 356.272125244140625 360.0848388671875 363.61102294921875 363.412933349609375 362.64825439453125 361.319091796875 359.89794921875 355.255615234375 329.640045166015625 303.9605712890625 308.2161865234375
254.0289459228515625 220.829803466796875 206.039642333984375 216.8352203369140625 249.1888580322265625 289.94287109375 321.796630859375 329.20086669921875 330.0003662109375 331.835174560546875 334.979339599609375 338.998321533203125 342.920989990234375 346.9892578125 350.564727783203125 352.592376708984375 352.780914306640625 351.603912353515625 349.944427490234375 348.5062255859375 349.71728515625 355.08453369140625 362.594085693359375 367.78729248046875 368.402801513671875 368.402801513671875 368.402801513671875 368.1348876953125 366.29486083984375 359.65960693359375 354.008392333984375 357.90838623046875 364.033050537109375 -999999 -999999 -999999 -999999 358.83544921875 353.79193115234375 350.53448486328125 352.255706787109375 356.21282958984375 359.256256103515625 360.970733642578125 362.35906982421875 362.468048095703125 362.432586669921875 361.97711181640625 361.58984375 360.236541748046875 338.646636962890625 307.906463623046875 302.449859619140625
210.9360198974609375 167.384796142578125 146.0553741455078125 159.987701416015625 202.958953857421875 258.62432861328125 308.25146484375 330.173004150390625 332.088714599609375 335.44610595703125 340.677490234375 347.138824462890625 353.342987060546875 358.670013427734375 362.75201416015625 364.747894287109375 365.288421630859375 364.870635986328125 363.767669677734375 361.1136474609375 359.021484375 359.741668701171875 362.67498779296875 366.397796630859375 368.239501953125 368.2958984375 367.270751953125 364.621917724609375 360.634307861328125 355.89691162109375 355.999267578125 363.387725830078125 368.03997802734375 -999999 -999999 -999999 -999999 367.84942626953125 364.369903564453125 360.80035400390625 359.894317626953125 360.534027099609375 360.785308837890625 360.00689697265625 359.486968994140625 360.414276123046875 361.74005126953125 362.448638916015625 363.274566650390625 363.7762451171875 348.866912841796875 316.975738525390625 300.698211669921875
184.460479736328125 133.9238433837890625 100.37798309326171875 124.487762451171875 180.45965576171875 246.041900634765625 304.87469482421875 335.4840087890625 338.5828857421875 342.837158203125 349.328704833984375 356.598175048828125 362.546478271484375 365.75335693359375 367.439666748046875 368.09368896484375 -999999 -999999 -999999 367.570648193359375 366.417938232421875 363.9168701171875 362.602813720703125 363.48944091796875 364.7158203125 364.400665283203125 362.4600830078125 359.944305419921875 357.606536865234375 356.944427490234375 362.417449951171875 367.769012451171875 -999999 -999999 368.402801513671875 368.356353759765625 368.296966552734375 367.77447509765625 365.9249267578125 363.74432373046875 362.598297119140625 361.770294189453125 360.02886962890625 356.838958740234375 355.2327880859375 357.692138671875 360.758758544921875 362.668792724609375 364.370361328125 365.7376708984375 360.1177978515625 334.79925537109375 310.138946533203125
183.774261474609375 137.9147796630859375 110.353363037109375 133.9920806884765625 190.3428802490234375 256.7529296875 315.440216064453125 345.328704833984375 348.32940673828125 352.426483154296875 358.030059814453125 363.607696533203125 366.92352294921875 368.0087890625 -999999 -999999 -999999 -999999 -999999 -999999 368.402740478515625 367.55865478515625 363.7108154296875 360.7669677734375 359.71820068359375 359.0562744140625 358.158203125 358.10430908203125 358.862518310546875 361.74176025390625 366.800140380859375 -999999 -999999 368.32666015625 366.720733642578125 365.373687744140625 365.624053955078125 365.3612060546875 364.299163818359375 363.313995361328125 362.7442626953125 361.888641357421875 358.35870361328125 352.736480712890625 351.0633544921875 355.641510009765625 359.84991455078125 362.609954833984375 364.7647705078125 366.271453857421875 365.5654296875 352.72406005859375 329.92901611328125
200.6763458251953125 171.31927490234375 163.147705078125 184.9495391845703125 231.03656005859375 288.1239013671875 336.8316650390625 356.143798828125 357.905914306640625 360.753753662109375 364.103912353515625 367.068939208984375 368.207244873046875 -999999 -999999 -999999 -999999 -999999 -999999 -999999 -999999 368.361785888671875 363.93218994140625 358.43121337890625 355.921173095703125 355.0499267578125 354.907684326171875 357.829071044921875 361.84228515625 365.83770751953125 368.34002685546875 -999999 -999999 366.0511474609375 361.56024169921875 360.85015869140625 362.3070068359375 362.990875244140625 363.054412841796875 363.1441650390625 363.484710693359375 364.0194091796875 360.456390380859375 353.348663330078125 350.792266845703125 355.0194091796875 359.134033203125 362.429290771484375 364.6328125 365.641571044921875 365.592498779296875 359.830291748046875 344.665252685546875
231.984039306640625 213.7222137451171875 221.052001953125 250.1810760498046875 288.4405517578125 329.2457275390625 358.4049072265625 362.31036376953125 361.788482666015625 362.4627685546875 364.0753173828125 366.32342529296875 367.60491943359375 -999999 -999999 -999999 -999999 -999999 -999999 -999999 -999999 368.198455810546875 362.077484130859375 355.076385498046875 352.609710693359375 352.304351806640625 352.710906982421875 357.912109375 363.150390625 365.68438720703125 367.588043212890625 367.984527587890625 365.500885009765625 361.667388916015625 359.16693115234375 360.44073486328125 362.412750244140625 363.451171875 364.0478515625 364.740264892578125 366.108306884765625 367.559051513671875 366.076812744140625 -999999 355.50396728515625 354.984832763671875 358.2205810546875 361.8824462890625 364.08807373046875 364.588714599609375 364.295745849609375 361.04754638671875 350.9957275390625
282.278076171875 264.799560546875 270.533355712890625 300.964263916015625 333.255706787109375 357.144073486328125 363.568267822265625 361.44500732421875 358.2745361328125 356.718841552734375 356.951995849609375 358.758331298828125 361.014251708984375 364.845123291015625 368.024322509765625 -999999 -999999 -999999 -999999 -999999 -999999 366.789459228515625 357.59979248046875 349.33807373046875 348.49102783203125 351.314453125 353.69842529296875 358.993316650390625 361.787078857421875 359.936126708984375 361.136993408203125 363.228912353515625 361.37017822265625 358.97314453125 359.91583251953125 362.17376708984375 363.987030029296875 365.105010986328125 365.938751220703125 366.876312255859375 368.207550048828125 368.402801513671875 -999999 -999999 361.77001953125 356.477264404296875 357.207183837890625 360.814697265625 363.10662841796875 363.63555908203125 363.9202880859375 363.3582763671875 359.3941650390625
323.773345947265625 318.29901123046875 314.21160888671875 325.463470458984375 347.551544189453125 360.10601806640625 361.3951416015625 356.20166015625 349.90478515625 346.147125244140625 345.128082275390625 345.8592529296875 349.717315673828125 357.39337158203125 364.2327880859375 367.885498046875 368.402801513671875 -999999 -999999 -999999 -999999 363.818115234375 351.058013916015625 342.2864990234375 343.957733154296875 351.19378662109375 356.932861328125 360.889923095703125 359.771392822265625 353.45233154296875 352.83642578125 357.247833251953125 359.531585693359375 360.620025634765625 362.73785400390625 364.618255615234375 365.874176025390625 366.801605224609375 367.547271728515625 368.1500244140625 368.402801513671875 368.402801513671875 -999999 -999999 365.1453857421875 359.53021240234375 357.099945068359375 359.87628173828125 362.08203125 363.037017822265625 364.42236328125 366.0865478515625 365.870513916015625
341.22528076171875 344.49072265625 340.107757568359375 331.905731201171875 341.02099609375 356.88238525390625 359.596099853515625 351.04486083984375 342.3143310546875 337.712738037109375 335.870025634765625 336.188385009765625 339.70684814453125 345.94671630859375 353.16009521484375 360.35626220703125 365.2916259765625 366.874908447265625 -999999 365.946441650390625 364.094085693359375 356.9661865234375 344.023651123046875 337.47247314453125 341.14154052734375 349.748626708984375 357.13885498046875 361.10699462890625 359.714752197265625 354.4957275390625 354.315155029296875 358.957000732421875 362.42730712890625 364.2496337890625 365.89306640625 366.89068603515625 367.469757080078125 367.96197509765625 368.302459716796875 368.402740478515625 368.402801513671875 -999999 -999999 -999999 -999999 361.612640380859375 358.245391845703125 359.842498779296875 361.53106689453125 362.825347900390625 364.74420166015625 367.086273193359375 367.718048095703125
349.425048828125 355.366180419921875 351.206756591796875 335.048187255859375 338.617279052734375 356.313751220703125 357.97369384765625 344.055816650390625 331.862945556640625 327.203338623046875 325.2158203125 326.10845947265625 329.351531982421875 334.058868408203125 338.81414794921875 343.68927001953125 349.1292724609375 353.957061767578125 356.214324951171875 355.57586669921875 352.414093017578125 346.64208984375 340.639678955078125 338.853424072265625 342.714385986328125 347.91552734375 352.63494873046875 357.65216064453125 359.045318603515625 357.500091552734375 358.618988037109375 362.4912109375 365.379364013671875 366.918487548828125 367.835418701171875 368.16766357421875 368.307708740234375 368.39697265625 368.402801513671875 368.402801513671875 368.402801513671875 368.402801513671875 368.402801513671875 -999999 365.694488525390625 361.308349609375 359.782989501953125 360.534759521484375 361.539276123046875 362.366607666015625 363.533721923828125 366.1473388671875 367.65301513671875
354.2156982421875 359.4635009765625 355.35931396484375 334.6856689453125 331.933349609375 352.499664306640625 355.223297119140625 337.734771728515625 323.31463623046875 318.6158447265625 317.28338623046875 318.940582275390625 321.854248046875 325.039215087890625 326.971832275390625 328.3009033203125 330.354644775390625 333.463592529296875 336.362274169921875 338.370391845703125 340.1922607421875 341.6239013671875 342.929656982421875 345.8206787109375 349.34844970703125 349.813140869140625 348.889984130859375 352.2528076171875 356.85308837890625 359.6407470703125 361.99853515625 364.96258544921875 367.069671630859375 368.103607177734375 368.3970947265625 368.402801513671875 368.402801513671875 368.402801513671875 368.402801513671875 368.402801513671875 368.402801513671875 368.402801513671875 368.402801513671875 368.402801513671875 366.905670166015625 361.4664306640625 360.2530517578125 361.208404541015625 362.113494873046875 361.715850830078125 360.721099853515625 362.66033935546875 366.46051025390625
356.957489013671875 361.638092041015625 360.35321044921875 341.06695556640625 324.44952392578125 343.669708251953125 352.1307373046875 338.192108154296875 322.363006591796875 315.6639404296875 316.424285888671875 319.77044677734375 321.669586181640625 322.1356201171875 322.38494873046875 322.54547119140625 322.583648681640625 323.9710693359375 327.506256103515625 332.4383544921875 338.703704833984375 344.888092041015625 349.9549560546875 354.52081298828125 357.554931640625 355.43341064453125 350.70806884765625 351.337127685546875 356.838592529296875 361.541473388671875 364.359954833984375 366.504241943359375 367.9000244140625 368.395721435546875 368.402801513671875 368.402801513671875 368.402801513671875 368.402801513671875 368.402801513671875 368.402801513671875 368.402801513671875 368.402801513671875 368.402801513671875 368.402801513671875 368.402801513671875 365.0528564453125 359.59490966796875 360.208343505859375 361.583282470703125 360.70513916015625 358.41949462890625 359.14117431640625 363.528411865234375
358.24755859375 362.626861572265625 364.145660400390625 352.115142822265625 330.31927490234375 340.127716064453125 349.861846923828125 340.309051513671875 326.48956298828125 322.801361083984375 327.450775146484375 333.314666748046875 334.412750244140625 331.25384521484375 327.244232177734375 326.5806884765625 327.375274658203125 328.79278564453125 332.46002197265625 337.8536376953125 344.931427001953125 352.093353271484375 357.48089599609375 361.275726318359375 363.36273193359375 361.97467041015625 359.1778564453125 358.694915771484375 360.9771728515625 363.81854248046875 366.03515625 367.505126953125 368.30859375 368.402801513671875 368.402801513671875 368.402801513671875 368.402801513671875 368.402801513671875 368.402801513671875 368.402801513671875 368.402801513671875 368.402801513671875 368.402801513671875 368.402801513671875 368.402801513671875 368.086944580078125 360.5675048828125 356.265472412109375 357.700469970703125 359.16827392578125 358.762786865234375 359.14404296875 361.147918701171875
