data/TNO-HT-ATES/HT-ATES_NLFFS/TG415_NLDOBR__h_P50_ATES.asc
ncols        266
nrows        269
xllcorner    11500.000000000000
yllcorner    355500.000000000000
cellsize     1000.000000000000
NODATA_value  -999999
[rows 23 to 45 of 269, columns 208 to 259 of 266]
109.78304290771484375 102.3544769287109375 91.16143798828125 79.952362060546875 -999999 -999999 -999999 83.70735931396484375 92.0402374267578125 105.556121826171875 110.48919677734375 108.2387237548828125 103.7507171630859375 104.07695770263671875 104.298919677734375 105.6604766845703125 106.31188201904296875 106.0657196044921875 105.18536376953125 104.16748046875 102.77880096435546875 101.68772125244140625 102.61324310302734375 105.88944244384765625 109.885040283203125 114.09072113037109375 118.672119140625 124.33603668212890625 127.41924285888671875 125.46579742431640625 121.039642333984375 117.27371978759765625 114.804718017578125 111.49347686767578125 111.29451751708984375 112.754119873046875 112.22176361083984375 0.0099999997764825820923 -999999 -999999 -999999 -999999 -999999 -999999 -999999 -999999 -999999 -999999 -999999 -999999 -999999 -999999
108.14279937744140625 104.08783721923828125 96.36724090576171875 84.733123779296875 -999999 -999999 92.0402374267578125 91.21547698974609375 98.7419586181640625 109.81787872314453125 112.2615966796875 108.67067718505859375 104.48612213134765625 105.09587860107421875 104.60083770751953125 103.878997802734375 104.5774383544921875 105.23664093017578125 104.24627685546875 102.9181976318359375 102.2634429931640625 102.08087921142578125 102.7572784423828125 105.16172027587890625 108.32659912109375 112.49063873291015625 117.66851806640625 123.851959228515625 127.9295196533203125 125.42980194091796875 120.4072418212890625 116.169403076171875 113.5260772705078125 110.38919830322265625 110.68167877197265625 114.53427886962890625 113.9624786376953125 111.37895965576171875 -999999 -999999 -999999 -999999 -999999 -999999 -999999 -999999 -999999 -999999 -999999 -999999 -999999 -999999
110.57154083251953125 107.46331787109375 102.93524169921875 95.847076416015625 88.03459930419921875 -999999 86.86808013916015625 87.68831634521484375 95.6321563720703125 106.08492279052734375 105.7922821044921875 104.36923980712890625 103.678558349609375 106.19075775146484375 106.5838775634765625 105.39251708984375 106.55724334716796875 107.088958740234375 105.59195709228515625 104.04347991943359375 103.05692291259765625 103.4250030517578125 103.48336029052734375 103.68219757080078125 104.871917724609375 109.13443756103515625 115.06696319580078125 120.33899688720703125 122.3907623291015625 120.920562744140625 117.9786834716796875 115.328277587890625 115.2196807861328125 115.24803924560546875 114.8087615966796875 116.30655670166015625 117.3713226318359375 116.97428131103515625 -999999 -999999 -999999 -999999 -999999 -999999 -999999 -999999 -999999 -999999 -999999 -999999 -999999 -999999
115.19132232666015625 114.42035675048828125 111.707916259765625 105.86692047119140625 96.489959716796875 88.61859893798828125 84.4797210693359375 80.90087890625 83.96295928955078125 93.88184356689453125 98.0899200439453125 101.06620025634765625 102.30384063720703125 106.1390380859375 107.83261871337890625 108.177398681640625 108.70407867431640625 108.52475738525390625 107.596160888671875 106.72216033935546875 104.98523712158203125 104.3973236083984375 103.28795623779296875 102.035003662109375 101.3771209716796875 103.6433563232421875 108.5981597900390625 113.10315704345703125 115.1559600830078125 116.8910369873046875 120.1608428955078125 120.49423980712890625 123.11324310302734375 126.409759521484375 127.57611846923828125 128.1134033203125 127.774078369140625 127.00499725341796875 125.96256256103515625 -999999 -999999 -999999 -999999 -999999 -999999 -999999 -999999 -999999 -999999 -999999 -999999 -999999
116.9114990234375 118.38307952880859375 118.0456390380859375 113.76399993896484375 106.45548248291015625 98.63971710205078125 92.3831634521484375 84.35295867919921875 76.14508056640625 84.7514801025390625 99.80068206787109375 102.46779632568359375 104.12335968017578125 108.2849578857421875 109.48560333251953125 109.50287628173828125 108.7575225830078125 108.70388031005859375 108.301361083984375 108.00171661376953125 106.93888092041015625 105.94931793212890625 104.47503662109375 103.77008056640625 102.027679443359375 99.9792022705078125 104.00988006591796875 108.7740631103515625 113.13295745849609375 121.50363922119140625 133.1615142822265625 130.117401123046875 132.1643218994140625 136.7019195556640625 138.8302764892578125 137.6460418701171875 134.9946441650390625 132.7028045654296875 129.99676513671875 127.5680389404296875 -999999 -999999 -999999 -999999 -999999 -999999 -999999 -999999 -999999 -999999 -999999 -999999
115.59999847412109375 118.12264251708984375 120.177001953125 119.2007598876953125 115.3149566650390625 109.7207183837890625 103.53775787353515625 94.82180023193359375 79.49611663818359375 88.5966033935546875 109.417236328125 108.070556640625 108.34787750244140625 112.1366424560546875 112.11408233642578125 110.43224334716796875 108.6760406494140625 109.27411651611328125 109.4202423095703125 108.61376190185546875 108.0847625732421875 108.18488311767578125 108.1205596923828125 107.73111724853515625 104.9986419677734375 101.58936309814453125 105.11003875732421875 110.13443756103515625 115.826202392578125 124.62708282470703125 133.9704437255859375 136.1433563232421875 139.2351531982421875 142.683197021484375 143.5868377685546875 141.9249267578125 139.342437744140625 136.421356201171875 132.5358428955078125 128.3465576171875 49.23136138916015625 -999999 -999999 -999999 -999999 -999999 -999999 -999999 -999999 -999999 -999999 -999999
115.4644775390625 117.04444122314453125 119.98928070068359375 121.41211700439453125 120.04715728759765625 115.4761962890625 108.9815216064453125 101.745880126953125 87.877960205078125 93.8200836181640625 111.65276336669921875 113.138519287109375 111.6346435546875 112.95175933837890625 113.669403076171875 111.85404205322265625 109.23528289794921875 109.044921875 109.23676300048828125 108.99088287353515625 109.47371673583984375 110.999237060546875 112.65727996826171875 112.05084228515625 108.71051788330078125 107.4418792724609375 110.49739837646484375 115.4523162841796875 121.30712127685546875 127.712921142578125 133.875152587890625 138.4672393798828125 141.56463623046875 143.795684814453125 144.222320556640625 143.3220367431640625 142.1357269287109375 138.888916015625 134.2955169677734375 128.473602294921875 118.69835662841796875 -999999 -999999 -999999 -999999 -999999 -999999 -999999 -999999 -999999 -999999 -999999
116.4490814208984375 117.51207733154296875 119.8294830322265625 121.83943939208984375 122.66864013671875 118.6313629150390625 111.4260406494140625 107.3557586669921875 100.80995941162109375 96.9217987060546875 105.82784271240234375 115.91179656982421875 115.696319580078125 115.53092193603515625 115.17717742919921875 113.4197235107421875 110.29583740234375 108.99875640869140625 108.96468353271484375 110.3990020751953125 113.14752197265625 115.9647216796875 116.748077392578125 114.380523681640625 110.64124298095703125 110.83048248291015625 114.73052215576171875 119.550323486328125 123.9044036865234375 128.0923614501953125 132.8903656005859375 137.264312744140625 140.613922119140625 143.0552825927734375 143.4681243896484375 142.66424560546875 141.0622406005859375 137.3266448974609375 132.5281982421875 125.4792022705078125 112.27004241943359375 103.25279998779296875 39.983760833740234375 -999999 -999999 -999999 -999999 -999999 -999999 -999999 -999999 69.85504150390625
117.10868072509765625 117.61444091796875 119.20607757568359375 121.02603912353515625 123.2831573486328125 120.3303985595703125 113.42768096923828125 112.568603515625 111.84973907470703125 101.88964080810546875 98.16359710693359375 107.21695709228515625 114.15952301025390625 115.038116455078125 113.549957275390625 113.4963226318359375 112.49900054931640625 111.1369171142578125 110.8786773681640625 113.0399169921875 118.46952056884765625 125.10572052001953125 121.79599761962890625 115.768280029296875 112.50659942626953125 114.410400390625 118.03896331787109375 121.10088348388671875 122.95391845703125 124.67563629150390625 128.742279052734375 133.7558746337890625 138.87152099609375 143.5276031494140625 144.264801025390625 140.7316741943359375 136.183837890625 134.664886474609375 131.0075225830078125 121.0191192626953125 105.3279571533203125 96.2025604248046875 98.8630828857421875 107.42395782470703125 116.61956024169921875 124.4196014404296875 128.1654815673828125 131.2060394287109375 140.807525634765625 155.583526611328125 167.5897216796875 174.490478515625
119.62206268310546875 118.724639892578125 119.0087432861328125 120.39955902099609375 122.6194000244140625 120.1384429931640625 114.29984283447265625 114.30072021484375 115.5697174072265625 108.36299896240234375 100.4302825927734375 99.1085205078125 108.3701171875 115.802276611328125 114.8279571533203125 112.342041015625 112.7969207763671875 112.54457855224609375 113.0989227294921875 115.487396240234375 121.38011932373046875 129.2881927490234375 123.4952392578125 115.93251800537109375 113.50615692138671875 116.15232086181640625 118.63448333740234375 119.00395965576171875 119.561798095703125 121.23432159423828125 125.00672149658203125 130.0242767333984375 135.7524871826171875 141.2313232421875 142.3085174560546875 136.9887542724609375 125.759002685546875 128.2771148681640625 125.71588134765625 113.9040374755859375 100.37368011474609375 93.82276153564453125 102.8470001220703125 114.3682403564453125 121.60468292236328125 126.723358154296875 129.67315673828125 131.3062744140625 137.7706756591796875 151.9864349365234375 164.8663177490234375 172.4394378662109375
123.66204071044921875 121.939483642578125 120.57727813720703125 119.9638824462890625 120.96559906005859375 118.65264129638671875 113.46431732177734375 112.7561187744140625 115.12207794189453125 116.00504302978515625 110.31143951416015625 101.721160888671875 102.580078125 110.77275848388671875 113.65911865234375 111.70355987548828125 111.97486114501953125 113.0339202880859375 117.0210418701171875 121.9892425537109375 125.15779876708984375 125.45999908447265625 122.12444305419921875 118.35636138916015625 115.76663970947265625 115.1209564208984375 115.0630035400390625 114.01068115234375 115.23535919189453125 117.65824127197265625 123.01180267333984375 129.340240478515625 133.9332427978515625 138.097442626953125 138.1129608154296875 134.10107421875 124.00927734375 121.59612274169921875 115.2337188720703125 106.85399627685546875 101.74432373046875 101.10263824462890625 109.93959808349609375 120.290679931640625 126.337799072265625 130.4450836181640625 132.7406463623046875 132.0940399169921875 135.6939544677734375 148.600921630859375 159.64654541015625 166.212646484375
126.2292022705078125 124.46584320068359375 122.8504791259765625 120.31652069091796875 119.18135833740234375 116.80332183837890625 113.795562744140625 112.5455169677734375 113.12471771240234375 118.10272216796875 117.7617034912109375 110.028961181640625 102.03504180908203125 100.48168182373046875 103.489959716796875 111.50756072998046875 114.17832183837890625 112.7242431640625 116.6974029541015625 122.45304107666015625 127.6605987548828125 128.5962066650390625 127.57707977294921875 127.1832427978515625 123.62375640869140625 118.66880035400390625 115.05951690673828125 112.5992431640625 112.5686798095703125 113.26123809814453125 117.42099761962890625 124.17227935791015625 129.2270355224609375 132.8786468505859375 131.5540008544921875 126.741241455078125 123.21424102783203125 117.08556365966796875 108.8556365966796875 103.920440673828125 104.26432037353515625 107.5273590087890625 114.89092254638671875 123.36988067626953125 129.25152587890625 133.244873046875 134.3564453125 134.591644287109375 137.5447540283203125 146.2821197509765625 152.7742767333984375 156.7087249755859375
126.22936248779296875 124.902557373046875 123.22879791259765625 120.26544189453125 117.48168182373046875 115.465118408203125 115.15154266357421875 113.899322509765625 111.72931671142578125 115.92754364013671875 118.940521240234375 118.08184051513671875 108.4017181396484375 97.55988311767578125 98.23480224609375 104.846160888671875 104.180877685546875 100.80963897705078125 105.117919921875 113.9328765869140625 125.26180267333984375 131.001983642578125 133.0248870849609375 134.8914337158203125 131.6109619140625 125.50144195556640625 120.08396148681640625 117.95760345458984375 117.37111663818359375 115.80815887451171875 115.90799713134765625 120.89112091064453125 126.9718780517578125 129.6070404052734375 127.503082275390625 122.85352325439453125 121.63263702392578125 117.86852264404296875 110.99791717529296875 106.35411834716796875 108.57996368408203125 112.3040008544921875 116.84252166748046875 122.51540374755859375 127.84819793701171875 132.8065643310546875 134.391082763671875 135.2925567626953125 138.08856201171875 143.015716552734375 144.584564208984375 144.16168212890625
123.76580047607421875 121.86956024169921875 119.33576202392578125 117.73903656005859375 116.2817230224609375 113.99063873291015625 112.5861968994140625 112.5731201171875 111.50351715087890625 114.60752105712890625 119.222076416015625 119.4244384765625 112.08036041259765625 107.4260406494140625 104.89984130859375 100.58119964599609375 88.936798095703125 81.0049591064453125 85.27036285400390625 100.7602386474609375 118.50736236572265625 130.513153076171875 135.7657623291015625 139.90472412109375 139.545074462890625 134.8314361572265625 129.49072265625 127.7205963134765625 126.6613616943359375 124.21172332763671875 122.4508819580078125 123.8939971923828125 127.23792266845703125 126.33892059326171875 128.1576385498046875 125.60028076171875 127.1612396240234375 126.17803955078125 120.60031890869140625 115.03151702880859375 115.9788818359375 118.19944000244140625 120.25028228759765625 123.3157196044921875 126.81627655029296875 132.325286865234375 134.7333221435546875 134.6568450927734375 135.85455322265625 137.396636962890625 134.1158447265625 127.8477630615234375
122.3854827880859375 118.7616424560546875 115.6056365966796875 116.3049774169921875 116.321563720703125 113.48387908935546875 110.93900299072265625 113.06896209716796875 114.36260223388671875 117.01528167724609375 121.64711761474609375 122.17935943603515625 114.74443817138671875 110.5361175537109375 108.08376312255859375 103.64859771728515625 88.5484771728515625 74.57308197021484375 75.1179962158203125 90.40631866455078125 109.42575836181640625 127.06268310546875 133.54168701171875 139.2925262451171875 144.396240234375 144.3243560791015625 141.1949615478515625 139.267486572265625 137.6926727294921875 136.7264862060546875 136.274993896484375 133.4745941162109375 133.204315185546875 134.091033935546875 139.24664306640625 139.7144775390625 138.026885986328125 135.19012451171875 131.6930389404296875 128.9766387939453125 128.3443603515625 128.73187255859375 128.4079132080078125 128.893798828125 129.703765869140625 133.1297760009765625 134.396484375 133.78167724609375 132.2138824462890625 129.572357177734375 123.50511932373046875 116.1484375
123.323760986328125 118.2286834716796875 114.56743621826171875 117.45263671875 118.9668426513671875 115.4547576904296875 111.99024200439453125 114.2381591796875 116.9855194091796875 119.3507232666015625 124.34796142578125 125.19216156005859375 118.38680267333984375 113.9959564208984375 114.06716156005859375 109.99944305419921875 96.66619873046875 83.5335235595703125 83.1384429931640625 96.66403961181640625 108.84683990478515625 123.00388336181640625 127.179962158203125 132.5693206787109375 140.995880126953125 145.93865966796875 144.8106842041015625 145.223724365234375 145.2491607666015625 145.2741546630859375 143.1102447509765625 138.5850830078125 138.1196441650390625 140.6231231689453125 142.738525390625 143.1157379150390625 140.181793212890625 139.7369232177734375 139.6100006103515625 138.745513916015625 137.666717529296875 136.0465240478515625 133.4184417724609375 131.819793701171875 131.61712646484375 132.9954071044921875 131.92291259765625 131.0499267578125 129.6722412109375 133.8968353271484375 132.371978759765625 129.2661590576171875
127.28079986572265625 123.56639862060546875 120.5930023193359375 123.9635162353515625 125.034759521484375 120.5957183837890625 116.6063995361328125 116.86943817138671875 118.87059783935546875 120.0057220458984375 123.83679962158203125 125.52500152587890625 121.1254425048828125 118.9974365234375 122.45892333984375 118.01471710205078125 101.97487640380859375 90.47551727294921875 91.11652374267578125 99.383758544921875 108.5610809326171875 120.3641204833984375 124.7392425537109375 127.96791839599609375 132.3307647705078125 136.907196044921875 139.4274444580078125 146.003326416015625 147.31695556640625 147.0404815673828125 140.598236083984375 137.5859222412109375 139.1726837158203125 140.1355133056640625 140.8598785400390625 141.0980377197265625 140.5583648681640625 142.63775634765625 144.394805908203125 143.4676361083984375 141.8136749267578125 139.9441986083984375 136.728363037109375 134.8558807373046875 134.3790740966796875 135.099273681640625 133.3324432373046875 132.4130859375 131.777923583984375 145.7762451171875 151.33392333984375 147.99139404296875
128.7850799560546875 127.0738372802734375 124.52263641357421875 127.494598388671875 128.15087890625 122.50567626953125 118.55069732666015625 118.19712066650390625 118.2120819091796875 118.0346832275390625 121.4696807861328125 124.31420135498046875 123.45639801025390625 125.2508392333984375 129.7101593017578125 123.84136199951171875 105.55635833740234375 93.72503662109375 93.5439605712890625 97.69487762451171875 108.6195220947265625 122.35739898681640625 127.61556243896484375 128.1854400634765625 127.97216033935546875 127.8884429931640625 127.4819183349609375 135.89996337890625 141.5979156494140625 144.4257659912109375 141.2406005859375 139.6748809814453125 139.5506439208984375 138.4175567626953125 137.611236572265625 137.4797210693359375 139.42828369140625 142.1833648681640625 143.91015625 143.25 144.1827545166015625 146.044036865234375 144.52960205078125 142.9508819580078125 140.4365234375 139.352752685546875 136.9745635986328125 133.792633056640625 131.995880126953125 147.4481658935546875 156.0089569091796875 151.7476348876953125
125.473358154296875 123.86312103271484375 120.84317779541015625 122.3763580322265625 122.3563995361328125 118.020721435546875 113.95787811279296875 112.9435577392578125 112.1253204345703125 111.67479705810546875 114.65129852294921875 118.43675994873046875 120.83640289306640625 124.37860107421875 127.39752197265625 120.2648773193359375 106.15071868896484375 98.84200286865234375 99.43103790283203125 102.8365631103515625 111.33100128173828125 125.2749176025390625 132.051605224609375 131.904083251953125 131.13092041015625 113.9230804443359375 106.46807861328125 123.087921142578125 135.3227996826171875 140.520233154296875 141.9005584716796875 143.298675537109375 142.786041259765625 140.400604248046875 138.126800537109375 136.4292449951171875 136.76055908203125 139.2045135498046875 141.8095550537109375 136.4318389892578125 139.5672760009765625 146.5388336181640625 149.1262054443359375 148.4915618896484375 143.9363250732421875 141.11175537109375 137.7660369873046875 133.6155548095703125 130.43499755859375 136.844757080078125 147.182098388671875 147.5029144287109375
119.3041229248046875 117.87528228759765625 115.43895721435546875 116.6526031494140625 115.646636962890625 112.86917877197265625 108.89996337890625 107.59264373779296875 106.8441162109375 107.0720367431640625 108.43271636962890625 111.073516845703125 115.10488128662109375 119.807098388671875 121.7701568603515625 114.7867584228515625 107.08911895751953125 105.1967620849609375 105.59040069580078125 107.79547882080078125 115.06728363037109375 126.25832366943359375 133.21484375 131.53387451171875 120.09612274169921875 97.49423980712890625 -999999 107.7972412109375 126.50479888916015625 134.533966064453125 141.0518341064453125 146.2702789306640625 145.48468017578125 142.1282806396484375 138.9051666259765625 135.5938873291015625 132.5872344970703125 130.023040771484375 128.5714874267578125 123.5720367431640625 127.816436767578125 137.3231658935546875 143.435394287109375 144.920684814453125 141.0919189453125 137.4727935791015625 133.33868408203125 128.3032073974609375 124.70867919921875 126.98116302490234375 139.944244384765625 144.3184967041015625
116.035919189453125 116.5021209716796875 116.33492279052734375 117.7543182373046875 116.13848114013671875 113.16088104248046875 109.00435638427734375 107.5682373046875 105.94582366943359375 105.793121337890625 106.18927764892578125 106.97859954833984375 109.8772430419921875 115.4747161865234375 119.71816253662109375 114.10816192626953125 104.85643768310546875 100.03639984130859375 100.0537567138671875 103.69795989990234375 112.90888214111328125 122.80615997314453125 130.3200836181640625 126.98412322998046875 110.83860015869140625 94.19191741943359375 -999999 98.538238525390625 122.88671875 140.0806732177734375 140.683807373046875 141.643524169921875 138.511322021484375 133.289306640625 129.070037841796875 126.4884033203125 124.108001708984375 119.52848052978515625 113.63275909423828125 112.9624786376953125 116.92035675048828125 127.13520050048828125 135.98223876953125 140.731201171875 140.6862030029296875 136.6551971435546875 129.6112823486328125 121.57900238037109375 116.94048309326171875 121.1793212890625 130.5948333740234375 136.56280517578125
108.10384368896484375 113.07514190673828125 114.9700775146484375 119.3135986328125 116.92163848876953125 112.74823760986328125 108.3267974853515625 106.709442138671875 105.21115875244140625 104.7379608154296875 104.98471832275390625 105.50144195556640625 106.68868255615234375 110.4824371337890625 114.950439453125 109.801483154296875 98.844879150390625 92.34523773193359375 90.99532318115234375 92.78568267822265625 101.598358154296875 111.72968292236328125 119.10707855224609375 115.89276123046875 102.37207794189453125 92.8819580078125 86.01995849609375 -999999 118.44915771484375 137.151397705078125 134.698883056640625 132.1048431396484375 125.0327606201171875 113.87476348876953125 110.31896209716796875 113.1366424560546875 114.98979949951171875 111.20619964599609375 98.25055694580078125 112.778961181640625 109.7713623046875 114.09400177001953125 122.26747894287109375 133.9681549072265625 141.5578765869140625 139.026458740234375 132.7154388427734375 123.0751190185546875 116.77204132080078125 119.3394012451171875 115.9140777587890625 124.6710968017578125
98.37371826171875 108.54840087890625 115.80576324462890625 118.58692169189453125 116.0115203857421875 110.4530792236328125 105.7286376953125 104.9508209228515625 105.387359619140625 105.320556640625 105.16648101806640625 105.23548126220703125 105.440277099609375 105.74024200439453125 108.0569610595703125 104.57784271240234375 96.08351898193359375 89.27307891845703125 85.4013214111328125 82.9391632080078125 87.731201171875 96.424041748046875 102.22963714599609375 99.9644775390625 89.68988037109375 87.224639892578125 90.88307952880859375 -999999 106.0272369384765625 118.92183685302734375 124.321563720703125 125.88127899169921875 119.13680267333984375 106.39331817626953125 101.25460052490234375 106.1684417724609375 109.11968231201171875 111.8171234130859375 99.9601593017578125 107.12476348876953125 108.17595672607421875 103.42819976806640625 106.88880157470703125 123.54560089111328125 136.850799560546875 139.829925537109375 137.5402069091796875 130.5200042724609375 123.71475982666015625 120.43540191650390625 108.943878173828125 119.768341064453125
