data/TNO-HT-ATES/HT-ATES_NLFFS/TG416_NLDOBR__kh_P50_ATES.asc
ncols        266
nrows        269
xllcorner    11500.000000000000
yllcorner    355500.000000000000
cellsize     1000.000000000000
NODATA_value  -999999
[rows 138 to 160 of 269, columns 204 to 254 of 266]
25.23442840576171875 24.728473663330078125 26.384449005126953125 26.812725067138671875 27.223260879516601562 25.340999603271484375 24.2492828369140625 22.773874282836914062 21.771305084228515625 20.123754501342773438 20.1027374267578125 22.65131378173828125 26.941959381103515625 29.885919570922851562 29.210554122924804688 26.694360733032226562 25.19394683837890625 24.852046966552734375 24.522899627685546875 22.808347702026367188 22.581012725830078125 22.760501861572265625 23.288751602172851562 21.392313003540039062 18.295064926147460938 19.556333541870117188 21.84633636474609375 22.402578353881835938 20.979951858520507812 21.0417327880859375 20.005556106567382812 19.188554763793945312 19.413591384887695312 17.457845687866210938 16.036182403564453125 13.154919624328613281 9.0713901519775390625 9.8514499664306640625 15.993160247802734375 21.1574859619140625 15.778225898742675781 9.6054811477661132812 -999999 -999999 -999999 -999999 -999999 -999999 -999999 -999999 -999999
25.067144393920898438 25.40225982666015625 26.093585968017578125 26.293363571166992188 26.444738388061523438 23.843313217163085938 21.964300155639648438 20.328195571899414062 19.29332733154296875 18.649433135986328125 18.399595260620117188 20.540216445922851562 23.9698944091796875 26.282125473022460938 26.111936569213867188 22.125062942504882812 19.915655136108398438 19.814683914184570312 20.917201995849609375 20.572286605834960938 21.608409881591796875 23.423908233642578125 22.608783721923828125 18.78662109375 16.482061386108398438 18.345287322998046875 23.367649078369140625 23.36240386962890625 21.895069122314453125 21.72690582275390625 20.135589599609375 17.986330032348632812 16.802860260009765625 16.333112716674804688 14.337731361389160156 11.389248847961425781 8.4394702911376953125 7.8940362930297851562 14.133347511291503906 24.607330322265625 21.53493499755859375 10.627901077270507812 7.0566582679748535156 -999999 -999999 -999999 -999999 -999999 -999999 -999999 -999999
23.165006637573242188 23.301219940185546875 24.131956100463867188 24.363353729248046875 24.437366485595703125 21.92779541015625 20.079721450805664062 19.13372802734375 18.639049530029296875 17.6488494873046875 17.857545852661132812 19.578866958618164062 21.35027313232421875 22.216890335083007812 21.375978469848632812 19.163442611694335938 17.131702423095703125 16.52109527587890625 17.568027496337890625 19.230129241943359375 21.810573577880859375 21.757905960083007812 21.047595977783203125 16.773260116577148438 14.389719009399414062 16.970132827758789062 21.8330841064453125 23.294651031494140625 21.778293609619140625 21.055936813354492188 18.198886871337890625 14.957952499389648438 14.354672431945800781 15.911291122436523438 14.543548583984375 12.328223228454589844 10.122610092163085938 7.7444915771484375 11.037762641906738281 21.604539871215820312 21.449127197265625 11.79943084716796875 -999999 -999999 -999999 -999999 -999999 -999999 -999999 -999999 -999999
20.383100509643554688 21.325527191162109375 22.342206954956054688 22.19842529296875 22.159406661987304688 20.43943023681640625 19.103063583374023438 18.384302139282226562 18.503696441650390625 18.812286376953125 18.653682708740234375 18.896760940551757812 18.682550430297851562 19.416517257690429688 18.933483123779296875 17.611810684204101562 15.753287315368652344 15.178705215454101562 16.190614700317382812 18.0128631591796875 19.749410629272460938 21.236072540283203125 20.341665267944335938 17.278593063354492188 15.568866729736328125 17.275135040283203125 20.2657012939453125 20.653314590454101562 20.344133377075195312 18.90729522705078125 16.032693862915039062 12.940349578857421875 13.528352737426757812 16.402645111083984375 18.423099517822265625 17.403333663940429688 15.077213287353515625 10.433231353759765625 10.395252227783203125 18.251852035522460938 19.440158843994140625 12.671976089477539062 8.8930578231811523438 -999999 -999999 -999999 -999999 -999999 -999999 -999999 -999999
18.322200775146484375 18.839433670043945312 20.1960906982421875 20.820758819580078125 20.993011474609375 19.84752655029296875 18.193086624145507812 17.6024322509765625 18.440975189208984375 18.7136077880859375 19.726726531982421875 19.811273574829101562 18.57067108154296875 17.970439910888671875 17.409452438354492188 16.806489944458007812 16.279094696044921875 15.379597663879394531 16.482473373413085938 17.665994644165039062 20.092380523681640625 20.117338180541992188 19.546146392822265625 18.6859283447265625 18.210348129272460938 17.912502288818359375 18.69861602783203125 19.762119293212890625 18.50121307373046875 17.015726089477539062 14.088168144226074219 12.252198219299316406 14.879315376281738281 19.331268310546875 23.237241744995117188 24.402925491333007812 22.010608673095703125 8.250522613525390625 -999999 -999999 18.424774169921875 -999999 -999999 -999999 -999999 -999999 -999999 -999999 -999999 -999999 -999999
16.286815643310546875 16.6753082275390625 17.84136199951171875 19.15348052978515625 19.603757858276367188 18.006561279296875 17.421300888061523438 16.942132949829101562 17.91985321044921875 18.264631271362304688 19.658626556396484375 19.574686050415039062 18.070125579833984375 17.802770614624023438 17.53125762939453125 16.516407012939453125 15.396327972412109375 15.819020271301269531 16.479816436767578125 17.464618682861328125 18.61132049560546875 18.563489913940429688 18.582746505737304688 18.761621475219726562 18.253438949584960938 17.156591415405273438 17.155073165893554688 18.000003814697265625 17.580751419067382812 14.9754486083984375 12.960267066955566406 13.287134170532226562 16.70565032958984375 21.691812515258789062 25.133306503295898438 27.342128753662109375 -999999 -999999 -999999 -999999 -999999 -999999 -999999 -999999 -999999 -999999 -999999 -999999 -999999 -999999 -999999
14.224470138549804688 15.021852493286132812 15.339351654052734375 17.400789260864257812 17.905771255493164062 17.89112091064453125 17.291090011596679688 16.519231796264648438 16.011890411376953125 17.25885772705078125 19.292119979858398438 19.702762603759765625 17.877855300903320312 17.207736968994140625 17.1856231689453125 15.801221847534179688 14.812100410461425781 15.864293098449707031 16.52358245849609375 15.940148353576660156 15.843611717224121094 16.332530975341796875 15.995635032653808594 16.122577667236328125 15.554026603698730469 14.387155532836914062 14.530875205993652344 16.1335296630859375 16.048915863037109375 13.794585227966308594 13.398716926574707031 15.638047218322753906 18.730028152465820312 22.209381103515625 23.802770614624023438 25.501317977905273438 -999999 -999999 -999999 -999999 -999999 -999999 -999999 -999999 -999999 -999999 -999999 -999999 -999999 -999999 -999999
12.418301582336425781 13.403023719787597656 14.783807754516601562 15.45069122314453125 16.662740707397460938 17.845849990844726562 18.2710113525390625 17.4330902099609375 16.597192764282226562 16.601619720458984375 17.242090225219726562 17.554927825927734375 17.819238662719726562 16.50899505615234375 16.181425094604492188 14.532017707824707031 14.553528785705566406 15.363035202026367188 15.287020683288574219 14.623544692993164062 13.181038856506347656 11.967209815979003906 11.535777091979980469 11.585844039916992188 11.448770523071289062 10.578126907348632812 10.917264938354492188 12.840897560119628906 13.042600631713867188 11.865801811218261719 13.133084297180175781 16.934169769287109375 21.037679672241210938 22.838518142700195312 24.090274810791015625 23.780096054077148438 -999999 -999999 -999999 -999999 -999999 -999999 -999999 -999999 -999999 -999999 -999999 -999999 -999999 -999999 -999999
11.438572883605957031 12.657732009887695312 14.022653579711914062 15.370035171508789062 16.885715484619140625 19.227319717407226562 19.395969390869140625 18.827129364013671875 18.049974441528320312 18.05225372314453125 17.1163482666015625 17.026071548461914062 16.771406173706054688 16.6147308349609375 16.154432296752929688 15.343007087707519531 14.639972686767578125 15.298109054565429688 14.657502174377441406 12.456599235534667969 10.028980255126953125 8.2250413894653320312 7.7290625572204589844 7.3611974716186523438 7.424388885498046875 7.3644628524780273438 8.3193531036376953125 9.3485288619995117188 9.6915912628173828125 9.6095056533813476562 11.684568405151367188 15.492270469665527344 19.633695602416992188 22.435028076171875 22.404186248779296875 22.112966537475585938 -999999 -999999 -999999 -999999 -999999 -999999 -999999 -999999 -999999 -999999 -999999 -999999 -999999 -999999 -999999
10.543872833251953125 12.359981536865234375 13.813817977905273438 15.463883399963378906 17.484724044799804688 19.175035476684570312 20.146799087524414062 20.9556732177734375 21.493457794189453125 21.7917633056640625 19.816463470458984375 17.459964752197265625 17.649723052978515625 17.452381134033203125 16.603664398193359375 15.397550582885742188 15.310655593872070312 14.606109619140625 13.564029693603515625 10.877763748168945312 7.5018720626831054688 6.0122151374816894531 5.66329193115234375 5.6714997291564941406 5.80818939208984375 6.375514984130859375 6.7962975502014160156 7.3776803016662597656 7.57010650634765625 7.3489584922790527344 8.5227794647216796875 11.233317375183105469 15.2963714599609375 18.796789169311523438 18.643690109252929688 -999999 -999999 -999999 -999999 -999999 -999999 -999999 -999999 -999999 -999999 -999999 -999999 -999999 -999999 -999999 -999999
9.9553766250610351562 11.340448379516601562 13.625308036804199219 15.035215377807617188 16.708257675170898438 18.311838150024414062 19.602262496948242188 20.675683975219726562 22.64315032958984375 25.431430816650390625 24.131710052490234375 20.15692138671875 18.920536041259765625 18.642038345336914062 18.111398696899414062 16.7478790283203125 15.857895851135253906 14.23838043212890625 13.218740463256835938 10.511388778686523438 6.6822209358215332031 5.5735578536987304688 5.5549116134643554688 5.765625 6.4595184326171875 7.14617919921875 6.747142791748046875 6.2324123382568359375 5.9567465782165527344 5.7314043045043945312 6.1336731910705566406 8.3405094146728515625 12.490393638610839844 15.184721946716308594 15.145771026611328125 13.216700553894042969 -999999 -999999 -999999 -999999 -999999 -999999 -999999 -999999 -999999 -999999 -999999 -999999 -999999 -999999 -999999
10.662628173828125 12.327816963195800781 13.750178337097167969 15.046170234680175781 16.045803070068359375 16.844900131225585938 17.6634063720703125 19.247524261474609375 21.547739028930664062 23.385532379150390625 23.232086181640625 22.000600814819335938 18.8878021240234375 18.6955718994140625 19.19712066650390625 17.825281143188476562 15.9069366455078125 15.105733871459960938 14.644000053405761719 11.335415840148925781 7.0084018707275390625 5.9524078369140625 6.1677384376525878906 6.5878610610961914062 7.415828704833984375 8.2855157852172851562 6.962749481201171875 5.4318585395812988281 5.2572851181030273438 5.2270412445068359375 5.1036877632141113281 7.1705508232116699219 11.242837905883789062 12.979335784912109375 12.045077323913574219 9.2140607833862304688 7.5701107978820800781 -999999 -999999 -999999 -999999 -999999 -999999 -999999 -999999 -999999 -999999 -999999 -999999 -999999 -999999
11.594134330749511719 12.98880767822265625 14.302576065063476562 15.312788009643554688 15.789229393005371094 15.757049560546875 16.533323287963867188 18.247201919555664062 20.034694671630859375 20.681352615356445312 20.593067169189453125 20.39579010009765625 18.506967544555664062 18.923086166381835938 19.243825912475585938 18.17476654052734375 16.368955612182617188 15.984078407287597656 16.390232086181640625 12.997713088989257812 8.4527750015258789062 7.8635735511779785156 8.4462671279907226562 9.0053796768188476562 10.008579254150390625 10.047804832458496094 8.4880542755126953125 6.1835446357727050781 5.4995703697204589844 5.1175489425659179688 5.1320443153381347656 7.0504093170166015625 9.8141832351684570312 11.806529045104980469 10.047045707702636719 7.3950028419494628906 -999999 -999999 -999999 -999999 -999999 -999999 -999999 -999999 -999999 -999999 -999999 -999999 -999999 -999999 -999999
13.313304901123046875 14.728002548217773438 15.135663986206054688 15.615499496459960938 15.838716506958007812 16.423387527465820312 16.270914077758789062 17.478212356567382812 18.665903091430664062 20.045419692993164062 19.188968658447265625 19.498834609985351562 17.8400115966796875 18.820997238159179688 19.743930816650390625 19.854450225830078125 18.426504135131835938 18.523263931274414062 18.607082366943359375 15.824525833129882812 12.367184638977050781 11.722614288330078125 13.180604934692382812 14.107150077819824219 14.696972846984863281 13.602204322814941406 11.78618621826171875 8.9085741043090820312 6.7206234931945800781 5.9022183418273925781 6.4932155609130859375 8.502208709716796875 11.03520965576171875 11.861792564392089844 9.7680730819702148438 6.7617859840393066406 -999999 -999999 -999999 -999999 -999999 -999999 -999999 -999999 -999999 -999999 -999999 -999999 -999999 -999999 -999999
13.825023651123046875 14.788367271423339844 15.326708793640136719 15.306941986083984375 16.028512954711914062 17.741024017333984375 17.585775375366210938 17.198846817016601562 17.573150634765625 18.491437911987304688 18.967702865600585938 19.3417510986328125 19.811811447143554688 20.7903900146484375 21.842805862426757812 22.147027969360351562 21.431692123413085938 21.13864898681640625 20.637151718139648438 19.339956283569335938 17.070627212524414062 17.337327957153320312 18.543323516845703125 19.251367568969726562 17.456319808959960938 15.124711036682128906 13.405336380004882812 11.254899978637695312 8.8973178863525390625 7.7106046676635742188 8.6323184967041015625 10.223049163818359375 11.578049659729003906 12.226682662963867188 10.113472938537597656 6.9490046501159667969 -999999 -999999 -999999 -999999 -999999 -999999 -999999 -999999 -999999 -999999 -999999 -999999 -999999 -999999 -999999
14.465055465698242188 14.49692535400390625 14.583547592163085938 14.853951454162597656 16.161142349243164062 17.69188690185546875 18.37577056884765625 17.825082778930664062 17.349773406982421875 17.484254837036132812 18.083333969116210938 18.451568603515625 19.725679397583007812 21.38921356201171875 22.366128921508789062 23.032497406005859375 23.042451858520507812 22.6164093017578125 22.156139373779296875 21.179628372192382812 20.7029876708984375 21.160295486450195312 21.822727203369140625 21.540521621704101562 17.10880279541015625 13.406657218933105469 12.207746505737304688 11.579226493835449219 10.441266059875488281 10.097551345825195312 10.356359481811523438 10.874062538146972656 10.80864715576171875 11.191449165344238281 10.203418731689453125 7.1690998077392578125 5.8841643333435058594 -999999 -999999 -999999 -999999 -999999 -999999 -999999 -999999 -999999 -999999 -999999 -999999 -999999 -999999
13.396656990051269531 12.989718437194824219 13.268362998962402344 14.533827781677246094 15.849444389343261719 17.275754928588867188 18.640222549438476562 18.765560150146484375 17.932586669921875 18.785264968872070312 18.446725845336914062 18.941860198974609375 19.640317916870117188 20.19712066650390625 20.714977264404296875 21.473430633544921875 21.243303298950195312 21.630634307861328125 21.708200454711914062 21.712368011474609375 21.545337677001953125 21.556760787963867188 21.810510635375976562 20.31443023681640625 14.887972831726074219 11.165164947509765625 10.568104743957519531 11.036407470703125 11.910773277282714844 11.470445632934570312 10.605084419250488281 9.6904954910278320312 8.83641815185546875 8.3824100494384765625 7.9262261390686035156 6.8371939659118652344 5.5490264892578125 5.0016493797302246094 -999999 -999999 -999999 -999999 -999999 -999999 -999999 -999999 -999999 -999999 -999999 -999999 -999999
11.288836479187011719 10.320224761962890625 10.978293418884277344 13.899103164672851562 16.069322586059570312 16.865724563598632812 17.699716567993164062 18.81554412841796875 19.885961532592773438 20.221858978271484375 19.812643051147460938 19.030824661254882812 18.38523101806640625 18.156291961669921875 17.636304855346679688 17.483942031860351562 18.641292572021484375 19.321340560913085938 20.325450897216796875 19.650869369506835938 19.81372833251953125 19.472898483276367188 18.118494033813476562 16.433406829833984375 13.420044898986816406 11.492774009704589844 10.596385955810546875 11.339319229125976562 12.927465438842773438 12.056148529052734375 10.0122528076171875 8.0936803817749023438 6.6338238716125488281 5.8862643241882324219 5.3810238838195800781 5.3103547096252441406 5.1400961875915527344 -999999 -999999 -999999 -999999 -999999 -999999 -999999 -999999 -999999 -999999 -999999 -999999 -999999 -999999
8.1643886566162109375 7.4674940109252929688 8.0594005584716796875 11.316934585571289062 14.965070724487304688 15.895699501037597656 16.475292205810546875 17.929765701293945312 20.338209152221679688 20.96709442138671875 19.525278091430664062 18.28263092041015625 17.487592697143554688 16.6750335693359375 15.56652069091796875 15.09348297119140625 15.89795684814453125 16.203533172607421875 16.651456832885742188 16.750400543212890625 16.469730377197265625 15.656271934509277344 14.302272796630859375 12.827985763549804688 12.352809906005859375 11.595959663391113281 11.021405220031738281 12.039376258850097656 12.338578224182128906 10.610106468200683594 8.8784332275390625 6.660526275634765625 5.5599656105041503906 5.2458744049072265625 5.2015604972839355469 5.1774091720581054688 -999999 -999999 -999999 -999999 -999999 -999999 -999999 -999999 -999999 -999999 -999999 -999999 -999999 -999999 -999999
6.3738169670104980469 6.0864324569702148438 6.3181591033935546875 8.524593353271484375 12.191165924072265625 14.437288284301757812 14.960920333862304688 16.5402984619140625 19.456699371337890625 20.783405303955078125 18.891817092895507812 17.020494461059570312 16.408227920532226562 15.985869407653808594 15.164093971252441406 14.019822120666503906 14.402780532836914062 14.758220672607421875 14.277568817138671875 13.082367897033691406 13.131555557250976562 12.501830101013183594 12.331723213195800781 12.477900505065917969 11.969130516052246094 11.726001739501953125 11.763382911682128906 11.822916984558105469 10.98145294189453125 9.5399303436279296875 7.68592071533203125 6.2324275970458984375 5.4728674888610839844 5.3300495147705078125 5.5285267829895019531 -999999 -999999 -999999 -999999 -999999 -999999 -999999 -999999 -999999 -999999 -999999 -999999 -999999 -999999 -999999 -999999
5.9290313720703125 6.2888002395629882812 6.2735943794250488281 7.26209259033203125 10.139833450317382812 13.249489784240722656 14.800794601440429688 16.12935638427734375 17.719509124755859375 18.168367385864257812 16.6934356689453125 15.658297538757324219 15.414696693420410156 14.887628555297851562 14.467859268188476562 13.696108818054199219 13.380870819091796875 13.124217987060546875 12.231163978576660156 11.389780998229980469 11.674807548522949219 11.979228973388671875 12.207028388977050781 12.7950439453125 12.426090240478515625 11.911937713623046875 12.015514373779296875 11.448476791381835938 10.324231147766113281 8.6584959030151367188 7.1182584762573242188 6.0352797508239746094 5.5291333198547363281 5.5811357498168945312 5.6089353561401367188 -999999 -999999 -999999 -999999 -999999 -999999 -999999 -999999 -999999 -999999 -999999 -999999 -999999 -999999 -999999 -999999
5.7931380271911621094 6.1322479248046875 6.3232455253601074219 8.7333812713623046875 11.880997657775878906 13.740106582641601562 14.046236038208007812 15.319695472717285156 15.635351181030273438 14.470058441162109375 13.344081878662109375 13.960399627685546875 14.356005668640136719 13.981368064880371094 13.497729301452636719 13.15509796142578125 12.341495513916015625 12.073944091796875 10.984934806823730469 10.378361701965332031 10.741101264953613281 11.969221115112304688 12.206728935241699219 12.527085304260253906 12.787555694580078125 12.217019081115722656 11.868367195129394531 11.463433265686035156 9.7287235260009765625 7.9875926971435546875 6.7415323257446289062 5.9937129020690917969 5.7954239845275878906 5.6570301055908203125 5.7149076461791992188 5.8978562355041503906 -999999 -999999 -999999 -999999 -999999 -999999 -999999 -999999 -999999 -999999 -999999 -999999 -999999 -999999 -999999
5.8532967567443847656 6.2038140296936035156 7.1906728744506835938 10.683726310729980469 14.107015609741210938 14.798313140869140625 14.263583183288574219 12.997864723205566406 12.691376686096191406 11.246488571166992188 11.067204475402832031 12.537182807922363281 13.5543060302734375 12.901818275451660156 11.978956222534179688 11.83904266357421875 11.476808547973632812 11.082800865173339844 10.327979087829589844 10.243996620178222656 10.345090866088867188 11.629303932189941406 12.164273262023925781 12.98218536376953125 13.067521095275878906 12.485387802124023438 12.005387306213378906 10.756534576416015625 9.0877943038940429688 7.5628819465637207031 6.4720067977905273438 5.8206081390380859375 5.731746673583984375 5.950222015380859375 6.5351872444152832031 7.4423451423645019531 7.9052844047546386719 7.0035853385925292969 -999999 -999999 -999999 -999999 -999999 -999999 -999999 -999999 -999999 -999999 -999999 -999999 -999999
