data/TNO-HT-ATES/HT-ATES_NLFFS/TG417_NLDOBR__k_P50_ATES.asc
ncols        266
nrows        269
xllcorner    11500.000000000000
yllcorner    355500.000000000000
cellsize     1000.000000000000
NODATA_value  -999999
[rows 23 to 45 of 269, columns 212 to 264 of 266]
-999999 -999999 -999999 368.402801513671875 368.402801513671875 365.74810791015625 353.108978271484375 335.414581298828125 320.16357421875 306.801422119140625 294.497772216796875 288.606689453125 287.834747314453125 287.579254150390625 285.573028564453125 288.439727783203125 298.017822265625 306.6505126953125 311.41424560546875 312.417327880859375 310.00372314453125 308.27728271484375 311.004974365234375 317.324310302734375 324.779815673828125 332.905853271484375 340.391265869140625 345.92498779296875 350.122711181640625 352.887603759765625 353.883148193359375 354.18389892578125 354.399688720703125 362.960205078125 -999999 -999999 -999999 -999999 -999999 -999999 -999999 -999999 -999999 -999999 -999999 -999999 -999999 -999999 -999999 -999999 -999999 -999999 -999999
-999999 -999999 363.106689453125 367.342529296875 367.971221923828125 364.08831787109375 353.680694580078125 339.9239501953125 328.17041015625 317.733795166015625 305.246612548828125 299.03851318359375 299.418792724609375 300.590606689453125 300.499053955078125 301.305511474609375 304.31207275390625 307.17730712890625 305.6258544921875 292.540008544921875 278.015960693359375 272.430511474609375 279.7686767578125 297.485626220703125 317.209686279296875 329.823028564453125 339.7906494140625 347.519378662109375 353.23046875 357.066192626953125 359.256011962890625 360.23394775390625 360.528167724609375 360.565032958984375 -999999 -999999 -999999 -999999 -999999 -999999 -999999 -999999 -999999 -999999 -999999 -999999 -999999 -999999 -999999 -999999 -999999 -999999 -999999
350.253265380859375 -999999 348.63250732421875 356.767303466796875 363.638885498046875 363.674774169921875 356.105621337890625 343.904022216796875 333.686279296875 324.317962646484375 312.266845703125 306.31927490234375 307.078033447265625 309.0113525390625 309.39422607421875 308.279327392578125 307.344818115234375 305.009368896484375 285.65997314453125 255.1787872314453125 229.0592193603515625 219.7846527099609375 232.11785888671875 261.55816650390625 297.52508544921875 325.76611328125 337.65545654296875 345.768310546875 351.7481689453125 355.8388671875 358.205108642578125 359.29962158203125 360.15069580078125 360.4031982421875 -999999 -999999 -999999 -999999 -999999 -999999 -999999 -999999 -999999 -999999 -999999 -999999 -999999 -999999 -999999 -999999 -999999 -999999 -999999
340.742919921875 345.637786865234375 345.305908203125 349.73291015625 356.78759765625 359.916351318359375 354.844268798828125 344.865966796875 335.9085693359375 327.100555419921875 317.42413330078125 313.51727294921875 314.873321533203125 316.4947509765625 316.03656005859375 313.083465576171875 309.1773681640625 296.545440673828125 260.720062255859375 216.1284637451171875 179.194976806640625 165.0666351318359375 182.2465667724609375 222.6310577392578125 271.912506103515625 314.842926025390625 334.568267822265625 343.1312255859375 349.035369873046875 352.722137451171875 354.53948974609375 354.958892822265625 355.395263671875 356.335113525390625 356.673370361328125 -999999 -999999 -999999 -999999 -999999 -999999 -999999 -999999 -999999 -999999 -999999 -999999 -999999 -999999 -999999 -999999 -999999 -999999
330.2296142578125 340.7130126953125 348.116455078125 354.09002685546875 354.057647705078125 347.058807373046875 341.46087646484375 340.179718017578125 335.16461181640625 327.936187744140625 322.111297607421875 321.422149658203125 323.660430908203125 324.457977294921875 322.281494140625 317.391204833984375 310.78192138671875 288.67034912109375 243.1181640625 189.9014434814453125 143.2306671142578125 119.08286285400390625 145.981842041015625 196.019775390625 253.3677978515625 304.27862548828125 330.60870361328125 340.338226318359375 346.35076904296875 349.584930419921875 350.825714111328125 350.450469970703125 349.963623046875 350.968780517578125 352.975921630859375 354.692535400390625 -999999 -999999 -999999 -999999 -999999 -999999 -999999 -999999 -999999 -999999 -999999 -999999 -999999 -999999 -999999 -999999 -999999
322.383026123046875 334.389892578125 346.464630126953125 357.294525146484375 353.609893798828125 329.52215576171875 315.875946044921875 329.44793701171875 331.98291015625 327.531097412109375 325.525604248046875 327.885833740234375 330.339385986328125 329.6942138671875 325.714202880859375 319.230865478515625 310.920745849609375 286.54693603515625 240.0325927734375 186.6231536865234375 139.38818359375 112.7013397216796875 142.9395751953125 194.031097412109375 251.8780364990234375 303.0445556640625 329.80364990234375 338.4248046875 343.891754150390625 346.943115234375 348.1663818359375 347.829620361328125 347.257293701171875 348.090728759765625 350.561553955078125 353.8883056640625 361.938232421875 -999999 -999999 -999999 -999999 -999999 -999999 -999999 -999999 -999999 -999999 -999999 -999999 -999999 -999999 -999999 -999999
316.455108642578125 327.9486083984375 341.46746826171875 355.032684326171875 354.0545654296875 323.172698974609375 296.210693359375 315.1666259765625 327.078033447265625 327.47723388671875 327.821075439453125 331.05255126953125 333.241363525390625 331.583953857421875 326.41241455078125 319.198089599609375 310.572418212890625 291.990753173828125 253.1934356689453125 208.1861419677734375 171.2003936767578125 157.387176513671875 176.120513916015625 218.3175811767578125 269.085357666015625 312.28033447265625 331.35736083984375 338.123565673828125 342.67144775390625 345.482666015625 346.81927490234375 346.75103759765625 346.686920166015625 347.9603271484375 351.080108642578125 355.623687744140625 360.08062744140625 -999999 -999999 -999999 -999999 -999999 -999999 -999999 -999999 -999999 -999999 -999999 -999999 -999999 -999999 -999999 -999999
310.37451171875 321.925506591796875 335.807647705078125 350.51031494140625 356.98828125 337.3387451171875 304.62176513671875 306.43585205078125 321.330291748046875 327.7437744140625 329.629058837890625 331.39056396484375 332.915618896484375 331.20684814453125 326.3565673828125 319.9310302734375 312.598236083984375 303.073028564453125 278.17047119140625 246.31878662109375 220.7958831787109375 212.661895751953125 226.9339599609375 259.29046630859375 297.64581298828125 326.087799072265625 335.14105224609375 340.02886962890625 343.252532958984375 345.418670654296875 346.7705078125 347.0938720703125 347.965179443359375 350.525482177734375 354.846466064453125 359.932769775390625 364.143646240234375 365.962921142578125 367.719085693359375 -999999 -999999 -999999 -999999 -999999 -999999 -999999 -999999 331.185150146484375 316.698150634765625 317.137481689453125 317.7110595703125 331.901580810546875 -999999
303.008056640625 314.70947265625 329.242431640625 344.466766357421875 356.833282470703125 355.27557373046875 334.855712890625 315.622833251953125 317.94488525390625 325.175201416015625 328.965728759765625 329.658721923828125 329.97955322265625 329.075408935546875 326.14404296875 322.278106689453125 318.455810546875 315.2137451171875 307.623992919921875 290.701904296875 275.816070556640625 272.08343505859375 282.49639892578125 303.566162109375 325.676788330078125 336.539306640625 341.606109619140625 344.52093505859375 345.94073486328125 346.901214599609375 347.865264892578125 348.887969970703125 351.371429443359375 355.382568359375 360.3309326171875 364.87603759765625 367.532745361328125 368.12469482421875 367.881103515625 366.7354736328125 363.29656982421875 356.946807861328125 350.03997802734375 342.554168701171875 333.70458984375 325.50152587890625 320.4744873046875 318.48492431640625 318.197845458984375 318.675323486328125 319.30560302734375 319.81695556640625 -999999
293.75146484375 305.994415283203125 321.038299560546875 336.4810791015625 351.074676513671875 360.003814697265625 357.152313232421875 340.231842041015625 324.335418701171875 318.734466552734375 321.2811279296875 325.14727783203125 326.68328857421875 326.87384033203125 325.550994873046875 324.4044189453125 324.200775146484375 325.260986328125 324.6192626953125 322.610870361328125 319.31494140625 319.847808837890625 326.11248779296875 335.080596923828125 341.515106201171875 346.409912109375 349.6351318359375 350.774383544921875 350.3243408203125 349.82891845703125 350.058746337890625 352.083587646484375 356.138397216796875 360.331298828125 364.483551025390625 367.516326904296875 368.40155029296875 368.402801513671875 368.339324951171875 366.90618896484375 363.03741455078125 357.125274658203125 350.461273193359375 343.656280517578125 336.0125732421875 328.085296630859375 322.72918701171875 320.61407470703125 320.450592041015625 321.007537841796875 321.640655517578125 322.142608642578125 -999999
284.27197265625 297.1666259765625 311.668975830078125 326.584808349609375 342.33795166015625 355.50067138671875 361.617523193359375 357.293853759765625 340.901153564453125 322.727752685546875 315.9815673828125 319.265533447265625 324.097412109375 328.319305419921875 327.842254638671875 327.627838134765625 328.035491943359375 329.712646484375 331.67486572265625 333.33306884765625 335.301544189453125 338.37469482421875 342.453094482421875 346.9337158203125 351.027374267578125 354.240234375 356.482177734375 356.7703857421875 354.740753173828125 353.127349853515625 352.895477294921875 355.39288330078125 359.6968994140625 363.527801513671875 366.594024658203125 368.22479248046875 368.402801513671875 368.402801513671875 368.206634521484375 366.387237548828125 362.4459228515625 356.9940185546875 350.526611328125 342.897216796875 334.69024658203125 327.22265625 322.7462158203125 321.60113525390625 322.290863037109375 323.340667724609375 324.129547119140625 324.697540283203125 -999999
276.091949462890625 289.056793212890625 302.383331298828125 315.840362548828125 330.71270751953125 344.6234130859375 354.504547119140625 358.335235595703125 353.856689453125 341.658355712890625 328.371826171875 319.564666748046875 321.989898681640625 331.803314208984375 334.92352294921875 335.97454833984375 334.96258544921875 334.1739501953125 334.95257568359375 337.1463623046875 340.304046630859375 344.289520263671875 348.73974609375 352.992828369140625 356.37225341796875 358.60772705078125 359.79779052734375 359.404388427734375 357.07470703125 355.069488525390625 354.986572265625 357.388153076171875 361.2469482421875 364.826385498046875 367.211944580078125 368.27587890625 368.402801513671875 368.38165283203125 367.766204833984375 365.683990478515625 361.9979248046875 356.745574951171875 349.973876953125 341.33673095703125 332.3660888671875 325.344512939453125 322.207061767578125 322.578125 324.489654541015625 326.192413330078125 327.10833740234375 327.65411376953125 -999999
269.62548828125 281.448150634765625 293.541229248046875 305.19219970703125 317.529388427734375 329.68780517578125 340.192718505859375 348.791351318359375 353.01123046875 350.74395751953125 345.664581298828125 337.851806640625 333.43731689453125 338.1015625 343.26739501953125 346.136810302734375 344.351348876953125 340.074493408203125 337.439697265625 337.77154541015625 340.7889404296875 345.517333984375 350.9027099609375 355.579742431640625 358.791595458984375 360.51373291015625 360.837188720703125 359.84234619140625 357.61981201171875 356.068511962890625 356.297637939453125 358.4036865234375 361.83624267578125 364.90765380859375 366.955780029296875 368.034423828125 368.27178955078125 368.067779541015625 367.092254638671875 364.966827392578125 361.611358642578125 356.7041015625 350.09344482421875 341.333038330078125 332.28936767578125 325.636077880859375 323.360870361328125 324.951934814453125 328.028106689453125 330.239715576171875 331.010650634765625 331.193634033203125 -999999
266.335723876953125 275.65478515625 285.77581787109375 295.443206787109375 305.102508544921875 314.507080078125 323.063934326171875 331.07720947265625 337.845947265625 342.917388916015625 349.594482421875 353.893890380859375 354.013671875 351.6273193359375 350.115325927734375 352.042938232421875 350.891448974609375 344.781890869140625 339.120574951171875 337.458648681640625 339.63360595703125 344.20703125 349.96527099609375 355.024505615234375 358.440460205078125 360.356170654296875 360.900146484375 360.0372314453125 357.50592041015625 353.68890380859375 356.352630615234375 359.10595703125 361.69287109375 364.30523681640625 366.069793701171875 367.09002685546875 367.365264892578125 367.0008544921875 365.92657470703125 363.96502685546875 360.962615966796875 356.49615478515625 350.3885498046875 342.541595458984375 334.8001708984375 328.6361083984375 326.2342529296875 328.728759765625 333.135986328125 335.58624267578125 335.8302001953125 335.257965087890625 352.42864990234375
266.3603515625 272.318145751953125 279.704071044921875 287.268768310546875 294.4755859375 301.166046142578125 306.9000244140625 312.58892822265625 319.108154296875 327.14111328125 338.94866943359375 353.425933837890625 362.308746337890625 361.026153564453125 354.6405029296875 354.436614990234375 353.080413818359375 345.278411865234375 337.630584716796875 335.652130126953125 337.94439697265625 341.790863037109375 346.03570556640625 350.45220947265625 354.06585693359375 356.62310791015625 358.3011474609375 358.831756591796875 357.112030029296875 353.333831787109375 356.022003173828125 358.292266845703125 360.192230224609375 362.43084716796875 363.958953857421875 364.65753173828125 364.83843994140625 364.545501708984375 363.80377197265625 362.4229736328125 360.033966064453125 356.002410888671875 350.334930419921875 343.788360595703125 338.152435302734375 331.669036865234375 327.992218017578125 332.504302978515625 338.958648681640625 340.76605224609375 340.240447998046875 339.133697509765625 338.8167724609375
270.5845947265625 273.569976806640625 278.00518798828125 282.99072265625 287.546966552734375 291.358154296875 294.216644287109375 297.246368408203125 302.43017578125 311.658294677734375 326.440216064453125 345.12652587890625 360.53057861328125 361.875274658203125 355.7060546875 353.754974365234375 352.481842041015625 344.2288818359375 335.387451171875 333.188629150390625 336.917327880859375 341.7786865234375 344.04302978515625 345.6431884765625 347.884490966796875 350.39923095703125 352.89581298828125 355.23388671875 355.867523193359375 355.6846923828125 356.253875732421875 356.82354736328125 357.1807861328125 359.190460205078125 360.59246826171875 361.13037109375 361.484832763671875 361.73321533203125 361.68853759765625 360.991729736328125 359.148651123046875 355.5147705078125 350.24609375 344.82257080078125 340.788665771484375 332.14337158203125 326.337890625 334.72686767578125 343.748382568359375 343.300689697265625 342.536834716796875 341.869354248046875 341.67840576171875
277.42071533203125 277.861175537109375 279.400360107421875 281.981231689453125 283.9447021484375 284.864990234375 285.2105712890625 286.592193603515625 291.828399658203125 302.30169677734375 318.4910888671875 338.63507080078125 355.050567626953125 358.31787109375 354.642486572265625 352.742340087890625 351.576690673828125 345.86944580078125 337.978485107421875 333.57281494140625 337.289276123046875 346.121978759765625 350.002899169921875 348.3154296875 347.14947509765625 347.701385498046875 348.89971923828125 352.2593994140625 354.72479248046875 355.903411865234375 356.64886474609375 356.96417236328125 356.82965087890625 357.673614501953125 358.208587646484375 358.44287109375 359.016357421875 359.785614013671875 360.226593017578125 359.854248046875 358.273834228515625 354.987213134765625 350.53125 346.29052734375 343.5970458984375 333.133941650390625 323.016937255859375 332.33673095703125 343.319488525390625 342.021728515625 341.65966796875 342.116241455078125 342.0545654296875
285.4923095703125 283.6143798828125 282.993927001953125 283.582550048828125 283.36981201171875 282.021270751953125 280.623809814453125 281.73980712890625 288.2705078125 300.14105224609375 316.775634765625 335.90765380859375 350.606719970703125 355.825775146484375 355.059783935546875 353.662109375 351.832611083984375 348.178192138671875 342.916778564453125 337.94647216796875 338.1513671875 351.824371337890625 359.92169189453125 358.406890869140625 354.633209228515625 352.909088134765625 352.88043212890625 354.481475830078125 356.06781005859375 357.1485595703125 358.09942626953125 358.99798583984375 359.344146728515625 359.044097900390625 358.293365478515625 357.957794189453125 358.25482177734375 358.6395263671875 358.74688720703125 358.081573486328125 356.285308837890625 353.303955078125 350.295013427734375 348.144134521484375 347.467315673828125 339.159637451171875 325.715240478515625 329.29803466796875 339.8922119140625 339.78118896484375 338.917755126953125 339.5772705078125 338.954010009765625
293.542266845703125 289.611968994140625 287.5526123046875 286.907867431640625 285.615264892578125 282.96612548828125 280.753753662109375 282.25244140625 290.06781005859375 303.24578857421875 320.11700439453125 337.387603759765625 350.380828857421875 356.59521484375 357.489471435546875 356.3812255859375 353.8228759765625 348.719573974609375 344.721435546875 341.331756591796875 337.557525634765625 356.231781005859375 366.350250244140625 366.61383056640625 363.493682861328125 360.2191162109375 358.241851806640625 357.5504150390625 357.677734375 358.23309326171875 359.412353515625 360.869384765625 361.563690185546875 361.156280517578125 360.144287109375 359.1802978515625 358.7515869140625 358.282562255859375 357.474945068359375 355.842193603515625 353.269287109375 350.68231201171875 350.00384521484375 350.497772216796875 351.501007080078125 346.605682373046875 331.298614501953125 327.16583251953125 336.94708251953125 338.67364501953125 336.070648193359375 335.935516357421875 335.38970947265625
300.859466552734375 295.283905029296875 292.323211669921875 290.866790771484375 288.792327880859375 285.649688720703125 283.742431640625 286.0157470703125 294.60565185546875 308.556304931640625 325.322235107421875 341.376129150390625 353.50885009765625 359.640045166015625 360.88055419921875 359.411834716796875 355.99993896484375 350.485687255859375 346.3260498046875 344.820892333984375 345.10662841796875 358.880828857421875 -999999 368.402801513671875 367.71124267578125 364.784912109375 361.425994873046875 359.0999755859375 357.90478515625 358.16497802734375 359.951507568359375 361.890411376953125 362.77069091796875 362.54656982421875 361.633331298828125 360.520111083984375 359.996673583984375 359.4227294921875 357.628509521484375 353.824005126953125 349.885223388671875 349.024932861328125 351.165069580078125 353.695648193359375 355.293304443359375 352.807342529296875 336.125579833984375 323.40704345703125 331.948394775390625 337.2850341796875 334.623504638671875 334.0751953125 334.40460205078125
307.152374267578125 300.345672607421875 296.339508056640625 293.701629638671875 290.6422119140625 287.453094482421875 286.63226318359375 290.349578857421875 299.81787109375 314.118499755859375 330.57855224609375 345.867095947265625 357.077911376953125 362.63427734375 363.812652587890625 362.332611083984375 358.716583251953125 353.5831298828125 349.33673095703125 348.864837646484375 351.18927001953125 357.861724853515625 -999999 368.402801513671875 368.402801513671875 367.203338623046875 363.54058837890625 360.162872314453125 357.74688720703125 357.34832763671875 359.62451171875 362.010833740234375 362.87451171875 362.27764892578125 360.9912109375 360.75567626953125 361.19677734375 361.538787841796875 359.73065185546875 353.632568359375 347.6103515625 348.617584228515625 353.03424072265625 356.5501708984375 358.047271728515625 357.664886474609375 342.784332275390625 323.670318603515625 327.135894775390625 335.464599609375 333.93121337890625 333.4697265625 335.05517578125
313.944610595703125 306.388031005859375 300.690093994140625 296.008209228515625 291.8828125 289.267974853515625 290.09747314453125 295.68890380859375 306.191741943359375 320.6632080078125 336.54296875 350.421051025390625 359.913848876953125 364.492034912109375 365.61724853515625 364.73785400390625 361.96527099609375 357.46038818359375 353.353912353515625 353.150299072265625 355.72686767578125 357.893951416015625 364.38214111328125 -999999 368.402801513671875 368.210906982421875 365.009307861328125 361.144805908203125 357.88232421875 355.660430908203125 357.961883544921875 361.485260009765625 362.132720947265625 360.56378173828125 357.664215087890625 360.399444580078125 361.992706298828125 363.686798095703125 362.372650146484375 355.47454833984375 347.92132568359375 349.757110595703125 354.954315185546875 358.486114501953125 359.580169677734375 360.215301513671875 349.608734130859375 330.185333251953125 326.70892333984375 333.816375732421875 333.382781982421875 333.06536865234375 336.089508056640625
320.85101318359375 313.63739013671875 306.723388671875 300.39459228515625 295.489776611328125 293.538299560546875 295.837493896484375 302.96954345703125 313.983489990234375 327.76995849609375 341.98577880859375 354.04754638671875 362.0145263671875 365.607208251953125 366.417388916015625 365.707763671875 363.3809814453125 359.478240966796875 356.014862060546875 356.36029052734375 360.095855712890625 362.24908447265625 364.099273681640625 -999999 368.402801513671875 368.402801513671875 366.703399658203125 363.1492919921875 359.991485595703125 357.2200927734375 357.58294677734375 361.11627197265625 360.615631103515625 359.027374267578125 356.96710205078125 360.2513427734375 363.474029541015625 365.781005859375 364.973236083984375 358.76275634765625 350.767791748046875 352.84112548828125 357.130828857421875 360.0255126953125 360.8626708984375 361.101409912109375 353.469512939453125 335.021881103515625 328.2149658203125 334.70782470703125 333.95556640625 333.283355712890625 337.646087646484375
