data/TNO-HT-ATES/HT-ATES_NLFFS/TG412_NLDOBR__flowr_P50_ATES.asc
ncols        266
nrows        269
xllcorner    11500.000000000000
yllcorner    355500.000000000000
cellsize     1000.000000000000
NODATA_value  -999999
[rows 162 to 188 of 269, columns 180 to 239 of 266]
0 0 0 0 0 0 0 0 0 0 0 0 0 7.0974812507629394531 6.4892420768737792969 6.355556488037109375 6.6368885040283203125 6.973842620849609375 7.2850980758666992188 7.7966403961181640625 8.4888048171997070312 9.4923763275146484375 9.2444009780883789062 6.8298516273498535156 5.2275400161743164062 5.5943012237548828125 6.4893536567687988281 7.5618381500244140625 8.311893463134765625 10.051252365112304688 11.055315017700195312 10.186188697814941406 8.5367326736450195312 7.1590752601623535156 6.4195404052734375 6.1566104888916015625 5.7333941459655761719 5.0209255218505859375 4.6547474861145019531 4.7058434486389160156 4.3790383338928222656 3.8643281459808349609 3.2261521816253662109 2.8524196147918701172 3.03528594970703125 3.3451230525970458984 3.5681831836700439453 3.3599679470062255859 2.9710183143615722656 2.9778842926025390625 2.7013144493103027344 2.5548233985900878906 0 0 0 0 0 0 0 0
0 0 0 0 0 0 0 0 0 0 0 0 10.463062286376953125 8.7339305877685546875 7.9879364967346191406 7.4893555641174316406 8.0102214813232421875 8.3298578262329101562 8.3160371780395507812 8.945995330810546875 9.5630483627319335938 11.060276031494140625 12.019845008850097656 9.7432413101196289062 7.2703962326049804688 7.337646484375 8.3159341812133789062 8.5278406143188476562 7.9711842536926269531 8.7042999267578125 10.467359542846679688 10.566891670227050781 9.2843008041381835938 8.3538122177124023438 6.90079498291015625 5.7674818038940429688 4.8750338554382324219 4.3512010574340820312 4.5288686752319335938 4.6244673728942871094 4.3472795486450195312 3.7364413738250732422 2.9838757514953613281 2.5165412425994873047 2.8977499008178710938 3.6079163551330566406 3.7346203327178955078 3.2314593791961669922 2.7833063602447509766 2.726531982421875 2.6357266902923583984 2.3328278064727783203 0 0 0 0 0 0 0 0
0 0 0 0 0 0 0 0 0 0 0 12.541139602661132812 11.528809547424316406 11.094636917114257812 10.758257865905761719 10.001312255859375 10.443400382995605469 10.325174331665039062 9.119415283203125 9.1462888717651367188 9.4959936141967773438 10.020460128784179688 11.132117271423339844 10.494870185852050781 9.2094907760620117188 9.4352130889892578125 10.2266387939453125 10.299261093139648438 9.4115352630615234375 8.4985904693603515625 8.7151689529418945312 9.2646989822387695312 9.256443023681640625 9.0806589126586914062 7.81636810302734375 5.6732149124145507812 4.2465114593505859375 3.9359567165374755859 4.5162520408630371094 4.6883187294006347656 4.2865309715270996094 3.4325625896453857422 2.5443868637084960938 2.1232714653015136719 2.9105696678161621094 3.8165071010589599609 3.8281154632568359375 3.1501958370208740234 2.4858036041259765625 2.4744989871978759766 2.5287587642669677734 2.5353100299835205078 0 0 0 0 0 0 -999999 -999999
0 0 0 0 0 0 0 0 0 0 0 12.526612281799316406 11.992671966552734375 12.600429534912109375 13.177576065063476562 12.346378326416015625 11.757801055908203125 10.875309944152832031 8.5157728195190429688 7.5957326889038085938 7.6877498626708984375 7.1617593765258789062 7.5377321243286132812 8.0740919113159179688 8.5755176544189453125 9.7420301437377929688 10.770872116088867188 11.4770965576171875 11.234934806823730469 10.146180152893066406 9.1024293899536132812 8.63314056396484375 8.6437273025512695312 8.8398828506469726562 7.8305654525756835938 5.9893827438354492188 4.6437902450561523438 4.2886023521423339844 4.7580361366271972656 5.1992859840393066406 4.4191880226135253906 3.3087198734283447266 2.6607594490051269531 2.5460960865020751953 3.4727354049682617188 4.3615660667419433594 3.9029760360717773438 2.8669939041137695312 2.2031061649322509766 2.4064760208129882812 2.7110311985015869141 2.4666707515716552734 0 0 0 0 0 0 -999999 -999999
0 0 0 0 0 0 0 0 0 0 0 11.585027694702148438 11.999689102172851562 12.82671356201171875 13.697417259216308594 13.247649192810058594 11.784136772155761719 10.700104713439941406 8.623607635498046875 7.3108077049255371094 6.6829075813293457031 5.9185776710510253906 5.6449556350708007812 5.67527008056640625 6.0974316596984863281 7.2100586891174316406 8.5815286636352539062 10.218780517578125 11.383444786071777344 11.103521347045898438 9.9879636764526367188 9.0382356643676757812 8.4197835922241210938 7.9925012588500976562 7.3999524116516113281 6.882877349853515625 5.8911385536193847656 5.0712862014770507812 5.0999808311462402344 5.6671509742736816406 4.8652105331420898438 3.4316225051879882812 2.9925663471221923828 3.3763844966888427734 4.4220328330993652344 4.9350500106811523438 4.287113189697265625 3.3901386260986328125 2.5333416461944580078 2.7067997455596923828 2.8791315555572509766 2.5602457523345947266 0 0 0 0 0 -999999 -999999 -999999
0 0 0 0 0 0 0 0 0 0 0 10.073331832885742188 11.339310646057128906 12.580389976501464844 13.557845115661621094 13.076861381530761719 11.157125473022460938 10.087953567504882812 9.12779998779296875 8.3108673095703125 7.4723157882690429688 6.5807065963745117188 5.8466477394104003906 5.1448616981506347656 4.8945746421813964844 5.3149089813232421875 6.8678293228149414062 9.438098907470703125 10.74250030517578125 10.596728324890136719 10.1037445068359375 9.3459424972534179688 8.33364105224609375 7.4296627044677734375 6.8283586502075195312 7.1709485054016113281 6.85732269287109375 5.692241668701171875 5.1622023582458496094 5.6486148834228515625 5.1071147918701171875 3.7390453815460205078 3.3641455173492431641 4.0396227836608886719 4.9183435440063476562 5.2864131927490234375 4.8200097084045410156 3.9589440822601318359 3.1502010822296142578 2.8344047069549560547 2.8217113018035888672 2.2950534820556640625 0 0 0 0 -999999 -999999 -999999 -999999
0 0 0 0 0 0 0 0 0 0 0 9.1495714187622070312 10.626044273376464844 12.639962196350097656 13.952351570129394531 12.89421844482421875 10.585910797119140625 8.846927642822265625 7.8065781593322753906 7.55654144287109375 7.6510720252990722656 7.3818974494934082031 6.788700103759765625 6.2149882316589355469 6.1299309730529785156 6.3605799674987792969 7.9279642105102539062 9.7791090011596679688 9.7249879837036132812 9.07312774658203125 9.0466670989990234375 8.7064533233642578125 7.738567352294921875 6.6988635063171386719 5.9790682792663574219 6.5439176559448242188 6.3175048828125 5.5578036308288574219 5.0655713081359863281 5.064044952392578125 4.3408994674682617188 3.5829911231994628906 3.7226796150207519531 4.5231943130493164062 5.2813639640808105469 5.4481158256530761719 5.1853594779968261719 4.7169737815856933594 3.9123435020446777344 3.0288534164428710938 2.5888237953186035156 1.9987546205520629883 1.5996849536895751953 0 0 0 -999999 -999999 -999999 -999999
0 0 0 0 0 0 0 0 0 0 0 8.5748319625854492188 10.479176521301269531 12.935359001159667969 14.317906379699707031 13.146420478820800781 10.66696929931640625 7.9968576431274414062 6.4523692131042480469 6.2889199256896972656 6.9887838363647460938 7.7761449813842773438 8.2294902801513671875 8.5972805023193359375 8.1652688980102539062 8.0689516067504882812 9.00970458984375 9.6403532028198242188 9.0927438735961914062 8.3073301315307617188 8.02350616455078125 7.8064374923706054688 7.2914719581604003906 6.408901214599609375 5.7486910820007324219 5.5495219230651855469 5.3362398147583007812 5.303005218505859375 5.2133159637451171875 4.5705895423889160156 3.5850934982299804688 3.5344254970550537109 4.1903767585754394531 5.0981192588806152344 5.6964025497436523438 5.7386403083801269531 5.5955414772033691406 5.1397199630737304688 4.1831831932067871094 3.0782978534698486328 2.2259607315063476562 1.7521669864654541016 1.6236358880996704102 0 -999999 -999999 -999999 -999999 -999999 -999999
0 0 0 0 0 0 0 0 0 0 0 8.7619342803955078125 10.398450851440429688 12.647383689880371094 14.106691360473632812 13.468791961669921875 10.784539222717285156 7.9851593971252441406 6.6128506660461425781 6.8055624961853027344 7.7606244087219238281 9.0012836456298828125 9.7405672073364257812 10.210930824279785156 10.076525688171386719 9.6650648117065429688 9.60422515869140625 9.5844240188598632812 9.2099781036376953125 8.4155397415161132812 7.6320385932922363281 7.2388195991516113281 6.8181195259094238281 6.15576934814453125 5.8373622894287109375 5.6683630943298339844 5.512115478515625 5.4163217544555664062 4.9468622207641601562 4.0159473419189453125 3.4779081344604492188 3.9465034008026123047 4.8356370925903320312 5.9884519577026367188 6.2611556053161621094 6.0707712173461914062 5.937831878662109375 5.2914457321166992188 4.2212705612182617188 2.889995574951171875 2.0095012187957763672 1.7029967308044433594 1.6894727945327758789 -999999 -999999 -999999 -999999 -999999 -999999 -999999
0 0 0 0 0 0 0 0 0 0 8.3345165252685546875 8.8547334671020507812 9.9095907211303710938 11.593963623046875 12.397255897521972656 11.870319366455078125 10.052526473999023438 8.4751958847045898438 8.0832624435424804688 8.3982076644897460938 9.097400665283203125 9.8634119033813476562 10.095547676086425781 10.664178848266601562 11.166226387023925781 11.376526832580566406 11.1696014404296875 10.424805641174316406 9.7834873199462890625 8.6275634765625 7.4173593521118164062 6.9631862640380859375 6.4430470466613769531 5.9082474708557128906 5.6078009605407714844 5.7358851432800292969 5.7852020263671875 5.5432457923889160156 4.7455277442932128906 3.9921276569366455078 4.2941193580627441406 4.9334125518798828125 6.1307339668273925781 6.9920253753662109375 7.0824189186096191406 6.7807703018188476562 6.4254355430603027344 5.6152520179748535156 4.5124654769897460938 3.2168290615081787109 2.0412509441375732422 1.6072469949722290039 -999999 -999999 -999999 -999999 -999999 -999999 -999999 -999999
0 0 0 0 0 0 0 0 0 7.4208974838256835938 7.7605328559875488281 8.3123884201049804688 8.8369140625 9.6221017837524414062 9.909900665283203125 9.3424100875854492188 8.7260189056396484375 8.8527307510375976562 9.0352563858032226562 9.2664356231689453125 9.8159151077270507812 9.866485595703125 9.8674707412719726562 10.397313117980957031 11.242044448852539062 11.945908546447753906 11.419531822204589844 10.521698951721191406 9.8217267990112304688 8.8994426727294921875 7.3941483497619628906 6.5022153854370117188 6.2239766120910644531 5.8878760337829589844 5.5259766578674316406 5.7245321273803710938 6.1093044281005859375 5.6715703010559082031 4.9761629104614257812 4.4929585456848144531 4.9712033271789550781 5.6245779991149902344 6.8394365310668945312 7.6476502418518066406 7.5726485252380371094 7.1724872589111328125 6.8778696060180664062 6.0685229301452636719 4.9645934104919433594 3.5697588920593261719 2.3410027027130126953 1.8046948909759521484 -999999 -999999 -999999 -999999 -999999 -999999 -999999 -999999
0 0 0 0 0 0 0 0 0 6.9534478187561035156 7.3203721046447753906 8.1671276092529296875 8.4487743377685546875 8.5463914871215820312 8.787654876708984375 8.4035491943359375 7.8148355484008789062 8.2071027755737304688 8.6545305252075195312 9.4993810653686523438 10.188708305358886719 9.9472932815551757812 9.647586822509765625 10.039307594299316406 10.735062599182128906 11.043354034423828125 10.660985946655273438 9.8577127456665039062 9.4095869064331054688 8.6451902389526367188 7.5004754066467285156 6.6248326301574707031 6.053070068359375 6.2218298912048339844 6.2690992355346679688 6.2799072265625 6.3568024635314941406 5.796630859375 5.0825791358947753906 4.6863603591918945312 4.6615653038024902344 5.182891845703125 6.4708790779113769531 7.6138672828674316406 7.374401092529296875 7.30133819580078125 6.7878584861755371094 6.2434072494506835938 5.1488642692565917969 4.0254459381103515625 2.8259139060974121094 -999999 -999999 -999999 -999999 -999999 -999999 -999999 -999999 -999999
0 0 0 0 0 0 0 0 0 7.0449476242065429688 7.6304554939270019531 8.8573160171508789062 9.2290086746215820312 8.270122528076171875 8.199474334716796875 8.3374462127685546875 8.1006689071655273438 8.3063936233520507812 9.0104045867919921875 10.208875656127929688 10.947259902954101562 10.532471656799316406 9.551868438720703125 9.041370391845703125 9.5713911056518554688 9.9219770431518554688 10.114000320434570312 9.5927219390869140625 8.9464941024780273438 8.4235448837280273438 7.6769833564758300781 6.8611087799072265625 6.4493741989135742188 6.6131887435913085938 6.7405838966369628906 6.6691021919250488281 6.3103623390197753906 5.6733345985412597656 4.8597874641418457031 4.3399219512939453125 3.9727318286895751953 4.0687241554260253906 5.1982350349426269531 6.4998669624328613281 6.7532501220703125 6.6661853790283203125 6.7301015853881835938 6.1799750328063964844 -999999 -999999 -999999 -999999 -999999 -999999 -999999 -999999 -999999 -999999 -999999 -999999
0 0 0 0 0 0 0 0 0 7.902805328369140625 8.1970949172973632812 9.2532596588134765625 9.558300018310546875 8.4023914337158203125 7.9427390098571777344 8.2132215499877929688 8.6013708114624023438 9.3763456344604492188 10.240404129028320312 11.256289482116699219 11.336060523986816406 10.791676521301269531 9.3930339813232421875 8.7025880813598632812 9.0538425445556640625 9.2187623977661132812 9.1072721481323242188 8.9003133773803710938 8.4565534591674804688 7.8947577476501464844 7.2551198005676269531 6.9363527297973632812 6.5958466529846191406 6.6129212379455566406 6.5505881309509277344 6.1094279289245605469 5.5896449089050292969 5.0504918098449707031 4.3112597465515136719 3.7959151268005371094 3.2997889518737792969 3.1677861213684082031 3.7790002822875976562 5.2849507331848144531 -999999 -999999 -999999 -999999 -999999 -999999 -999999 -999999 -999999 -999999 -999999 -999999 -999999 -999999 -999999 -999999
0 -999999 -999999 0 0 0 0 0 0 9.1528034210205078125 9.142208099365234375 9.1409893035888671875 8.991790771484375 8.4146785736083984375 8.0180616378784179688 7.9796891212463378906 8.005947113037109375 8.920635223388671875 10.442885398864746094 11.422313690185546875 11.182999610900878906 10.339110374450683594 9.5275630950927734375 8.8639392852783203125 9.0306119918823242188 9.0179929733276367188 8.7827167510986328125 8.4014120101928710938 8.0606975555419921875 7.6617169380187988281 7.05876922607421875 6.7337574958801269531 6.3223667144775390625 6.0939555168151855469 5.323699951171875 4.7606148719787597656 4.6248106956481933594 4.3188266754150390625 3.8748371601104736328 3.4559512138366699219 2.9295806884765625 2.7050540447235107422 -999999 -999999 -999999 -999999 -999999 -999999 -999999 -999999 -999999 -999999 -999999 -999999 -999999 -999999 -999999 -999999 -999999 -999999
-999999 -999999 -999999 -999999 0 0 0 0 9.5388927459716796875 9.7661495208740234375 9.9816980361938476562 9.4255304336547851562 8.3285274505615234375 7.8104548454284667969 7.934421539306640625 7.7583336830139160156 7.4443387985229492188 7.7305350303649902344 9.0688142776489257812 10.236212730407714844 10.179365158081054688 9.6308727264404296875 9.12903594970703125 8.4497423171997070312 8.3766584396362304688 8.6710681915283203125 8.872379302978515625 8.6144962310791015625 8.262477874755859375 7.8125505447387695312 6.9594240188598632812 5.9847054481506347656 5.4874215126037597656 5.1968011856079101562 4.5231041908264160156 3.9580049514770507812 3.8598186969757080078 4.0458278656005859375 3.7860836982727050781 3.4819951057434082031 -999999 -999999 -999999 -999999 -999999 -999999 -999999 -999999 -999999 -999999 -999999 -999999 -999999 -999999 -999999 -999999 -999999 -999999 -999999 -999999
-999999 -999999 -999999 -999999 0 0 0 0 9.3825511932373046875 9.6320056915283203125 9.5843038558959960938 8.8880243301391601562 7.8746075630187988281 7.3541369438171386719 7.4684276580810546875 7.64171600341796875 7.6419343948364257812 7.4818849563598632812 8.23813629150390625 9.24269866943359375 9.3821268081665039062 8.8451547622680664062 8.3143463134765625 8.1211557388305664062 7.883884429931640625 7.7837986946105957031 8.1669664382934570312 8.6052522659301757812 8.715190887451171875 8.3137712478637695312 7.1079187393188476562 5.7096509933471679688 5.3067178726196289062 4.9411339759826660156 4.2455182075500488281 -999999 -999999 -999999 -999999 -999999 -999999 -999999 -999999 -999999 -999999 -999999 -999999 -999999 -999999 -999999 -999999 -999999 -999999 -999999 -999999 -999999 -999999 -999999 -999999 -999999
-999999 -999999 -999999 -999999 0 0 0 8.6519947052001953125 9.0012083053588867188 8.9068288803100585938 8.8833208084106445312 8.5650606155395507812 7.8561792373657226562 7.3549752235412597656 7.4265718460083007812 7.7795801162719726562 7.8502802848815917969 7.9323668479919433594 8.4678926467895507812 8.87654876708984375 9.3143463134765625 9.1026544570922851562 8.2926206588745117188 8.1060781478881835938 8.02304840087890625 7.5420732498168945312 7.4564967155456542969 8.0144176483154296875 8.7634859085083007812 8.6930932998657226562 7.69159698486328125 6.3162512779235839844 3.2718105316162109375 -999999 -999999 -999999 -999999 -999999 -999999 -999999 -999999 -999999 -999999 -999999 -999999 -999999 -999999 -999999 -999999 -999999 -999999 -999999 -999999 -999999 -999999 -999999 -999999 -999999 -999999 -999999
-999999 -999999 -999999 -999999 0 0 0 8.1494283676147460938 8.521076202392578125 8.3993024826049804688 8.2926263809204101562 8.5072202682495117188 8.1364879608154296875 7.9129118919372558594 7.7989411354064941406 7.927082061767578125 8.05306243896484375 8.4670419692993164062 8.843250274658203125 9.011627197265625 9.3002672195434570312 9.3062839508056640625 8.459110260009765625 8.2626008987426757812 7.7946124076843261719 7.0190014839172363281 7.2908806800842285156 7.6197652816772460938 7.6886157989501953125 7.8456678390502929688 -999999 -999999 -999999 -999999 -999999 -999999 -999999 -999999 -999999 -999999 -999999 -999999 -999999 -999999 -999999 -999999 -999999 -999999 -999999 -999999 -999999 -999999 -999999 -999999 -999999 -999999 -999999 -999999 -999999 -999999
-999999 -999999 -999999 -999999 0 0 7.7281069755554199219 7.97142791748046875 8.4827756881713867188 8.3986082077026367188 8.2683315277099609375 8.1647396087646484375 8.32268524169921875 8.2959394454956054688 8.22298431396484375 8.0609130859375 7.9708647727966308594 8.4699258804321289062 9.054729461669921875 9.167682647705078125 9.3220615386962890625 9.1945476531982421875 8.6224079132080078125 8.3658618927001953125 7.7169904708862304688 6.2963914871215820312 6.5935125350952148438 7.1323733329772949219 -999999 -999999 -999999 -999999 -999999 -999999 -999999 -999999 -999999 -999999 -999999 -999999 -999999 -999999 -999999 -999999 -999999 -999999 -999999 -999999 -999999 -999999 -999999 -999999 -999999 -999999 -999999 -999999 -999999 -999999 -999999 -999999
-999999 -999999 -999999 -999999 0 0 8.4633655548095703125 8.3355093002319335938 8.5319881439208984375 8.5068750381469726562 8.3492097854614257812 8.0467634201049804688 8.310405731201171875 8.5874223709106445312 8.6654520034790039062 8.527004241943359375 8.1708812713623046875 8.4596958160400390625 8.8902196884155273438 9.3443536758422851562 9.4562101364135742188 9.0965251922607421875 8.6276302337646484375 8.5081033706665039062 7.6784844398498535156 6.2665753364562988281 -999999 -999999 -999999 -999999 -999999 -999999 -999999 -999999 -999999 -999999 -999999 -999999 -999999 -999999 -999999 -999999 -999999 -999999 -999999 -999999 -999999 -999999 -999999 -999999 -999999 -999999 -999999 -999999 -999999 -999999 -999999 -999999 -999999 -999999
-999999 -999999 -999999 -999999 -999999 8.13843536376953125 8.5125799179077148438 8.3897991180419921875 8.3412733078002929688 8.5164337158203125 8.429553985595703125 8.3117170333862304688 8.442230224609375 8.7510995864868164062 8.9836072921752929688 8.9873905181884765625 8.855480194091796875 8.5631227493286132812 8.3924055099487304688 8.7298564910888671875 8.8879261016845703125 8.3381147384643554688 8.217075347900390625 8.238460540771484375 -999999 -999999 -999999 -999999 -999999 -999999 -999999 -999999 -999999 -999999 -999999 -999999 -999999 -999999 -999999 -999999 -999999 -999999 -999999 -999999 -999999 -999999 -999999 -999999 -999999 -999999 -999999 -999999 -999999 -999999 -999999 -999999 -999999 -999999 -999999 -999999
-999999 -999999 -999999 -999999 -999999 -999999 -999999 8.0056133270263671875 7.9843091964721679688 8.0889959335327148438 8.0033121109008789062 7.9956378936767578125 8.4227123260498046875 8.9500341415405273438 9.2844676971435546875 9.6314029693603515625 9.8178586959838867188 9.235782623291015625 8.4671545028686523438 8.033519744873046875 7.79537200927734375 7.2405233383178710938 -999999 -999999 -999999 -999999 -999999 -999999 -999999 -999999 -999999 -999999 -999999 -999999 -999999 -999999 -999999 -999999 -999999 -999999 -999999 -999999 -999999 -999999 -999999 -999999 -999999 -999999 -999999 -999999 -999999 -999999 -999999 -999999 -999999 -999999 -999999 -999999 -999999 -999999
-999999 -999999 -999999 -999999 -999999 -999999 -999999 -999999 7.5207490921020507812 7.599945068359375 7.4764714241027832031 7.5733590126037597656 8.0140476226806640625 8.6128435134887695312 9.2419986724853515625 10.018427848815917969 10.159635543823242188 9.2664327621459960938 8.2660512924194335938 7.3307852745056152344 -999999 -999999 -999999 -999999 -999999 -999999 -999999 -999999 -999999 -999999 -999999 -999999 -999999 -999999 -999999 -999999 -999999 -999999 -999999 -999999 -999999 -999999 -999999 -999999 -999999 -999999 -999999 -999999 -999999 -999999 -999999 -999999 -999999 -999999 -999999 -999999 -999999 -999999 -999999 -999999
-999999 -999999 -999999 -999999 -999999 -999999 -999999 -999999 7.1465578079223632812 7.2094173431396484375 7.2431693077087402344 7.2773575782775878906 7.5020589828491210938 7.8145766258239746094 8.7229719161987304688 10.099407196044921875 10.554901123046875 9.5445623397827148438 5.0769872665405273438 -999999 -999999 -999999 -999999 -999999 -999999 -999999 -999999 -999999 -999999 -999999 -999999 -999999 -999999 -999999 -999999 -999999 -999999 -999999 -999999 -999999 -999999 -999999 -999999 -999999 -999999 -999999 -999999 -999999 -999999 -999999 -999999 -999999 -999999 -999999 -999999 -999999 -999999 -999999 -999999 -999999
-999999 -999999 -999999 -999999 -999999 -999999 -999999 -999999 7.5169157981872558594 7.4579949378967285156 7.259304046630859375 7.54219818115234375 7.6871204376220703125 7.6726155281066894531 8.678150177001953125 10.399301528930664062 11.114383697509765625 -999999 -999999 -999999 -999999 -999999 -999999 -999999 -999999 -999999 -999999 -999999 -999999 -999999 -999999 -999999 -999999 -999999 -999999 -999999 -999999 -999999 -999999 -999999 -999999 -999999 -999999 -999999 -999999 -999999 -999999 -999999 -999999 -999999 -999999 -999999 -999999 -999999 -999999 -999999 -999999 -999999 -999999 -999999
-999999 -999999 -999999 -999999 -999999 -999999 -999999 -999999 7.8455104827880859375 7.7484288215637207031 7.5529279708862304688 7.7666635513305664062 8.4176158905029296875 8.5590343475341796875 9.4581747055053710938 -999999 -999999 -999999 -999999 -999999 -999999 -999999 -999999 -999999 -999999 -999999 -999999 -999999 -999999 -999999 -999999 -999999 -999999 -999999 -999999 -999999 -999999 -999999 -999999 -999999 -999999 -999999 -999999 -999999 -999999 -999999 -999999 -999999 -999999 -999999 -999999 -999999 -999999 -999999 -999999 -999999 -999999 -999999 -999999 -999999
