data/TNO-HT-ATES/HT-ATES_NLFFS/TG416_NLDOBR__kh_P50_ATES.asc
ncols        266
nrows        269
xllcorner    11500.000000000000
yllcorner    355500.000000000000
cellsize     1000.000000000000
NODATA_value  -999999
[rows 0 to 22 of 269, columns 153 to 203 of 266]
-999999 -999999 -999999 -999999 -999999 -999999 -999999 -999999 -999999 -999999 -999999 -999999 -999999 -999999 -999999 -999999 -999999 -999999 -999999 -999999 -999999 -999999 -999999 -999999 -999999 -999999 -999999 -999999 -999999 -999999 -999999 -999999 -999999 -999999 -999999 -999999 -999999 -999999 -999999 -999999 -999999 -999999 -999999 -999999 -999999 -999999 -999999 -999999 -999999 -999999 -999999
-999999 -999999 -999999 -999999 -999999 -999999 -999999 -999999 -999999 -999999 -999999 -999999 -999999 -999999 -999999 -999999 -999999 -999999 -999999 -999999 -999999 -999999 -999999 -999999 -999999 -999999 -999999 -999999 -999999 -999999 -999999 -999999 -999999 -999999 -999999 -999999 -999999 -999999 -999999 -999999 -999999 -999999 -999999 -999999 -999999 -999999 -999999 -999999 -999999 -999999 -999999
-999999 -999999 -999999 -999999 -999999 -999999 -999999 -999999 -999999 -999999 -999999 -999999 -999999 -999999 -999999 -999999 -999999 -999999 -999999 -999999 -999999 -999999 -999999 -999999 -999999 -999999 -999999 -999999 -999999 -999999 -999999 -999999 -999999 -999999 -999999 -999999 -999999 -999999 -999999 -999999 -999999 -999999 -999999 -999999 -999999 -999999 -999999 -999999 -999999 -999999 -999999
-999999 -999999 -999999 -999999 -999999 -999999 -999999 -999999 -999999 -999999 -999999 -999999 -999999 -999999 -999999 -999999 -999999 -999999 -999999 -999999 -999999 -999999 -999999 -999999 -999999 -999999 -999999 -999999 -999999 -999999 -999999 -999999 -999999 -999999 -999999 -999999 -999999 -999999 -999999 -999999 -999999 -999999 -999999 -999999 -999999 -999999 -999999 -999999 -999999 -999999 -999999
-999999 -999999 -999999 -999999 -999999 -999999 -999999 -999999 -999999 -999999 -999999 -999999 -999999 -999999 -999999 -999999 -999999 -999999 -999999 -999999 -999999 -999999 -999999 -999999 -999999 -999999 -999999 -999999 -999999 -999999 -999999 -999999 -999999 -999999 -999999 -999999 -999999 -999999 -999999 -999999 -999999 -999999 -999999 -999999 -999999 -999999 -999999 -999999 -999999 -999999 33.766506195068359375
-999999 -999999 -999999 -999999 -999999 -999999 -999999 -999999 -999999 -999999 -999999 -999999 -999999 -999999 -999999 -999999 -999999 -999999 -999999 -999999 -999999 -999999 -999999 -999999 -999999 -999999 -999999 -999999 -999999 -999999 -999999 -999999 -999999 -999999 -999999 -999999 -999999 -999999 -999999 -999999 -999999 -999999 -999999 -999999 -999999 -999999 -999999 31.677789688110351562 33.3301239013671875 33.63599395751953125 33.446014404296875
-999999 -999999 -999999 -999999 -999999 -999999 -999999 -999999 -999999 -999999 -999999 -999999 -999999 -999999 -999999 -999999 -999999 -999999 -999999 -999999 -999999 -999999 -999999 -999999 -999999 -999999 -999999 -999999 -999999 -999999 -999999 -999999 -999999 -999999 -999999 -999999 -999999 -999999 -999999 -999999 -999999 -999999 -999999 15.878817558288574219 20.149806976318359375 23.454713821411132812 27.851409912109375 29.478351593017578125 30.398942947387695312 30.998350143432617188 31.058071136474609375
-999999 -999999 -999999 -999999 -999999 -999999 -999999 -999999 -999999 -999999 -999999 -999999 -999999 -999999 -999999 -999999 -999999 -999999 -999999 -999999 -999999 -999999 -999999 -999999 -999999 -999999 -999999 -999999 -999999 -999999 -999999 -999999 -999999 -999999 -999999 -999999 -999999 -999999 27.205312728881835938 20.577653884887695312 15.794500350952148438 12.206669807434082031 9.914592742919921875 12.830596923828125 16.379055023193359375 20.140415191650390625 23.7637481689453125 25.501262664794921875 26.385908126831054688 27.171819686889648438 27.153354644775390625
-999999 -999999 -999999 -999999 -999999 -999999 -999999 -999999 26.561351776123046875 10.387248992919921875 -999999 -999999 -999999 -999999 -999999 -999999 -999999 -999999 -999999 -999999 -999999 -999999 -999999 -999999 -999999 -999999 -999999 -999999 -999999 -999999 -999999 -999999 -999999 -999999 -999999 -999999 29.668138504028320312 30.386737823486328125 25.900045394897460938 20.821783065795898438 16.44173431396484375 12.696211814880371094 10.763150215148925781 11.894452095031738281 15.060422897338867188 18.041124343872070312 21.173784255981445312 22.04676055908203125 22.840236663818359375 22.662122726440429688 24.926816940307617188
-999999 -999999 -999999 -999999 -999999 -999999 25.932710647583007812 26.139827728271484375 25.867559432983398438 25.144336700439453125 25.098123550415039062 25.204187393188476562 -999999 -999999 -999999 -999999 -999999 -999999 -999999 -999999 -999999 -999999 -999999 -999999 -999999 -999999 -999999 31.176700592041015625 31.767721176147460938 31.372758865356445312 30.54347991943359375 28.59627532958984375 -999999 -999999 -999999 -999999 28.645132064819335938 28.4036712646484375 25.032627105712890625 20.716695785522460938 17.0640716552734375 13.865936279296875 12.283435821533203125 12.949697494506835938 15.198526382446289062 17.757549285888671875 20.092336654663085938 19.923862457275390625 20.32764434814453125 20.184703826904296875 22.5067901611328125
-999999 -999999 -999999 -999999 25.521297454833984375 25.661664962768554688 26.125457763671875 26.726949691772460938 26.443645477294921875 25.424993515014648438 26.07358551025390625 26.744672775268554688 26.629276275634765625 27.991773605346679688 -999999 -999999 11.40528106689453125 23.116943359375 20.7131500244140625 21.769441604614257812 26.376256942749023438 29.39405059814453125 29.65146636962890625 28.777803421020507812 29.239292144775390625 30.655622482299804688 30.874464035034179688 31.12726593017578125 31.781816482543945312 30.210180282592773438 29.004795074462890625 26.815948486328125 25.706878662109375 -999999 -999999 -999999 28.193666458129882812 27.345457077026367188 25.469671249389648438 21.416677474975585938 17.723812103271484375 15.106122970581054688 13.695290565490722656 13.744723320007324219 15.911046028137207031 16.8184356689453125 18.872127532958984375 18.604631423950195312 18.36156463623046875 18.62358856201171875 20.620874404907226562
-999999 23.497663497924804688 25.18793487548828125 25.647439956665039062 25.68396759033203125 26.518335342407226562 27.190080642700195312 28.272497177124023438 27.294439315795898438 27.732313156127929688 27.205873489379882812 26.820940017700195312 26.752834320068359375 27.036264419555664062 29.854106903076171875 30.781064987182617188 28.954935073852539062 24.340600967407226562 21.76739501953125 21.554670333862304688 24.31714630126953125 26.4045257568359375 25.799509048461914062 26.173526763916015625 28.430250167846679688 29.30646514892578125 31.0967864990234375 32.386371612548828125 31.577291488647460938 31.196302413940429688 29.105897903442382812 27.8700714111328125 26.709222793579101562 -999999 -999999 27.11505889892578125 27.103542327880859375 26.36385345458984375 23.056476593017578125 19.742977142333984375 17.334316253662109375 15.394666671752929688 14.565616607666015625 14.812772750854492188 16.038194656372070312 17.042804718017578125 17.996534347534179688 18.272609710693359375 18.47625732421875 18.662439346313476562 20.152988433837890625
21.926256179809570312 23.659252166748046875 24.640501022338867188 25.686113357543945312 26.335458755493164062 26.9377288818359375 27.787469863891601562 29.3576812744140625 28.647739410400390625 29.721540451049804688 29.002161026000976562 28.455156326293945312 25.85196685791015625 25.593378067016601562 28.872522354125976562 30.414747238159179688 28.616506576538085938 25.271326065063476562 21.810779571533203125 21.531383514404296875 22.79248809814453125 23.7672271728515625 24.27862548828125 26.019273757934570312 27.324779510498046875 30.386188507080078125 31.908260345458984375 31.5269622802734375 31.06272125244140625 30.517457962036132812 29.592130661010742188 29.819250106811523438 30.12921142578125 29.57460784912109375 28.335832595825195312 25.760778427124023438 24.251619338989257812 22.337799072265625 19.663373947143554688 16.986536026000976562 15.98401641845703125 15.401452064514160156 14.692452430725097656 15.503720283508300781 16.391138076782226562 17.393770217895507812 18.70233917236328125 19.416368484497070312 20.152332305908203125 19.831918716430664062 20.1192169189453125
23.230920791625976562 24.36754608154296875 24.9103851318359375 25.889535903930664062 27.445768356323242188 26.511396408081054688 25.933948516845703125 28.049264907836914062 28.96129608154296875 29.395193099975585938 30.2416839599609375 28.73496246337890625 27.758775711059570312 25.889675140380859375 27.070568084716796875 28.61263275146484375 27.181615829467773438 25.386749267578125 22.325204849243164062 21.432844161987304688 22.091556549072265625 23.89432525634765625 24.587017059326171875 27.2690582275390625 29.711572647094726562 30.918790817260742188 30.351942062377929688 31.300540924072265625 30.615232467651367188 30.007047653198242188 29.396570205688476562 30.396806716918945312 29.8996124267578125 29.05902862548828125 26.804140090942382812 23.90970611572265625 21.211091995239257812 18.837797164916992188 16.534336090087890625 15.326860427856445312 14.406865119934082031 14.037981033325195312 14.227324485778808594 15.649470329284667969 16.669698715209960938 18.334842681884765625 19.600322723388671875 21.464181900024414062 22.812547683715820312 21.450410842895507812 19.770311355590820312
23.603452682495117188 25.061237335205078125 26.121795654296875 26.04021453857421875 26.30008697509765625 25.635530471801757812 25.116052627563476562 27.006345748901367188 28.354412078857421875 29.793439865112304688 30.071374893188476562 28.8446197509765625 27.727832794189453125 25.654150009155273438 24.68354034423828125 26.544281005859375 25.473180770874023438 24.292858123779296875 22.53952789306640625 20.289304733276367188 22.066621780395507812 24.918077468872070312 27.649961471557617188 29.624359130859375 30.961462020874023438 31.861896514892578125 30.956645965576171875 -999999 28.332368850708007812 29.214321136474609375 29.021350860595703125 28.425977706909179688 27.674047470092773438 27.327627182006835938 25.027822494506835938 20.739055633544921875 18.640323638916015625 16.834524154663085938 15.347357749938964844 13.829183578491210938 13.871374130249023438 13.525412559509277344 13.788698196411132812 15.7722320556640625 17.817462921142578125 19.143213272094726562 21.20977783203125 22.93121337890625 25.129423141479492188 22.950918197631835938 18.84825897216796875
23.760564804077148438 25.747407913208007812 26.191419601440429688 27.225078582763671875 26.544269561767578125 24.804861068725585938 25.575582504272460938 25.719556808471679688 28.245313644409179688 29.361692428588867188 28.693645477294921875 27.888029098510742188 27.176044464111328125 25.116762161254882812 24.819074630737304688 25.143590927124023438 24.453403472900390625 23.687549591064453125 21.502040863037109375 20.4631195068359375 21.457330703735351562 24.897083282470703125 28.194721221923828125 30.591642379760742188 32.8678436279296875 31.692638397216796875 28.677579879760742188 -999999 -999999 24.913103103637695312 26.937204360961914062 27.736042022705078125 25.694011688232421875 25.311519622802734375 22.392642974853515625 18.595380783081054688 16.281747817993164062 15.711145401000976562 14.862058639526367188 14.050873756408691406 14.025806427001953125 14.777301788330078125 15.140269279479980469 16.751626968383789062 19.129283905029296875 20.136077880859375 22.41999053955078125 24.283107757568359375 24.84017181396484375 23.243381500244140625 20.192941665649414062
24.366765975952148438 24.40901947021484375 25.560503005981445312 26.3195648193359375 27.701204299926757812 27.113338470458984375 28.174123764038085938 28.739986419677734375 29.70705413818359375 30.39176177978515625 29.854028701782226562 29.155391693115234375 28.283605575561523438 25.011653900146484375 24.127695083618164062 25.30513763427734375 24.293325424194335938 22.837881088256835938 21.584226608276367188 20.370786666870117188 20.969722747802734375 22.863605499267578125 26.566740036010742188 29.886501312255859375 30.787385940551757812 28.325958251953125 26.3192901611328125 -999999 -999999 21.571535110473632812 23.933641433715820312 24.930585861206054688 24.202604293823242188 21.960840225219726562 20.283041000366210938 17.716699600219726562 15.796687126159667969 15.73294830322265625 15.259746551513671875 15.301877021789550781 15.038660049438476562 15.818459510803222656 16.212802886962890625 18.811330795288085938 20.142332077026367188 21.886875152587890625 24.55126953125 25.511150360107421875 26.171972274780273438 24.664224624633789062 21.424957275390625
22.83205413818359375 24.466840744018554688 25.278215408325195312 25.992048263549804688 29.009677886962890625 27.731107711791992188 27.738611221313476562 30.492929458618164062 31.063770294189453125 31.445764541625976562 30.699316024780273438 30.622301101684570312 29.734628677368164062 28.66400909423828125 25.989538192749023438 24.905506134033203125 22.939825057983398438 21.503709793090820312 20.35199737548828125 19.734630584716796875 19.896745681762695312 20.471548080444335938 23.116182327270507812 25.474020004272460938 25.424779891967773438 24.891941070556640625 22.683925628662109375 -999999 -999999 -999999 22.729436874389648438 23.331636428833007812 22.272367477416992188 20.085414886474609375 18.364755630493164062 16.871065139770507812 15.897273063659667969 16.108104705810546875 16.246229171752929688 16.593372344970703125 16.797428131103515625 16.796352386474609375 18.017116546630859375 20.620922088623046875 21.68563079833984375 23.345853805541992188 25.270143508911132812 26.156854629516601562 27.228557586669921875 26.224653244018554688 24.527706146240234375
23.496946334838867188 24.241029739379882812 24.992151260375976562 27.279743194580078125 27.158128738403320312 26.359317779541015625 26.362039566040039062 28.839807510375976562 29.978910446166992188 30.432195663452148438 30.893438339233398438 30.182569503784179688 28.89061737060546875 27.875799179077148438 26.255340576171875 25.29625701904296875 22.835836410522460938 21.745195388793945312 20.504283905029296875 19.375093460083007812 19.47412872314453125 19.529682159423828125 19.768482208251953125 21.83050537109375 22.494199752807617188 22.805864334106445312 21.738435745239257812 -999999 -999999 -999999 23.897386550903320312 23.57666778564453125 21.364351272583007812 19.47119903564453125 17.453754425048828125 16.687076568603515625 16.727108001708984375 17.69445037841796875 17.924703598022460938 18.5682525634765625 18.568361282348632812 18.064830780029296875 19.033611297607421875 20.677080154418945312 23.395168304443359375 24.720712661743164062 25.884555816650390625 26.946863174438476562 27.807647705078125 27.985164642333984375 25.942392349243164062
23.999477386474609375 25.227857589721679688 24.593196868896484375 25.560516357421875 25.663965225219726562 25.127801895141601562 24.88455963134765625 27.2390899658203125 29.7099609375 30.543218612670898438 29.988452911376953125 28.264894485473632812 28.821557998657226562 28.05506134033203125 26.7309112548828125 24.790941238403320312 22.737047195434570312 22.306310653686523438 20.861291885375976562 20.602830886840820312 20.330232620239257812 20.166561126708984375 19.81795501708984375 21.36102294921875 22.18871307373046875 23.527009963989257812 24.425436019897460938 -999999 -999999 -999999 25.181261062622070312 24.943998336791992188 21.660093307495117188 19.561275482177734375 17.802618026733398438 16.2670745849609375 16.802862167358398438 18.34680938720703125 20.078540802001953125 19.69573974609375 19.6367950439453125 19.151830673217773438 19.934253692626953125 21.739410400390625 22.90358734130859375 24.588003158569335938 24.6266632080078125 26.591217041015625 26.830354690551757812 26.613796234130859375 25.714162826538085938
24.623682022094726562 24.870935440063476562 25.182172775268554688 24.3870086669921875 24.698007583618164062 24.554574966430664062 24.868114471435546875 26.400506973266601562 29.54683685302734375 30.23436737060546875 29.79914093017578125 28.480718612670898438 28.80333709716796875 27.771203994750976562 26.920421600341796875 25.118114471435546875 24.957653045654296875 24.027492523193359375 22.702182769775390625 21.993656158447265625 22.9029083251953125 21.8593902587890625 21.750814437866210938 22.637615203857421875 22.261423110961914062 23.563348770141601562 24.021474838256835938 -999999 -999999 -999999 -999999 24.691722869873046875 21.387777328491210938 18.462919235229492188 16.201498031616210938 15.636685371398925781 16.661930084228515625 18.60420989990234375 19.5576934814453125 20.613651275634765625 20.46270751953125 19.106113433837890625 18.5659942626953125 19.66950225830078125 21.994312286376953125 23.734361648559570312 23.940183639526367188 23.910234451293945312 24.829462051391601562 24.842504501342773438 24.222665786743164062
22.83966064453125 23.919553756713867188 25.134883880615234375 24.952678680419921875 24.9832305908203125 24.407518386840820312 25.5841522216796875 27.644124984741210938 29.663896560668945312 30.740674972534179688 28.843791961669921875 28.048370361328125 29.033449172973632812 28.94591522216796875 27.860090255737304688 27.576787948608398438 26.622896194458007812 25.92644500732421875 24.48247528076171875 24.242296218872070312 25.241565704345703125 24.998403549194335938 24.61444091796875 24.28009796142578125 23.473817825317382812 22.477102279663085938 21.292722702026367188 -999999 -999999 -999999 -999999 22.675571441650390625 20.501791000366210938 15.9196624755859375 14.002398490905761719 13.089846611022949219 14.409531593322753906 16.57794952392578125 17.94980621337890625 19.143352508544921875 19.067596435546875 17.505687713623046875 16.106710433959960938 16.88562774658203125 18.406766891479492188 20.559747695922851562 21.045047760009765625 21.114591598510742188 20.850360870361328125 21.234651565551757812 21.741115570068359375
21.470470428466796875 22.6531524658203125 23.019281387329101562 23.62438201904296875 23.97083282470703125 23.769601821899414062 25.978841781616210938 27.348932266235351562 29.373506546020507812 29.765064239501953125 28.079837799072265625 27.070486068725585938 26.995779037475585938 27.264263153076171875 28.127605438232421875 27.947338104248046875 27.97153472900390625 26.88312530517578125 25.383462905883789062 25.613613128662109375 26.412921905517578125 26.461290359497070312 25.9714202880859375 26.024017333984375 24.039232254028320312 21.126583099365234375 19.5606231689453125 7.2608280181884765625 -999999 -999999 -999999 20.717317581176757812 18.810483932495117188 13.854116439819335938 11.992795944213867188 11.070717811584472656 11.657854080200195312 13.952471733093261719 15.814522743225097656 17.121805191040039062 17.014484405517578125 16.102136611938476562 15.416052818298339844 15.193325042724609375 16.291168212890625 17.520296096801757812 18.239170074462890625 18.153514862060546875 18.035787582397460938 18.891523361206054688 18.84980010986328125
