data/TNO-HT-ATES/HT-ATES_NLFFS/TG421_NLDOBR__temperature_ATES.asc
ncols        266
nrows        269
xllcorner    11500.000000000000
yllcorner    355500.000000000000
cellsize     1000.000000000000
NODATA_value  -999999
[rows 92 to 114 of 269, columns 104 to 155 of 266]
35.914516448974609375 36.34051513671875 36.595104217529296875 36.8951873779296875 37.28862762451171875 37.704090118408203125 38.3243408203125 39.357837677001953125 40.367656707763671875 40.82930755615234375 41.2862548828125 41.979686737060546875 42.725894927978515625 43.52947235107421875 44.3716583251953125 45.232975006103515625 45.941650390625 46.37677001953125 46.7582244873046875 47.1051483154296875 47.473819732666015625 47.77222442626953125 47.99217987060546875 48.129180908203125 48.300769805908203125 48.49208831787109375 48.689197540283203125 48.650897979736328125 48.443805694580078125 48.1249237060546875 47.961963653564453125 47.8198394775390625 47.4727935791015625 46.99373626708984375 46.5259552001953125 46.0284271240234375 45.613666534423828125 45.68624114990234375 46.112125396728515625 46.53012847900390625 46.80548095703125 47.06591796875 47.230686187744140625 47.250209808349609375 47.109104156494140625 46.803859710693359375 46.53073883056640625 46.521434783935546875 46.77126312255859375 47.063716888427734375 47.25311279296875 47.370758056640625
36.00376129150390625 36.540836334228515625 36.94580078125 37.333644866943359375 37.682895660400390625 37.9817657470703125 38.4800567626953125 39.470134735107421875 40.47873687744140625 41.044921875 41.488445281982421875 42.07291412353515625 42.661407470703125 43.40456390380859375 44.129520416259765625 44.79541015625 45.413753509521484375 45.991039276123046875 46.5190582275390625 46.970691680908203125 47.409027099609375 47.695056915283203125 47.863983154296875 47.96912384033203125 48.11304473876953125 48.27001953125 48.390598297119140625 48.34899139404296875 48.180660247802734375 47.873218536376953125 47.65433502197265625 47.528667449951171875 47.28943634033203125 46.92293548583984375 46.657958984375 46.267192840576171875 45.5833892822265625 45.170612335205078125 45.4118804931640625 45.817657470703125 46.141040802001953125 46.437831878662109375 46.702625274658203125 46.806194305419921875 46.770904541015625 46.58373260498046875 46.404468536376953125 46.400363922119140625 46.6550140380859375 46.9571533203125 47.132205963134765625 47.2672882080078125
36.067852020263671875 36.63178253173828125 37.09095001220703125 37.58483123779296875 37.981914520263671875 38.26679229736328125 38.7488555908203125 39.615253448486328125 40.496654510498046875 41.05672454833984375 41.46883392333984375 41.9622802734375 42.5211181640625 43.2181243896484375 43.947887420654296875 44.581634521484375 45.0675811767578125 45.55970001220703125 46.0729522705078125 46.596012115478515625 47.12390899658203125 47.52866363525390625 47.825862884521484375 47.978580474853515625 47.99662017822265625 48.0036468505859375 47.93981170654296875 47.83478546142578125 47.792026519775390625 47.6063079833984375 47.396701812744140625 47.2241973876953125 47.001190185546875 46.744586944580078125 46.6621551513671875 46.463924407958984375 45.85880279541015625 45.21321868896484375 45.1304473876953125 45.247257232666015625 45.447177886962890625 45.717662811279296875 45.991130828857421875 46.137760162353515625 46.126689910888671875 46.104827880859375 46.1238250732421875 46.212238311767578125 46.5425872802734375 46.91495513916015625 47.06612396240234375 47.13550567626953125
36.08473968505859375 36.667232513427734375 37.2066192626953125 37.71134185791015625 38.06049346923828125 38.37760162353515625 38.878261566162109375 39.663631439208984375 40.46834564208984375 40.99236297607421875 41.346912384033203125 41.75428009033203125 42.265789031982421875 43.087604522705078125 43.810863494873046875 44.37935638427734375 44.775348663330078125 45.109798431396484375 45.563873291015625 46.144199371337890625 46.6713104248046875 47.1837921142578125 47.68505096435546875 47.933414459228515625 47.936859130859375 47.804912567138671875 47.47373199462890625 47.19908905029296875 47.14203643798828125 47.116573333740234375 47.019428253173828125 46.884990692138671875 46.682910919189453125 46.545627593994140625 46.417163848876953125 46.16886138916015625 45.798870086669921875 45.344928741455078125 45.057323455810546875 44.830074310302734375 44.740253448486328125 44.87796783447265625 45.187473297119140625 45.45477294921875 45.549480438232421875 45.601226806640625 45.725040435791015625 45.9091949462890625 46.332256317138671875 46.850017547607421875 47.038600921630859375 46.98537445068359375
35.9671173095703125 36.606052398681640625 37.25885772705078125 37.749835968017578125 38.055271148681640625 38.3456268310546875 38.83596038818359375 39.5157012939453125 40.19080352783203125 40.7252197265625 41.143917083740234375 41.537899017333984375 42.010272979736328125 42.76654815673828125 43.474185943603515625 44.09644317626953125 44.481075286865234375 44.6973876953125 45.133411407470703125 45.708896636962890625 46.155254364013671875 46.697246551513671875 47.33868408203125 47.576671600341796875 47.53466796875 47.33669281005859375 46.970050811767578125 46.610507965087890625 46.45471954345703125 46.492458343505859375 46.5081787109375 46.41961669921875 46.30002593994140625 46.272525787353515625 46.088733673095703125 45.807514190673828125 45.672161102294921875 45.308643341064453125 44.78826904296875 44.3027496337890625 44.029468536376953125 44.114837646484375 44.5209503173828125 44.97063446044921875 45.21783447265625 45.290142059326171875 45.4095611572265625 45.556461334228515625 45.920680999755859375 46.4007415771484375 46.611469268798828125 46.51355743408203125
35.88202667236328125 36.592529296875 37.259124755859375 37.7718048095703125 38.08238983154296875 38.29232025146484375 38.70798492431640625 39.2978973388671875 39.871753692626953125 40.398998260498046875 40.8903045654296875 41.3485565185546875 41.83319854736328125 42.40428924560546875 43.024402618408203125 43.73291778564453125 44.257816314697265625 44.5269012451171875 44.8229522705078125 45.287631988525390625 45.689239501953125 46.225009918212890625 46.82464599609375 46.87967681884765625 46.777927398681640625 46.62624359130859375 46.371234893798828125 46.0328826904296875 45.800708770751953125 45.735347747802734375 45.747760772705078125 45.76711273193359375 45.89467620849609375 46.080204010009765625 46.13885498046875 45.988742828369140625 45.71385955810546875 44.997955322265625 44.23412322998046875 43.726284027099609375 43.48496246337890625 43.57891082763671875 44.023014068603515625 44.56610870361328125 44.9608612060546875 45.113819122314453125 45.222759246826171875 45.24747467041015625 45.349365234375 45.54836273193359375 45.7066497802734375 45.6793670654296875
35.870372772216796875 36.63813018798828125 37.2579498291015625 37.766239166259765625 38.1410064697265625 38.28784942626953125 38.6282196044921875 39.152645111083984375 39.67311859130859375 40.18328094482421875 40.7114105224609375 41.2056121826171875 41.679805755615234375 42.1695709228515625 42.655426025390625 43.292205810546875 43.92104339599609375 44.34676361083984375 44.627422332763671875 44.933902740478515625 45.369831085205078125 45.76282501220703125 46.025012969970703125 45.94040679931640625 45.857700347900390625 45.79071807861328125 45.664264678955078125 45.39488983154296875 45.107624053955078125 44.93616485595703125 44.957767486572265625 45.200237274169921875 45.667926788330078125 46.122562408447265625 46.3673095703125 46.120105743408203125 45.369464874267578125 44.34517669677734375 43.644439697265625 43.403308868408203125 43.3426666259765625 43.379512786865234375 43.718379974365234375 44.281707763671875 44.8148651123046875 45.093227386474609375 45.24073028564453125 45.199123382568359375 45.07782745361328125 44.9890899658203125 44.978076934814453125 44.9673919677734375
35.975559234619140625 36.69789886474609375 37.266666412353515625 37.744537353515625 38.06720733642578125 38.249362945556640625 38.591701507568359375 39.066028594970703125 39.5608062744140625 40.069232940673828125 40.641643524169921875 41.178386688232421875 41.59239959716796875 41.98055267333984375 42.37371826171875 42.918704986572265625 43.47608184814453125 43.954990386962890625 44.3209381103515625 44.678874969482421875 44.973674774169921875 44.969547271728515625 44.89824676513671875 44.92246246337890625 44.979152679443359375 44.992870330810546875 44.9879302978515625 44.78680419921875 44.537296295166015625 44.37271881103515625 44.525890350341796875 45.033496856689453125 45.625701904296875 46.108554840087890625 46.155216217041015625 45.5587005615234375 44.52643585205078125 43.646240234375 43.326412200927734375 43.460506439208984375 43.486270904541015625 43.419586181640625 43.68924713134765625 44.285457611083984375 44.85462188720703125 45.182159423828125 45.342742919921875 45.331005096435546875 45.1952972412109375 45.04018402099609375 44.906585693359375 44.719696044921875
-999999 36.5776214599609375 37.219516754150390625 37.727497100830078125 38.04437255859375 38.234619140625 38.54522705078125 38.99150848388671875 39.51045989990234375 40.047252655029296875 40.653316497802734375 41.2315673828125 41.552211761474609375 41.751522064208984375 42.058319091796875 42.515575408935546875 43.0179595947265625 43.508697509765625 43.8819427490234375 44.24880218505859375 44.467136383056640625 44.23406982421875 43.979766845703125 44.0726318359375 44.07357025146484375 44.101596832275390625 44.216522216796875 44.227153778076171875 44.136302947998046875 44.044757843017578125 44.377124786376953125 45.093852996826171875 45.478244781494140625 45.488185882568359375 45.165782928466796875 44.4995880126953125 43.71074676513671875 43.27606964111328125 43.3547210693359375 43.59336090087890625 43.542583465576171875 43.503971099853515625 43.909183502197265625 44.52337646484375 45.088226318359375 45.375400543212890625 45.5069732666015625 45.49330902099609375 45.43706512451171875 45.33638763427734375 45.10269927978515625 44.769039154052734375
-999999 -999999 36.884796142578125 37.661037445068359375 38.047962188720703125 38.346782684326171875 38.6217803955078125 38.949981689453125 39.492412567138671875 40.10205841064453125 40.69881439208984375 41.2354736328125 41.488037109375 41.615631103515625 41.836071014404296875 42.252239227294921875 42.79583740234375 43.37795257568359375 43.693126678466796875 43.8241119384765625 43.925846099853515625 43.801395416259765625 43.56116485595703125 43.38092803955078125 43.264797210693359375 43.2577362060546875 43.364948272705078125 43.616943359375 43.7730255126953125 43.83664703369140625 44.2482452392578125 44.8735198974609375 44.846309661865234375 44.25127410888671875 43.76490020751953125 43.412181854248046875 43.162982940673828125 43.1562957763671875 43.367015838623046875 43.512638092041015625 43.517421722412109375 43.689731597900390625 44.1920928955078125 44.75458526611328125 45.270252227783203125 45.541088104248046875 45.725261688232421875 45.769351959228515625 45.6133575439453125 45.400272369384765625 45.137908935546875 44.832355499267578125
-999999 -999999 -999999 -999999 38.24346923828125 38.526767730712890625 38.911655426025390625 39.294589996337890625 39.774738311767578125 40.2794952392578125 40.734161376953125 41.15756988525390625 41.404052734375 41.61116790771484375 41.877773284912109375 42.25150299072265625 42.8468017578125 43.574054718017578125 43.98551177978515625 43.8787078857421875 43.603504180908203125 43.50786590576171875 43.37290191650390625 42.975910186767578125 42.696025848388671875 42.71866607666015625 42.965755462646484375 43.308216094970703125 43.4584197998046875 43.566135406494140625 43.852787017822265625 44.037715911865234375 43.65464019775390625 42.945446014404296875 42.662384033203125 42.7161712646484375 42.847866058349609375 43.0021209716796875 43.13245391845703125 43.28371429443359375 43.5261077880859375 43.89113616943359375 44.359958648681640625 44.83626556396484375 45.29720306396484375 45.613796234130859375 45.906398773193359375 46.048130035400390625 45.74384307861328125 45.30179595947265625 45.0259246826171875 44.818523406982421875
-999999 -999999 -999999 -999999 -999999 38.864955902099609375 39.308063507080078125 40.016048431396484375 40.473724365234375 40.625293731689453125 40.767345428466796875 41.109020233154296875 41.442272186279296875 41.76168060302734375 42.0493316650390625 42.394329071044921875 43.015178680419921875 43.846935272216796875 44.36740875244140625 44.233982086181640625 43.623447418212890625 43.353519439697265625 43.3341522216796875 43.015537261962890625 42.5155029296875 42.49088287353515625 42.875133514404296875 43.12799835205078125 43.07891082763671875 43.132080078125 43.099086761474609375 42.874401092529296875 42.465129852294921875 42.168609619140625 42.2679443359375 42.601318359375 42.86163330078125 42.924602508544921875 42.911163330078125 43.13299560546875 43.499828338623046875 43.9036407470703125 44.365421295166015625 44.813869476318359375 45.2544708251953125 45.57369232177734375 45.849468231201171875 46.0015106201171875 45.69985198974609375 45.1487884521484375 44.796504974365234375 44.62030029296875
-999999 -999999 -999999 -999999 -999999 39.201801300048828125 39.51273345947265625 40.33515167236328125 41.02034759521484375 41.0411529541015625 40.962223052978515625 41.156147003173828125 41.480388641357421875 41.79210662841796875 41.8586578369140625 42.44022369384765625 42.947505950927734375 43.8079986572265625 44.404483795166015625 44.329097747802734375 43.7330474853515625 43.48685455322265625 43.548229217529296875 43.27703094482421875 42.6434173583984375 42.275905609130859375 42.2586669921875 42.32601165771484375 42.294277191162109375 42.32485198974609375 42.358531951904296875 42.071056365966796875 41.94170379638671875 42.1705474853515625 42.38582611083984375 42.671703338623046875 42.9181671142578125 42.943675994873046875 42.891582489013671875 43.06229400634765625 43.40984344482421875 43.782989501953125 44.240970611572265625 44.7068634033203125 45.097900390625 45.32744598388671875 45.460781097412109375 45.451473236083984375 45.171459197998046875 44.707569122314453125 44.34386444091796875 44.199573516845703125
-999999 -999999 -999999 -999999 -999999 39.43105316162109375 39.62030792236328125 40.226284027099609375 40.938190460205078125 41.37029266357421875 41.534206390380859375 41.54569244384765625 41.540370941162109375 41.85756683349609375 42.2401580810546875 42.56841278076171875 42.979034423828125 43.6521148681640625 44.14470672607421875 44.20545196533203125 43.901123046875 43.8484954833984375 43.88338470458984375 43.46942138671875 42.853092193603515625 42.42192840576171875 42.0870819091796875 41.74664306640625 41.474567413330078125 41.387378692626953125 41.617458343505859375 41.688236236572265625 41.9891357421875 42.425807952880859375 42.551258087158203125 42.647022247314453125 42.8321075439453125 42.911098480224609375 42.9325408935546875 43.066196441650390625 43.356281280517578125 43.67124176025390625 44.06941986083984375 44.458950042724609375 44.753570556640625 44.876049041748046875 44.858173370361328125 44.667510986328125 44.405120849609375 44.108600616455078125 43.83803558349609375 43.767452239990234375
-999999 -999999 -999999 -999999 -999999 39.54987335205078125 39.87070465087890625 40.347469329833984375 40.99369049072265625 41.595127105712890625 42.1980133056640625 42.143222808837890625 41.82781982421875 42.051342010498046875 42.576084136962890625 42.884975433349609375 43.136425018310546875 43.554004669189453125 43.892791748046875 44.0665435791015625 44.0258636474609375 43.9807281494140625 43.871826171875 43.587055206298828125 43.237636566162109375 42.883602142333984375 42.335285186767578125 41.6797943115234375 41.156017303466796875 40.866466522216796875 40.98736572265625 41.531879425048828125 42.169872283935546875 42.64965057373046875 42.85594940185546875 42.721858978271484375 42.6949005126953125 42.740947723388671875 42.817291259765625 43.014965057373046875 43.296276092529296875 43.555187225341796875 43.884784698486328125 44.19412994384765625 44.405574798583984375 44.466278076171875 44.34954833984375 44.02358245849609375 43.75750732421875 43.53094482421875 43.34832763671875 43.283824920654296875
-999999 -999999 -999999 -999999 -999999 -999999 40.34841156005859375 40.90673065185546875 41.51538848876953125 41.975818634033203125 42.362640380859375 42.3800201416015625 42.160655975341796875 42.431774139404296875 43.0912322998046875 43.47849273681640625 43.51092529296875 43.5931243896484375 43.796417236328125 44.0048828125 44.053821563720703125 43.95085906982421875 43.7755889892578125 43.76158905029296875 43.678974151611328125 43.404422760009765625 42.846340179443359375 42.220989227294921875 41.552547454833984375 41.01955413818359375 40.944061279296875 41.61312103271484375 42.33176422119140625 42.78588104248046875 43.080341339111328125 43.006191253662109375 42.712627410888671875 42.628704071044921875 42.70862579345703125 42.92578125 43.200077056884765625 43.42897796630859375 43.71591949462890625 44.01198577880859375 44.220020294189453125 44.31095123291015625 44.081310272216796875 43.618381500244140625 43.27117919921875 43.070301055908203125 42.93613433837890625 42.844715118408203125
-999999 -999999 -999999 -999999 -999999 -999999 -999999 41.542255401611328125 42.08705902099609375 42.359447479248046875 42.421184539794921875 42.247348785400390625 42.11577606201171875 42.60858154296875 43.5284423828125 43.985340118408203125 43.89009857177734375 43.775310516357421875 43.8086700439453125 43.902736663818359375 43.886577606201171875 43.71710968017578125 43.454341888427734375 43.430706024169921875 43.516475677490234375 43.57144927978515625 43.352298736572265625 42.976932525634765625 42.4113922119140625 41.746875762939453125 41.30779266357421875 41.683643341064453125 42.209102630615234375 42.4749755859375 42.8523101806640625 43.163234710693359375 42.98598480224609375 42.641620635986328125 42.627582550048828125 42.82689666748046875 43.061725616455078125 43.24388885498046875 43.51804351806640625 43.83026885986328125 44.073741912841796875 44.05321502685546875 43.637104034423828125 43.141765594482421875 42.854923248291015625 42.774448394775390625 42.695552825927734375 42.6277618408203125
-999999 -999999 -999999 -999999 -999999 -999999 -999999 41.8104248046875 42.310054779052734375 42.56247711181640625 42.68956756591796875 42.703395843505859375 42.75025177001953125 43.19887542724609375 43.8491668701171875 44.07175445556640625 43.876850128173828125 43.825511932373046875 43.895801544189453125 43.948665618896484375 43.770610809326171875 43.3908233642578125 43.03084564208984375 42.932979583740234375 42.975414276123046875 43.269512176513671875 43.7158966064453125 43.752681732177734375 43.38787078857421875 42.8904571533203125 42.10982513427734375 41.5700531005859375 41.49169921875 41.733245849609375 42.09900665283203125 42.727008819580078125 43.154514312744140625 43.09447479248046875 42.976482391357421875 42.921741485595703125 43.0786895751953125 43.212554931640625 43.305572509765625 43.407421112060546875 43.517971038818359375 43.355022430419921875 42.92192840576171875 42.532501220703125 42.40067291259765625 42.531520843505859375 42.625789642333984375 42.636028289794921875
-999999 -999999 -999999 -999999 -999999 -999999 -999999 -999999 42.190593719482421875 42.51892852783203125 42.79772186279296875 43.113391876220703125 43.47490692138671875 43.951267242431640625 44.396022796630859375 44.35538482666015625 43.912097930908203125 43.805728912353515625 43.88445281982421875 43.893798828125 43.553863525390625 43.03089141845703125 42.7155303955078125 42.67138671875 42.7086944580078125 43.022342681884765625 43.64910125732421875 44.190608978271484375 44.199573516845703125 43.865131378173828125 42.929889678955078125 41.763790130615234375 41.293048858642578125 41.495304107666015625 41.737644195556640625 42.274303436279296875 43.023906707763671875 43.247547149658203125 43.234355926513671875 43.306499481201171875 43.396640777587890625 43.510555267333984375 43.368709564208984375 43.166900634765625 42.986171722412109375 42.6224212646484375 42.278034210205078125 42.087223052978515625 42.11837005615234375 42.456325531005859375 42.766513824462890625 42.84812164306640625
-999999 -999999 -999999 -999999 -999999 -999999 -999999 -999999 42.11661529541015625 42.43100738525390625 42.75568389892578125 43.270050048828125 43.878971099853515625 44.357700347900390625 44.774158477783203125 44.63733673095703125 44.0878753662109375 43.907558441162109375 43.818145751953125 43.56731414794921875 43.171245574951171875 42.81902313232421875 42.790592193603515625 42.8998565673828125 42.924350738525390625 43.033771514892578125 43.359996795654296875 43.866390228271484375 44.5119781494140625 44.522991180419921875 43.700420379638671875 42.495700836181640625 41.871753692626953125 41.965534210205078125 42.051120758056640625 42.262775421142578125 42.743236541748046875 43.24144744873046875 43.597698211669921875 43.721343994140625 43.958698272705078125 44.43112945556640625 43.964527130126953125 43.402606964111328125 42.964237213134765625 42.44135284423828125 42.16312408447265625 42.216594696044921875 42.43758392333984375 42.886707305908203125 43.350788116455078125 43.461086273193359375
-999999 -999999 -999999 -999999 -999999 -999999 -999999 -999999 42.217273712158203125 42.499927520751953125 42.769176483154296875 43.345245361328125 43.843799591064453125 44.0659027099609375 44.383106231689453125 44.5363006591796875 44.339611053466796875 44.244960784912109375 43.9636993408203125 43.475223541259765625 43.153331756591796875 43.052001953125 43.2998504638671875 43.451129913330078125 43.345592498779296875 43.25511932373046875 43.353610992431640625 43.580989837646484375 44.0440673828125 44.3097686767578125 43.8819427490234375 43.16623687744140625 42.734859466552734375 42.68646240234375 42.626850128173828125 42.697368621826171875 42.97856903076171875 43.573551177978515625 44.258258819580078125 44.422748565673828125 44.429637908935546875 44.759593963623046875 44.6080322265625 44.0965728759765625 43.3278045654296875 42.7237091064453125 42.59171295166015625 42.900905609130859375 43.264453887939453125 43.485027313232421875 43.767078399658203125 44.071468353271484375
-999999 -999999 -999999 -999999 -999999 -999999 -999999 -999999 42.47548675537109375 42.944530487060546875 43.200389862060546875 43.546306610107421875 43.7638702392578125 43.717601776123046875 43.73824310302734375 43.909702301025390625 44.070453643798828125 44.27910614013671875 44.144374847412109375 43.830875396728515625 43.67937469482421875 43.63655853271484375 43.920558929443359375 44.116321563720703125 44.020298004150390625 43.888397216796875 43.8875579833984375 43.834484100341796875 43.85945892333984375 43.98426055908203125 43.8857879638671875 43.6755523681640625 43.4992523193359375 43.3797149658203125 43.223667144775390625 43.290546417236328125 43.6432342529296875 44.287723541259765625 45.077728271484375 45.5537872314453125 45.42382049560546875 45.316501617431640625 45.276004791259765625 44.8488922119140625 44.111660003662109375 43.614589691162109375 43.5141754150390625 43.88758087158203125 44.17942047119140625 44.1881561279296875 44.325412750244140625 44.782825469970703125
-999999 -999999 -999999 -999999 -999999 -999999 -999999 42.1655731201171875 42.770153045654296875 43.3498992919921875 43.75302886962890625 43.915981292724609375 43.828197479248046875 43.693538665771484375 43.5321502685546875 43.457653045654296875 43.612232208251953125 44.035308837890625 44.3117828369140625 44.37229156494140625 44.354770660400390625 44.29828643798828125 44.36098480224609375 44.73126220703125 44.94664764404296875 44.75725555419921875 44.554264068603515625 44.26324462890625 43.9894866943359375 43.962131500244140625 43.88890838623046875 43.841953277587890625 44.039951324462890625 44.196136474609375 44.09476470947265625 44.05158233642578125 44.41009521484375 44.95973968505859375 45.452709197998046875 45.904827117919921875 46.232669830322265625 46.441104888916015625 46.622234344482421875 46.232227325439453125 45.4056854248046875 44.886646270751953125 45.03617095947265625 45.508087158203125 45.3032684326171875 45.051605224609375 45.0971832275390625 45.395809173583984375
