data/TNO-HT-ATES/HT-ATES_NLFFS/TG422_NLDOBR__top_depth_ATES.asc
ncols        266
nrows        269
xllcorner    11500.000000000000
yllcorner    355500.000000000000
cellsize     1000.000000000000
NODATA_value  -999999
[rows 48 to 71 of 269, columns 162 to 215 of 266]
673.6566162109375 678.338134765625 688.57330322265625 690.3970947265625 675.73175048828125 657.971923828125 647.7542724609375 645.28753662109375 646.39361572265625 641.01458740234375 627.5203857421875 614.87237548828125 612.05096435546875 617.371826171875 623.6593017578125 628.32952880859375 632.91009521484375 637.568603515625 642.2711181640625 642.15155029296875 639.9112548828125 637.7276611328125 635.17669677734375 629.93170166015625 629.16766357421875 632.682861328125 632.8870849609375 626.89166259765625 620.52117919921875 618.61334228515625 620.60919189453125 620.333251953125 618.064453125 618.51361083984375 616.590576171875 602.61138916015625 573.8499755859375 549.796630859375 544.37213134765625 537.71124267578125 523.21160888671875 549.21282958984375 586.87750244140625 585.28985595703125 557.15679931640625 537.90655517578125 523.06097412109375 513.01300048828125 506.158203125 502.82904052734375 504.953277587890625 513.13885498046875 526.775146484375 544.1856689453125
668.61767578125 675.81488037109375 689.08917236328125 693.21746826171875 678.973876953125 657.14215087890625 641.283935546875 634.3056640625 636.65533447265625 635.550048828125 625.1949462890625 613.98858642578125 610.2213134765625 612.26025390625 615.06036376953125 619.22845458984375 627.68035888671875 637.952880859375 646.36029052734375 646.91326904296875 642.86077880859375 637.87481689453125 637.56878662109375 633.56085205078125 630.39202880859375 631.03009033203125 631.6949462890625 627.52325439453125 620.6011962890625 618.1474609375 618.939697265625 616.28253173828125 612.1927490234375 611.07733154296875 608.088134765625 596.42742919921875 571.3592529296875 547.82305908203125 547.81182861328125 552.05828857421875 538.400390625 545.9825439453125 585.09210205078125 602.81683349609375 578.46234130859375 552.65863037109375 530.24114990234375 511.41094970703125 497.8843994140625 491.55584716796875 489.841156005859375 492.149322509765625 499.42987060546875 513.00146484375
659.857177734375 668.869384765625 684.44378662109375 692.41650390625 682.14105224609375 660.82177734375 642.59820556640625 629.5242919921875 627.09918212890625 625.8165283203125 619.75286865234375 614.0994873046875 612.47808837890625 613.48846435546875 612.44488525390625 612.99896240234375 623.4844970703125 638.62335205078125 649.38330078125 649.70758056640625 643.60809326171875 635.096923828125 634.8701171875 632.98406982421875 628.48675537109375 627.1942138671875 629.5958251953125 628.02349853515625 619.5909423828125 619.2176513671875 619.4180908203125 614.15673828125 609.08758544921875 607.0850830078125 603.4542236328125 595.08404541015625 581.6429443359375 565.0281982421875 555.4515380859375 555.84271240234375 544.179931640625 542.50164794921875 587.523681640625 623.66424560546875 602.71441650390625 568.8126220703125 536.3194580078125 503.639556884765625 485.0361328125 480.88128662109375 477.88543701171875 475.95599365234375 477.907928466796875 487.473480224609375
653.0135498046875 663.7757568359375 679.88037109375 689.7591552734375 683.29327392578125 665.10595703125 645.78582763671875 629.66558837890625 622.4447021484375 617.341064453125 616.80731201171875 619.48052978515625 624.41644287109375 623.4793701171875 616.56756591796875 613.55511474609375 625.18792724609375 643.301025390625 656.46441650390625 654.77960205078125 649.7813720703125 644.3353271484375 637.8004150390625 631.31585693359375 624.31329345703125 620.42718505859375 625.405517578125 628.6220703125 624.88909912109375 623.5386962890625 620.47650146484375 612.74957275390625 605.31793212890625 602.22747802734375 597.3165283203125 590.23486328125 584.99188232421875 574.8258056640625 558.66973876953125 544.93646240234375 535.49298095703125 533.75933837890625 582.11773681640625 634.44720458984375 624.53369140625 584.25201416015625 541.68292236328125 497.764556884765625 476.65399169921875 475.911529541015625 471.454010009765625 466.102081298828125 463.55377197265625 468.1151123046875
654.0078125 665.46514892578125 678.917236328125 687.27655029296875 682.14898681640625 665.6651611328125 646.3868408203125 632.4659423828125 628.92266845703125 632.59765625 628.97686767578125 637.80047607421875 645.990478515625 640.870361328125 630.78973388671875 626.8590087890625 636.4654541015625 652.90545654296875 666.48114013671875 663.1414794921875 658.21710205078125 654.19073486328125 647.927734375 637.52850341796875 627.176025390625 618.810302734375 622.3204345703125 627.63323974609375 627.56866455078125 626.2464599609375 622.739013671875 615.34417724609375 606.3004150390625 601.910888671875 595.31414794921875 586.2935791015625 582.9940185546875 574.29901123046875 556.39495849609375 539.40985107421875 532.1781005859375 530.42730712890625 566.328125 626.6800537109375 645.5596923828125 607.055908203125 554.6839599609375 512.697265625 489.35894775390625 478.580841064453125 471.861785888671875 464.843292236328125 459.028411865234375 455.24896240234375
662.5745849609375 671.1065673828125 678.70745849609375 682.3056640625 677.036865234375 663.1097412109375 649.6654052734375 642.216064453125 643.0595703125 644.771484375 649.346435546875 661.180908203125 668.51959228515625 663.392822265625 655.9786376953125 653.417724609375 656.96697998046875 664.0653076171875 671.35552978515625 670.377197265625 664.26690673828125 659.07342529296875 655.2802734375 644.56927490234375 633.015869140625 625.016357421875 625.70733642578125 629.83782958984375 630.4716796875 628.54833984375 625.11846923828125 618.27545166015625 610.11175537109375 606.4576416015625 603.02398681640625 593.63665771484375 582.463623046875 569.6011962890625 551.37298583984375 535.5667724609375 529.246826171875 529.55865478515625 547.6834716796875 598.17510986328125 646.5106201171875 635.70562744140625 570.9102783203125 517.92840576171875 492.323883056640625 481.781158447265625 473.989471435546875 464.693115234375 453.87127685546875 442.537322998046875
674.71484375 675.14129638671875 677.54486083984375 677.10382080078125 671.2210693359375 663.567626953125 659.48687744140625 659.98919677734375 665.9422607421875 670.3258056640625 674.51239013671875 681.86578369140625 686.6474609375 684.710693359375 682.1849365234375 681.32598876953125 679.51617431640625 678.1041259765625 679.9423828125 678.8507080078125 673.23822021484375 667.65399169921875 661.9324951171875 652.5626220703125 643.9853515625 637.7491455078125 636.64544677734375 638.1761474609375 636.22344970703125 632.904296875 628.256103515625 620.6927490234375 613.52801513671875 610.2745361328125 606.68280029296875 593.17083740234375 579.68206787109375 568.4398193359375 551.25921630859375 534.580810546875 524.92559814453125 523.8082275390625 530.17864990234375 555.64630126953125 606.1453857421875 627.80096435546875 577.89337158203125 514.9434814453125 485.33123779296875 485.96307373046875 472.8817138671875 458.44000244140625 444.942596435546875 430.389434814453125
689.6492919921875 681.44073486328125 681.58172607421875 680.21270751953125 673.4110107421875 671.083251953125 674.925537109375 681.39306640625 689.4346923828125 693.62890625 694.3291015625 697.9818115234375 701.3502197265625 701.403076171875 700.623779296875 700.3719482421875 696.6719970703125 691.19342041015625 688.30633544921875 687.25714111328125 685.42999267578125 681.4830322265625 674.8262939453125 663.67486572265625 655.08038330078125 652.67230224609375 650.857666015625 648.2696533203125 644.30633544921875 639.21697998046875 632.88238525390625 625.56817626953125 618.849365234375 614.59185791015625 610.0401611328125 597.0482177734375 584.78045654296875 574.55096435546875 559.3365478515625 540.594482421875 523.8056640625 516.59637451171875 518.93865966796875 525.1651611328125 550.2412109375 580.488037109375 564.8646240234375 509.9559326171875 472.885345458984375 471.24114990234375 459.728759765625 446.652069091796875 435.378448486328125 423.557525634765625
701.4356689453125 688.78863525390625 690.640625 693.37969970703125 687.3798828125 686.4775390625 694.5557861328125 701.98162841796875 706.48760986328125 707.10540771484375 705.792236328125 708.615478515625 712.794189453125 713.3597412109375 712.83636474609375 712.7740478515625 709.537353515625 703.94189453125 699.18902587890625 697.965576171875 698.49371337890625 696.704345703125 690.77716064453125 674.45941162109375 663.72442626953125 666.13189697265625 663.68408203125 659.4554443359375 653.93731689453125 646.89910888671875 638.88067626953125 631.28192138671875 624.42669677734375 618.74481201171875 614.2813720703125 607.046630859375 596.3953857421875 584.0478515625 570.39410400390625 549.44366455078125 525.77154541015625 513.41522216796875 514.34588623046875 517.030029296875 519.7626953125 541.53826904296875 545.715087890625 503.47064208984375 463.433807373046875 460.330413818359375 452.077667236328125 439.559051513671875 429.859130859375 421.89251708984375
705.53106689453125 694.867431640625 700.30242919921875 708.48779296875 706.58111572265625 705.14349365234375 712.0552978515625 718.11566162109375 718.4686279296875 717.0863037109375 717.11041259765625 720.7734375 723.0001220703125 721.61553955078125 721.8192138671875 722.6993408203125 719.64495849609375 714.7991943359375 711.79071044921875 711.3355712890625 711.22222900390625 709.4901123046875 705.66900634765625 695.1453857421875 685.281005859375 680.49395751953125 674.41558837890625 669.489990234375 663.53594970703125 654.942138671875 645.2149658203125 636.42108154296875 629.2152099609375 622.817138671875 618.3643798828125 613.41229248046875 604.2454833984375 590.99029541015625 575.0684814453125 552.00518798828125 527.48748779296875 516.07257080078125 516.423583984375 517.27606201171875 515.00250244140625 530.6729736328125 542.510009765625 510.6536865234375 470.831756591796875 467.58343505859375 460.094573974609375 443.096405029296875 428.9842529296875 418.00311279296875
703.7183837890625 700.85101318359375 710.26641845703125 723.03338623046875 726.80517578125 725.0379638671875 726.58770751953125 730.42449951171875 730.49542236328125 730.65313720703125 735.04522705078125 736.0003662109375 732.31585693359375 726.42437744140625 727.4942626953125 731.16497802734375 728.879150390625 723.0889892578125 722.034912109375 723.1571044921875 720.84173583984375 716.0594482421875 710.92645263671875 706.84765625 699.6109619140625 688.24969482421875 679.1051025390625 675.7884521484375 672.00933837890625 662.58282470703125 651.558349609375 641.9052734375 634.44769287109375 627.640625 622.39990234375 617.00360107421875 607.41717529296875 591.97247314453125 572.7171630859375 550.65771484375 531.503173828125 522.7166748046875 520.42950439453125 518.17279052734375 516.1839599609375 532.967041015625 562.58624267578125 555.98370361328125 513.697265625 488.052520751953125 474.38427734375 453.42828369140625 432.09625244140625 404.014556884765625
707.0023193359375 711.5611572265625 723.5465087890625 738.10211181640625 745.4622802734375 744.5135498046875 742.89617919921875 744.67767333984375 745.63153076171875 745.98773193359375 747.6553955078125 746.267822265625 739.386962890625 730.73980712890625 730.9730224609375 736.13922119140625 735.06756591796875 729.412109375 728.2413330078125 728.6087646484375 724.76348876953125 716.7515869140625 708.360107421875 704.41375732421875 699.71990966796875 689.968505859375 681.50640869140625 679.82537841796875 678.35894775390625 668.616943359375 657.03948974609375 648.519775390625 641.56292724609375 633.99432373046875 627.34185791015625 620.4085693359375 609.10821533203125 591.8642578125 571.8189697265625 553.70538330078125 538.79132080078125 527.82244873046875 521.7003173828125 518.05438232421875 515.5816650390625 532.660888671875 579.82574462890625 613.45416259765625 582.7620849609375 528.34820556640625 489.094482421875 455.30987548828125 416.324310302734375 378.161651611328125
722.3468017578125 728.87786865234375 740.03802490234375 753.03662109375 761.0714111328125 762.593994140625 762.3428955078125 762.71685791015625 762.90069580078125 761.95074462890625 759.1756591796875 753.8289794921875 746.45306396484375 740.147705078125 738.00970458984375 739.68426513671875 738.53033447265625 734.01220703125 731.81842041015625 730.008056640625 725.76934814453125 717.2310791015625 708.10552978515625 702.06072998046875 697.64208984375 691.48370361328125 685.31781005859375 683.1470947265625 682.20172119140625 671.3760986328125 658.94134521484375 654.19537353515625 648.777099609375 639.9569091796875 632.623046875 624.81878662109375 612.9993896484375 597.5545654296875 581.64642333984375 567.5928955078125 551.21820068359375 534.16156005859375 524.24853515625 520.1861572265625 517.57086181640625 526.48779296875 572.91436767578125 628.7467041015625 628.877685546875 579.3853759765625 525.73406982421875 474.49755859375 408.492645263671875 350.591033935546875
744.21478271484375 749.4781494140625 756.99578857421875 768.309814453125 776.68206787109375 779.5418701171875 779.98333740234375 778.0079345703125 776.72637939453125 774.96533203125 770.0692138671875 759.4776611328125 751.10137939453125 748.1259765625 744.37139892578125 741.1263427734375 738.19293212890625 734.11053466796875 731.069580078125 728.2431640625 723.123291015625 714.70489501953125 706.77081298828125 699.8118896484375 695.14013671875 691.87249755859375 687.8531494140625 684.37066650390625 681.93182373046875 672.4027099609375 661.787109375 659.577880859375 655.1956787109375 646.10821533203125 639.11785888671875 631.33966064453125 620.300537109375 607.96929931640625 597.37725830078125 585.32843017578125 566.5107421875 544.699462890625 529.37225341796875 521.7454833984375 517.44415283203125 515.861572265625 540.7945556640625 580.3486328125 603.580078125 586.077392578125 555.88232421875 516.310791015625 432.98211669921875 341.133880615234375
766.63665771484375 770.18572998046875 772.70654296875 784.485595703125 793.53448486328125 794.77593994140625 793.328857421875 788.1851806640625 785.5111083984375 783.26531982421875 777.8609619140625 762.59832763671875 752.302734375 750.0047607421875 746.13714599609375 741.88720703125 738.4049072265625 733.96746826171875 728.7857666015625 725.2366943359375 719.40673828125 710.5543212890625 703.7821044921875 697.3714599609375 692.61181640625 690.09246826171875 686.70013427734375 683.17559814453125 680.2578125 674.237060546875 666.79278564453125 664.26947021484375 659.78094482421875 652.17169189453125 645.93878173828125 637.961181640625 627.22821044921875 616.24957275390625 607.1754150390625 595.5650634765625 577.647216796875 556.95013427734375 537.656982421875 524.69476318359375 517.904052734375 513.10076904296875 515.3380126953125 523.704345703125 532.55352783203125 527.8875732421875 524.6683349609375 524.9981689453125 483.068328857421875 397.38812255859375
787.9322509765625 794.41650390625 798.3726806640625 807.24957275390625 811.300537109375 807.10357666015625 799.96246337890625 790.28033447265625 787.50421142578125 786.69342041015625 781.19183349609375 764.14996337890625 752.70233154296875 749.54791259765625 745.37347412109375 740.552490234375 736.1126708984375 731.303466796875 725.2529296875 721.6605224609375 716.06085205078125 707.2479248046875 700.9779052734375 695.4381103515625 691.591064453125 689.59454345703125 686.09869384765625 683.0091552734375 681.65679931640625 679.382568359375 673.67431640625 669.919921875 665.13214111328125 658.9791259765625 653.2493896484375 645.2236328125 634.46917724609375 623.39764404296875 613.89263916015625 603.29510498046875 586.21337890625 567.35821533203125 547.531005859375 531.607177734375 523.9027099609375 517.77081298828125 507.724639892578125 496.853546142578125 485.439666748046875 472.280029296875 463.961212158203125 472.4530029296875 482.848602294921875 456.55767822265625
806.1685791015625 820.59613037109375 833.10089111328125 836.619384765625 829.10650634765625 816.89569091796875 803.59063720703125 789.1234130859375 785.05584716796875 785.845703125 781.00836181640625 764.47454833984375 752.18377685546875 748.2186279296875 743.38153076171875 737.96343994140625 732.52325439453125 726.90826416015625 720.4495849609375 716.45086669921875 711.21502685546875 703.12890625 697.68658447265625 693.119140625 689.51416015625 687.79254150390625 685.52886962890625 684.6036376953125 684.72686767578125 684.06866455078125 678.98541259765625 674.74468994140625 669.3360595703125 662.7578125 657.15240478515625 648.90155029296875 637.8421630859375 627.3175048828125 618.71612548828125 609.315185546875 591.98345947265625 573.791015625 554.40069580078125 536.394287109375 524.05413818359375 514.18365478515625 501.29852294921875 486.93426513671875 470.026092529296875 449.007843017578125 425.02423095703125 410.191009521484375 429.136199951171875 463.429351806640625
818.34014892578125 844.21649169921875 872.6165771484375 871.9520263671875 845.9967041015625 823.7398681640625 806.0509033203125 789.0697021484375 782.49102783203125 782.61541748046875 779.15203857421875 764.12274169921875 750.837890625 745.44818115234375 739.5208740234375 733.73468017578125 727.6591796875 721.14697265625 714.2784423828125 709.28741455078125 703.71832275390625 697.08599853515625 693.1988525390625 689.847412109375 685.85845947265625 683.27777099609375 681.6826171875 682.99810791015625 683.18206787109375 682.590576171875 678.4188232421875 674.1087646484375 667.412353515625 660.116455078125 655.4168701171875 647.6029052734375 636.8358154296875 627.026611328125 619.33978271484375 610.92718505859375 595.270263671875 578.3819580078125 560.35455322265625 540.971923828125 522.835205078125 506.87890625 491.7374267578125 477.4827880859375 462.385467529296875 440.556365966796875 412.120208740234375 381.356719970703125 403.340545654296875 470.225433349609375
820.9473876953125 853.9049072265625 887.52154541015625 887.0794677734375 853.2086181640625 822.968505859375 802.93438720703125 786.0699462890625 778.84539794921875 778.98846435546875 777.345458984375 762.36810302734375 747.1053466796875 740.41998291015625 734.43206787109375 728.75970458984375 722.345458984375 714.3232421875 706.640869140625 701.15252685546875 695.52685546875 690.39788818359375 688.33251953125 686.0257568359375 682.12042236328125 678.09478759765625 675.8250732421875 677.2327880859375 676.82830810546875 676.36749267578125 672.8128662109375 668.8321533203125 661.706298828125 654.6119384765625 651.1005859375 643.7659912109375 633.765380859375 624.0435791015625 615.05902099609375 605.786376953125 592.0086669921875 577.9013671875 562.4044189453125 543.90850830078125 524.0357666015625 504.472320556640625 485.32012939453125 469.69293212890625 454.60101318359375 434.31011962890625 405.8681640625 374.902557373046875 403.36370849609375 494.501068115234375
812.40753173828125 838.49139404296875 866.27154541015625 867.779296875 840.08734130859375 814.70074462890625 796.91217041015625 781.17138671875 773.96405029296875 774.732421875 775.0296630859375 759.77093505859375 742.90966796875 734.60986328125 728.47467041015625 721.95843505859375 714.98931884765625 706.005859375 697.53802490234375 691.37255859375 685.9490966796875 682.267578125 681.87109375 680.76898193359375 678.8502197265625 675.55712890625 673.06475830078125 672.55010986328125 670.4384765625 669.836669921875 665.96063232421875 662.08282470703125 654.32763671875 647.0130615234375 643.61810302734375 637.081787109375 628.7109375 619.75921630859375 609.85833740234375 600.161865234375 588.0625 575.9892578125 561.55322265625 543.82330322265625 524.44366455078125 505.01116943359375 483.78509521484375 464.8233642578125 446.468475341796875 426.69873046875 400.180877685546875 369.87152099609375 384.92047119140625 486.398956298828125
798.21453857421875 814.11212158203125 829.63543701171875 832.06597900390625 820.32879638671875 805.39300537109375 790.98187255859375 773.3125 764.9356689453125 768.34051513671875 771.819580078125 757.42510986328125 739.79986572265625 730.76837158203125 724.71484375 716.7366943359375 708.68914794921875 699.36083984375 690.05914306640625 682.35186767578125 676.0277099609375 673.78619384765625 676.19378662109375 676.6751708984375 677.0599365234375 675.386474609375 673.2568359375 671.68621826171875 668.37896728515625 666.88818359375 662.6044921875 658.22430419921875 648.98779296875 640.98486328125 636.98980712890625 631.0870361328125 623.64459228515625 615.0931396484375 606.08233642578125 597.4599609375 586.2481689453125 574.39862060546875 560.1033935546875 542.31402587890625 523.083984375 504.071533203125 483.366607666015625 463.069488525390625 442.76129150390625 421.25115966796875 396.54620361328125 369.18524169921875 363.131317138671875 445.60174560546875
784.47515869140625 795.0384521484375 806.28076171875 811.1943359375 807.16082763671875 797.520263671875 783.70501708984375 764.79913330078125 755.49609375 760.72845458984375 767.93017578125 757.05645751953125 739.92803955078125 730.27154541015625 722.55902099609375 711.8897705078125 702.3551025390625 693.49530029296875 684.483154296875 676.4744873046875 669.52325439453125 666.95263671875 669.20916748046875 669.65234375 670.64111328125 670.04974365234375 667.89324951171875 665.89447021484375 662.187744140625 659.8779296875 656.20721435546875 652.8905029296875 644.4534912109375 637.19610595703125 633.185302734375 627.59722900390625 620.716064453125 612.33721923828125 603.6571044921875 595.48370361328125 584.4422607421875 571.11590576171875 556.39862060546875 538.63385009765625 519.6409912109375 500.602386474609375 481.20892333984375 461.195159912109375 440.79071044921875 418.039398193359375 392.793853759765625 365.33319091796875 341.45941162109375 387.696197509765625
773.96917724609375 782.41302490234375 793.9144287109375 802.02825927734375 801.7408447265625 794.00244140625 780.939697265625 764.99688720703125 755.30181884765625 757.75537109375 765.28277587890625 757.87286376953125 741.996826171875 731.413818359375 721.6102294921875 709.20660400390625 698.44573974609375 689.54241943359375 680.7774658203125 673.0574951171875 666.62371826171875 663.10791015625 662.83477783203125 662.491455078125 663.802978515625 664.80877685546875 663.291015625 660.6158447265625 656.35809326171875 652.96978759765625 649.5341796875 647.4683837890625 641.380126953125 634.92950439453125 630.75433349609375 625.0919189453125 618.57550048828125 610.49041748046875 601.23187255859375 591.59967041015625 578.2698974609375 562.828857421875 547.29766845703125 531.07952880859375 513.96820068359375 496.144744873046875 478.111907958984375 458.8631591796875 438.370361328125 415.26104736328125 388.08441162109375 358.2193603515625 325.73638916015625 336.424041748046875
768.29541015625 774.68377685546875 786.9888916015625 797.5322265625 799.281982421875 793.3565673828125 783.547119140625 773.75640869140625 765.2109375 762.14617919921875 765.29833984375 758.6597900390625 744.9007568359375 734.08697509765625 723.6998291015625 711.77777099609375 701.03973388671875 691.00030517578125 680.29522705078125 670.03338623046875 662.32598876953125 657.8924560546875 655.3214111328125 655.16131591796875 657.82818603515625 661.4976806640625 661.65478515625 657.2935791015625 651.92181396484375 648.173828125 644.60101318359375 641.92095947265625 636.7841796875 630.84246826171875 627.80865478515625 622.59234619140625 615.94024658203125 607.7108154296875 597.5245361328125 585.39532470703125 569.163330078125 552.39678955078125 535.63604736328125 521.975341796875 509.0855712890625 493.719512939453125 476.845245361328125 458.600677490234375 439.15960693359375 417.002532958984375 389.091156005859375 355.878692626953125 320.17608642578125 303.920013427734375
