data/TNO-HT-ATES/HT-ATES_NLFFS/TG421_NLDOBR__temperature_ATES.asc
ncols        266
nrows        269
xllcorner    11500.000000000000
yllcorner    355500.000000000000
cellsize     1000.000000000000
NODATA_value  -999999
[rows 184 to 206 of 269, columns 52 to 103 of 266]
34.083160400390625 33.92086029052734375 33.749004364013671875 33.333606719970703125 32.497318267822265625 31.554933547973632812 30.690324783325195312 30.318256378173828125 30.360227584838867188 30.311197280883789062 29.9253997802734375 29.36882781982421875 28.800447463989257812 28.935857772827148438 29.253572463989257812 29.086643218994140625 28.203668594360351562 27.041706085205078125 26.674486160278320312 26.572809219360351562 26.349803924560546875 26.243345260620117188 25.859746932983398438 25.420511245727539062 24.708681106567382812 23.7444000244140625 -999999 -999999 -999999 22.169095993041992188 22.935123443603515625 22.668376922607421875 -999999 -999999 -999999 -999999 -999999 -999999 -999999 -999999 -999999 -999999 -999999 -999999 -999999 -999999 -999999 -999999 -999999 -999999 -999999 -999999
34.451137542724609375 34.094768524169921875 34.223461151123046875 34.12807464599609375 33.515903472900390625 32.37386322021484375 31.74207305908203125 30.976795196533203125 30.7413330078125 30.795221328735351562 30.599073410034179688 30.116306304931640625 29.519197463989257812 29.365903854370117188 29.60411834716796875 29.900850296020507812 30.052804946899414062 29.056140899658203125 28.18529510498046875 27.3964080810546875 27.00090789794921875 27.123113632202148438 26.814365386962890625 26.326078414916992188 25.693098068237304688 24.924669265747070312 24.881093978881835938 25.802570343017578125 24.568552017211914062 23.151071548461914062 22.642389297485351562 23.20822906494140625 23.167940139770507812 23.510974884033203125 -999999 -999999 -999999 -999999 -999999 -999999 -999999 -999999 -999999 -999999 -999999 -999999 -999999 -999999 -999999 -999999 -999999 -999999
34.8346099853515625 34.53113555908203125 34.426761627197265625 34.395420074462890625 34.116199493408203125 33.120433807373046875 32.30895233154296875 31.882822036743164062 31.3309173583984375 31.219545364379882812 31.220827102661132812 30.99132537841796875 30.539407730102539062 30.060091018676757812 30.092731475830078125 30.192163467407226562 30.463748931884765625 30.94698333740234375 30.052585601806640625 28.835887908935546875 28.111248016357421875 28.05895233154296875 27.905933380126953125 27.364164352416992188 26.31702423095703125 26.348236083984375 25.671520233154296875 25.584367752075195312 25.336894989013671875 24.504987716674804688 23.318307876586914062 23.27841949462890625 23.414829254150390625 24.04372406005859375 24.008832931518554688 23.9604644775390625 -999999 -999999 -999999 -999999 -999999 -999999 -999999 -999999 -999999 -999999 -999999 -999999 -999999 -999999 -999999 -999999
35.33361053466796875 35.18662261962890625 34.68489837646484375 34.711444854736328125 34.382823944091796875 33.831302642822265625 32.825275421142578125 32.38408660888671875 32.168025970458984375 31.690654754638671875 31.584959030151367188 31.483371734619140625 31.324373245239257812 30.966053009033203125 30.48337554931640625 30.831541061401367188 31.321691513061523438 31.225076675415039062 31.410869598388671875 30.370317459106445312 28.865184783935546875 28.980340957641601562 28.704881668090820312 28.173326492309570312 27.666942596435546875 27.206409454345703125 26.542570114135742188 26.164989471435546875 26.078142166137695312 25.008432388305664062 23.882289886474609375 23.423051834106445312 24.172189712524414062 23.78830718994140625 24.135046005249023438 24.094173431396484375 -999999 -999999 -999999 -999999 -999999 -999999 -999999 -999999 -999999 -999999 -999999 -999999 -999999 -999999 -999999 -999999
35.6147003173828125 35.50402069091796875 35.67432403564453125 35.00048065185546875 34.83710479736328125 34.64629364013671875 33.628231048583984375 32.8020172119140625 32.48949432373046875 32.292873382568359375 32.043231964111328125 31.9253082275390625 31.717615127563476562 31.630784988403320312 31.5590362548828125 31.428342819213867188 31.679805755615234375 31.921665191650390625 31.79407501220703125 31.757038116455078125 30.691808700561523438 29.806516647338867188 29.434022903442382812 28.986467361450195312 28.868124008178710938 28.270917892456054688 27.257894515991210938 26.981893539428710938 26.84539794921875 27.118947982788085938 25.05844879150390625 23.2567138671875 23.789796829223632812 23.364336013793945312 23.174320220947265625 23.591047286987304688 -999999 -999999 -999999 -999999 -999999 -999999 -999999 -999999 -999999 -999999 -999999 -999999 -999999 -999999 -999999 -999999
36.001712799072265625 35.93056488037109375 35.89096832275390625 35.728733062744140625 35.156574249267578125 35.202426910400390625 34.43337249755859375 33.4629058837890625 32.631130218505859375 32.5724029541015625 32.667522430419921875 32.47179412841796875 32.20697021484375 32.0416412353515625 31.855953216552734375 32.15964508056640625 32.350063323974609375 32.61418914794921875 32.89318084716796875 32.326580047607421875 32.49069976806640625 31.2609405517578125 29.972173690795898438 29.954256057739257812 29.136888504028320312 29.088571548461914062 28.405267715454101562 27.255397796630859375 27.729074478149414062 27.212381362915039062 26.348913192749023438 24.564313888549804688 22.985536575317382812 22.864164352416992188 23.479116439819335938 23.26943206787109375 -999999 -999999 -999999 -999999 -999999 -999999 -999999 -999999 -999999 -999999 -999999 -999999 -999999 -999999 -999999 -999999
36.57932281494140625 36.348438262939453125 36.481853485107421875 36.2789154052734375 36.546375274658203125 35.63433837890625 35.027606964111328125 34.1343231201171875 33.337238311767578125 33.119602203369140625 33.261005401611328125 33.264373779296875 32.725921630859375 32.5719451904296875 32.477878570556640625 32.2317047119140625 32.800525665283203125 33.298980712890625 33.610675811767578125 33.36771392822265625 32.606975555419921875 32.87017059326171875 30.803293228149414062 30.268850326538085938 29.527574539184570312 29.614887237548828125 29.61452484130859375 27.859045028686523438 28.097990036010742188 27.37066650390625 26.9696197509765625 26.058862686157226562 24.209451675415039062 23.568206787109375 23.4825897216796875 23.335391998291015625 -999999 -999999 -999999 -999999 -999999 -999999 -999999 -999999 -999999 -999999 -999999 -999999 -999999 -999999 -999999 -999999
36.997364044189453125 36.90738677978515625 37.023105621337890625 36.94736480712890625 37.056156158447265625 36.631313323974609375 36.579822540283203125 35.077732086181640625 34.358585357666015625 34.005138397216796875 33.922115325927734375 33.983600616455078125 33.71868133544921875 33.166889190673828125 33.266635894775390625 33.105915069580078125 33.11013031005859375 33.343608856201171875 33.944210052490234375 34.076416015625 33.701267242431640625 33.530750274658203125 32.010387420654296875 31.024929046630859375 30.561611175537109375 30.409299850463867188 30.573213577270507812 29.39463043212890625 28.392185211181640625 27.90856170654296875 27.92061614990234375 26.995000839233398438 26.645208358764648438 25.8907623291015625 24.68058013916015625 24.205362319946289062 24.048978805541992188 23.946763992309570312 24.526556015014648438 24.946910858154296875 25.091714859008789062 -999999 26.3573455810546875 26.64287567138671875 27.932870864868164062 -999999 -999999 -999999 -999999 -999999 -999999 -999999
37.204925537109375 37.317729949951171875 36.961505889892578125 37.1455841064453125 37.3211517333984375 37.131134033203125 37.132598876953125 36.21869659423828125 35.89273834228515625 35.412685394287109375 35.098308563232421875 35.017032623291015625 34.943538665771484375 34.35042572021484375 34.55844879150390625 33.96976470947265625 33.797252655029296875 34.001621246337890625 34.319133758544921875 34.516750335693359375 34.635433197021484375 34.005435943603515625 33.189800262451171875 32.44252777099609375 31.660547256469726562 30.538181304931640625 30.369632720947265625 29.819051742553710938 29.647245407104492188 28.948930740356445312 28.733724594116210938 28.141542434692382812 28.335628509521484375 27.683349609375 26.944074630737304688 26.074380874633789062 26.377536773681640625 26.247800827026367188 25.92429351806640625 25.995801925659179688 26.198686599731445312 26.201269149780273438 26.27712249755859375 27.291812896728515625 27.49151611328125 28.21825408935546875 29.89496612548828125 -999999 -999999 -999999 -999999 -999999
37.506496429443359375 37.364475250244140625 37.566371917724609375 37.3499755859375 37.4470062255859375 37.454498291015625 37.392688751220703125 36.931995391845703125 36.9977874755859375 37.034587860107421875 36.40448760986328125 36.21588134765625 36.1123199462890625 35.700775146484375 35.264118194580078125 35.017749786376953125 35.01952362060546875 35.2803497314453125 35.184139251708984375 34.99394989013671875 34.9086761474609375 34.717639923095703125 34.149921417236328125 33.1656646728515625 32.73392486572265625 31.64214324951171875 31.250730514526367188 31.247980117797851562 30.78745269775390625 30.471923828125 30.208574295043945312 30.030450820922851562 29.620950698852539062 29.027431488037109375 28.93787384033203125 28.238138198852539062 27.881807327270507812 27.754598617553710938 26.94377899169921875 27.315603256225585938 27.13105010986328125 27.309162139892578125 27.091699600219726562 28.24542236328125 29.062040328979492188 28.563009262084960938 29.165060043334960938 -999999 -999999 -999999 -999999 -999999
37.308895111083984375 37.91634368896484375 37.712284088134765625 37.94696807861328125 37.7733306884765625 37.72937774658203125 37.882045745849609375 37.72525787353515625 38.035320281982421875 38.08550262451171875 37.560161590576171875 37.3500213623046875 37.092639923095703125 36.79633331298828125 36.2506256103515625 35.813201904296875 35.70381927490234375 35.513446807861328125 35.748645782470703125 35.53626251220703125 35.09421539306640625 35.115978240966796875 34.36228179931640625 33.594936370849609375 33.044147491455078125 32.657016754150390625 32.719455718994140625 32.095184326171875 31.674098968505859375 31.753503799438476562 31.40175628662109375 31.147489547729492188 30.659330368041992188 30.331584930419921875 30.455980300903320312 29.989482879638671875 29.676544189453125 28.76263427734375 28.524103164672851562 28.323957443237304688 28.074604034423828125 28.185129165649414062 28.006940841674804688 27.367319107055664062 29.238405227661132812 29.694890975952148438 29.198537826538085938 30.111400604248046875 31.386484146118164062 31.473560333251953125 31.520402908325195312 -999999
38.0991668701171875 37.8777923583984375 38.206695556640625 38.216960906982421875 37.924774169921875 37.978565216064453125 37.97235107421875 38.08835601806640625 38.288814544677734375 38.710514068603515625 38.506206512451171875 38.436054229736328125 37.64898681640625 37.461093902587890625 37.071262359619140625 36.734996795654296875 36.589130401611328125 36.69609832763671875 36.28018951416015625 35.91558837890625 35.595073699951171875 35.27660369873046875 34.829143524169921875 34.441753387451171875 33.864093780517578125 33.626796722412109375 33.26988983154296875 32.921344757080078125 32.67496490478515625 32.28326416015625 31.8280792236328125 31.844341278076171875 31.539781570434570312 31.539821624755859375 31.089933395385742188 30.729139328002929688 30.814661026000976562 30.375112533569335938 29.853273391723632812 29.677137374877929688 29.474168777465820312 28.946767807006835938 28.814081192016601562 27.494226455688476562 27.586843490600585938 28.395421981811523438 29.572509765625 29.353363037109375 30.924215316772460938 32.398326873779296875 32.188568115234375 31.3428955078125
38.32616424560546875 38.4040069580078125 38.74166107177734375 38.767307281494140625 38.34905242919921875 38.283954620361328125 38.46631622314453125 38.446941375732421875 38.738536834716796875 38.791294097900390625 38.730487823486328125 38.813159942626953125 38.66761016845703125 37.883514404296875 37.657135009765625 37.718944549560546875 37.36724090576171875 37.194469451904296875 36.76541900634765625 36.49996185302734375 36.007450103759765625 35.7132720947265625 35.5289459228515625 35.255046844482421875 34.57956695556640625 34.51784515380859375 33.873569488525390625 33.5920257568359375 33.474639892578125 33.038890838623046875 32.698925018310546875 32.66092681884765625 32.35906982421875 32.544769287109375 32.1426239013671875 31.946149826049804688 31.617856979370117188 31.36016845703125 31.22093963623046875 30.829120635986328125 30.55457305908203125 30.048381805419921875 29.539432525634765625 28.808504104614257812 28.47959136962890625 27.654109954833984375 28.032642364501953125 29.433496475219726562 29.838342666625976562 32.67227935791015625 33.006977081298828125 31.938680648803710938
38.9108428955078125 39.55396270751953125 39.32996368408203125 39.249790191650390625 38.79940032958984375 38.399822235107421875 38.600177764892578125 38.34195709228515625 38.603771209716796875 38.520885467529296875 38.756439208984375 39.203029632568359375 39.29154205322265625 38.630771636962890625 38.033893585205078125 38.198558807373046875 37.890216827392578125 37.375911712646484375 37.239933013916015625 36.9629364013671875 36.187816619873046875 36.36817169189453125 36.345859527587890625 35.904666900634765625 35.186183929443359375 34.714336395263671875 34.317905426025390625 34.216075897216796875 34.043918609619140625 33.915042877197265625 33.752330780029296875 33.510761260986328125 33.298740386962890625 33.3889007568359375 33.143459320068359375 33.123371124267578125 32.672496795654296875 32.550685882568359375 32.3106842041015625 32.05176544189453125 31.75800323486328125 31.413999557495117188 30.55841064453125 30.341928482055664062 30.720611572265625 30.307703018188476562 29.124004364013671875 28.865192413330078125 29.5708465576171875 31.863199234008789062 33.45172119140625 32.6251220703125
39.129886627197265625 39.3777923583984375 39.216533660888671875 39.095958709716796875 38.888225555419921875 38.552997589111328125 38.329006195068359375 38.452167510986328125 38.26845550537109375 38.075054168701171875 38.823673248291015625 39.338520050048828125 39.24382781982421875 38.758937835693359375 38.32010650634765625 38.213909149169921875 38.2863616943359375 38.2857818603515625 37.939357757568359375 37.304965972900390625 37.3334503173828125 37.030223846435546875 36.614879608154296875 36.22579193115234375 35.428958892822265625 35.12813568115234375 34.8116607666015625 34.766506195068359375 34.97332763671875 34.626049041748046875 34.52386474609375 34.53987884521484375 34.507991790771484375 34.306949615478515625 34.04717254638671875 33.832515716552734375 33.80876922607421875 33.723850250244140625 33.20587921142578125 32.880916595458984375 32.750049591064453125 32.41204071044921875 31.802822113037109375 30.818578720092773438 31.074728012084960938 31.39417266845703125 30.75475311279296875 30.396440505981445312 29.917697906494140625 31.080270767211914062 31.005107879638671875 32.32628631591796875
39.049224853515625 38.986965179443359375 38.93524932861328125 38.823642730712890625 38.707195281982421875 38.603008270263671875 38.472850799560546875 38.38578033447265625 38.172924041748046875 38.313694000244140625 39.363048553466796875 39.599857330322265625 39.129314422607421875 38.354824066162109375 38.1179351806640625 38.274993896484375 38.4355010986328125 38.69545745849609375 38.672176361083984375 38.457645416259765625 38.64575958251953125 38.914180755615234375 38.36309814453125 37.128406524658203125 36.16590118408203125 35.608585357666015625 35.26446533203125 35.556262969970703125 35.4339599609375 35.378017425537109375 35.155975341796875 35.2720184326171875 35.011196136474609375 34.833477020263671875 34.926860809326171875 34.99684906005859375 35.0970458984375 34.576908111572265625 33.97489166259765625 33.80040740966796875 33.344913482666015625 32.85736083984375 32.38365936279296875 31.764471054077148438 31.333965301513671875 30.80142974853515625 30.469072341918945312 31.158693313598632812 31.638692855834960938 31.899053573608398438 31.667934417724609375 31.658906936645507812
38.822113037109375 38.809612274169921875 38.82135009765625 38.7884979248046875 38.7690887451171875 38.80373382568359375 38.81678009033203125 38.727397918701171875 38.71732330322265625 39.04862213134765625 39.86646270751953125 39.660724639892578125 38.69899749755859375 38.3281402587890625 38.378520965576171875 38.477752685546875 38.339862823486328125 38.7108001708984375 39.113033294677734375 39.22408294677734375 39.498706817626953125 39.60394287109375 38.88848114013671875 37.70687103271484375 36.96440887451171875 36.48563385009765625 35.886753082275390625 35.789241790771484375 35.72490692138671875 35.684978485107421875 35.531810760498046875 35.377994537353515625 35.328975677490234375 35.42960357666015625 35.5184173583984375 35.81805419921875 35.549861907958984375 35.600982666015625 35.1266632080078125 34.38571929931640625 33.87689971923828125 33.41390228271484375 32.81522369384765625 32.607089996337890625 32.05979156494140625 31.422269821166992188 30.789125442504882812 30.542581558227539062 30.992746353149414062 31.672210693359375 31.822443008422851562 31.594120025634765625
37.95015716552734375 38.634983062744140625 38.738857269287109375 38.74634552001953125 39.20877838134765625 39.3151092529296875 39.288516998291015625 39.16118621826171875 39.223781585693359375 39.36981964111328125 39.331707000732421875 38.768695831298828125 38.2662353515625 38.344226837158203125 38.535373687744140625 38.506076812744140625 38.03714752197265625 39.10875701904296875 39.534610748291015625 39.6681671142578125 39.94280242919921875 39.903656005859375 39.17214202880859375 38.54013824462890625 37.8329925537109375 37.13047027587890625 36.78620147705078125 36.218852996826171875 36.1815185546875 36.0285186767578125 35.643768310546875 36.122638702392578125 35.917453765869140625 35.734142303466796875 35.81024932861328125 36.29388427734375 36.18289947509765625 35.952701568603515625 35.652423858642578125 35.200836181640625 34.58354949951171875 33.936344146728515625 33.342967987060546875 32.855541229248046875 32.706050872802734375 32.3406219482421875 32.008968353271484375 31.717447280883789062 31.244770050048828125 31.870635986328125 32.43811798095703125 32.050632476806640625
37.29799652099609375 38.083591461181640625 38.48448944091796875 38.564601898193359375 39.178516387939453125 39.559993743896484375 39.464031219482421875 39.24440765380859375 39.42615509033203125 39.467723846435546875 39.03281402587890625 38.588359832763671875 38.389255523681640625 38.5152130126953125 38.40331268310546875 38.111476898193359375 38.45855712890625 39.305816650390625 39.68798828125 39.536373138427734375 39.98049163818359375 40.00249481201171875 39.507137298583984375 38.971492767333984375 38.239398956298828125 37.584850311279296875 37.05348968505859375 36.456695556640625 36.502666473388671875 36.451206207275390625 36.674869537353515625 36.67018890380859375 36.605625152587890625 36.49501800537109375 36.56548309326171875 36.634037017822265625 36.504283905029296875 36.393890380859375 36.080829620361328125 35.4099578857421875 34.842998504638671875 34.41071319580078125 34.025508880615234375 33.60935211181640625 33.30551910400390625 33.22779083251953125 33.030445098876953125 32.5744476318359375 32.129383087158203125 33.514835357666015625 34.099788665771484375 33.45662689208984375
37.23822021484375 37.70384979248046875 38.418048858642578125 38.856075286865234375 39.131855010986328125 39.30112457275390625 39.341785430908203125 39.07178497314453125 39.398326873779296875 39.5252685546875 38.959808349609375 38.66214752197265625 38.533168792724609375 38.369480133056640625 38.161769866943359375 38.1559600830078125 38.584491729736328125 39.024150848388671875 39.680751800537109375 39.558319091796875 39.89971923828125 39.69586944580078125 39.79217529296875 39.044483184814453125 38.68935394287109375 37.835895538330078125 37.170238494873046875 36.842212677001953125 36.720905303955078125 36.769512176513671875 36.882640838623046875 36.968433380126953125 37.050930023193359375 36.874088287353515625 36.913417816162109375 36.91890716552734375 36.88185882568359375 36.671482086181640625 36.54730224609375 35.672939300537109375 35.24687957763671875 34.9744110107421875 34.769535064697265625 34.651416778564453125 34.16464996337890625 34.003467559814453125 33.767948150634765625 33.587047576904296875 32.8432159423828125 33.900421142578125 35.743984222412109375 35.090518951416015625
37.5588226318359375 37.750713348388671875 38.529079437255859375 38.7076873779296875 38.7473602294921875 38.595821380615234375 38.468158721923828125 38.8955841064453125 39.147022247314453125 39.36803436279296875 38.709095001220703125 38.50858306884765625 38.446285247802734375 38.26486968994140625 37.874118804931640625 38.1428070068359375 38.771083831787109375 39.1742401123046875 39.157993316650390625 40.0987396240234375 40.058162689208984375 40.08251953125 39.534870147705078125 39.166656494140625 38.7855377197265625 37.942081451416015625 37.16396331787109375 36.909763336181640625 36.994655609130859375 36.8434906005859375 36.9999847412109375 37.142787933349609375 37.22476959228515625 37.203582763671875 37.09343719482421875 37.035114288330078125 37.20488739013671875 37.304019927978515625 37.21202850341796875 36.215911865234375 35.715320587158203125 35.47370147705078125 35.013946533203125 35.196941375732421875 35.284465789794921875 34.800258636474609375 34.5900726318359375 34.42034912109375 33.91207122802734375 33.593379974365234375 36.263202667236328125 35.51123809814453125
37.99742889404296875 38.102085113525390625 38.300048828125 38.385040283203125 38.273960113525390625 38.183429718017578125 38.40155029296875 39.164714813232421875 39.115497589111328125 39.319187164306640625 38.46753692626953125 38.62862396240234375 38.6331939697265625 38.55471038818359375 38.505840301513671875 38.772945404052734375 39.20807647705078125 39.203449249267578125 39.310611724853515625 39.83737945556640625 40.288715362548828125 41.3114166259765625 40.5918121337890625 39.57598114013671875 38.774234771728515625 38.40648651123046875 37.4366302490234375 37.13716888427734375 37.003452301025390625 37.046142578125 37.10526275634765625 37.385776519775390625 37.461078643798828125 37.26790618896484375 37.1812591552734375 37.29065704345703125 37.39421844482421875 37.50301361083984375 37.765216827392578125 37.376468658447265625 36.421581268310546875 35.863391876220703125 35.8048553466796875 35.62752532958984375 35.91223907470703125 35.560001373291015625 35.43665313720703125 35.277667999267578125 34.73016357421875 34.334941864013671875 35.8120269775390625 36.809375762939453125
37.78564453125 38.015045166015625 38.16522979736328125 38.20409393310546875 38.015777587890625 37.98247528076171875 38.383266448974609375 38.972057342529296875 39.0148468017578125 38.658855438232421875 38.639377593994140625 39.166027069091796875 39.05425262451171875 39.08135223388671875 39.31756591796875 39.422756195068359375 39.34922027587890625 39.28084564208984375 39.471645355224609375 39.73854827880859375 40.5761566162109375 41.5187530517578125 40.50284576416015625 39.9992523193359375 38.987842559814453125 38.665508270263671875 37.92292022705078125 37.47876739501953125 36.9783935546875 36.907321929931640625 37.06098175048828125 37.242214202880859375 37.285572052001953125 37.055828094482421875 37.20532989501953125 37.379459381103515625 37.495388031005859375 37.675327301025390625 37.972446441650390625 38.136272430419921875 37.843341827392578125 37.045795440673828125 36.71381378173828125 36.466033935546875 36.508823394775390625 36.650299072265625 36.30438232421875 35.766292572021484375 35.4933624267578125 35.12583160400390625 34.0433502197265625 36.5054779052734375
