data/TNO-HT-ATES/HT-ATES_NLFFS/TG422_NLDOBR__top_depth_ATES.asc
ncols        266
nrows        269
xllcorner    11500.000000000000
yllcorner    355500.000000000000
cellsize     1000.000000000000
NODATA_value  -999999
[rows 168 to 191 of 269, columns 162 to 215 of 266]
-999999 -999999 -999999 -999999 -999999 -999999 -999999 -999999 993.6639404296875 993.835693359375 992.1190185546875 989.303466796875 985.43133544921875 980.65557861328125 974.60308837890625 964.75543212890625 951.87109375 936.41302490234375 917.50885009765625 897.70361328125 881.0279541015625 870.3369140625 863.38214111328125 857.16961669921875 853.42572021484375 850.2647705078125 845.3548583984375 835.12713623046875 816.31060791015625 794.112548828125 773.43585205078125 753.45635986328125 733.58453369140625 713.9130859375 694.35009765625 677.4365234375 664.96197509765625 652.4345703125 636.10491943359375 622.90899658203125 611.42913818359375 593.16473388671875 564.2176513671875 530.643798828125 488.230194091796875 442.59246826171875 418.01275634765625 417.0968017578125 414.413238525390625 401.91143798828125 389.689239501953125 379.992431640625 370.2564697265625 356.39801025390625
-999999 -999999 -999999 -999999 -999999 -999999 -999999 -999999 989.597412109375 990.423583984375 988.897216796875 985.34320068359375 979.72283935546875 972.2010498046875 963.1253662109375 953.23370361328125 941.81365966796875 926.54681396484375 907.79345703125 889.156005859375 871.87689208984375 858.383544921875 850.14959716796875 845.1165771484375 842.4964599609375 840.44482421875 836.46142578125 827.395263671875 810.7607421875 791.30999755859375 771.6624755859375 750.5791015625 729.34417724609375 708.8282470703125 689.50006103515625 677.399658203125 668.71551513671875 653.67156982421875 628.9892578125 605.97991943359375 589.12445068359375 573.145263671875 555.33197021484375 532.74468994140625 499.222686767578125 460.83929443359375 430.94873046875 419.66107177734375 416.43756103515625 405.41314697265625 389.2999267578125 376.038909912109375 362.8505859375 348.23272705078125
-999999 -999999 -999999 -999999 -999999 -999999 -999999 -999999 984.20947265625 985.55633544921875 984.36712646484375 980.51885986328125 973.689453125 964.236572265625 953.63037109375 943.8477783203125 933.6324462890625 919.71044921875 901.429931640625 882.78070068359375 866.04498291015625 851.958984375 841.43829345703125 835.24041748046875 832.1435546875 829.7398681640625 825.337158203125 817.04302978515625 803.6873779296875 788.642333984375 770.81646728515625 748.31048583984375 725.11737060546875 704.072509765625 687.26806640625 677.41302490234375 664.2613525390625 642.2918701171875 615.93255615234375 592.19061279296875 573.63299560546875 559.18536376953125 548.5064697265625 535.24017333984375 511.53179931640625 480.459625244140625 449.30615234375 431.1015625 424.843048095703125 411.197845458984375 390.986053466796875 371.809112548828125 354.982666015625 340.820770263671875
-999999 -999999 -999999 -999999 -999999 -999999 -999999 -999999 977.157958984375 979.20953369140625 978.81890869140625 975.46142578125 968.36639404296875 958.15093994140625 947.81982421875 938.9676513671875 929.97967529296875 918.227294921875 902.0906982421875 883.25482177734375 865.0673828125 849.1973876953125 836.35748291015625 828.04986572265625 823.48638916015625 820.033203125 814.74285888671875 806.12127685546875 794.7789306640625 784.18670654296875 769.0347900390625 745.7843017578125 722.63616943359375 703.16986083984375 686.94989013671875 672.373291015625 651.4345703125 626.0721435546875 602.50250244140625 582.570068359375 565.68438720703125 552.14727783203125 542.01141357421875 530.2418212890625 510.979248046875 484.875640869140625 459.9952392578125 442.442718505859375 431.63616943359375 413.888946533203125 392.177276611328125 367.224609375 348.159271240234375 338.480010986328125
-999999 -999999 -999999 -999999 -999999 -999999 -999999 -999999 968.0721435546875 971.04638671875 972.02001953125 970.13006591796875 963.61273193359375 952.69415283203125 941.0777587890625 932.83148193359375 926.68865966796875 919.0477294921875 906.90606689453125 888.4290771484375 866.4288330078125 847.16033935546875 832.346923828125 822.3599853515625 816.52789306640625 812.378173828125 806.3338623046875 796.14605712890625 783.205810546875 773.7327880859375 762.44232177734375 741.56097412109375 720.619384765625 702.50738525390625 684.21173095703125 664.32244873046875 641.966064453125 619.95977783203125 598.73101806640625 580.699951171875 564.885986328125 549.73089599609375 536.16802978515625 524.54058837890625 512.19873046875 491.9879150390625 467.4979248046875 447.856689453125 432.504241943359375 412.698150634765625 389.705169677734375 367.688720703125 351.22613525390625 340.621551513671875
-999999 -999999 -999999 -999999 -999999 -999999 -999999 -999999 956.77239990234375 960.73150634765625 963.51495361328125 964.2205810546875 959.53271484375 948.32666015625 935.69281005859375 928.58270263671875 923.545654296875 916.287353515625 903.34173583984375 884.7371826171875 861.46685791015625 842.34942626953125 827.6832275390625 817.47967529296875 811.4522705078125 807.96380615234375 802.960693359375 793.95355224609375 779.9332275390625 767.17578125 757.33563232421875 741.456787109375 720.01531982421875 698.9237060546875 678.94085693359375 659.89825439453125 641.6087646484375 621.88079833984375 601.57135009765625 584.61578369140625 567.79913330078125 549.916015625 534.15313720703125 522.1407470703125 514.659423828125 503.7122802734375 479.199798583984375 449.5238037109375 426.30938720703125 405.370330810546875 385.3516845703125 373.295013427734375 359.3328857421875 340.560089111328125
-999999 -999999 -999999 -999999 -999999 -999999 -999999 937.29949951171875 943.8350830078125 949.23077392578125 953.619384765625 957.1539306640625 956.29864501953125 944.54754638671875 929.59490966796875 922.87445068359375 918.2696533203125 910.26617431640625 893.0377197265625 872.9739990234375 851.835693359375 835.75 822.82861328125 813.81597900390625 808.845947265625 806.71160888671875 803.607177734375 797.41546630859375 784.7886962890625 768.0091552734375 754.82525634765625 741.65093994140625 720.94573974609375 697.07208251953125 674.58233642578125 655.08154296875 638.34576416015625 619.6492919921875 600.076171875 583.76165771484375 568.4173583984375 553.4427490234375 538.6173095703125 523.98199462890625 512.329345703125 508.23583984375 490.915557861328125 455.007080078125 423.23492431640625 400.35284423828125 383.297332763671875 374.59942626953125 360.973907470703125 338.765869140625
-999999 -999999 -999999 -999999 -999999 -999999 -999999 919.90057373046875 930.70416259765625 938.8607177734375 943.89959716796875 948.8726806640625 951.55499267578125 939.86614990234375 920.89385986328125 909.751708984375 904.2529296875 894.87054443359375 876.31439208984375 858.56793212890625 843.4161376953125 831.03961181640625 820.38818359375 813.02850341796875 809.00909423828125 806.701171875 803.111328125 796.0196533203125 783.67791748046875 766.708740234375 749.51025390625 733.1500244140625 715.01708984375 694.369140625 672.3094482421875 651.2547607421875 632.34710693359375 614.50634765625 597.2869873046875 581.1422119140625 565.81072998046875 553.792724609375 539.60809326171875 522.8919677734375 506.53009033203125 501.042266845703125 490.77398681640625 460.81256103515625 426.28106689453125 402.513031005859375 385.40484619140625 371.425048828125 354.86480712890625 334.678314208984375
-999999 -999999 -999999 -999999 -999999 -999999 889.59844970703125 904.99310302734375 918.557861328125 927.06805419921875 932.0977783203125 938.850341796875 944.1351318359375 934.3157958984375 914.12030029296875 898.01922607421875 889.001220703125 877.93292236328125 862.83953857421875 -999999 -999999 828.8380126953125 821.602783203125 815.7149658203125 811.26324462890625 806.55474853515625 800.16448974609375 790.6568603515625 777.05377197265625 761.150390625 744.54449462890625 724.34136962890625 704.49554443359375 687.1806640625 671.57769775390625 652.0103759765625 631.328857421875 613.75408935546875 598.73858642578125 582.764892578125 563.25531005859375 545.98577880859375 531.6396484375 516.69403076171875 501.988525390625 492.521392822265625 482.41583251953125 461.936767578125 432.93316650390625 407.8966064453125 387.291412353515625 368.805328369140625 350.3135986328125 331.55108642578125
-999999 -999999 -999999 -999999 -999999 860.95294189453125 872.87286376953125 889.8154296875 904.78619384765625 912.71112060546875 917.50762939453125 925.57769775390625 933.11029052734375 928.20550537109375 912.14569091796875 896.79290771484375 -999999 -999999 -999999 -999999 -999999 -999999 824.8167724609375 819.7889404296875 813.45733642578125 805.42633056640625 795.66424560546875 784.58941650390625 770.18603515625 753.82257080078125 738.71588134765625 719.465576171875 698.66094970703125 682.18109130859375 669.5460205078125 653.2958984375 635.6834716796875 618.93609619140625 602.14898681640625 584.06353759765625 563.48016357421875 543.808349609375 531.27239990234375 517.54364013671875 498.9781494140625 483.97845458984375 474.126708984375 460.978271484375 440.28399658203125 415.036285400390625 390.973358154296875 369.338226318359375 348.731719970703125 329.808441162109375
-999999 -999999 -999999 -999999 -999999 843.7728271484375 856.53411865234375 872.1798095703125 886.44647216796875 895.3763427734375 902.11578369140625 912.01800537109375 -999999 -999999 -999999 -999999 -999999 -999999 -999999 -999999 -999999 -999999 828.08209228515625 822.16571044921875 813.114013671875 802.181396484375 789.97064208984375 777.5169677734375 761.5909423828125 743.7335205078125 727.39306640625 711.23126220703125 694.52801513671875 679.69427490234375 666.58978271484375 650.918212890625 636.6361083984375 620.89239501953125 601.2677001953125 583.20269775390625 570.83148193359375 556.58087158203125 542.557861328125 525.39166259765625 503.600921630859375 484.88494873046875 473.977081298828125 462.277008056640625 448.6162109375 427.444305419921875 399.886505126953125 373.94146728515625 351.299224853515625 -999999
-999999 -999999 -999999 -999999 818.51495361328125 827.6611328125 840.49835205078125 854.385498046875 868.0546875 881.135009765625 -999999 -999999 -999999 -999999 -999999 -999999 -999999 -999999 -999999 -999999 -999999 -999999 829.514404296875 821.4068603515625 809.607421875 796.8294677734375 783.36090087890625 769.96185302734375 753.35369873046875 733.3570556640625 714.86077880859375 700.55474853515625 687.58526611328125 674.89801025390625 660.62994384765625 643.7569580078125 629.5428466796875 614.85357666015625 596.73858642578125 581.65826416015625 574.658203125 562.59375 545.94970703125 530.40533447265625 511.6793212890625 491.96051025390625 476.51776123046875 465.818115234375 461.14190673828125 445.203704833984375 412.049713134765625 -999999 -999999 -999999
-999999 -999999 -999999 -999999 807.19866943359375 813.93115234375 826.2489013671875 841.11761474609375 -999999 -999999 -999999 -999999 -999999 -999999 -999999 -999999 -999999 -999999 -999999 -999999 -999999 -999999 827.951904296875 818.128173828125 804.42205810546875 789.93426513671875 773.995361328125 759.02301025390625 743.70843505859375 724.100830078125 705.36358642578125 692.1236572265625 681.2762451171875 669.55645751953125 654.7535400390625 636.92919921875 621.43621826171875 608.7449951171875 596.15631103515625 584.30889892578125 571.84381103515625 555.64276123046875 540.91278076171875 530.96893310546875 517.35516357421875 497.6668701171875 479.77252197265625 470.68670654296875 -999999 -999999 -999999 -999999 -999999 -999999
-999999 -999999 -999999 -999999 803.99871826171875 806.54669189453125 -999999 -999999 -999999 -999999 -999999 -999999 -999999 -999999 -999999 -999999 -999999 -999999 -999999 -999999 -999999 -999999 823.6910400390625 813.64385986328125 798.7022705078125 781.99224853515625 762.8682861328125 745.34002685546875 731.357177734375 715.6627197265625 699.17108154296875 686.27685546875 676.4114990234375 665.72296142578125 652.2100830078125 634.8992919921875 620.0853271484375 610.47210693359375 600.522705078125 586.57415771484375 566.880615234375 549.761474609375 538.962646484375 529.2601318359375 516.33209228515625 499.13037109375 -999999 -999999 -999999 -999999 -999999 -999999 -999999 -999999
-999999 -999999 -999999 -999999 -999999 -999999 -999999 -999999 -999999 -999999 -999999 -999999 -999999 -999999 -999999 -999999 -999999 -999999 -999999 -999999 -999999 -999999 817.72552490234375 807.35198974609375 791.97576904296875 774.7750244140625 755.166259765625 735.62103271484375 719.57537841796875 705.42657470703125 691.64129638671875 680.6336669921875 672.00238037109375 663.57562255859375 652.8197021484375 638.48175048828125 627.56488037109375 616.350341796875 600.28509521484375 581.1297607421875 560.83905029296875 547.0440673828125 539.40386962890625 529.04241943359375 -999999 -999999 -999999 -999999 -999999 -999999 -999999 -999999 -999999 -999999
-999999 -999999 -999999 -999999 -999999 -999999 -999999 -999999 -999999 -999999 -999999 -999999 -999999 -999999 -999999 -999999 -999999 -999999 -999999 -999999 -999999 -999999 -999999 797.7562255859375 781.90093994140625 767.1124267578125 751.75634765625 732.804931640625 713.744140625 697.92401123046875 684.60760498046875 675.816162109375 669.40081787109375 662.4971923828125 654.0933837890625 644.97296142578125 636.272705078125 617.94805908203125 591.94818115234375 569.45562744140625 553.47442626953125 543.95513916015625 -999999 -999999 -999999 -999999 -999999 -999999 -999999 -999999 -999999 -999999 -999999 -999999
-999999 -999999 -999999 -999999 -999999 -999999 -999999 -999999 -999999 -999999 -999999 -999999 -999999 -999999 -999999 -999999 -999999 -999999 -999999 -999999 -999999 -999999 -999999 -999999 -999999 755.89605712890625 744.73626708984375 730.53558349609375 711.7012939453125 693.28466796875 679.135009765625 672.43426513671875 668.5557861328125 663.08380126953125 655.6693115234375 648.335205078125 637.61358642578125 613.62481689453125 583.981689453125 563.12530517578125 -999999 -999999 -999999 -999999 -999999 -999999 -999999 -999999 -999999 -999999 -999999 -999999 -999999 -999999
-999999 -999999 -999999 -999999 -999999 -999999 -999999 -999999 -999999 -999999 -999999 -999999 -999999 -999999 -999999 -999999 -999999 -999999 -999999 -999999 -999999 -999999 -999999 -999999 -999999 -999999 732.272705078125 722.10546875 707.02197265625 689.61968994140625 676.1109619140625 670.8199462890625 669.58770751953125 666.213623046875 657.07818603515625 645.8798828125 633.3685302734375 613.1512451171875 -999999 -999999 -999999 -999999 -999999 -999999 -999999 -999999 -999999 -999999 -999999 -999999 -999999 -999999 -999999 -999999
-999999 -999999 -999999 -999999 -999999 -999999 -999999 -999999 -999999 -999999 -999999 -999999 -999999 -999999 -999999 -999999 -999999 -999999 -999999 -999999 -999999 -999999 -999999 -999999 -999999 -999999 719.28594970703125 711.50341796875 700.7042236328125 689.006591796875 678.64990234375 673.54473876953125 671.5064697265625 665.89306640625 652.25628662109375 638.262939453125 628.0277099609375 -999999 -999999 -999999 -999999 -999999 -999999 -999999 -999999 -999999 -999999 -999999 -999999 -999999 -999999 -999999 -999999 -999999
-999999 -999999 -999999 -999999 -999999 -999999 -999999 -999999 -999999 -999999 -999999 -999999 -999999 -999999 -999999 -999999 -999999 -999999 -999999 -999999 -999999 -999999 -999999 -999999 -999999 -999999 711.4117431640625 705.282958984375 698.1048583984375 692.09906005859375 685.0455322265625 678.42889404296875 670.90045166015625 660.3909912109375 645.48272705078125 -999999 -999999 -999999 -999999 -999999 -999999 -999999 -999999 -999999 -999999 -999999 -999999 -999999 -999999 -999999 -999999 -999999 -999999 -999999
-999999 -999999 -999999 -999999 -999999 -999999 -999999 -999999 -999999 -999999 -999999 -999999 -999999 -999999 -999999 -999999 -999999 -999999 -999999 -999999 -999999 -999999 -999999 -999999 -999999 -999999 708.283447265625 704.3046875 699.9072265625 696.61529541015625 691.1531982421875 682.39447021484375 670.49346923828125 -999999 -999999 -999999 -999999 -999999 -999999 -999999 -999999 -999999 -999999 -999999 -999999 -999999 -999999 -999999 -999999 -999999 -999999 -999999 -999999 -999999
-999999 -999999 -999999 -999999 -999999 -999999 -999999 -999999 -999999 -999999 -999999 -999999 -999999 -999999 -999999 -999999 -999999 -999999 -999999 -999999 -999999 -999999 -999999 -999999 -999999 -999999 706.54217529296875 705.0653076171875 703.51324462890625 700.30914306640625 694.9373779296875 -999999 -999999 -999999 -999999 -999999 -999999 -999999 -999999 -999999 -999999 -999999 -999999 -999999 -999999 -999999 -999999 -999999 -999999 -999999 -999999 -999999 -999999 -999999
-999999 -999999 -999999 -999999 -999999 -999999 -999999 -999999 -999999 -999999 -999999 -999999 -999999 -999999 -999999 -999999 -999999 -999999 -999999 -999999 -999999 -999999 -999999 -999999 -999999 -999999 701.62982177734375 702.0042724609375 703.39239501953125 701.4853515625 -999999 -999999 -999999 -999999 -999999 -999999 -999999 -999999 -999999 -999999 -999999 -999999 -999999 -999999 -999999 -999999 -999999 -999999 -999999 -999999 -999999 -999999 -999999 -999999
-999999 -999999 -999999 -999999 -999999 -999999 -999999 -999999 -999999 -999999 -999999 -999999 -999999 -999999 -999999 -999999 -999999 -999999 -999999 -999999 -999999 -999999 -999999 -999999 -999999 -999999 -999999 -999999 -999999 -999999 -999999 -999999 -999999 -999999 -999999 -999999 -999999 -999999 -999999 -999999 -999999 -999999 -999999 -999999 -999999 -999999 -999999 -999999 -999999 -999999 -999999 -999999 -999999 -999999
