data/TNO-HT-ATES/HT-ATES_NLFFS/TG421_NLDOBR__temperature_ATES.asc
ncols        266
nrows        269
xllcorner    11500.000000000000
yllcorner    355500.000000000000
cellsize     1000.000000000000
NODATA_value  -999999
[rows 138 to 160 of 269, columns 208 to 259 of 266]
27.950605392456054688 27.380413055419921875 26.579013824462890625 25.747556686401367188 25.23897552490234375 24.9351043701171875 24.729040145874023438 24.606290817260742188 24.483943939208984375 24.179080963134765625 23.667022705078125 23.017864227294921875 22.274286270141601562 21.555728912353515625 20.91413116455078125 20.386888504028320312 19.6729888916015625 18.790012359619140625 18.207370758056640625 17.608860015869140625 16.913770675659179688 16.667467117309570312 16.258417129516601562 15.648899078369140625 14.948312759399414062 14.163814544677734375 13.898153305053710938 13.831784248352050781 13.493844032287597656 13.126666069030761719 12.773077964782714844 12.81140899658203125 14.155835151672363281 16.28624725341796875 16.5394744873046875 14.782449722290039062 12.560702323913574219 10.860489845275878906 -999999 -999999 -999999 -999999 -999999 -999999 -999999 -999999 -999999 -999999 -999999 -999999 -999999 -999999
28.134126663208007812 27.667829513549804688 26.930395126342773438 26.070068359375 25.483652114868164062 25.166965484619140625 24.908853530883789062 24.725767135620117188 24.4784393310546875 24.02892303466796875 23.400987625122070312 22.742948532104492188 22.063701629638671875 21.357084274291992188 20.712024688720703125 20.173883438110351562 19.350099563598632812 18.366527557373046875 17.81841278076171875 17.390275955200195312 16.95188140869140625 16.7330474853515625 16.14879608154296875 15.459258079528808594 15.037985801696777344 14.5141143798828125 14.066619873046875 13.562901496887207031 13.125326156616210938 12.701869964599609375 12.382664680480957031 12.474629402160644531 13.224133491516113281 14.250776290893554688 14.417822837829589844 14.669196128845214844 13.513727188110351562 11.281618118286132812 10.037364006042480469 -999999 -999999 -999999 -999999 -999999 -999999 -999999 -999999 -999999 -999999 -999999 -999999 -999999
27.751268386840820312 27.488645553588867188 27.06356048583984375 26.481853485107421875 26.03276824951171875 25.7034149169921875 25.328182220458984375 24.894689559936523438 24.285823822021484375 23.563747406005859375 22.900152206420898438 22.300350189208984375 21.710760116577148438 21.027296066284179688 20.36077117919921875 19.75861358642578125 18.906589508056640625 17.922666549682617188 17.360187530517578125 16.966978073120117188 16.614349365234375 16.331989288330078125 15.729413986206054688 15.110424041748046875 14.862986564636230469 14.542487144470214844 13.998558998107910156 13.262744903564453125 12.649290084838867188 12.189362525939941406 11.897170066833496094 11.9056854248046875 12.166874885559082031 12.513949394226074219 12.448085784912109375 13.226083755493164062 12.9690704345703125 11.306324958801269531 -999999 -999999 -999999 -999999 -999999 -999999 -999999 -999999 -999999 -999999 -999999 -999999 -999999 -999999
27.241331100463867188 27.008365631103515625 26.737453460693359375 26.4903717041015625 26.286283493041992188 25.993940353393554688 25.5820465087890625 24.8896636962890625 23.925188064575195312 23.04106903076171875 22.415666580200195312 21.94487762451171875 21.39780426025390625 20.695011138916015625 20.003498077392578125 19.371341705322265625 18.5404510498046875 17.64344024658203125 16.950977325439453125 16.379476547241210938 15.960921287536621094 15.622011184692382812 15.128095626831054688 14.646241188049316406 14.331522941589355469 13.955434799194335938 13.334930419921875 12.594923019409179688 11.998561859130859375 11.609361648559570312 11.319548606872558594 11.143271446228027344 11.157078742980957031 11.136170387268066406 10.932490348815917969 11.655682563781738281 12.171767234802246094 11.23522186279296875 10.004691123962402344 -999999 -999999 -999999 -999999 -999999 -999999 -999999 -999999 -999999 -999999 -999999 -999999 -999999
26.8958282470703125 26.492809295654296875 26.187374114990234375 26.116266250610351562 26.039430618286132812 25.768558502197265625 25.38718414306640625 24.723375320434570312 23.845127105712890625 23.0433807373046875 22.377155303955078125 21.747453689575195312 21.029651641845703125 20.254138946533203125 19.6264801025390625 18.997632980346679688 18.245326995849609375 17.417728424072265625 16.551534652709960938 15.863049507141113281 15.413157463073730469 15.081303596496582031 14.662102699279785156 14.18924713134765625 13.748897552490234375 13.212862014770507812 12.560803413391113281 11.908411026000976562 11.424723625183105469 11.099802970886230469 10.762694358825683594 10.407373428344726562 10.306040763854980469 9.7580394744873046875 -999999 -999999 12.097715377807617188 -999999 -999999 -999999 -999999 -999999 -999999 -999999 -999999 -999999 -999999 -999999 -999999 -999999 -999999 -999999
26.598987579345703125 25.980611801147460938 25.641183853149414062 25.650140762329101562 25.59947967529296875 25.309988021850585938 24.89310455322265625 24.292064666748046875 23.640470504760742188 23.105573654174804688 22.460155487060546875 21.68148040771484375 20.856739044189453125 20.024967193603515625 19.349925994873046875 18.762714385986328125 18.130308151245117188 17.354528427124023438 16.399005889892578125 15.668162345886230469 15.161558151245117188 14.757442474365234375 14.29129791259765625 13.771837234497070312 13.199266433715820312 12.556593894958496094 11.916184425354003906 11.388695716857910156 11.04035186767578125 10.802498817443847656 10.479981422424316406 10.052645683288574219 -999999 -999999 -999999 -999999 -999999 -999999 -999999 -999999 -999999 -999999 -999999 -999999 -999999 -999999 -999999 -999999 -999999 -999999 -999999 -999999
26.40010833740234375 25.647890090942382812 25.370449066162109375 25.305799484252929688 25.144084930419921875 24.798938751220703125 24.342254638671875 23.693464279174804688 23.1927947998046875 22.858959197998046875 22.2982635498046875 21.599279403686523438 20.867757797241210938 20.021535873413085938 19.1932373046875 18.61457061767578125 18.025724411010742188 17.261129379272460938 16.328233718872070312 15.621941566467285156 15.085877418518066406 14.589446067810058594 14.063768386840820312 13.48877716064453125 12.818243980407714844 12.120893478393554688 11.544315338134765625 11.157808303833007812 10.891241073608398438 10.666791915893554688 10.313174247741699219 9.8861846923828125 -999999 -999999 -999999 -999999 -999999 -999999 -999999 -999999 -999999 -999999 -999999 -999999 -999999 -999999 -999999 -999999 -999999 -999999 -999999 -999999
26.570348739624023438 25.890407562255859375 25.510038375854492188 25.2042694091796875 24.802625656127929688 24.2890625 23.763063430786132812 23.121349334716796875 22.744617462158203125 22.427125930786132812 21.87004852294921875 21.346479415893554688 20.790370941162109375 19.951173782348632812 19.067861557006835938 18.459262847900390625 17.869892120361328125 17.161989212036132812 16.330013275146484375 15.693836212158203125 15.179852485656738281 14.6231536865234375 14.0257415771484375 13.366173744201660156 12.635473251342773438 11.895077705383300781 11.352024078369140625 11.044488906860351562 10.825962066650390625 10.555511474609375 10.165807723999023438 9.8225984573364257812 -999999 -999999 -999999 -999999 -999999 -999999 -999999 -999999 -999999 -999999 -999999 -999999 -999999 -999999 -999999 -999999 -999999 -999999 -999999 -999999
26.70868682861328125 26.127763748168945312 25.67627716064453125 25.250978469848632812 24.67829132080078125 23.967107772827148438 23.289325714111328125 22.692087173461914062 22.35521697998046875 22.078830718994140625 21.611537933349609375 21.144906997680664062 20.643169403076171875 19.897464752197265625 19.119905471801757812 18.507701873779296875 17.899278640747070312 17.193647384643554688 16.453893661499023438 15.847393989562988281 15.310971260070800781 14.722675323486328125 14.036276817321777344 13.282618522644042969 12.516739845275878906 11.775919914245605469 11.208105087280273438 10.871852874755859375 10.632425308227539062 10.306615829467773438 9.9392938613891601562 9.7220716476440429688 -999999 -999999 -999999 -999999 -999999 -999999 -999999 -999999 -999999 -999999 -999999 -999999 -999999 -999999 -999999 -999999 -999999 -999999 -999999 -999999
26.516416549682617188 26.012392044067382812 25.533992767333984375 25.10256195068359375 24.66015625 24.101709365844726562 23.430965423583984375 22.703075408935546875 22.195569992065429688 21.789129257202148438 21.3586273193359375 20.943719863891601562 20.482225418090820312 19.9000244140625 19.267965316772460938 18.653924942016601562 18.053041458129882812 17.345409393310546875 16.605686187744140625 15.926173210144042969 15.309877395629882812 14.675890922546386719 13.924532890319824219 13.13848114013671875 12.42597198486328125 11.776174545288085938 11.203113555908203125 10.705877304077148438 10.296703338623046875 9.93634033203125 9.6074419021606445312 -999999 -999999 -999999 -999999 -999999 -999999 -999999 -999999 -999999 -999999 -999999 -999999 -999999 -999999 -999999 -999999 -999999 -999999 -999999 -999999 -999999
26.126617431640625 25.607252120971679688 25.114019393920898438 24.80358123779296875 24.679676055908203125 24.715854644775390625 24.45134735107421875 23.441724777221679688 22.3305206298828125 21.569164276123046875 21.091352462768554688 20.678775787353515625 20.19309234619140625 19.791614532470703125 19.357149124145507812 18.837228775024414062 18.251718521118164062 17.53548431396484375 16.689176559448242188 15.892235755920410156 15.214667320251464844 14.528197288513183594 13.7735748291015625 13.041111946105957031 12.427809715270996094 11.923268318176269531 11.381093978881835938 10.759593009948730469 10.189344406127929688 9.7181491851806640625 9.3113489151000976562 9.0098295211791992188 -999999 -999999 -999999 -999999 -999999 -999999 -999999 -999999 -999999 -999999 -999999 -999999 -999999 -999999 -999999 -999999 -999999 -999999 -999999 -999999
25.834356307983398438 25.258731842041015625 24.759235382080078125 24.555057525634765625 24.5829315185546875 25.00298309326171875 25.27056884765625 24.309289932250976562 22.688734054565429688 21.583103179931640625 20.878992080688476562 20.358343124389648438 19.84891510009765625 19.516712188720703125 19.280927658081054688 18.999002456665039062 18.41623687744140625 17.489414215087890625 16.559112548828125 15.707165718078613281 14.997914314270019531 14.352889060974121094 13.655783653259277344 12.95281982421875 12.406401634216308594 12.043894767761230469 11.562839508056640625 10.854814529418945312 10.139580726623535156 9.5674390792846679688 9.093780517578125 8.7878313064575195312 8.6602449417114257812 -999999 -999999 -999999 -999999 -999999 -999999 -999999 -999999 -999999 -999999 -999999 -999999 -999999 -999999 -999999 -999999 -999999 -999999 -999999
25.749761581420898438 25.150518417358398438 24.615261077880859375 24.30580902099609375 24.2319793701171875 24.648775100708007812 25.200374603271484375 24.472377777099609375 22.820079803466796875 21.677019119262695312 20.82209014892578125 20.14882659912109375 19.635572433471679688 19.240520477294921875 18.997180938720703125 18.781545639038085938 18.150424957275390625 17.158216476440429688 16.212621688842773438 15.427145957946777344 14.729556083679199219 14.124361038208007812 13.475360870361328125 12.785290718078613281 12.236927986145019531 11.943715095520019531 11.522395133972167969 10.771687507629394531 9.9758958816528320312 9.3937864303588867188 8.9394617080688476562 8.6602487564086914062 -999999 -999999 -999999 -999999 -999999 -999999 -999999 -999999 -999999 -999999 -999999 -999999 -999999 -999999 -999999 -999999 -999999 -999999 -999999 -999999
25.92375946044921875 25.346645355224609375 24.780332565307617188 24.245309829711914062 23.89928436279296875 23.986782073974609375 24.313055038452148438 23.823553085327148438 22.684482574462890625 21.788595199584960938 20.952428817749023438 20.177486419677734375 19.638027191162109375 19.142229080200195312 18.720590591430664062 18.29312896728515625 17.594213485717773438 16.639783859252929688 15.723110198974609375 14.924785614013671875 14.250105857849121094 13.69892120361328125 13.161602973937988281 12.5328216552734375 11.968975067138671875 11.58228302001953125 11.120482444763183594 10.442440986633300781 9.7532320022583007812 9.2509927749633789062 8.84404754638671875 8.5736141204833984375 -999999 -999999 -999999 -999999 -999999 -999999 -999999 -999999 -999999 -999999 -999999 -999999 -999999 -999999 -999999 -999999 -999999 -999999 -999999 -999999
26.376325607299804688 25.794382095336914062 25.106657028198242188 24.371662139892578125 23.751018524169921875 23.407512664794921875 23.3303070068359375 23.045215606689453125 22.438875198364257812 21.825054168701171875 21.089288711547851562 20.28899383544921875 19.634874343872070312 19.026628494262695312 18.47679901123046875 17.910444259643554688 17.048938751220703125 15.965702056884765625 15.042303085327148438 14.315262794494628906 13.802473068237304688 13.412477493286132812 13.036932945251464844 12.494421958923339844 11.850755691528320312 11.261308670043945312 10.676432609558105469 10.057222366333007812 9.5218000411987304688 9.1548175811767578125 8.8418531417846679688 8.4909811019897460938 -999999 -999999 -999999 -999999 -999999 -999999 -999999 -999999 -999999 -999999 -999999 -999999 -999999 -999999 -999999 -999999 -999999 -999999 -999999 -999999
26.872400283813476562 26.3275146484375 25.50559234619140625 24.649843215942382812 23.8936920166015625 23.292026519775390625 22.921060562133789062 22.603395462036132812 22.149478912353515625 21.618276596069335938 20.960071563720703125 20.227960586547851562 19.533739089965820312 18.829874038696289062 18.174898147583007812 17.546438217163085938 16.576910018920898438 15.4567108154296875 14.533160209655761719 13.901532173156738281 13.616506576538085938 13.415076255798339844 13.111049652099609375 12.613171577453613281 11.893942832946777344 11.118082046508789062 10.43024444580078125 9.8584308624267578125 9.4239702224731445312 9.1289758682250976562 8.8331165313720703125 8.3250017166137695312 8 -999999 -999999 -999999 -999999 -999999 -999999 -999999 -999999 -999999 -999999 -999999 -999999 -999999 -999999 -999999 -999999 -999999 -999999 -999999
26.696069717407226562 26.367862701416015625 25.661390304565429688 24.835794448852539062 24.041706085205078125 23.347248077392578125 22.844053268432617188 22.42177581787109375 21.902597427368164062 21.308986663818359375 20.710458755493164062 20.085597991943359375 19.3807373046875 18.662017822265625 17.938547134399414062 17.276273727416992188 16.335132598876953125 15.305274009704589844 14.434980392456054688 13.863134384155273438 13.683816909790039062 13.491834640502929688 13.0763397216796875 12.526346206665039062 11.823797225952148438 11.062712669372558594 10.393835067749023438 9.85265350341796875 9.455623626708984375 9.1701869964599609375 8.8397855758666992188 8.3006658554077148438 8 8 -999999 -999999 -999999 -999999 -999999 -999999 -999999 -999999 -999999 -999999 -999999 -999999 -999999 -999999 -999999 -999999 -999999 -999999
26.119318008422851562 25.527158737182617188 25.258785247802734375 24.815385818481445312 24.145311355590820312 23.465509414672851562 22.91710662841796875 22.459852218627929688 21.879217147827148438 21.203342437744140625 20.556972503662109375 19.897661209106445312 19.1874237060546875 18.506464004516601562 17.84759521484375 17.19387054443359375 16.437360763549804688 15.620058059692382812 14.812142372131347656 14.097126007080078125 13.693470954895019531 13.400609970092773438 12.937335014343261719 12.307503700256347656 11.68865966796875 11.033758163452148438 10.439683914184570312 9.9479846954345703125 9.5819253921508789062 9.3189725875854492188 8.963100433349609375 8.4515810012817382812 8.0002899169921875 -999999 -999999 -999999 -999999 -999999 -999999 -999999 -999999 -999999 -999999 -999999 -999999 -999999 -999999 -999999 -999999 -999999 -999999 -999999
25.950410842895507812 25.22588348388671875 25.0065155029296875 24.710912704467773438 24.169595718383789062 23.558013916015625 22.967485427856445312 22.444822311401367188 21.902265548706054688 21.229467391967773438 20.494619369506835938 19.789720535278320312 19.0945892333984375 18.45516204833984375 17.85363006591796875 17.237257003784179688 16.689847946166992188 16.1548614501953125 15.518402099609375 14.69840240478515625 13.928131103515625 13.369167327880859375 12.858334541320800781 12.270108222961425781 11.732310295104980469 11.150739669799804688 10.543432235717773438 10.065708160400390625 9.7512674331665039062 9.4852819442749023438 9.0539493560791015625 8.5947284698486328125 -999999 -999999 -999999 -999999 -999999 -999999 -999999 -999999 -999999 -999999 -999999 -999999 -999999 -999999 -999999 -999999 -999999 -999999 -999999 -999999
25.973886489868164062 25.340045928955078125 25.093114852905273438 24.761705398559570312 24.190404891967773438 23.552415847778320312 22.835161209106445312 22.217016220092773438 21.722629547119140625 21.089229583740234375 20.367124557495117188 19.659938812255859375 19.02893829345703125 18.462062835693359375 17.892770767211914062 17.354114532470703125 16.917497634887695312 16.508617401123046875 16.029386520385742188 15.257940292358398438 14.266329765319824219 13.417243003845214844 12.73564910888671875 12.193312644958496094 11.729405403137207031 11.251760482788085938 10.690393447875976562 10.217807769775390625 9.8883953094482421875 9.539447784423828125 8.9971532821655273438 -999999 -999999 -999999 -999999 -999999 -999999 -999999 -999999 -999999 -999999 -999999 -999999 -999999 -999999 -999999 -999999 -999999 -999999 -999999 -999999 -999999
26.04925537109375 25.537466049194335938 25.24755096435546875 24.763530731201171875 24.030576705932617188 23.3777923583984375 22.669771194458007812 21.90903472900390625 21.335124969482421875 20.768774032592773438 20.211517333984375 19.660890579223632812 19.023029327392578125 18.401308059692382812 17.950590133666992188 17.625494003295898438 17.2702789306640625 16.733903884887695312 16.18587493896484375 15.480681419372558594 14.489794731140136719 13.515011787414550781 12.739297866821289062 12.190596580505371094 11.728200912475585938 11.252478599548339844 10.76366424560546875 10.318850517272949219 9.9792051315307617188 9.5702886581420898438 8.9645786285400390625 -999999 -999999 -999999 -999999 -999999 -999999 -999999 -999999 -999999 -999999 -999999 -999999 -999999 -999999 -999999 -999999 -999999 -999999 -999999 -999999 -999999
26.513948440551757812 25.92047882080078125 25.315135955810546875 24.541385650634765625 23.572626113891601562 22.95641326904296875 22.429601669311523438 21.7972412109375 21.212528228759765625 20.633565902709960938 20.13613128662109375 19.678190231323242188 19.058807373046875 18.364534378051757812 17.937559127807617188 17.652387619018554688 17.447767257690429688 16.974233627319335938 16.2396697998046875 15.531180381774902344 14.622747421264648438 13.683345794677734375 12.886796951293945312 12.293208122253417969 11.806062698364257812 11.321813583374023438 10.892186164855957031 10.531606674194335938 10.18689727783203125 9.6828517913818359375 9.0415287017822265625 8.5569000244140625 -999999 -999999 -999999 -999999 -999999 -999999 -999999 -999999 -999999 -999999 -999999 -999999 -999999 -999999 -999999 -999999 -999999 -999999 -999999 -999999
27.15358734130859375 26.203166961669921875 25.269990921020507812 24.235376358032226562 23.362239837646484375 22.866609573364257812 22.453756332397460938 21.972326278686523438 21.410970687866210938 20.743753433227539062 20.148855209350585938 19.657257080078125 19.10114288330078125 18.424657821655273438 17.928258895874023438 17.5201568603515625 17.28565216064453125 17.030941009521484375 16.395002365112304688 15.738574028015136719 14.901502609252929688 14.01352691650390625 13.181210517883300781 12.514801979064941406 11.991610527038574219 11.519062042236328125 11.133134841918945312 10.844257354736328125 10.4298858642578125 9.7893495559692382812 9.1108694076538085938 8.6450748443603515625 8.5672206878662109375 8.884204864501953125 -999999 -999999 -999999 -999999 -999999 -999999 -999999 -999999 -999999 -999999 -999999 -999999 -999999 -999999 -999999 -999999 -999999 -999999
