data/TNO-HT-ATES/HT-ATES_NLFFS/TG422_NLDOBR__top_depth_ATES.asc
ncols        266
nrows        269
xllcorner    11500.000000000000
yllcorner    355500.000000000000
cellsize     1000.000000000000
NODATA_value  -999999
[rows 192 to 215 of 269, columns 54 to 107 of 266]
637.08599853515625 640.8189697265625 643.6112060546875 636.3026123046875 637.0291748046875 609.35821533203125 602.072998046875 594.82440185546875 598.47137451171875 601.80877685546875 601.85821533203125 589.54217529296875 601.1328125 586.38458251953125 580.647216796875 583.95257568359375 589.5426025390625 594.9739990234375 596.22320556640625 576.2415771484375 561.1212158203125 554.411376953125 546.715576171875 521.5654296875 520.1876220703125 507.5093994140625 506.873199462890625 490.00360107421875 487.32879638671875 474.542388916015625 487.710784912109375 479.572601318359375 471.2327880859375 455.672210693359375 470.11981201171875 471.608795166015625 467.88800048828125 472.816986083984375 482.0072021484375 480.566009521484375 489.404998779296875 503.7869873046875 508.9097900390625 540.31060791015625 591.76458740234375 -999999 -999999 -999999 -999999 -999999 -999999 -999999 -999999 -999999
649.46240234375 641.89862060546875 642.7781982421875 641.18658447265625 639.45318603515625 625.27838134765625 627.82562255859375 630.003173828125 614.189208984375 616.23779296875 618.10540771484375 612.55877685546875 604.64581298828125 602.62322998046875 604.8699951171875 611.10101318359375 605.42401123046875 598.361572265625 592.166015625 584.32818603515625 574.33782958984375 558.20361328125 558.05279541015625 534.88079833984375 531.1829833984375 535.55877685546875 525.51177978515625 520.68719482421875 517.084228515625 518.0281982421875 513.04620361328125 501.684600830078125 506.195587158203125 491.753387451171875 488.31298828125 493.795196533203125 472.421600341796875 489.384613037109375 488.446990966796875 503.8092041015625 504.365203857421875 519.923828125 532.96881103515625 523.61480712890625 554.32037353515625 -999999 -999999 -999999 -999999 -999999 -999999 -999999 -999999 -999999
649.2418212890625 657.62322998046875 651.1497802734375 647.54962158203125 650.21636962890625 639.906982421875 652.07342529296875 656.5028076171875 637.95440673828125 634.694580078125 634.077392578125 631.53460693359375 621.26300048828125 614.672607421875 614.1998291015625 608.0081787109375 612.0341796875 602.59039306640625 586.43377685546875 587.3577880859375 570.75042724609375 558.02301025390625 548.90960693359375 546.19622802734375 558.909423828125 545.76177978515625 537.81658935546875 545.25738525390625 539.706787109375 536.94342041015625 529.4906005859375 524.68878173828125 534.07177734375 528.984619140625 526.8157958984375 506.27459716796875 505.5115966796875 505.24798583984375 503.07220458984375 516.665771484375 520.81878662109375 502.4119873046875 539.7073974609375 541.4166259765625 528.03460693359375 576.18377685546875 614.59820556640625 608.17999267578125 607.39337158203125 -999999 -999999 -999999 -999999 -999999
659.91217041015625 660.7484130859375 648.305419921875 650.80438232421875 649.7628173828125 649.0673828125 656.1810302734375 671.23876953125 669.49298095703125 671.93280029296875 646.773193359375 644.909423828125 639.38861083984375 633.71978759765625 633.42919921875 637.93560791015625 624.6500244140625 604.67822265625 595.93280029296875 587.22198486328125 578.0172119140625 574.43597412109375 563.62359619140625 562.8956298828125 559.61798095703125 556.3013916015625 556.660400390625 552.90338134765625 544.40838623046875 547.5072021484375 542.7822265625 549.5338134765625 540.55621337890625 536.26837158203125 546.44140625 541.651611328125 535.0269775390625 538.697998046875 541.04718017578125 531.409423828125 540.73699951171875 513.80682373046875 515.50518798828125 519.2838134765625 537.519775390625 530.72161865234375 590.906005859375 616.984375 614.197021484375 590.17620849609375 597.8477783203125 -999999 -999999 -999999
674.6929931640625 674.82159423828125 659.780029296875 658.32598876953125 662.22882080078125 661.3634033203125 669.5137939453125 673.4144287109375 676.935791015625 683.12579345703125 680.1829833984375 654.3677978515625 650.19500732421875 652.9840087890625 647.591796875 645.96319580078125 633.46636962890625 616.06878662109375 604.08282470703125 596.87237548828125 593.20819091796875 591.3251953125 577.9508056640625 584.40057373046875 567.87738037109375 565.59136962890625 569.9918212890625 564.46759033203125 558.614990234375 559.827392578125 555.51739501953125 567.4677734375 559.39739990234375 558.944580078125 557.5604248046875 558.29962158203125 563.41937255859375 561.41357421875 564.39117431640625 559.160400390625 555.538818359375 535.71478271484375 529.50262451171875 504.631011962890625 503.839996337890625 531.2794189453125 541.5902099609375 615.28997802734375 630.361572265625 592.71600341796875 594.1820068359375 594.30059814453125 -999999 -999999
691.8875732421875 690.986572265625 672.343017578125 664.09881591796875 669.0714111328125 661.24658203125 668.7249755859375 668.6409912109375 680.2274169921875 695.1751708984375 696.0792236328125 674.1754150390625 659.20660400390625 660.97802734375 652.5382080078125 645.02801513671875 638.8668212890625 624.73382568359375 601.55718994140625 611.02020263671875 613.39501953125 605.82379150390625 590.57562255859375 583.5072021484375 574.2913818359375 578.00677490234375 578.360595703125 578.66278076171875 577.5093994140625 572.057373046875 567.81817626953125 577.83099365234375 575.08782958984375 580.04217529296875 574.71502685546875 580.360595703125 583.82061767578125 586.95440673828125 588.51123046875 588.9793701171875 575.0802001953125 572.1917724609375 576.63677978515625 552.36297607421875 517.68658447265625 512.47479248046875 528.8214111328125 584.34381103515625 633.14202880859375 609.23138427734375 579.64678955078125 579.0867919921875 -999999 -999999
686.97320556640625 684.30877685546875 674.40557861328125 667.1541748046875 661.9984130859375 666.65521240234375 665.1240234375 660.18902587890625 681.4345703125 696.038818359375 692.70001220703125 680.9072265625 670.8280029296875 663.83502197265625 664.4771728515625 664.8668212890625 653.04718017578125 630.6842041015625 633.65521240234375 626.02642822265625 615.843017578125 610.997802734375 593.49798583984375 589.714599609375 587.390625 593.397216796875 596.45538330078125 586.87921142578125 587.74542236328125 590.3126220703125 594.23577880859375 592.985595703125 587.94720458984375 586.90118408203125 594.23638916015625 602.07940673828125 598.0426025390625 598.64501953125 605.49359130859375 605.76580810546875 597.22198486328125 572.95977783203125 575.21502685546875 574.559814453125 548.31060791015625 544.0166015625 537.45721435546875 565.6685791015625 563.45379638671875 602.86962890625 608.23358154296875 611.581787109375 602.83538818359375 -999999
678.12060546875 677.018798828125 671.83917236328125 667.24859619140625 665.98138427734375 666.39678955078125 663.54681396484375 665.70343017578125 695.1011962890625 702.5614013671875 693.11822509765625 674.19757080078125 669.1312255859375 671.006591796875 672.6162109375 677.0933837890625 673.560791015625 668.9310302734375 673.6951904296875 677.60699462890625 659.81201171875 633.0150146484375 608.5325927734375 596.17742919921875 599.49298095703125 611.665771484375 603.8734130859375 599.31939697265625 592.42877197265625 599.46502685546875 599.20880126953125 599.05078125 603.99517822265625 609.0244140625 618.8236083984375 614.8897705078125 608.6663818359375 613.67877197265625 612.42041015625 606.3048095703125 599.111572265625 586.39801025390625 572.163818359375 552.20599365234375 534.13360595703125 554.25738525390625 575.74542236328125 587.79339599609375 587.1748046875 585.61639404296875 602.73199462890625 626.6256103515625 621.334228515625 -999999
671.54638671875 675.518798828125 673.892822265625 671.05401611328125 672.8975830078125 674.80999755859375 676.55059814453125 684.18560791015625 709.1632080078125 704.73040771484375 684.768798828125 676.3311767578125 675.85919189453125 677.70098876953125 672.75177001953125 683.06097412109375 689.89178466796875 692.01300048828125 695.65380859375 689.714599609375 662.373779296875 640.6337890625 626.00677490234375 616.0382080078125 609.59521484375 610.71600341796875 607.621826171875 601.9000244140625 594.223388671875 593.914794921875 602.1453857421875 609.293212890625 613.51959228515625 623.80499267578125 620.87640380859375 630.93817138671875 627.33740234375 615.51202392578125 612.51678466796875 606.20941162109375 596.8837890625 595.12701416015625 581.55157470703125 561.6807861328125 539.45697021484375 531.8408203125 550.9918212890625 574.00640869140625 584.92919921875 581.54180908203125 565.20281982421875 572.83319091796875 -999999 -999999
664.54541015625 670.49517822265625 683.0902099609375 680.5413818359375 682.03717041015625 684.4696044921875 688.68621826171875 691.56640625 688.30877685546875 674.1904296875 672.097412109375 671.568603515625 674.73699951171875 677.3446044921875 666.86639404296875 695.135009765625 700.70501708984375 701.35400390625 703.626220703125 692.355224609375 662.53778076171875 651.38519287109375 646.8323974609375 633.7333984375 631.64300537109375 617.673828125 616.059814453125 609.87677001953125 598.3740234375 614.19158935546875 613.74542236328125 612.19561767578125 616.623779296875 632.3214111328125 630.56317138671875 628.86798095703125 630.430419921875 628.285400390625 619.7052001953125 609.7681884765625 599.74560546875 588.8355712890625 584.165771484375 573.772216796875 561.56439208984375 552.856201171875 545.50201416015625 567.50518798828125 588.79058837890625 588.98876953125 568.81341552734375 568.1864013671875 585.55279541015625 -999999
663.25738525390625 660.326171875 676.31878662109375 683.09259033203125 685.9442138671875 687.69281005859375 695.481201171875 697.5570068359375 684.93438720703125 673.27099609375 674.04681396484375 671.77777099609375 665.72540283203125 664.35198974609375 680.06982421875 698.567626953125 706.96881103515625 695.9608154296875 701.5924072265625 694.8590087890625 680.8900146484375 670.4263916015625 657.456787109375 646.22137451171875 636.1212158203125 621.8333740234375 623.80218505859375 619.193603515625 624.975830078125 625.4771728515625 624.69000244140625 623.44720458984375 627.05841064453125 633.1102294921875 631.4044189453125 632.127197265625 629.7230224609375 621.515625 615.48101806640625 612.28302001953125 607.3546142578125 597.45379638671875 588.28277587890625 584.694580078125 577.44598388671875 564.88897705078125 554.768798828125 599.89422607421875 618.86517333984375 609.2628173828125 590.05218505859375 586.9000244140625 582.98919677734375 603.87042236328125
652.142822265625 661.29681396484375 673.197998046875 675.830810546875 681.90618896484375 681.1669921875 692.9229736328125 701.82537841796875 687.07843017578125 677.036376953125 676.3865966796875 668.77362060546875 661.9345703125 665.29400634765625 679.177978515625 691.47021484375 709.10162353515625 697.038818359375 698.68402099609375 685.11376953125 685.6854248046875 668.541015625 665.765625 649.568603515625 638.21002197265625 632.251220703125 626.83880615234375 627.78057861328125 628.7882080078125 629.92138671875 632.43499755859375 627.49859619140625 628.1688232421875 630.50537109375 633.70001220703125 631.25677490234375 632.38623046875 615.9896240234375 614.25457763671875 615.87017822265625 616.50238037109375 614.67901611328125 599.619384765625 592.0491943359375 585.19439697265625 582.2947998046875 564.43121337890625 602.0802001953125 656.9169921875 645.42218017578125 635.7177734375 623.966796875 605.74981689453125 613.78338623046875
646.9783935546875 655.7803955078125 662.5247802734375 661.41357421875 656.1898193359375 669.76300048828125 682.4185791015625 696.67242431640625 677.83319091796875 669.60699462890625 669.74578857421875 666.28363037109375 655.774169921875 664.84259033203125 684.98876953125 693.973388671875 690.4949951171875 711.1776123046875 703.255615234375 697.66259765625 663.46160888671875 661.74859619140625 664.123779296875 648.997802734375 635.07781982421875 631.1566162109375 626.56597900390625 626.1522216796875 628.158203125 629.05499267578125 630.04522705078125 630.5736083984375 629.25738525390625 629.4063720703125 634.496826171875 638.489013671875 639.194580078125 617.44342041015625 610.6719970703125 614.4774169921875 607.36700439453125 613.99420166015625 615.607421875 601.1168212890625 597.7186279296875 594.9652099609375 583.0714111328125 580.95257568359375 665.62939453125 651.13360595703125 645.0416259765625 637.5128173828125 624.4617919921875 614.08038330078125
638.62957763671875 646.27978515625 651.1885986328125 654.531982421875 661.46759033203125 681.17462158203125 682.3114013671875 694.472412109375 668.8101806640625 672.78802490234375 674.576171875 673.12237548828125 670.83001708984375 679.834228515625 692.72222900390625 689.19659423828125 687.89898681640625 700.60980224609375 708.1478271484375 732.8499755859375 699.18377685546875 677.23297119140625 660.586181640625 656.98876953125 637.1685791015625 628.66119384765625 622.338623046875 622.125 622.67242431640625 627.4749755859375 630.01123046875 627.5999755859375 627.5078125 630.2803955078125 633.584228515625 635.90118408203125 642.9617919921875 636.08978271484375 617.04742431640625 609.39202880859375 610.625 610.27001953125 617.780029296875 608.53277587890625 608.61358642578125 606.765625 594.035400390625 587.4063720703125 641.59857177734375 679.61279296875 645.23876953125 639.48480224609375 634.82037353515625 625.6575927734375
634.72662353515625 640.4827880859375 644.8831787109375 648.57501220703125 661.15740966796875 673.572998046875 678.1287841796875 679.716796875 675.29656982421875 694.45220947265625 689.4573974609375 687.76141357421875 693.78961181640625 696.74761962890625 690.72979736328125 685.69677734375 687.4586181640625 693.3778076171875 713.10662841796875 735.927978515625 701.90618896484375 686.35980224609375 663.3126220703125 659.4495849609375 642.6121826171875 631.48101806640625 619.580810546875 615.790771484375 614.96319580078125 618.93341064453125 622.552978515625 618.62457275390625 623.284423828125 627.51617431640625 629.77117919921875 634.51678466796875 642.1697998046875 644.81280517578125 642.22802734375 626.9896240234375 620.165771484375 617.06280517578125 620.8944091796875 628.5244140625 621.87359619140625 609.72918701171875 604.45538330078125 598.46142578125 576.798583984375 662.40179443359375 652.0250244140625 640.1488037109375 637.0501708984375 632.51080322265625
629.44500732421875 640.39080810546875 646.6885986328125 645.62420654296875 646.96978759765625 652.885986328125 661.80438232421875 674.9542236328125 673.6259765625 693.6444091796875 697.211181640625 703.327392578125 708.224609375 710.160400390625 692.5338134765625 687.55859375 689.2869873046875 692.10498046875 717.29742431640625 717.67462158203125 702.83062744140625 693.44561767578125 669.23260498046875 657.85498046875 647.798828125 639.7969970703125 633.6688232421875 625.16021728515625 619.4232177734375 616.47821044921875 617.28338623046875 619.52197265625 621.05499267578125 623.03558349609375 629.6885986328125 637.96441650390625 651.7672119140625 662.53680419921875 650.9398193359375 650.03277587890625 644.52178955078125 631.5789794921875 633.43359375 621.65118408203125 620.77117919921875 617.64959716796875 614.727783203125 614.8790283203125 591.35919189453125 671.43597412109375 682.36798095703125 634.947021484375 622.522216796875 626.8856201171875
632.50079345703125 638.039794921875 643.6995849609375 644.79302978515625 637.8887939453125 625.109619140625 643.815185546875 658.1864013671875 672.07818603515625 687.864013671875 697.4708251953125 706.4019775390625 714.36181640625 716.50958251953125 708.52960205078125 698.6494140625 701.6312255859375 715.99578857421875 722.6309814453125 718.9486083984375 708.06317138671875 695.956787109375 677.71197509765625 658.341796875 645.73858642578125 647.41339111328125 644.1851806640625 640.45758056640625 632.32159423828125 621.57818603515625 620.20819091796875 617.93682861328125 619.00201416015625 624.70318603515625 632.07098388671875 644.84918212890625 663.78277587890625 685.71502685546875 680.2261962890625 674.23822021484375 678.14422607421875 671.3013916015625 659.09637451171875 638.39520263671875 611.581787109375 625.306396484375 637.02960205078125 627.37017822265625 609.95458984375 630.93060302734375 693.83837890625 640.4439697265625 617.26617431640625 615.142822265625
629.88079833984375 638.58697509765625 647.16302490234375 651.9423828125 622.90301513671875 633.70257568359375 648.85162353515625 656.65478515625 666.17181396484375 679.93902587890625 689.1475830078125 698.09417724609375 713.86297607421875 717.53460693359375 713.3189697265625 714.34637451171875 719.4705810546875 718.84417724609375 724.84979248046875 719.718994140625 708.18682861328125 692.8699951171875 681.39202880859375 671.41302490234375 661.42462158203125 643.46820068359375 642.21337890625 645.88677978515625 645.4539794921875 636.8427734375 636.29339599609375 623.82318115234375 619.30218505859375 629.0206298828125 638.1199951171875 648.63238525390625 674.93701171875 681.58978271484375 708.6807861328125 723.097412109375 705.39697265625 678.247802734375 665.86737060546875 656.96160888671875 637.14019775390625 634.3843994140625 631.52862548828125 618.95758056640625 612.85302734375 590.07843017578125 665.2440185546875 642.2537841796875 612.04498291015625 611.46722412109375
612.4439697265625 619.01898193359375 635.156005859375 638.9874267578125 630.73419189453125 638.13360595703125 647.839599609375 649.280029296875 654.45758056640625 667.98162841796875 673.8994140625 682.91497802734375 701.044189453125 698.10540771484375 702.2183837890625 714.984619140625 720.98681640625 716.48822021484375 715.310791015625 708.1162109375 696.833984375 683.94500732421875 671.8511962890625 657.30902099609375 654.13421630859375 646.26861572265625 644.05560302734375 650.95159912109375 646.9906005859375 650.5623779296875 649.90240478515625 645.6083984375 621.38800048828125 624.600830078125 641.00518798828125 655.88238525390625 665.4561767578125 670.20819091796875 692.0770263671875 725.75677490234375 719.81060791015625 701.36260986328125 672.53900146484375 660.3355712890625 651.8026123046875 643.22381591796875 631.68157958984375 624.2086181640625 619.7205810546875 603.56182861328125 635.576171875 664.50537109375 630.79022216796875 615.82098388671875
596.87060546875 608.94061279296875 612.8270263671875 627.5767822265625 634.0601806640625 625.31439208984375 621.06817626953125 630.68341064453125 649.38677978515625 666.1165771484375 677.727783203125 688.99920654296875 678.66461181640625 683.09521484375 691.48822021484375 707.1234130859375 711.51397705078125 707.38360595703125 700.61358642578125 692.1431884765625 684.94561767578125 681.88818359375 669.54461669921875 660.78857421875 655.48358154296875 655.62921142578125 664.92156982421875 676.7484130859375 662.47601318359375 657.03961181640625 652.213623046875 658.5802001953125 645.91339111328125 641.01519775390625 657.13922119140625 670.88519287109375 675.3656005859375 679.25018310546875 687.915771484375 709.40618896484375 710.5419921875 712.9862060546875 705.74957275390625 667.83502197265625 661.44342041015625 645.64837646484375 634.1895751953125 623.76458740234375 620.968017578125 605.07940673828125 592.2158203125 661.5745849609375 642.410400390625 628.739990234375
569.7813720703125 596.45697021484375 600.71282958984375 614.8123779296875 632.25518798828125 629.7969970703125 611.52581787109375 632.531982421875 650.73681640625 667.994384765625 678.0667724609375 674.04461669921875 674.87640380859375 680.8026123046875 677.2108154296875 691.55938720703125 696.10498046875 690.7572021484375 684.3189697265625 677.8897705078125 675.80780029296875 678.83697509765625 679.53900146484375 666.67401123046875 655.52618408203125 655.95477294921875 664.31201171875 673.19580078125 672.655029296875 674.8875732421875 681.0780029296875 686.44781494140625 684.42218017578125 684.92340087890625 693.626220703125 694.6011962890625 692.8148193359375 691.2581787109375 689.568603515625 709.63861083984375 709.9896240234375 697.67962646484375 698.91241455078125 681.2396240234375 672.14599609375 668.215576171875 648.4310302734375 638.79779052734375 621.465576171875 607.15740966796875 601.57281494140625 657.38623046875 651.964599609375 623.87298583984375
542.908203125 569.00762939453125 585.8887939453125 600.24859619140625 618.49957275390625 631.86077880859375 640.081787109375 645.84417724609375 652.6234130859375 672.6510009765625 672.27362060546875 670.1043701171875 672.206787109375 679.92578125 680.951171875 668.524169921875 667.92437744140625 670.6397705078125 669.79901123046875 666.99658203125 669.40478515625 670.7659912109375 673.335205078125 659.227783203125 652.33697509765625 654.28717041015625 656.430419921875 664.74078369140625 672.0714111328125 684.41522216796875 695.94061279296875 709.44378662109375 714.334228515625 718.15338134765625 722.93841552734375 716.23260498046875 695.57379150390625 692.4041748046875 688.63262939453125 702.58441162109375 701.48162841796875 687.38299560546875 689.44439697265625 681.57159423828125 682.87481689453125 678.209228515625 665.94317626953125 667.69500732421875 635.66802978515625 637.16259765625 621.872802734375 653.7938232421875 648.89501953125 615.213623046875
536.7991943359375 552.482421875 569.60198974609375 583.83697509765625 595.2001953125 602.78839111328125 618.4718017578125 621.30938720703125 621.87457275390625 649.17620849609375 652.65057373046875 646.41241455078125 654.34197998046875 670.24420166015625 674.95361328125 661.25982666015625 656.2255859375 659.64678955078125 658.98040771484375 658.3245849609375 657.38922119140625 659.02081298828125 665.5667724609375 665.22918701171875 659.1409912109375 658.7371826171875 659.8179931640625 661.14459228515625 669.62982177734375 687.47698974609375 696.92962646484375 704.56378173828125 719.2506103515625 718.71417236328125 719.527587890625 727.307373046875 711.3245849609375 698.6243896484375 691.81439208984375 692.46142578125 683.6710205078125 672.8355712890625 664.86041259765625 683.18402099609375 680.90802001953125 671.97198486328125 668.24462890625 684.98138427734375 642.135986328125 629.6917724609375 642.81817626953125 643.702392578125 623.05078125 620.64581298828125
535.44317626953125 550.87237548828125 562.79180908203125 572.83978271484375 575.18402099609375 575.2587890625 577.8643798828125 576.84478759765625 596.90380859375 611.30902099609375 602.1356201171875 619.46942138671875 639.05401611328125 653.24578857421875 655.1146240234375 642.52081298828125 643.086181640625 649.5980224609375 647.95037841796875 647.75341796875 647.426025390625 649.61962890625 655.57000732421875 660.11700439453125 652.76239013671875 663.39398193359375 659.90179443359375 658.28582763671875 667.45819091796875 688.24298095703125 692.56097412109375 702.6522216796875 700.156982421875 703.15142822265625 703.10980224609375 713.57098388671875 711.95440673828125 695.86981201171875 679.12841796875 673.56781005859375 668.15679931640625 668.02557373046875 669.91400146484375 668.39300537109375 677.68841552734375 669.6475830078125 661.37042236328125 656.5028076171875 643.98858642578125 643.81097412109375 651.01702880859375 641.2230224609375 613.097412109375 623.036376953125
