data/TNO-HT-ATES/HT-ATES_NLFFS/TG422_NLDOBR__top_depth_ATES.asc
ncols        266
nrows        269
xllcorner    11500.000000000000
yllcorner    355500.000000000000
cellsize     1000.000000000000
NODATA_value  -999999
[rows 144 to 167 of 269, columns 162 to 215 of 266]
1076.875732421875 1048.4739990234375 1034.2847900390625 1025.7904052734375 1021.8167724609375 1022.277587890625 1024.562744140625 1022.32037353515625 1015.430419921875 1012.56842041015625 1014.52801513671875 1009.65240478515625 995.3233642578125 979.686279296875 970.80072021484375 966.49481201171875 961.70306396484375 955.8084716796875 947.75750732421875 937.54742431640625 928.3798828125 922.2916259765625 914.9984130859375 902.96014404296875 885.90325927734375 864.99310302734375 841.58740234375 816.77850341796875 791.3465576171875 765.7813720703125 740.3111572265625 714.958251953125 689.58209228515625 663.90301513671875 637.5748291015625 610.4052734375 582.64776611328125 557.057861328125 538.678466796875 526.40313720703125 514.019775390625 499.61993408203125 483.176727294921875 466.278106689453125 451.0635986328125 437.715240478515625 424.697357177734375 408.322357177734375 395.5311279296875 385.123443603515625 377.065399169921875 364.675933837890625 346.28594970703125 325.7635498046875
1079.08837890625 1054.4476318359375 1038.9884033203125 1028.43359375 1023.45440673828125 1023.52117919921875 1025.8902587890625 1023.56597900390625 1015.77362060546875 1012.098388671875 1012.97637939453125 1006.24761962890625 991.5926513671875 979.1591796875 974.31207275390625 970.88873291015625 967.77557373046875 964.36224365234375 959.83074951171875 952.86566162109375 944.71722412109375 937.15484619140625 927.654296875 914.30706787109375 896.833251953125 875.9798583984375 852.7886962890625 828.20556640625 802.9344482421875 777.39990234375 751.75653076171875 725.936767578125 699.73858642578125 672.933349609375 645.37957763671875 617.15802001953125 588.64501953125 562.6341552734375 544.26824951171875 532.18304443359375 519.6983642578125 504.805511474609375 487.668212890625 470.57440185546875 456.6651611328125 445.03582763671875 430.364013671875 410.532745361328125 395.755645751953125 382.829681396484375 369.94647216796875 354.968597412109375 337.71844482421875 319.0076904296875
1065.9620361328125 1044.78076171875 1030.2939453125 1021.06439208984375 1018.42919921875 1020.0736083984375 1024.0272216796875 1023.7615966796875 1017.71282958984375 1013.2791748046875 1011.0927734375 1002.3251953125 990.1263427734375 982.486328125 979.62542724609375 975.89825439453125 974.06903076171875 972.47265625 970.32061767578125 965.8851318359375 959.03314208984375 950.51983642578125 939.340576171875 924.6556396484375 906.47344970703125 885.43658447265625 862.42138671875 838.22406005859375 813.42669677734375 788.353515625 763.061279296875 737.38494873046875 711.044189453125 683.79522705078125 655.55706787109375 626.53729248046875 597.23016357421875 570.5914306640625 551.9378662109375 539.74505615234375 526.95123291015625 511.46832275390625 493.6033935546875 476.122467041015625 463.01776123046875 452.743408203125 437.3980712890625 416.35565185546875 397.732574462890625 381.50299072265625 365.14007568359375 348.189361572265625 330.858734130859375 313.261199951171875
1045.2452392578125 1026.1876220703125 1014.1776123046875 1008.372802734375 1008.77239990234375 1013.73760986328125 1021.3828125 1024.1763916015625 1019.7064208984375 1014.09637451171875 1009.44317626953125 1001.40771484375 992.54998779296875 987.11053466796875 983.80194091796875 980.75762939453125 980.09765625 979.927490234375 979.2071533203125 976.4779052734375 970.8382568359375 961.9786376953125 949.5263671875 933.49737548828125 914.41558837890625 893.076416015625 870.28558349609375 846.68182373046875 822.697998046875 798.53326416015625 774.1336669921875 749.21783447265625 723.3905029296875 696.3031005859375 667.838623046875 638.2484130859375 608.15606689453125 580.51837158203125 561.00482177734375 548.2437744140625 534.875 518.52557373046875 499.51690673828125 480.5423583984375 465.1602783203125 451.8238525390625 434.804046630859375 413.638946533203125 393.810211181640625 376.490966796875 361.186126708984375 346.43927001953125 331.541412353515625 312.936676025390625
1031.613525390625 1014.68280029296875 1003.55279541015625 998.65289306640625 1000.0052490234375 1007.7584228515625 1018.02960205078125 1022.21600341796875 1017.9451904296875 1010.7615966796875 1004.33758544921875 998.25689697265625 992.70782470703125 988.61553955078125 986.049560546875 984.97845458984375 985.49627685546875 986.6195068359375 987.279296875 986.04833984375 981.442138671875 972.31439208984375 958.39154052734375 940.6351318359375 920.403076171875 898.73150634765625 876.28363037109375 853.49957275390625 830.65838623046875 807.8338623046875 784.8570556640625 761.320068359375 736.66546630859375 710.3502197265625 682.08038330078125 652.08349609375 621.134765625 591.8739013671875 570.56256103515625 556.5975341796875 542.491943359375 524.87652587890625 504.162322998046875 483.10003662109375 464.436309814453125 447.3419189453125 427.901214599609375 405.537445068359375 385.7518310546875 370.61029052734375 359.1502685546875 354.178375244140625 347.143280029296875 325.475494384765625
1024.7408447265625 1011.098388671875 1000.48193359375 995.27130126953125 996.58734130859375 1003.28997802734375 1010.8004150390625 1013.40838623046875 1009.4423828125 1002.2703857421875 995.669189453125 991.00286865234375 988.239990234375 986.89642333984375 986.72467041015625 987.72137451171875 989.7369384765625 992.30926513671875 994.642578125 995.3848876953125 992.2984619140625 982.7772216796875 966.455810546875 945.94476318359375 924.279541015625 902.41400146484375 880.48065185546875 858.68109130859375 837.21990966796875 816.09210205078125 795.019287109375 773.468017578125 750.69390869140625 725.830322265625 698.2034912109375 667.87701416015625 635.78253173828125 604.212890625 579.79998779296875 563.62738037109375 548.67047119140625 529.25250244140625 506.314666748046875 483.61444091796875 463.308319091796875 444.252960205078125 423.63250732421875 400.851806640625 380.958709716796875 367.419708251953125 359.08172607421875 362.919952392578125 367.0516357421875 344.638671875
1020.95361328125 1010.16680908203125 1000.0439453125 994.52593994140625 994.96759033203125 998.01055908203125 1000.45269775390625 1000.87274169921875 997.87310791015625 992.22833251953125 986.6319580078125 983.0845947265625 982.190185546875 983.40545654296875 985.864501953125 989.0172119140625 992.65203857421875 996.71661376953125 1000.9468994140625 1004.38958740234375 1003.91278076171875 994.26025390625 973.79669189453125 948.90435791015625 925.87225341796875 904.36993408203125 883.126953125 862.2431640625 842.21417236328125 822.9798583984375 804.1663818359375 785.1563720703125 765.04534912109375 742.5009765625 716.0897216796875 685.382080078125 651.548095703125 616.95721435546875 587.89337158203125 567.76275634765625 551.2340087890625 529.4169921875 504.433807373046875 481.84112548828125 462.78472900390625 444.7239990234375 425.2427978515625 403.68194580078125 383.03582763671875 367.263092041015625 356.921875 359.911956787109375 370.317840576171875 352.420166015625
1015.24237060546875 1006.1748046875 997.1541748046875 991.9798583984375 991.402099609375 991.71893310546875 991.1400146484375 990.39825439453125 988.09796142578125 983.9351806640625 979.673828125 977.1744384765625 977.5526123046875 980.5185546875 984.85076904296875 989.56170654296875 994.363525390625 999.42413330078125 1004.99920654296875 1010.7080078125 1013.5147705078125 1004.5980224609375 978.60430908203125 948.2899169921875 925.2415771484375 905.0753173828125 884.25006103515625 864.08734130859375 845.38153076171875 828.01947021484375 811.53082275390625 795.366455078125 778.6219482421875 759.416259765625 734.98626708984375 703.75689697265625 667.1060791015625 628.52642822265625 593.2989501953125 566.9083251953125 546.3907470703125 522.1177978515625 498.03594970703125 479.403533935546875 463.766632080078125 448.34466552734375 430.92779541015625 410.5797119140625 389.891845703125 370.77166748046875 354.947845458984375 348.31658935546875 351.946990966796875 339.549224853515625
1004.2105712890625 996.98309326171875 990.91778564453125 987.59893798828125 986.58270263671875 985.63031005859375 984.2490234375 983.00885009765625 981.00439453125 978.11138916015625 975.5294189453125 974.4228515625 975.80859375 979.6005859375 984.66217041015625 989.949462890625 995.07525634765625 1000.1212158203125 1005.3900146484375 1010.77838134765625 1013.5015869140625 1004.1732177734375 975.5501708984375 943.75531005859375 923.82745361328125 904.84234619140625 883.39898681640625 863.8968505859375 846.7191162109375 830.84759521484375 816.12957763671875 802.3564453125 788.85906982421875 773.312744140625 751.3720703125 719.64410400390625 679.55804443359375 636.152099609375 594.5205078125 561.02374267578125 535.524658203125 512.47607421875 493.766815185546875 480.142333984375 467.110992431640625 453.7481689453125 437.819793701171875 417.738677978515625 396.51019287109375 376.080169677734375 355.930328369140625 339.299591064453125 332.669708251953125 323.609588623046875
991.20458984375 985.71417236328125 982.12359619140625 980.58721923828125 979.83563232421875 978.6268310546875 977.21014404296875 976.0946044921875 974.91680908203125 973.58453369140625 972.88006591796875 973.42449951171875 975.8228759765625 980.0157470703125 985.166259765625 990.37200927734375 995.09869384765625 999.15386962890625 1002.5247802734375 1004.585205078125 1002.59912109375 990.2135009765625 964.72088623046875 938.7161865234375 922.40521240234375 904.99822998046875 883.64910888671875 864.08758544921875 847.19635009765625 831.500732421875 817.08551025390625 803.9774169921875 791.57476806640625 777.5242919921875 757.13055419921875 725.94256591796875 684.1551513671875 637.5924072265625 591.720458984375 553.3436279296875 525.71209716796875 507.369873046875 494.884674072265625 484.472625732421875 472.357208251953125 459.196014404296875 443.5068359375 423.058990478515625 400.839599609375 380.17401123046875 359.7425537109375 339.80950927734375 327.5914306640625 316.69744873046875
977.9520263671875 974.051025390625 971.9888916015625 971.15545654296875 970.62347412109375 969.801025390625 969.01910400390625 968.7384033203125 968.90423583984375 969.38543701171875 970.4957275390625 972.66082763671875 976.16058349609375 980.830322265625 986.02001953125 990.95379638671875 994.99639892578125 997.6824951171875 998.56915283203125 996.90802001953125 990.533447265625 976.78826904296875 955.97882080078125 935.264404296875 919.76531982421875 904.4005126953125 885.61737060546875 865.8289794921875 847.27001953125 830.03558349609375 814.102294921875 799.4227294921875 784.890869140625 767.44281005859375 745.61444091796875 716.70330810546875 677.91314697265625 632.48077392578125 586.48095703125 547.25775146484375 521.24334716796875 507.52056884765625 499.18896484375 491.087677001953125 479.7010498046875 464.171051025390625 444.686676025390625 422.947998046875 401.746124267578125 381.300628662109375 360.63055419921875 341.053070068359375 327.4691162109375 314.351470947265625
965.28863525390625 962.9959716796875 962.00115966796875 961.24163818359375 960.687255859375 960.441162109375 960.7139892578125 961.73541259765625 963.4285888671875 965.598388671875 968.37750244140625 972.02166748046875 976.599365234375 981.83905029296875 987.16973876953125 991.89825439453125 995.34033203125 996.854736328125 995.84130859375 991.62664794921875 983.26190185546875 969.82958984375 952.0313720703125 933.28363037109375 916.7701416015625 902.00433349609375 885.5091552734375 866.16754150390625 845.91082763671875 826.3106689453125 807.6634521484375 790.3271484375 773.56573486328125 753.87115478515625 730.14898681640625 701.722412109375 666.74212646484375 625.12750244140625 581.674560546875 544.50482177734375 521.39605712890625 511.011322021484375 505.944610595703125 501.00775146484375 493.01446533203125 472.569488525390625 442.5421142578125 417.2760009765625 399.215087890625 380.66375732421875 359.319000244140625 339.957244873046875 326.071807861328125 312.9049072265625
954.1148681640625 953.08349609375 953.1595458984375 952.640869140625 951.96826171875 952.20361328125 953.50726318359375 955.95477294921875 959.20849609375 962.9229736328125 967.13690185546875 971.99658203125 977.4464111328125 983.16522216796875 988.650146484375 993.291748046875 996.3857421875 997.1690673828125 994.98834228515625 989.45904541015625 980.3514404296875 967.4893798828125 951.13116455078125 932.87762451171875 915.1290283203125 898.82269287109375 882.29986572265625 863.58563232421875 842.7022705078125 820.7198486328125 798.603759765625 777.9541015625 760.41070556640625 744.81982421875 725.88360595703125 698.116455078125 662.04254150390625 622.25042724609375 581.4749755859375 547.400146484375 526.86956787109375 518.16827392578125 515.01220703125 512.6949462890625 506.18585205078125 479.356048583984375 439.795074462890625 413.129241943359375 399.558349609375 382.943878173828125 359.243927001953125 338.744110107421875 325.345611572265625 313.295654296875
943.27685546875 943.1558837890625 944.15533447265625 944.61669921875 944.60546875 945.9146728515625 948.767578125 952.83477783203125 957.30511474609375 962.2530517578125 967.47662353515625 973.0809326171875 978.96337890625 984.83050537109375 990.29754638671875 994.88482666015625 997.8785400390625 998.33685302734375 995.45758056640625 989.03717041015625 979.353759765625 966.635498046875 950.90130615234375 932.82257080078125 914.60809326171875 897.3714599609375 880.00848388671875 860.980224609375 839.4227294921875 815.290283203125 789.4683837890625 763.81695556640625 743.41552734375 732.279052734375 721.98504638671875 698.20489501953125 662.16522216796875 624.31024169921875 586.9498291015625 556.435302734375 537.24786376953125 527.56329345703125 523.12091064453125 519.13983154296875 508.833587646484375 479.22015380859375 440.167724609375 415.867523193359375 404.977813720703125 388.821044921875 362.10797119140625 339.56793212890625 324.778106689453125 312.332550048828125
934.28369140625 933.550537109375 934.29339599609375 936.044189453125 938.358154296875 -999999 -999999 -999999 958.57061767578125 964.25335693359375 969.844482421875 975.496826171875 981.13726806640625 986.56634521484375 991.59765625 995.96575927734375 998.96209716796875 999.31787109375 995.8123779296875 988.251953125 977.383544921875 964.083740234375 948.68310546875 931.0338134765625 913.18115234375 896.01898193359375 878.4515380859375 859.5399169921875 838.1368408203125 813.3177490234375 785.60284423828125 756.90850830078125 731.6754150390625 716.5306396484375 706.55194091796875 687.5391845703125 659.2706298828125 627.28253173828125 595.02740478515625 568.03948974609375 549.205078125 536.8997802734375 528.50640869140625 519.07080078125 502.385406494140625 474.524993896484375 442.423187255859375 418.615203857421875 404.960723876953125 386.85223388671875 360.694000244140625 341.96624755859375 327.7562255859375 311.783233642578125
-999999 -999999 -999999 930.55511474609375 933.91571044921875 -999999 -999999 -999999 963.28436279296875 969.0252685546875 974.19281005859375 979.07733154296875 983.66790771484375 987.83154296875 991.69036865234375 995.30609130859375 998.0855712890625 998.29876708984375 993.7628173828125 984.42694091796875 971.7037353515625 957.06842041015625 941.87554931640625 926.5762939453125 911.1463623046875 894.65478515625 877.08074951171875 859.1051025390625 839.28497314453125 816.147216796875 789.27655029296875 760.68280029296875 733.48443603515625 712.92657470703125 697.224853515625 678.558349609375 656.17266845703125 630.50164794921875 603.2208251953125 578.76708984375 559.65234375 544.83807373046875 533.114501953125 520.43109130859375 502.017913818359375 475.148284912109375 444.704681396484375 418.90008544921875 399.449493408203125 377.72576904296875 355.12152099609375 343.363677978515625 332.960845947265625 315.497772216796875
-999999 -999999 -999999 -999999 -999999 -999999 958.6318359375 965.171630859375 970.96728515625 975.966552734375 979.90570068359375 983.30816650390625 986.05804443359375 988.02313232421875 989.59674072265625 991.33746337890625 993.1229248046875 993.10272216796875 987.59136962890625 976.17889404296875 961.16375732421875 944.64678955078125 928.74395751953125 915.515625 903.638671875 889.87158203125 873.97088623046875 857.79705810546875 840.5125732421875 821.2589111328125 797.92193603515625 771.78857421875 745.50347900390625 721.27056884765625 698.77410888671875 677.69525146484375 657.0975341796875 634.7216796875 610.6026611328125 587.43878173828125 567.3592529296875 550.58905029296875 537.33135986328125 524.8946533203125 509.197967529296875 485.59100341796875 453.383087158203125 422.902679443359375 399.400634765625 375.29815673828125 355.98968505859375 347.398193359375 338.675323486328125 322.880401611328125
-999999 -999999 -999999 -999999 -999999 953.913330078125 964.45745849609375 974.0576171875 980.3775634765625 983.6983642578125 985.767578125 987.3653564453125 987.925537109375 986.92401123046875 984.95196533203125 983.173095703125 982.453857421875 981.62890625 976.052490234375 963.31341552734375 946.51422119140625 929.1824951171875 912.34796142578125 898.50958251953125 888.6953125 879.46630859375 867.4200439453125 853.25946044921875 837.87030029296875 823.265380859375 806.95477294921875 785.9503173828125 760.000732421875 733.60357666015625 707.447021484375 683.8521728515625 661.741943359375 639.61334228515625 617.02496337890625 594.37841796875 572.49017333984375 553.2041015625 538.28326416015625 526.40728759765625 514.88226318359375 497.936309814453125 468.45379638671875 435.977294921875 410.863372802734375 386.548492431640625 367.1549072265625 357.34136962890625 348.15997314453125 334.3253173828125
-999999 -999999 -999999 -999999 -999999 -999999 974.7822265625 984.927490234375 989.74493408203125 990.47503662109375 990.40185546875 990.48699951171875 989.1890869140625 985.3128662109375 979.45745849609375 973.439697265625 969.44573974609375 966.87347412109375 960.1444091796875 945.9473876953125 929.630615234375 915.27703857421875 900.316650390625 885.527099609375 875.39349365234375 868.57415771484375 859.510009765625 845.9097900390625 829.53582763671875 814.91796875 803.3861083984375 789.71759033203125 767.78424072265625 741.248779296875 714.89410400390625 691.74658203125 668.27410888671875 644.4451904296875 622.32867431640625 601.07196044921875 577.416748046875 554.32598876953125 535.2628173828125 520.91387939453125 510.510894775390625 499.36468505859375 477.298492431640625 448.665802001953125 424.3438720703125 400.833892822265625 378.634521484375 368.267974853515625 362.863189697265625 350.228271484375
-999999 -999999 -999999 -999999 -999999 -999999 986.537353515625 994.5902099609375 997.12371826171875 994.66912841796875 992.70135498046875 992.135498046875 989.900146484375 984.517822265625 976.544677734375 968.81097412109375 964.873291015625 961.257080078125 949.9622802734375 931.7535400390625 916.3265380859375 906.3099365234375 896.17327880859375 883.8834228515625 872.71343994140625 863.67791748046875 853.73626708984375 839.08343505859375 820.1292724609375 801.65155029296875 789.36456298828125 777.2867431640625 756.21624755859375 728.203857421875 703.26702880859375 685.663818359375 667.478515625 646.35760498046875 628.10614013671875 611.2491455078125 587.52301025390625 559.55853271484375 534.8663330078125 515.567138671875 501.100555419921875 489.524169921875 472.814971923828125 450.941253662109375 429.891265869140625 409.093963623046875 387.68798828125 378.60992431640625 373.9757080078125 359.3349609375
-999999 -999999 -999999 -999999 -999999 -999999 -999999 1000.9984130859375 1000.87481689453125 995.7518310546875 992.63824462890625 992.26190185546875 990.064697265625 984.95263671875 978.0517578125 972.54302978515625 970.87646484375 966.5792236328125 951.127197265625 928.90997314453125 912.03253173828125 902.79840087890625 895.658935546875 886.3623046875 875.0142822265625 863.353515625 851.04180908203125 835.212890625 815.080078125 794.121826171875 776.47283935546875 761.0281982421875 739.43841552734375 709.47210693359375 680.2607421875 662.43182373046875 654.1854248046875 645.451904296875 637.55950927734375 628.459228515625 607.32073974609375 577.307861328125 545.5784912109375 517.77410888671875 495.794158935546875 479.603729248046875 464.196014404296875 447.140106201171875 429.66094970703125 411.887451171875 393.5286865234375 382.10693359375 369.024932861328125 354.680511474609375
-999999 -999999 -999999 -999999 -999999 -999999 -999999 1002.7760009765625 1000.97210693359375 995.554931640625 992.17523193359375 991.77874755859375 990.01409912109375 986.154052734375 981.5489501953125 977.81341552734375 975.690185546875 969.669189453125 953.2647705078125 930.5555419921875 912.33148193359375 900.9796142578125 892.91314697265625 884.74261474609375 874.91162109375 863.40313720703125 850.35986328125 833.9918212890625 814.2049560546875 793.18109130859375 772.5970458984375 754.11029052734375 733.38311767578125 706.9945068359375 676.56585693359375 653.98052978515625 647.2457275390625 647.1898193359375 649.8858642578125 648.73284912109375 628.86566162109375 597.064453125 561.237548828125 525.6446533203125 496.52227783203125 474.240509033203125 457.30548095703125 442.74609375 427.793731689453125 411.94384765625 397.332672119140625 386.667327880859375 365.42340087890625 343.884002685546875
-999999 -999999 -999999 -999999 -999999 -999999 -999999 999.99859619140625 999.14923095703125 995.73040771484375 992.845458984375 991.74713134765625 989.9901123046875 987.04278564453125 982.90380859375 976.784423828125 970.2982177734375 961.57366943359375 945.25140380859375 924.10235595703125 907.59515380859375 896.5003662109375 886.8271484375 878.1497802734375 870.65203857421875 861.56182861328125 850.27545166015625 834.66644287109375 814.02569580078125 791.78118896484375 771.9720458984375 753.92620849609375 735.19281005859375 715.64599609375 692.22393798828125 668.49334716796875 653.46368408203125 649.2799072265625 654.8809814453125 659.717041015625 642.48291015625 609.18255615234375 571.72039794921875 532.2242431640625 499.02557373046875 471.09259033203125 452.3016357421875 440.000518798828125 425.310546875 409.495147705078125 397.626922607421875 392.05419921875 374.818634033203125 346.798919677734375
-999999 -999999 -999999 -999999 -999999 -999999 -999999 996.44573974609375 996.727783203125 995.5926513671875 993.4373779296875 991.419921875 988.92950439453125 985.8427734375 981.2393798828125 972.0643310546875 960.6617431640625 948.19757080078125 930.63031005859375 910.125244140625 894.732421875 885.4215087890625 876.88616943359375 868.55145263671875 863.13568115234375 857.32769775390625 849.451904296875 836.46600341796875 815.67242431640625 792.5567626953125 772.7781982421875 754.58856201171875 735.66351318359375 717.3653564453125 698.5413818359375 678.37554931640625 660.7816162109375 649.548828125 646.6417236328125 646.8624267578125 634.61236572265625 607.3126220703125 571.22271728515625 532.79034423828125 491.756561279296875 451.394989013671875 431.123687744140625 428.2091064453125 419.437530517578125 404.471893310546875 393.9002685546875 388.385955810546875 378.09356689453125 355.3634033203125
