data/TNO-HT-ATES/HT-ATES_NLFFS/TG421_NLDOBR__temperature_ATES.asc
ncols        266
nrows        269
xllcorner    11500.000000000000
yllcorner    355500.000000000000
cellsize     1000.000000000000
NODATA_value  -999999
[rows 92 to 114 of 269, columns 208 to 259 of 266]
26.383062362670898438 28.09006500244140625 29.681329727172851562 29.26892852783203125 27.740518569946289062 25.816560745239257812 23.879571914672851562 22.12774658203125 20.787530899047851562 19.992536544799804688 19.755609512329101562 19.79148101806640625 19.644870758056640625 18.881130218505859375 17.733102798461914062 16.733333587646484375 16.310140609741210938 -999999 -999999 -999999 16.547033309936523438 16.507555007934570312 16.291660308837890625 15.938326835632324219 15.629437446594238281 15.707797050476074219 17.195493698120117188 20.239223480224609375 22.487485885620117188 20.665943145751953125 17.862558364868164062 17.387845993041992188 17.371433258056640625 17.275880813598632812 17.044878005981445312 16.707967758178710938 16.5006866455078125 16.282670974731445312 16.167446136474609375 16.33092498779296875 16.474714279174804688 16.477197647094726562 16.521745681762695312 16.554258346557617188 16.601100921630859375 16.591909408569335938 16.578983306884765625 16.603410720825195312 16.611776351928710938 -999999 -999999 -999999
25.3970794677734375 25.321590423583984375 26.39253997802734375 27.711111068725585938 27.490924835205078125 25.265211105346679688 22.815053939819335938 21.0611419677734375 19.90622711181640625 19.321046829223632812 19.206743240356445312 19.507961273193359375 19.73834228515625 19.120758056640625 17.944913864135742188 16.836816787719726562 15.524349212646484375 -999999 -999999 16.11292266845703125 15.986256599426269531 15.992902755737304688 15.912734031677246094 15.783061027526855469 15.783856391906738281 16.259016036987304688 17.771240234375 21.243082046508789062 25.250844955444335938 24.94901275634765625 21.049367904663085938 18.366512298583984375 17.827005386352539062 17.62912750244140625 17.376615524291992188 17.085084915161132812 16.946805953979492188 16.852060317993164062 16.902688980102539062 17.25481414794921875 17.454700469970703125 17.414363861083984375 17.380945205688476562 17.335329055786132812 17.33237457275390625 17.231449127197265625 17.137157440185546875 17.041412353515625 16.932962417602539062 -999999 -999999 -999999
25.210275650024414062 24.751195907592773438 24.453693389892578125 25.148408889770507812 25.194976806640625 22.936441421508789062 20.622983932495117188 20.001989364624023438 20.337360382080078125 20.345947265625 20.062824249267578125 19.829212188720703125 19.61389923095703125 18.930940628051757812 17.92072296142578125 16.90930938720703125 16.08220672607421875 15.786409378051757812 15.74848175048828125 15.705040931701660156 15.606699943542480469 15.591062545776367188 15.59003448486328125 15.762503623962402344 16.16347503662109375 16.884878158569335938 18.075839996337890625 20.855533599853515625 25.489580154418945312 27.697515487670898438 25.138050079345703125 20.539300918579101562 18.2139434814453125 17.859066009521484375 17.618890762329101562 17.386653900146484375 17.331903457641601562 17.286016464233398438 17.362760543823242188 17.745752334594726562 18.021615982055664062 18.076847076416015625 18.048168182373046875 17.930431365966796875 17.818864822387695312 17.6736602783203125 17.58380126953125 17.412664413452148438 17.240596771240234375 -999999 -999999 -999999
24.679090499877929688 24.785192489624023438 24.116546630859375 23.505369186401367188 22.434511184692382812 20.131114959716796875 18.009510040283203125 18.187007904052734375 20.731891632080078125 22.7064208984375 23.686277389526367188 23.761676788330078125 22.025037765502929688 19.466756820678710938 17.885461807250976562 17.063259124755859375 16.164850234985351562 15.646723747253417969 15.471478462219238281 15.465764045715332031 15.439688682556152344 15.467998504638671875 15.591524124145507812 15.900399208068847656 16.379962921142578125 17.187124252319335938 18.448657989501953125 20.313474655151367188 24.11962127685546875 27.575708389282226562 27.373218536376953125 22.906660079956054688 18.836114883422851562 17.961256027221679688 17.765573501586914062 17.550048828125 17.504461288452148438 17.49444580078125 17.57016754150390625 17.852924346923828125 18.1649932861328125 18.308135986328125 18.332372665405273438 18.229099273681640625 18.073011398315429688 17.91707611083984375 17.853723526000976562 17.666223526000976562 17.499677658081054688 -999999 -999999 -999999
23.715351104736328125 24.171018600463867188 24.041843414306640625 23.252546310424804688 21.804059982299804688 19.677072525024414062 17.328266143798828125 16.652738571166992188 19.771932601928710938 23.331972122192382812 26.333820343017578125 27.866720199584960938 26.02527618408203125 21.373849868774414062 18.070302963256835938 17.05054473876953125 16.335239410400390625 15.864155769348144531 15.717270851135253906 15.811848640441894531 15.8243865966796875 15.8054046630859375 15.923318862915039062 16.12807464599609375 16.412725448608398438 17.0435791015625 18.31536865234375 20.027133941650390625 22.830076217651367188 26.074663162231445312 27.460376739501953125 24.046245574951171875 19.588045120239257812 17.952569961547851562 17.782293319702148438 17.543689727783203125 17.48892974853515625 17.527231216430664062 17.601678848266601562 17.833669662475585938 18.103185653686523438 18.269498825073242188 18.281696319580078125 18.1702880859375 18.025362014770507812 17.913339614868164062 17.864221572875976562 17.685821533203125 17.526468276977539062 -999999 -999999 -999999
22.447069168090820312 22.85284423828125 23.110830307006835938 22.975902557373046875 22.352014541625976562 21.064672470092773438 19.31032562255859375 18.3689727783203125 19.774297714233398438 22.522409439086914062 25.803884506225585938 28.182813644409179688 27.982515335083007812 24.489818572998046875 19.987140655517578125 17.4972991943359375 16.595867156982421875 16.257341384887695312 16.232107162475585938 16.4156951904296875 16.532148361206054688 16.510328292846679688 16.438999176025390625 16.404514312744140625 16.48365020751953125 16.89405059814453125 17.926378250122070312 19.641735076904296875 21.943819046020507812 25.004713058471679688 26.838590621948242188 24.208433151245117188 19.919040679931640625 17.836835861206054688 17.670171737670898438 17.459136962890625 17.43328094482421875 17.539686203002929688 17.635812759399414062 17.850194931030273438 18.071321487426757812 18.1697540283203125 18.046186447143554688 17.890497207641601562 17.766401290893554688 17.748538970947265625 17.738374710083007812 17.552532196044921875 17.40590667724609375 -999999 -999999 -999999
21.243631362915039062 21.447011947631835938 21.813192367553710938 21.951873779296875 22.124387741088867188 21.893026351928710938 21.302698135375976562 21.048917770385742188 21.53607177734375 22.693128585815429688 24.589414596557617188 26.412267684936523438 27.287012100219726562 26.3677978515625 23.783267974853515625 21.167448043823242188 19.3671417236328125 17.685411453247070312 16.7757568359375 16.916734695434570312 17.106859207153320312 17.100925445556640625 16.944183349609375 16.782711029052734375 16.864475250244140625 17.17772674560546875 17.847749710083007812 19.247285842895507812 21.27919769287109375 24.284229278564453125 26.273511886596679688 24.13436126708984375 19.880998611450195312 17.597341537475585938 17.352460861206054688 17.20800018310546875 17.271442413330078125 17.443361282348632812 17.466930389404296875 17.573810577392578125 17.729869842529296875 17.8046112060546875 17.595129013061523438 17.361215591430664062 17.2693939208984375 17.336267471313476562 17.367221832275390625 17.246553421020507812 14.712701797485351562 -999999 -999999 -999999
20.433305740356445312 20.20159912109375 20.516407012939453125 20.8299407958984375 21.527618408203125 22.093799591064453125 22.4267120361328125 22.78813934326171875 23.315771102905273438 23.825283050537109375 24.476182937622070312 25.25484466552734375 25.927511215209960938 26.236871719360351562 26.125387191772460938 25.742967605590820312 24.973630905151367188 22.273777008056640625 18.86759185791015625 17.181880950927734375 17.073314666748046875 17.113222122192382812 17.040964126586914062 16.987592697143554688 17.1542816162109375 17.446165084838867188 17.918725967407226562 18.906358718872070312 20.412996292114257812 23.190629959106445312 25.489553451538085938 24.187175750732421875 20.300699234008789062 17.618946075439453125 16.994243621826171875 16.826959609985351562 16.967763900756835938 17.095310211181640625 16.970525741577148438 16.880495071411132812 16.922361373901367188 17.02478790283203125 16.88188934326171875 16.704654693603515625 16.704309463500976562 16.846666336059570312 16.905731201171875 16.864101409912109375 14.4015960693359375 -999999 -999999 -999999
20.4554443359375 20.000423431396484375 20.08901214599609375 20.523052215576171875 21.293804168701171875 22.155305862426757812 23.021413803100585938 23.781452178955078125 24.356853485107421875 24.719465255737304688 25.050333023071289062 25.334653854370117188 25.672513961791992188 25.868427276611328125 26.265508651733398438 27.257816314697265625 28.5501556396484375 27.357402801513671875 23.0128173828125 18.582704544067382812 16.72899627685546875 16.433912277221679688 16.382390975952148438 16.462169647216796875 16.623353958129882812 16.860490798950195312 17.29079437255859375 18.1348419189453125 19.156187057495117188 21.301931381225585938 23.7134552001953125 23.474546432495117188 20.956823348999023438 18.389345169067382812 17.042705535888671875 16.4615020751953125 16.555080413818359375 16.580694198608398438 16.408273696899414062 16.124523162841796875 16.016763687133789062 16.1726837158203125 16.209356307983398438 16.107265472412109375 16.19319915771484375 16.355846405029296875 16.417896270751953125 16.327749252319335938 -999999 -999999 -999999 -999999
21.080522537231445312 20.932565689086914062 20.87953948974609375 21.1201629638671875 21.637990951538085938 22.349645614624023438 23.296148300170898438 24.210840225219726562 24.813302993774414062 25.139892578125 25.39011383056640625 25.6287689208984375 25.8773345947265625 26.009029388427734375 26.099443435668945312 26.687353134155273438 27.829576492309570312 28.212236404418945312 25.843326568603515625 21.116899490356445312 17.49337005615234375 15.996052742004394531 15.470273017883300781 15.59747314453125 15.789750099182128906 15.803425788879394531 16.14227294921875 17.049100875854492188 18.030483245849609375 19.607515335083007812 21.23023223876953125 21.451000213623046875 20.659452438354492188 19.397508621215820312 17.989358901977539062 16.931024551391601562 16.4346771240234375 16.121927261352539062 15.881769180297851562 15.517187118530273438 15.233844757080078125 15.271771430969238281 15.343397140502929688 15.334402084350585938 15.418526649475097656 15.542042732238769531 15.609197616577148438 15.577371597290039062 -999999 -999999 -999999 -999999
22.137454986572265625 22.134027481079101562 22.034528732299804688 22.021471023559570312 22.22861480712890625 22.687755584716796875 23.454046249389648438 24.298154830932617188 24.926694869995117188 25.273334503173828125 25.506153106689453125 25.711978912353515625 25.889373779296875 25.99541473388671875 25.90245819091796875 25.757963180541992188 25.6880950927734375 25.668600082397460938 24.88263702392578125 22.3666839599609375 19.0737152099609375 16.585170745849609375 15.3568267822265625 15.391557693481445312 15.692698478698730469 15.801605224609375 16.005193710327148438 16.468204498291015625 17.002023696899414062 18.150821685791015625 19.390432357788085938 19.62975311279296875 19.204540252685546875 18.982830047607421875 18.648145675659179688 18.069061279296875 17.2765350341796875 16.31484222412109375 15.552343368530273438 15.053552627563476562 14.59551239013671875 14.467034339904785156 14.443234443664550781 14.472275733947753906 14.512592315673828125 14.530978202819824219 14.515744209289550781 14.448469161987304688 -999999 -999999 -999999 -999999
23.281587600708007812 23.20073699951171875 23.040378570556640625 22.832799911499023438 22.777984619140625 22.946407318115234375 23.413656234741210938 24.10572052001953125 24.726713180541992188 25.1415863037109375 25.3715362548828125 25.533809661865234375 25.63822174072265625 25.629947662353515625 25.447717666625976562 24.951383590698242188 23.978368759155273438 22.882665634155273438 22.026336669921875 21.024232864379882812 18.867916107177734375 16.425907135009765625 15.043681144714355469 15.037349700927734375 15.505542755126953125 16.054788589477539062 16.326869964599609375 16.193210601806640625 16.001552581787109375 16.984371185302734375 18.56049346923828125 19.006525039672851562 17.943094253540039062 17.405645370483398438 17.843570709228515625 18.291929244995117188 18.267660140991210938 17.34523773193359375 15.917107582092285156 14.717382431030273438 14.061854362487792969 13.857060432434082031 13.749636650085449219 13.6551361083984375 13.5887908935546875 13.552768707275390625 13.438106536865234375 13.257863998413085938 -999999 -999999 -999999 -999999
24.3752288818359375 24.128156661987304688 23.804615020751953125 23.39908599853515625 23.06771087646484375 22.914285659790039062 23.001852035522460938 23.420484542846679688 24.0133819580078125 24.581684112548828125 24.918514251708984375 25.0878143310546875 25.168277740478515625 25.066160202026367188 24.72336578369140625 24.074930191040039062 22.832777023315429688 21.249240875244140625 20.015134811401367188 18.993787765502929688 16.8964385986328125 14.737669944763183594 13.932734489440917969 14.121819496154785156 14.647214889526367188 15.438843727111816406 16.05921173095703125 15.950276374816894531 15.442273139953613281 16.252031326293945312 18.189691543579101562 18.822893142700195312 17.48657989501953125 16.3144378662109375 16.51639556884765625 17.41937255859375 18.389606475830078125 18.217136383056640625 16.72209930419921875 14.894643783569335938 13.880461692810058594 13.493863105773925781 13.326674461364746094 13.091055870056152344 12.90389251708984375 12.878439903259277344 12.758134841918945312 12.534785270690917969 -999999 -999999 -999999 -999999
25.437620162963867188 24.739675521850585938 24.22104644775390625 23.615209579467773438 23.076379776000976562 22.599042892456054688 22.261981964111328125 22.235101699829101562 22.595256805419921875 23.220033645629882812 23.741718292236328125 24.100313186645507812 24.283830642700195312 24.240047454833984375 23.745029449462890625 22.8893890380859375 21.744403839111328125 20.473443984985351562 19.378671646118164062 18.2702789306640625 15.800786972045898438 13.928552627563476562 13.942570686340332031 14.312275886535644531 14.773045539855957031 15.238494873046875 15.774169921875 15.843165397644042969 -999999 -999999 -999999 -999999 -999999 -999999 -999999 -999999 -999999 -999999 -999999 15.751059532165527344 14.659667015075683594 13.783165931701660156 13.22324371337890625 -999999 12.664975166320800781 12.685159683227539062 12.60143280029296875 12.388726234436035156 -999999 -999999 -999999 -999999
26.017660140991210938 25.216650009155273438 24.585515975952148438 23.853021621704101562 23.082244873046875 22.313808441162109375 21.633243560791015625 21.147897720336914062 20.980318069458007812 21.299167633056640625 21.918985366821289062 22.584842681884765625 23.088388442993164062 23.396823883056640625 22.728166580200195312 21.682952880859375 20.954168319702148438 20.396299362182617188 19.768512725830078125 18.928806304931640625 17.1557769775390625 15.746237754821777344 15.704621315002441406 15.84986114501953125 16.418752670288085938 15.920004844665527344 15.8262481689453125 -999999 -999999 -999999 -999999 -999999 -999999 -999999 -999999 -999999 -999999 -999999 -999999 -999999 -999999 -999999 -999999 -999999 -999999 -999999 -999999 12.530338287353515625 -999999 -999999 -999999 -999999
26.139858245849609375 25.619266510009765625 25.047117233276367188 24.345125198364257812 23.48146820068359375 22.5646514892578125 21.687429428100585938 20.8890838623046875 20.320909500122070312 20.214822769165039062 20.583307266235351562 21.211343765258789062 21.900835037231445312 22.330419540405273438 21.79022216796875 21.0107269287109375 20.933946609497070312 21.053554534912109375 20.79543304443359375 20.232173919677734375 19.064382553100585938 17.894979476928710938 17.496124267578125 17.39013671875 17.175954818725585938 -999999 -999999 -999999 -999999 -999999 -999999 -999999 -999999 -999999 -999999 -999999 -999999 -999999 -999999 -999999 -999999 -999999 -999999 -999999 -999999 -999999 -999999 -999999 -999999 -999999 -999999 -999999
26.585363388061523438 26.153589248657226562 25.627820968627929688 25.027568817138671875 24.412628173828125 23.652841567993164062 22.777280807495117188 21.82999420166015625 21.044282913208007812 20.649738311767578125 20.664121627807617188 21.057048797607421875 21.60968780517578125 21.808673858642578125 21.54892730712890625 21.308292388916015625 21.681722640991210938 22.105457305908203125 22.018388748168945312 21.526641845703125 20.523792266845703125 19.440015792846679688 18.795703887939453125 18.340518951416015625 17.900272369384765625 -999999 -999999 -999999 -999999 -999999 -999999 -999999 -999999 -999999 -999999 -999999 -999999 -999999 -999999 -999999 -999999 -999999 -999999 -999999 -999999 -999999 -999999 -999999 -999999 -999999 -999999 -999999
26.9717864990234375 26.633123397827148438 26.25090789794921875 25.823839187622070312 25.488107681274414062 25.1015472412109375 24.4757080078125 23.576166152954101562 22.758167266845703125 22.26666259765625 22.121400833129882812 22.286294937133789062 22.5266265869140625 22.54166412353515625 22.393487930297851562 22.379892349243164062 22.714019775390625 23.0233001708984375 22.95269775390625 22.486650466918945312 21.5953369140625 20.55956268310546875 19.685937881469726562 19.024957656860351562 18.426319122314453125 18.087772369384765625 -999999 -999999 -999999 -999999 -999999 -999999 -999999 -999999 -999999 -999999 -999999 -999999 -999999 -999999 -999999 -999999 -999999 -999999 -999999 -999999 -999999 -999999 -999999 -999999 -999999 -999999
27.186151504516601562 26.936094284057617188 26.728441238403320312 26.46894073486328125 26.23114776611328125 26.026147842407226562 25.695909500122070312 25.118488311767578125 24.47554779052734375 23.988880157470703125 23.885026931762695312 23.955640792846679688 23.942598342895507812 23.829029083251953125 23.714874267578125 23.673482894897460938 23.650423049926757812 23.673799514770507812 23.559835433959960938 23.148832321166992188 22.31549835205078125 21.29631805419921875 20.282571792602539062 19.44866180419921875 18.893100738525390625 18.535152435302734375 -999999 -999999 -999999 -999999 -999999 -999999 -999999 -999999 -999999 -999999 -999999 -999999 -999999 -999999 -999999 -999999 -999999 -999999 -999999 -999999 -999999 -999999 -999999 -999999 -999999 -999999
27.339075088500976562 27.048501968383789062 26.858785629272460938 26.676534652709960938 26.465177536010742188 26.323453903198242188 26.1362152099609375 25.819332122802734375 25.480871200561523438 25.1933746337890625 25.129560470581054688 25.085912704467773438 24.872915267944335938 24.621372222900390625 24.438100814819335938 24.231058120727539062 23.954412460327148438 23.84102630615234375 23.700885772705078125 23.32842254638671875 22.548898696899414062 21.61084747314453125 20.56464385986328125 19.650890350341796875 19.259103775024414062 19.032274246215820312 -999999 -999999 -999999 -999999 -999999 -999999 -999999 -999999 -999999 -999999 -999999 -999999 -999999 -999999 -999999 -999999 -999999 -999999 -999999 -999999 -999999 -999999 -999999 -999999 -999999 -999999
27.747327804565429688 27.3328094482421875 27.064548492431640625 26.810962677001953125 26.610261917114257812 26.481233596801757812 26.359079360961914062 26.175678253173828125 26.007921218872070312 25.814968109130859375 25.651714324951171875 25.4451446533203125 25.087108612060546875 24.733373641967773438 24.45989227294921875 24.203287124633789062 23.976022720336914062 23.770151138305664062 23.513345718383789062 23.107709884643554688 22.466892242431640625 21.7192840576171875 20.864526748657226562 20.117506027221679688 19.594152450561523438 19.300994873046875 -999999 -999999 -999999 -999999 -999999 -999999 -999999 -999999 -999999 -999999 -999999 -999999 -999999 -999999 -999999 -999999 -999999 -999999 -999999 -999999 -999999 -999999 -999999 -999999 -999999 -999999
28.474430084228515625 27.92910003662109375 27.506536483764648438 27.164258956909179688 26.9541168212890625 26.819164276123046875 26.705419540405273438 26.58406829833984375 26.455432891845703125 26.252994537353515625 25.943346023559570312 25.5660858154296875 25.085933685302734375 24.676141738891601562 24.315488815307617188 24.0349273681640625 23.824975967407226562 23.58693695068359375 23.245647430419921875 22.855272293090820312 22.264345169067382812 21.589141845703125 20.88886260986328125 20.262786865234375 19.6867523193359375 19.215406417846679688 17.513851165771484375 -999999 -999999 -999999 -999999 -999999 -999999 -999999 -999999 -999999 -999999 -999999 -999999 -999999 -999999 -999999 -999999 -999999 -999999 -999999 -999999 -999999 -999999 -999999 -999999 -999999
29.285068511962890625 28.710123062133789062 28.143218994140625 27.688924789428710938 27.35906219482421875 27.141023635864257812 26.955610275268554688 26.850690841674804688 26.678266525268554688 26.397981643676757812 26.042568206787109375 25.65381622314453125 25.160699844360351562 24.725122451782226562 24.303937911987304688 23.960041046142578125 23.703828811645507812 23.3867034912109375 23.000272750854492188 22.620306015014648438 22.067369461059570312 21.432460784912109375 20.7660675048828125 20.151767730712890625 19.560565948486328125 19.074277877807617188 18.713674545288085938 18.573665618896484375 -999999 -999999 -999999 -999999 -999999 -999999 -999999 -999999 -999999 -999999 -999999 -999999 -999999 -999999 -999999 -999999 -999999 -999999 -999999 -999999 -999999 -999999 -999999 -999999
