data/TNO-HT-ATES/HT-ATES_ooz2/ooz2__power_P50_basecase_80-45-40.asc
ncols  140
nrows  163
xllcorner  0.0
yllcorner  300000.0
cellsize  2000.0
NODATA_value  -999999.0
[rows 56 to 83 of 163, columns 63 to 125 of 140]
3.1151032 1.7737433 1.0404141 0.93115044 0.97154385 1.1509796 1.2991308 1.4727786 1.7453657 2.2508245 3.2001584 4.2072787 4.899039 5.382327 5.7025003 5.948682 6.021982 6.2484236 6.343493 6.2734776 6.4296703 6.221766 5.7703753 5.489326 5.2113853 5.2130566 4.809916 4.3749647 3.7855859 3.2613804 3.5198252 4.248317 4.878949 5.613273 6.256532 6.87727 7.2050314 7.0650187 6.4752784 6.1537695 6.16901 5.7265935 5.3226633 4.9155335 4.735906 4.5170712 3.8689675 3.0379336 0.0 0.0 0.0 0.0 0.0 0.0 0.0 0.0 0.0 0.0 0.0 0.0 -999999.0 -999999.0 -999999.0
3.641339 2.5609765 1.8682461 1.6966076 1.77682 1.5216076 1.4809456 1.510295 1.465971 1.6435095 2.4319263 3.4122248 4.156595 4.8129296 5.350566 5.6135974 5.8337193 6.0051894 6.0572033 5.9092 6.1062965 5.9132986 5.055802 5.106325 4.9349504 4.804892 4.3524847 4.000827 3.4202769 3.05271 3.4403772 4.174842 4.9508743 5.5886083 6.3203144 6.563225 6.3732004 5.661409 5.005129 5.216839 5.1935287 4.8322477 4.840177 4.6698875 4.4440145 4.5475087 4.100433 0.0 0.0 0.0 0.0 0.0 0.0 0.0 0.0 0.0 0.0 0.0 0.0 0.0 -999999.0 -999999.0 -999999.0
3.8807297 3.0211992 2.3878298 1.9594679 1.6731843 1.238802 1.1691611 1.2081333 1.0926921 1.2446961 1.9627842 2.8082538 3.5758612 4.259357 4.81867 5.3828154 5.581861 5.6896315 5.788785 5.6749325 5.8948407 5.7761054 5.2450504 4.74184 4.4458685 4.563891 4.240797 3.9414303 3.5634797 3.4373484 3.7654862 4.548016 5.2381377 6.0251136 6.492501 6.5399585 6.355643 5.5005717 4.620455 4.7637773 4.537134 4.418583 4.0681295 4.1567364 3.8977134 0.0 0.0 0.0 0.0 0.0 0.0 0.0 0.0 0.0 0.0 0.0 0.0 0.0 0.0 0.0 -999999.0 -999999.0 -999999.0
4.166525 3.342398 2.6390738 1.6455299 0.7117255 0.0 0.0 0.7030611 0.8512855 1.2665613 1.971548 2.4877627 3.202253 4.0329022 4.698479 5.214174 5.3249493 5.507055 5.490713 5.522385 5.7567964 5.6869655 5.3265862 4.4216995 3.9972131 4.207886 4.2128067 4.154225 4.0794134 4.0855837 4.1793766 4.8393893 5.749288 6.259792 7.089727 6.933746 6.4016104 5.8672404 5.1155524 4.7129083 4.3126235 4.142977 3.7859945 3.76959 0.0 0.0 0.0 0.0 0.0 0.0 0.0 0.0 0.0 0.0 0.0 0.0 0.0 0.0 0.0 -999999.0 -999999.0 -999999.0 -999999.0
4.4639373 3.3476725 2.754405 1.3617568 -999999.0 -999999.0 0.0 0.0 0.93176454 1.3918115 2.0403645 2.3784719 2.8914502 3.6121256 4.4519796 4.734784 4.939284 5.09504 5.2528963 5.557166 5.914587 6.0047603 5.779021 4.9052315 3.5983088 3.7619095 4.302985 4.6290197 4.66198 4.77557 5.0255613 5.6327376 6.205604 6.523104 7.1161876 6.7056475 6.3607593 6.394544 6.467828 5.93877 5.4190736 4.9494634 4.6062326 4.1332016 0.0 0.0 0.0 0.0 0.0 0.0 0.0 0.0 0.0 0.0 0.0 0.0 0.0 0.0 0.0 -999999.0 -999999.0 -999999.0 -999999.0
4.3818955 3.2659097 2.564573 1.50851 0.0 0.0 0.5766741 1.100012 1.6275163 2.0350318 2.335203 2.321151 2.6269581 3.1918378 3.810795 4.1971936 4.4507127 4.660885 4.942074 5.2027984 5.3781843 5.9598265 6.1209283 5.8082466 4.0609694 4.155639 4.9453483 5.27508 5.4734645 6.105882 6.1873064 6.1054835 6.4295177 6.3927846 6.3819056 6.074335 5.9938173 6.732616 6.621289 5.71666 5.318362 4.8406234 4.3404503 5.07965 0.0 0.0 0.0 0.0 0.0 0.0 0.0 0.0 0.0 0.0 0.0 0.0 0.0 0.0 0.0 -999999.0 -999999.0 -999999.0 -999999.0
4.219426 3.5161726 2.7949104 1.8925649 1.1199585 1.2048585 1.6729974 2.1835005 2.5384467 2.9482088 2.553605 2.3050394 2.399024 2.923833 3.1958587 3.532022 3.9662209 4.1583185 4.54693 4.899795 5.2035933 5.67535 6.129769 6.4085817 5.196512 5.4985504 5.8912215 6.3036156 6.7278805 7.7581844 7.88966 7.380632 6.800563 6.473553 6.115875 5.6800823 5.358926 4.924211 4.920394 4.578998 4.44868 4.2694397 4.377933 4.431244 0.0 0.0 0.0 0.0 0.0 0.0 0.0 0.0 0.0 0.0 0.0 0.0 0.0 0.0 0.0 -999999.0 -999999.0 -999999.0 -999999.0
4.2136745 3.9669032 3.289833 2.6233754 2.0147727 1.9662423 2.3404691 2.6891098 2.9569986 3.150007 2.8214638 2.47717 2.4279206 2.691711 2.8512502 3.1365201 3.4824734 3.7736344 4.248949 4.6894965 5.0894456 5.662178 6.187865 6.888728 6.7713256 7.2984324 7.4595413 7.748267 8.58588 9.468727 8.752805 7.750098 6.91273 6.917733 6.5488157 5.9269843 5.243182 4.664263 3.1668015 3.0508823 3.158799 3.1132803 2.9071789 2.7753625 0.0 0.0 0.0 0.0 0.0 0.0 0.0 0.0 0.0 0.0 0.0 0.0 0.0 0.0 0.0 0.0 -999999.0 -999999.0 -999999.0
4.6128526 4.658449 3.9345627 3.459193 2.9446983 2.5090768 2.5099876 2.657345 2.7099988 2.77348 2.7788231 2.76398 2.706748 2.6542535 2.680344 2.8340847 3.0598702 3.5090451 4.0347886 4.5757356 5.2168684 5.1642275 6.544189 6.8880835 7.01326 7.266918 7.178751 7.642275 8.023783 8.525604 10.327257 8.27213 6.7510066 6.650582 6.731416 5.9035645 5.3485966 4.672338 3.0086856 2.5437582 2.6676505 2.487141 2.269632 0.0 0.0 0.0 0.0 0.0 0.0 0.0 0.0 0.0 0.0 0.0 0.0 0.0 0.0 0.0 0.0 0.0 0.0 -999999.0 0.0
5.094718 5.136199 4.6576157 4.123354 3.7735624 3.2455573 2.9529843 2.9171662 2.7311227 2.497429 2.7529547 2.9632704 2.8301196 2.5799093 2.6026058 2.4324858 2.8372405 3.3230224 3.8729076 4.508861 5.436672 6.2539062 7.1006036 7.203412 6.905833 6.601118 6.730116 7.258649 8.047824 9.063419 9.000253 8.447711 7.4605985 6.9700904 6.5657306 6.0812845 5.5723915 5.143763 3.867201 3.3406808 2.4073858 2.092072 0.0 0.0 0.0 0.0 0.0 0.0 0.0 0.0 0.0 0.0 0.0 0.0 0.0 0.0 0.0 0.0 0.0 0.0 -999999.0 -999999.0 -999999.0
4.904265 5.167276 4.814788 4.413993 4.075635 3.8996065 3.5931487 3.3053648 3.1783955 3.0146275 2.9046106 2.8402421 2.5357497 2.139545 1.7523134 1.6625669 2.052124 2.812081 3.6598177 4.47535 5.4147787 6.3963137 7.2013645 7.539611 7.1328535 6.1976852 5.684792 6.923264 8.24369 8.749072 8.629128 8.42108 7.6775837 7.1752586 6.6978207 6.32347 5.587592 5.1814747 4.3560104 3.819021 3.260949 3.2507632 0.0 0.0 0.0 0.0 0.0 0.0 0.0 0.0 0.0 0.0 0.0 0.0 0.0 0.0 0.0 0.0 0.0 0.0 -999999.0 -999999.0 -999999.0
4.804068 4.9232063 4.7103715 4.4730353 4.3897223 4.305384 4.349578 3.9013863 3.5879478 3.228685 2.972461 2.7199633 2.2703917 1.5053351 0.84629047 0.8286086 1.3478976 2.3327153 3.4377756 4.3797283 5.183613 6.1962724 7.3033214 7.6292777 7.3942695 6.554254 6.0933495 7.544827 8.199003 8.514925 8.189686 8.147576 7.6085668 7.080134 6.80392 6.3242164 5.4047537 4.927928 4.5857544 3.9900036 3.4437647 0.0 0.0 0.0 0.0 0.0 0.0 0.0 0.0 0.0 0.0 0.0 0.0 -999999.0 0.0 0.0 0.0 0.0 0.0 0.0 -999999.0 -999999.0 -999999.0
4.5084724 4.6496544 4.8594494 4.722107 4.5249853 4.6611295 4.806911 4.4328804 3.9149177 3.3914523 3.092595 2.5754802 1.9895484 1.1382823 0.0 0.0 0.9712162 2.2168417 3.2913995 4.1232653 4.756443 5.846161 6.7140737 7.231486 6.9572754 6.441186 7.1861243 7.6832204 8.230566 7.7516274 7.8347373 8.077091 7.7008967 6.9676585 6.5526986 6.069186 5.42417 4.9023786 4.1746817 3.6855714 2.9781609 0.0 0.0 0.0 0.0 0.0 0.0 0.0 0.0 0.0 0.0 0.0 0.0 0.0 -999999.0 0.0 0.0 0.0 0.0 0.0 -999999.0 -999999.0 -999999.0
4.3341546 4.8659573 5.131063 4.993283 4.9875503 5.246499 5.152421 4.983114 4.4273677 3.8227198 3.2334158 2.5223904 1.8690841 1.201502 0.6105308 0.0 1.3344195 2.4836416 3.392299 3.9750478 4.59844 4.711494 5.4155684 6.1153297 6.5318723 6.4971914 7.2274194 7.283338 8.094278 7.720732 7.7891355 8.260504 6.91824 6.19509 6.207887 5.8807735 5.877177 4.932488 4.232876 3.9908767 0.0 0.0 0.0 0.0 0.0 0.0 0.0 0.0 0.0 0.0 0.0 0.0 0.0 0.0 0.0 0.0 0.0 0.0 0.0 -999999.0 -999999.0 -999999.0 -999999.0
4.409568 5.200265 5.543886 5.5359178 5.719474 5.8426404 5.9090075 5.669809 5.008808 4.4500866 3.6323082 2.7002583 2.0563521 1.6409308 1.58329 1.673112 2.2709978 3.162369 3.9497738 4.8367496 4.520912 3.7140522 3.4551556 5.5576797 6.6907415 7.4452004 7.625018 7.205983 7.4055467 7.7326937 7.6488557 7.8077974 7.3070374 6.630552 6.110468 5.6213956 4.284942 5.4707003 5.3894105 4.9971375 3.0634704 0.0 0.0 0.0 0.0 0.0 0.0 0.0 0.0 0.0 0.0 0.0 0.0 0.0 0.0 0.0 0.0 0.0 0.0 -999999.0 -999999.0 -999999.0 -999999.0
4.5402675 5.2349267 5.688941 6.014786 6.2927895 6.408847 6.412871 6.1889687 5.6474314 4.921617 4.006856 3.383272 2.885888 2.6896412 2.7453005 2.9472811 3.2999933 3.9591036 5.001822 6.0649695 5.297753 4.929358 4.7373686 5.5745244 6.5002174 7.612738 7.610121 7.3584886 7.857733 7.982243 7.7771125 7.837214 6.7741094 6.325004 5.64265 4.731306 3.5310333 2.3696358 1.9113805 4.4126177 3.7180638 0.0 0.0 0.0 0.0 0.0 0.0 0.0 0.0 0.0 0.0 0.0 0.0 0.0 0.0 0.0 0.0 0.0 -999999.0 -999999.0 -999999.0 -999999.0 -999999.0
4.5723414 5.319792 5.9569316 6.297641 6.718181 7.0308394 7.0011163 6.765282 5.8278356 5.39204 4.6797585 4.1016684 3.6494114 3.5540867 3.6571329 4.0324297 4.3910966 5.099462 5.6835585 7.3512836 7.5201344 7.1485596 6.590867 6.239366 6.6412225 7.912654 8.6255865 7.943547 7.878658 8.162246 7.94079 7.4166684 6.4210353 6.579964 5.8760586 4.546673 2.8785925 1.7035857 1.3107989 1.6270902 1.7218387 0.0 0.0 0.0 0.0 0.0 0.0 0.0 0.0 0.0 0.0 0.0 0.0 0.0 0.0 0.0 0.0 0.0 -999999.0 -999999.0 -999999.0 -999999.0 -999999.0
4.6478724 5.383826 6.1521297 6.6831017 7.1520076 7.456624 7.3262167 7.121325 6.4976125 5.9242034 5.1691923 4.5653625 4.244075 4.620453 4.8625546 5.2577825 5.739191 6.467658 7.1688814 8.304182 8.787063 8.31868 7.672018 7.532908 8.015637 8.871748 8.961695 8.750888 8.649388 8.548728 8.067232 7.308397 6.1726184 6.1355367 5.715822 4.541984 3.0888278 1.6997488 1.311535 1.4078408 1.4296036 1.2284843 1.336326 0.0 0.0 0.0 0.0 0.0 0.0 0.0 0.0 0.0 0.0 0.0 0.0 0.0 0.0 0.0 -999999.0 -999999.0 -999999.0 -999999.0 -999999.0
4.64879 5.3593607 6.2864976 6.50979 7.547855 7.7490396 7.5928607 7.3353662 6.9010596 6.3422046 5.957875 5.1396146 5.0650992 5.465308 5.521273 5.9649243 6.4371195 6.96813 7.6250234 8.2042465 8.8355 8.095666 7.904097 8.111368 9.424381 9.199653 8.653411 8.728783 8.716541 8.357975 8.563718 7.617569 6.9376345 6.283398 5.6506896 4.0372596 3.7735956 2.3306 1.7556657 1.4304556 1.2874805 1.2193376 0.0 0.0 0.0 0.0 0.0 0.0 0.0 0.0 0.0 0.0 0.0 0.0 0.0 0.0 0.0 0.0 -999999.0 -999999.0 -999999.0 -999999.0 -999999.0
4.648006 5.6780996 6.5709257 7.238986 7.9039125 8.025835 7.910353 7.7356544 7.7988825 7.0884514 6.566219 6.2031302 6.134025 6.3108315 6.8326116 7.0413814 6.7913685 7.281983 7.376683 7.17882 8.217769 8.592989 8.692998 8.405902 9.246993 8.93226 9.000823 8.756995 8.813792 8.8703375 8.829905 8.15969 7.2254705 6.853832 5.4450665 4.851456 3.5421405 3.0301626 2.3708155 1.9996171 1.7667723 2.0587585 0.0 0.0 0.0 0.0 0.0 0.0 0.0 0.0 0.0 0.0 0.0 0.0 0.0 0.0 0.0 -999999.0 -999999.0 -999999.0 -999999.0 -999999.0 -999999.0
4.78646 5.703497 6.634424 7.3488073 7.877414 8.135024 8.33581 7.9482026 8.296293 8.180889 8.06398 6.9541883 7.1467433 7.218571 7.2909408 7.2594843 7.10353 7.4538474 7.6598516 7.769052 8.549752 8.076588 8.417797 9.429174 7.5807676 8.706164 9.362428 8.827509 8.746119 7.995799 7.7238536 8.199894 7.9226627 6.472352 5.833793 5.654323 3.851007 2.729299 2.839983 2.882022 2.303797 0.86551315 0.8437461 0.0 0.0 0.0 0.0 0.0 0.0 0.0 0.0 0.0 0.0 0.0 0.0 0.0 0.0 -999999.0 -999999.0 -999999.0 -999999.0 -999999.0 -999999.0
5.001242 5.7106423 6.71257 7.3514934 7.9106755 9.031325 9.03059 8.220759 8.652686 9.182662 8.800469 8.735628 7.7587357 7.5855713 7.5771446 6.6324363 7.8320446 7.693885 7.271344 7.3814516 8.019331 7.5186896 8.44077 9.282999 9.293675 9.79504 9.588377 8.874065 8.859337 8.085341 7.476498 8.030967 7.4862704 6.668857 6.6557007 6.414693 4.9797482 4.527194 4.6270185 3.4486973 2.1778371 0.88550544 0.96521574 0.0 0.0 0.0 0.0 0.0 0.0 0.0 0.0 0.0 0.0 0.0 0.0 0.0 -999999.0 -999999.0 -999999.0 -999999.0 -999999.0 -999999.0 -999999.0
5.2378287 5.8155136 6.581174 7.2806664 8.400831 8.7880125 8.518112 8.595082 9.311366 9.686573 9.884709 9.240591 7.848901 7.3751507 7.7022557 6.7495537 7.075223 7.1914096 7.0349264 6.574957 6.7609444 6.921271 7.916322 8.043817 8.817698 9.302629 8.603638 8.352619 8.32672 8.49447 8.318053 8.392382 7.27276 6.9562416 6.9415755 6.928434 6.0570426 5.862206 5.184408 3.8094575 2.3211617 1.6541963 1.2910755 0.0 0.0 0.0 0.0 0.0 0.0 0.0 0.0 0.0 0.0 0.0 0.0 -999999.0 -999999.0 -999999.0 -999999.0 -999999.0 -999999.0 -999999.0 -999999.0
5.174059 5.7508664 6.301989 6.918356 7.8155603 8.365167 8.520624 8.439661 9.129861 9.835595 9.449234 9.212645 8.099695 8.478529 7.6540775 6.477926 6.3532906 6.3545895 6.220736 6.1336823 5.7614512 6.2896852 7.1957016 7.106082 8.105292 8.465083 8.207146 7.2036705 6.931568 7.5338616 7.7020454 6.935452 6.882127 6.777019 6.752096 6.9697323 5.6114526 5.343228 5.2914925 3.923599 2.3816352 2.0343492 0.0 0.0 0.0 0.0 0.0 0.0 0.0 0.0 0.0 0.0 0.0 0.0 -999999.0 -999999.0 -999999.0 -999999.0 -999999.0 -999999.0 -999999.0 -999999.0 -999999.0
4.960477 5.550353 5.783882 7.248594 7.673114 7.6997395 7.1960135 7.468966 8.344436 8.980253 8.819203 8.936362 8.824935 8.436199 7.337442 6.054848 5.762498 5.541719 5.1338615 6.29465 5.7970996 6.3713903 6.681915 6.899252 7.394269 7.6043835 7.271773 6.0311036 5.8665195 6.467827 6.474818 6.005433 6.645326 6.508557 6.103512 5.657519 4.62963 4.205391 4.179209 3.8287857 2.6071613 2.1999063 0.0 0.0 0.0 0.0 0.0 0.0 0.0 0.0 0.0 0.0 0.0 0.0 0.0 -999999.0 -999999.0 -999999.0 -999999.0 -999999.0 -999999.0 -999999.0 -999999.0
4.8593616 5.3494864 6.229563 6.8222265 7.0085144 7.417621 6.1962876 5.5220213 5.5232453 6.2287073 7.722422 8.693547 8.473677 7.615786 6.4455814 5.2221055 4.9394493 4.512958 4.410938 5.5369177 5.539452 5.9041634 6.1066484 6.5165052 6.5866723 7.2676554 6.6069593 5.5056386 5.0399895 5.404459 4.9001083 5.43912 5.9013414 5.5411267 5.014577 4.666543 3.5581539 3.0239403 3.0236483 3.0836747 2.7551217 2.1974523 1.5772713 0.0 0.0 0.0 0.0 0.0 0.0 0.0 0.0 0.0 0.0 0.0 0.0 -999999.0 -999999.0 -999999.0 -999999.0 -999999.0 -999999.0 -999999.0 -999999.0
2.7544508 5.784923 6.187996 6.4629726 6.6291194 6.8989596 6.6879125 4.573984 2.9376066 4.3183064 6.420562 8.084305 7.5110126 6.2625036 4.765201 4.303969 3.880365 3.7216756 3.9796963 4.354945 4.5634475 5.115881 5.7155843 6.2046695 6.557979 5.6461153 5.74692 4.655442 4.019129 3.9614327 4.2186728 5.334521 5.088005 4.819889 4.0476213 3.5982046 2.902472 1.8801473 1.787351 2.3893018 2.4288263 1.7403773 1.3391159 0.0 0.0 0.0 0.0 0.0 0.0 0.0 0.0 0.0 0.0 0.0 -999999.0 -999999.0 -999999.0 -999999.0 -999999.0 -999999.0 -999999.0 -999999.0 -999999.0
1.7546393 2.8387594 5.491609 6.220244 6.621223 6.640915 7.1891837 7.0318966 4.131981 5.351759 6.97886 6.2597923 5.4414425 4.2852345 3.2049403 3.141721 3.045121 2.7793112 3.0886767 3.4401977 3.821602 4.463078 5.3911114 4.7458715 4.812192 4.4912405 3.9097679 3.9226391 3.6878278 3.7458 4.2070923 5.0457993 4.5736876 3.9126327 3.4853995 3.2602386 3.2690585 2.3800178 0.87879664 2.1306434 1.569427 1.229536 0.0 0.0 0.0 0.0 0.0 0.0 0.0 0.0 0.0 0.0 -999999.0 -999999.0 -999999.0 -999999.0 -999999.0 -999999.0 -999999.0 -999999.0 -999999.0 -999999.0 -999999.0
