data/TNO-HT-ATES/HT-ATES_ooz2/ooz2__welld_P50_basecase_80-45-40.asc
ncols  140
nrows  163
xllcorner  0.0
yllcorner  300000.0
cellsize  2000.0
NODATA_value  -999999.0
[rows 84 to 111 of 163, columns 0 to 61 of 140]
-999999.0 -999999.0 -999999.0 -999999.0 -999999.0 -999999.0 -999999.0 -999999.0 -999999.0 -999999.0 -999999.0 -999999.0 -999999.0 -999999.0 -999999.0 -999999.0 -999999.0 -999999.0 -999999.0 -999999.0 -999999.0 -999999.0 -999999.0 -999999.0 -999999.0 -999999.0 -999999.0 -999999.0 -999999.0 -999999.0 -999999.0 -999999.0 -999999.0 -999999.0 -999999.0 -999999.0 -999999.0 -999999.0 -999999.0 158.77075 157.70601 158.61563 162.48451 163.19518 164.36581 170.92174 171.72937 172.09227 171.08305 170.11569 170.19933 -999999.0 169.3973 166.65558 169.66331 170.16666 169.24641 170.32329 170.69495 171.62634 172.72032 180.18599
-999999.0 -999999.0 -999999.0 -999999.0 -999999.0 -999999.0 -999999.0 -999999.0 -999999.0 -999999.0 -999999.0 -999999.0 -999999.0 -999999.0 -999999.0 -999999.0 -999999.0 -999999.0 -999999.0 -999999.0 -999999.0 -999999.0 -999999.0 -999999.0 -999999.0 -999999.0 -999999.0 -999999.0 -999999.0 -999999.0 -999999.0 -999999.0 -999999.0 -999999.0 -999999.0 -999999.0 -999999.0 -999999.0 157.8482 156.8486 158.76581 159.71053 162.52864 163.2998 163.7773 170.98064 171.42024 172.07838 170.36893 170.33434 171.90605 172.27498 171.7319 170.78156 170.97437 170.14302 169.13705 167.03253 170.95583 172.09808 180.04984 -999999.0
-999999.0 -999999.0 -999999.0 -999999.0 -999999.0 -999999.0 -999999.0 -999999.0 -999999.0 -999999.0 -999999.0 -999999.0 -999999.0 -999999.0 -999999.0 -999999.0 -999999.0 -999999.0 -999999.0 -999999.0 -999999.0 -999999.0 -999999.0 -999999.0 -999999.0 -999999.0 -999999.0 -999999.0 -999999.0 -999999.0 -999999.0 -999999.0 -999999.0 -999999.0 -999999.0 -999999.0 -999999.0 158.96872 157.01082 158.08005 161.01202 160.70364 159.86769 162.71933 163.86818 169.94069 169.56834 170.07045 169.92416 169.43303 170.16196 173.01334 -999999.0 171.82222 171.09488 169.72418 168.5436 164.64726 170.62657 179.98701 178.81277 180.48557
-999999.0 -999999.0 -999999.0 -999999.0 -999999.0 -999999.0 -999999.0 -999999.0 -999999.0 -999999.0 -999999.0 -999999.0 -999999.0 -999999.0 -999999.0 -999999.0 -999999.0 -999999.0 -999999.0 -999999.0 -999999.0 -999999.0 -999999.0 -999999.0 -999999.0 -999999.0 -999999.0 -999999.0 -999999.0 -999999.0 -999999.0 -999999.0 -999999.0 -999999.0 -999999.0 -999999.0 158.2258 158.38925 159.53685 159.10927 161.81516 161.7603 158.96458 159.65204 163.74973 165.04396 163.83704 168.61685 168.51059 168.60942 169.36523 170.63835 171.9211 171.17393 170.66222 169.55466 168.45755 168.56837 169.49304 179.21997 177.82985 184.71596
-999999.0 -999999.0 -999999.0 -999999.0 -999999.0 -999999.0 -999999.0 -999999.0 -999999.0 -999999.0 -999999.0 -999999.0 -999999.0 -999999.0 -999999.0 -999999.0 -999999.0 -999999.0 -999999.0 -999999.0 -999999.0 -999999.0 -999999.0 -999999.0 -999999.0 -999999.0 -999999.0 -999999.0 -999999.0 -999999.0 -999999.0 -999999.0 -999999.0 -999999.0 -999999.0 155.4309 156.54121 158.71431 160.38654 159.77544 160.54042 159.4748 158.50766 158.40503 161.48482 162.51878 162.17686 166.67494 166.28838 164.70831 167.09056 168.68027 170.32771 169.46773 169.12321 168.58412 167.2548 167.75479 175.74179 178.84952 185.89668 179.03555
-999999.0 -999999.0 -999999.0 -999999.0 -999999.0 -999999.0 -999999.0 -999999.0 -999999.0 -999999.0 -999999.0 -999999.0 -999999.0 -999999.0 -999999.0 -999999.0 -999999.0 -999999.0 -999999.0 -999999.0 -999999.0 -999999.0 -999999.0 -999999.0 -999999.0 -999999.0 -999999.0 -999999.0 -999999.0 -999999.0 -999999.0 -999999.0 -999999.0 -999999.0 149.95715 153.98209 154.53114 155.91653 156.54095 156.96812 156.89888 157.40765 156.47133 155.89355 158.76143 159.70663 159.86688 164.88109 164.5369 160.94919 161.93918 164.36203 165.49399 165.50975 165.69751 166.29683 164.48616 167.10408 175.21567 183.82397 184.58873 183.57553
-999999.0 -999999.0 -999999.0 -999999.0 -999999.0 -999999.0 -999999.0 -999999.0 -999999.0 -999999.0 -999999.0 -999999.0 -999999.0 -999999.0 -999999.0 -999999.0 -999999.0 -999999.0 -999999.0 -999999.0 -999999.0 -999999.0 -999999.0 -999999.0 -999999.0 -999999.0 -999999.0 -999999.0 -999999.0 -999999.0 -999999.0 136.84938 141.6132 145.46516 149.31743 148.06766 149.74362 152.76315 151.98877 153.29509 154.21353 154.15175 154.31976 153.80025 154.306 157.27153 158.8734 158.29247 159.76411 159.83893 160.06877 160.63907 161.47215 163.8139 165.10155 164.76314 156.89372 164.75772 173.76125 183.57603 181.33397 179.84244
-999999.0 -999999.0 -999999.0 -999999.0 -999999.0 -999999.0 -999999.0 -999999.0 -999999.0 -999999.0 -999999.0 -999999.0 -999999.0 -999999.0 -999999.0 -999999.0 -999999.0 -999999.0 -999999.0 -999999.0 -999999.0 -999999.0 -999999.0 -999999.0 -999999.0 -999999.0 -999999.0 -999999.0 -999999.0 -999999.0 134.81442 135.93173 140.13052 143.56082 146.82095 145.37495 147.08797 148.75412 148.78026 149.4521 150.58038 150.84373 151.69293 151.79489 150.63397 155.30363 155.3874 154.00674 157.4271 157.0829 157.41037 158.51772 157.091 159.15892 160.72987 162.23119 162.52332 164.1493 178.79378 182.64938 182.23294 177.31184
-999999.0 -999999.0 -999999.0 -999999.0 -999999.0 -999999.0 -999999.0 -999999.0 -999999.0 -999999.0 -999999.0 -999999.0 -999999.0 -999999.0 -999999.0 -999999.0 -999999.0 -999999.0 -999999.0 -999999.0 -999999.0 -999999.0 -999999.0 -999999.0 -999999.0 -999999.0 -999999.0 -999999.0 -999999.0 -999999.0 134.0863 134.8443 138.49268 140.67708 142.4783 143.08658 143.22398 141.78386 142.57693 144.64241 146.8325 147.47575 148.70082 148.9009 150.90599 152.0392 151.59425 151.48558 155.29774 155.52979 153.67036 154.53297 154.72351 157.2174 158.13426 158.93416 159.85878 160.88303 173.57413 177.6145 175.69191 178.66731
-999999.0 -999999.0 -999999.0 -999999.0 -999999.0 -999999.0 -999999.0 -999999.0 -999999.0 -999999.0 -999999.0 -999999.0 -999999.0 -999999.0 -999999.0 -999999.0 -999999.0 -999999.0 -999999.0 -999999.0 -999999.0 -999999.0 -999999.0 -999999.0 -999999.0 -999999.0 -999999.0 -999999.0 -999999.0 -999999.0 139.30843 135.42876 137.05481 138.37231 138.3376 139.13107 139.50278 135.85094 130.95163 137.02242 141.7126 142.52203 145.34645 146.90292 147.30898 147.68927 149.68718 149.76808 148.71225 150.87155 150.53867 152.38696 155.97826 156.54568 153.65788 153.62483 157.1789 153.50221 172.60956 169.91719 170.38779 175.58046
-999999.0 -999999.0 -999999.0 -999999.0 -999999.0 -999999.0 -999999.0 -999999.0 -999999.0 -999999.0 -999999.0 -999999.0 -999999.0 -999999.0 -999999.0 -999999.0 -999999.0 -999999.0 -999999.0 -999999.0 -999999.0 -999999.0 -999999.0 -999999.0 -999999.0 -999999.0 -999999.0 -999999.0 -999999.0 -999999.0 -999999.0 152.64163 137.97273 137.76538 136.12204 129.1666 135.27715 133.67078 127.282036 133.70395 137.47122 138.316 139.81462 140.34383 143.37494 147.76149 148.97311 148.35327 145.51642 148.35078 147.2587 146.91197 148.4904 150.20825 151.44841 151.8753 152.64491 153.94522 170.72955 164.93451 160.53162 182.51643
-999999.0 -999999.0 -999999.0 -999999.0 -999999.0 -999999.0 -999999.0 -999999.0 -999999.0 -999999.0 -999999.0 -999999.0 -999999.0 -999999.0 -999999.0 -999999.0 -999999.0 -999999.0 -999999.0 -999999.0 -999999.0 -999999.0 -999999.0 -999999.0 -999999.0 -999999.0 -999999.0 -999999.0 -999999.0 -999999.0 -999999.0 145.51323 151.6839 151.95352 148.08752 134.72263 135.07094 134.3394 133.20242 133.49237 133.24498 132.84401 130.26942 133.05592 136.84918 141.1503 146.27954 144.54298 147.77983 145.26111 143.33566 138.01396 142.65738 146.1205 147.94124 153.31088 152.70628 159.85518 164.46402 171.95628 171.02718 178.29034
-999999.0 -999999.0 -999999.0 -999999.0 -999999.0 -999999.0 -999999.0 -999999.0 -999999.0 -999999.0 -999999.0 -999999.0 -999999.0 -999999.0 -999999.0 -999999.0 -999999.0 -999999.0 -999999.0 -999999.0 -999999.0 -999999.0 -999999.0 -999999.0 -999999.0 -999999.0 -999999.0 -999999.0 -999999.0 -999999.0 -999999.0 161.27367 161.23822 163.36182 158.74017 148.40038 134.82191 134.84126 134.57272 134.25554 133.41911 130.86662 125.13379 127.81429 131.56308 138.33702 139.23611 140.88786 144.95132 143.31174 140.78214 135.81381 134.93922 135.9176 146.48792 150.75813 151.21141 159.46205 169.75706 173.77618 174.32947 179.51651
-999999.0 -999999.0 -999999.0 -999999.0 -999999.0 -999999.0 -999999.0 -999999.0 -999999.0 -999999.0 -999999.0 -999999.0 -999999.0 -999999.0 -999999.0 -999999.0 -999999.0 -999999.0 -999999.0 -999999.0 -999999.0 -999999.0 -999999.0 -999999.0 -999999.0 -999999.0 -999999.0 -999999.0 -999999.0 -999999.0 -999999.0 -999999.0 169.24695 167.70589 159.18788 158.7927 148.73868 134.80739 134.93184 134.48882 134.11784 131.92595 128.93175 128.88141 130.51694 135.78426 135.64423 138.71535 142.4936 141.33318 138.40399 135.59038 135.2177 147.73744 147.13109 164.04698 151.22684 174.95952 171.11931 176.74625 177.71815 180.47131
-999999.0 -999999.0 -999999.0 -999999.0 -999999.0 -999999.0 -999999.0 -999999.0 -999999.0 -999999.0 -999999.0 -999999.0 -999999.0 -999999.0 -999999.0 -999999.0 -999999.0 -999999.0 -999999.0 -999999.0 -999999.0 -999999.0 -999999.0 -999999.0 -999999.0 -999999.0 -999999.0 -999999.0 175.91026 174.34663 177.61008 -999999.0 171.45985 168.93329 167.10672 164.10645 155.98451 146.63303 134.84052 134.1853 133.84427 131.33263 129.85104 129.61658 130.27406 135.73718 133.57878 135.65736 140.59991 138.51788 135.22704 141.80276 144.84395 157.67256 154.86533 161.05115 172.22855 177.37367 169.08005 176.47615 177.67888 180.75041
-999999.0 -999999.0 -999999.0 -999999.0 -999999.0 -999999.0 -999999.0 -999999.0 -999999.0 -999999.0 -999999.0 -999999.0 -999999.0 -999999.0 -999999.0 -999999.0 -999999.0 -999999.0 -999999.0 -999999.0 -999999.0 -999999.0 -999999.0 -999999.0 -999999.0 182.17734 175.04048 158.37303 169.57013 182.48482 183.59973 175.93578 172.31026 169.20847 171.9384 166.19041 143.86082 157.37094 142.73093 140.627 134.29776 143.14313 130.35242 141.12364 130.8905 133.63797 149.57013 147.45178 152.92691 151.34615 133.4539 137.83969 143.74117 157.01288 154.38857 163.34233 157.05058 172.4886 170.14636 169.6535 167.44551 177.68407
-999999.0 -999999.0 -999999.0 -999999.0 -999999.0 -999999.0 -999999.0 -999999.0 -999999.0 -999999.0 -999999.0 -999999.0 -999999.0 -999999.0 -999999.0 -999999.0 -999999.0 -999999.0 -999999.0 -999999.0 -999999.0 -999999.0 -999999.0 -999999.0 -999999.0 181.90286 174.96405 170.81895 177.67615 181.26837 180.90276 178.8062 -999999.0 177.94273 172.48154 170.06783 164.29553 168.34528 177.32516 -999999.0 158.43614 163.37 150.34903 147.47429 158.02934 146.83542 146.72444 152.41391 148.74196 150.16245 148.15067 137.99203 148.73613 154.38301 155.30699 162.02946 155.95436 165.47707 161.15196 162.06023 162.20413 160.80266
-999999.0 -999999.0 -999999.0 -999999.0 -999999.0 -999999.0 -999999.0 -999999.0 -999999.0 -999999.0 -999999.0 -999999.0 -999999.0 -999999.0 -999999.0 -999999.0 -999999.0 -999999.0 -999999.0 -999999.0 -999999.0 -999999.0 -999999.0 -999999.0 -999999.0 185.25273 177.95435 171.93164 177.02771 178.44063 176.30576 177.10434 -999999.0 -999999.0 178.97098 172.558 179.39912 -999999.0 -999999.0 -999999.0 170.00516 163.69601 161.44005 158.50197 161.54669 159.39543 157.06645 150.02104 146.75586 146.50008 145.94109 164.21458 160.74506 160.99759 163.46733 156.57872 153.6416 146.1301 150.23517 154.36906 155.8966 155.3802
-999999.0 -999999.0 -999999.0 -999999.0 -999999.0 -999999.0 -999999.0 -999999.0 -999999.0 -999999.0 -999999.0 -999999.0 -999999.0 -999999.0 -999999.0 -999999.0 -999999.0 -999999.0 -999999.0 -999999.0 -999999.0 -999999.0 -999999.0 -999999.0 -999999.0 179.2682 176.2824 176.3288 173.96187 168.58794 164.0952 174.71005 -999999.0 -999999.0 -999999.0 -999999.0 -999999.0 -999999.0 -999999.0 177.6101 175.6665 171.14253 168.16005 167.62703 165.11432 172.27153 160.74667 169.37958 157.09122 160.44704 146.14806 160.78145 166.32474 165.67918 159.71692 151.76173 157.51105 146.42342 147.9466 149.8745 149.3784 147.96901
-999999.0 -999999.0 -999999.0 -999999.0 -999999.0 -999999.0 -999999.0 -999999.0 -999999.0 -999999.0 -999999.0 -999999.0 -999999.0 -999999.0 -999999.0 -999999.0 -999999.0 -999999.0 -999999.0 -999999.0 -999999.0 -999999.0 -999999.0 -999999.0 172.56067 170.8471 172.9676 175.05974 179.30292 176.91211 176.96127 181.21465 191.4546 -999999.0 200.57504 199.87976 189.35374 196.15463 201.0139 196.205 189.2358 179.24101 175.96512 174.0012 174.65637 178.78267 177.5935 178.1693 181.8814 168.75542 164.97874 167.25706 171.41626 167.3214 154.44449 154.0285 162.75462 161.81587 156.73976 150.27348 144.01015 142.21582
-999999.0 -999999.0 -999999.0 -999999.0 -999999.0 -999999.0 -999999.0 -999999.0 -999999.0 -999999.0 -999999.0 -999999.0 -999999.0 -999999.0 -999999.0 -999999.0 -999999.0 -999999.0 -999999.0 164.15688 173.29538 178.74129 177.56299 179.91624 176.22702 168.45636 171.42706 173.04611 175.35115 181.22876 181.25044 188.23059 190.73802 200.55264 193.5078 188.24854 185.03508 188.54317 193.93137 197.66891 187.96889 186.4469 182.38475 179.12984 181.10045 177.00581 183.45015 186.57947 176.20372 183.18402 175.30966 180.9806 182.93663 177.70186 163.01862 167.94809 165.73776 204.92207 176.09293 150.1096 137.30675 135.4261
-999999.0 -999999.0 -999999.0 -999999.0 -999999.0 -999999.0 -999999.0 -999999.0 -999999.0 -999999.0 -999999.0 -999999.0 -999999.0 -999999.0 -999999.0 -999999.0 -999999.0 -999999.0 -999999.0 158.76833 0.0 176.17783 180.31425 178.6367 177.4281 170.86282 168.1564 172.26134 173.85374 181.87784 184.02718 186.0446 191.56374 196.40823 182.2578 160.25421 182.85681 186.12338 194.78374 185.62814 190.49088 184.45068 179.21126 181.02867 177.17033 170.06078 174.79776 180.35576 181.39622 181.43349 176.25533 179.24901 181.83937 177.37434 172.86157 158.27957 162.3605 202.08478 191.8614 147.36882 132.18759 128.04349
-999999.0 -999999.0 -999999.0 -999999.0 -999999.0 -999999.0 -999999.0 -999999.0 -999999.0 -999999.0 -999999.0 -999999.0 -999999.0 -999999.0 -999999.0 -999999.0 -999999.0 -999999.0 0.0 155.95743 0.0 0.0 173.43034 0.0 0.0 168.92714 164.26018 167.3778 168.0326 186.85635 191.86891 188.83484 194.72911 191.17004 183.59853 176.73933 186.19534 187.7559 188.28548 192.41205 196.23401 195.20811 189.92006 182.44398 171.74104 166.82895 181.4345 186.66685 187.37451 192.09694 200.45432 188.73454 191.9256 177.28606 183.21109 184.79187 184.31479 187.24657 176.3681 147.37828 135.97414 133.96686
-999999.0 -999999.0 -999999.0 -999999.0 -999999.0 -999999.0 -999999.0 -999999.0 -999999.0 -999999.0 -999999.0 -999999.0 -999999.0 -999999.0 -999999.0 -999999.0 -999999.0 -999999.0 -999999.0 0.0 0.0 0.0 0.0 0.0 0.0 0.0 0.0 0.0 162.40524 174.37956 187.62744 196.53307 187.80803 185.52179 186.68266 188.75845 192.48259 192.35266 194.56569 202.72539 199.70374 193.92186 189.27888 178.01376 177.25642 176.03188 183.50494 184.94403 186.55357 191.6432 196.7074 191.51353 189.3048 181.59422 188.21446 191.1455 185.6624 184.0031 161.16003 147.17334 141.05782 141.1691
-999999.0 -999999.0 -999999.0 -999999.0 -999999.0 -999999.0 -999999.0 -999999.0 -999999.0 -999999.0 -999999.0 -999999.0 -999999.0 -999999.0 -999999.0 -999999.0 -999999.0 -999999.0 -999999.0 -999999.0 0.0 0.0 0.0 0.0 0.0 0.0 0.0 0.0 0.0 0.0 182.48338 191.07162 183.14069 179.18214 182.90276 188.1806 188.85216 190.23355 186.11183 200.82576 200.79152 190.23347 181.67766 177.98183 175.58112 176.22084 186.13957 193.4663 186.3662 187.62932 191.81696 195.95393 187.90327 190.94135 186.78589 177.00497 172.5451 172.94144 175.69655 148.05103 145.79352 147.17076
-999999.0 -999999.0 -999999.0 -999999.0 -999999.0 -999999.0 -999999.0 -999999.0 -999999.0 -999999.0 -999999.0 -999999.0 -999999.0 -999999.0 -999999.0 -999999.0 -999999.0 -999999.0 -999999.0 0.0 0.0 0.0 0.0 0.0 0.0 0.0 0.0 0.0 0.0 0.0 0.0 171.36794 175.5507 169.50995 175.51697 179.38449 180.42369 182.47209 184.72993 185.33685 182.55305 177.66353 173.27802 170.94911 171.34703 170.87808 175.88931 201.6886 191.24493 202.38159 210.41444 205.46165 191.2747 183.3864 175.15952 168.24725 165.62047 167.0736 168.42303 169.17938 149.09433 150.63959
-999999.0 -999999.0 -999999.0 -999999.0 -999999.0 -999999.0 -999999.0 -999999.0 -999999.0 -999999.0 -999999.0 -999999.0 -999999.0 -999999.0 -999999.0 -999999.0 -999999.0 -999999.0 0.0 0.0 0.0 0.0 0.0 0.0 0.0 0.0 0.0 0.0 0.0 0.0 0.0 0.0 0.0 165.41904 170.51103 174.53995 175.72011 174.12274 174.3674 175.86879 175.93916 174.44426 171.63023 171.43811 174.70145 172.45491 170.8935 180.2855 193.37097 198.3563 195.08438 184.8789 174.17714 172.65584 169.38965 164.16403 160.63692 166.018 164.74069 169.59418 165.20258 150.53963
-999999.0 -999999.0 -999999.0 -999999.0 -999999.0 -999999.0 -999999.0 -999999.0 -999999.0 -999999.0 -999999.0 -999999.0 -999999.0 -999999.0 -999999.0 -999999.0 -999999.0 -999999.0 0.0 0.0 0.0 0.0 0.0 0.0 0.0 0.0 0.0 0.0 0.0 0.0 0.0 0.0 0.0 0.0 165.76006 170.11069 169.80594 180.079 180.68184 181.93678 181.97243 181.35803 179.43867 180.46225 185.84787 182.47333 179.27597 170.9343 171.97568 176.52313 178.12927 175.24312 170.8876 170.7061 170.25659 161.84059 159.58011 164.98077 166.1402 168.91936 159.18687 145.10725
