data/TNO-HT-ATES/HT-ATES_ooz2/ooz2__flowr_P50_basecase_80-45-40.asc
ncols  140
nrows  163
xllcorner  0.0
yllcorner  300000.0
cellsize  2000.0
NODATA_value  -999999.0
[rows 28 to 55 of 163, columns 62 to 123 of 140]
75.1435 66.895195 52.154972 33.91896 20.92146 4.3563275 -999999.0 -999999.0 -999999.0 -999999.0 -999999.0 -999999.0 -999999.0 -999999.0 -999999.0 -999999.0 -999999.0 -999999.0 -999999.0 -999999.0 -999999.0 -999999.0 -999999.0 -999999.0 -999999.0 -999999.0 -999999.0 -999999.0 -999999.0 -999999.0 -999999.0 -999999.0 -999999.0 -999999.0 -999999.0 -999999.0 3.0795636 16.262802 29.757828 41.256298 51.00124 66.96326 78.42278 91.18236 110.425606 125.51933 130.26106 130.05206 125.75331 131.69211 130.41783 123.408226 119.90875 109.55616 91.41211 68.672516 48.99774 37.366566 39.67525 43.344368 43.95177 -999999.0
77.93995 69.74795 57.130695 43.34908 29.786167 15.515398 2.3062458 -999999.0 -999999.0 -999999.0 -999999.0 -999999.0 -999999.0 -999999.0 -999999.0 -999999.0 -999999.0 -999999.0 -999999.0 -999999.0 -999999.0 -999999.0 -999999.0 -999999.0 -999999.0 -999999.0 -999999.0 -999999.0 -999999.0 -999999.0 -999999.0 -999999.0 -999999.0 -999999.0 -999999.0 -999999.0 6.192647 19.853996 33.702534 48.16967 62.616028 78.503235 93.88384 103.366066 122.39052 145.52423 136.29855 94.95183 130.33014 122.47464 114.86703 108.87054 96.94139 88.0117 68.01966 50.962204 43.91981 44.077267 51.21329 61.040787 79.150986 -999999.0
79.670616 69.4856 57.252018 44.68784 33.997643 24.332935 15.250767 1.5191996 -999999.0 -999999.0 -999999.0 -999999.0 -999999.0 -999999.0 -999999.0 -999999.0 3.783613 6.0221095 5.6027102 -999999.0 -999999.0 -999999.0 -999999.0 -999999.0 -999999.0 -999999.0 -999999.0 -999999.0 -999999.0 -999999.0 -999999.0 -999999.0 -999999.0 -999999.0 -999999.0 -999999.0 10.601625 21.316307 37.438892 55.739006 76.74724 86.23157 98.76661 109.69643 118.03765 126.06238 119.63298 63.287 50.737038 105.57727 86.6127 83.877106 75.66257 69.097244 54.543003 43.79135 36.277035 40.322647 50.52357 67.49482 79.02204 -999999.0
81.787636 71.07822 59.77711 48.591934 38.554455 29.931759 23.790236 9.543191 -999999.0 -999999.0 -999999.0 -999999.0 -999999.0 -999999.0 -999999.0 9.013989 16.242182 15.604042 12.087188 5.209163 -999999.0 -999999.0 -999999.0 -999999.0 -999999.0 -999999.0 -999999.0 -999999.0 -999999.0 -999999.0 -999999.0 -999999.0 -999999.0 -999999.0 -999999.0 1.0422637 15.116779 28.072805 45.773033 61.321865 78.44427 86.59361 94.96344 103.03658 100.684364 95.47463 85.559525 62.656116 49.66289 51.3596 82.38182 66.548645 64.396904 58.302254 57.59572 53.28633 40.785473 35.32874 44.81296 60.774944 76.35503 -999999.0
86.82538 76.42703 65.225746 54.61413 44.676056 34.409443 27.389109 16.382292 4.181146 -999999.0 -999999.0 -999999.0 -999999.0 -999999.0 9.990681 21.952398 26.16161 27.320868 19.770369 10.085939 1.4135487 -999999.0 -999999.0 -999999.0 -999999.0 -999999.0 -999999.0 -999999.0 -999999.0 -999999.0 -999999.0 -999999.0 -999999.0 -999999.0 -999999.0 1.3204229 19.788742 38.58774 52.16441 66.27052 76.68891 84.075836 85.794075 90.29958 86.06799 81.62264 69.71847 57.25351 48.746826 40.52619 61.34654 72.37866 67.23358 71.28493 88.03132 70.8008 46.74739 46.79796 58.47982 63.810146 76.20807 81.808655
92.582214 82.63109 72.192894 59.744236 54.435776 42.136314 35.20165 25.72496 13.069244 7.983699 6.4986043 5.2530475 4.2063327 8.711639 18.935701 32.485683 34.75813 32.7195 25.157797 15.406133 6.843265 -999999.0 -999999.0 -999999.0 -999999.0 -999999.0 -999999.0 -999999.0 -999999.0 -999999.0 -999999.0 -999999.0 -999999.0 -999999.0 -999999.0 8.543849 28.086702 47.4225 60.49357 69.783 76.637 74.249596 79.031265 81.342606 78.80654 74.00725 61.783188 52.22205 43.272224 37.861694 29.440403 48.869217 113.49562 142.67403 126.391304 95.112305 63.888393 63.772713 68.413315 84.77979 93.19155 92.65497
99.44962 89.99647 79.74702 70.18587 63.95347 53.946644 49.845554 39.077145 27.382301 21.74031 19.222837 17.822115 18.269747 21.431995 31.969084 41.13559 41.080173 36.624374 28.089739 18.716106 11.430899 5.016689 -999999.0 -999999.0 -999999.0 -999999.0 -999999.0 -999999.0 -999999.0 -999999.0 2.3282602 -999999.0 -999999.0 -999999.0 4.8044176 22.35062 40.105907 56.749737 72.13026 74.71627 73.98478 58.59382 80.032555 77.5233 77.602684 73.17231 60.174873 47.601746 38.108162 41.7024 43.355858 39.46895 147.5064 155.075 140.04109 113.143875 61.890827 84.75966 96.55976 103.132324 99.36004 84.417854
107.16271 98.74778 92.91485 84.29645 76.06665 68.03321 66.62512 57.40055 45.615696 39.43514 34.004574 31.322014 32.35767 36.058617 46.569588 54.716553 54.888474 50.08274 40.663467 28.253267 17.657639 12.271487 7.995743 6.550832 10.284662 17.549282 16.62583 11.778266 12.192844 15.899489 17.838415 6.647241 -999999.0 -999999.0 14.589364 35.862305 52.98449 69.53757 84.21291 87.37336 82.58822 81.400314 83.910576 84.02802 83.07298 72.24733 57.47007 45.96332 40.8939 39.2708 41.78971 34.6849 39.34304 132.07982 118.77281 86.25651 90.31599 110.84213 110.9602 111.316925 101.78111 0.0
115.95329 106.43215 104.45821 96.46036 89.22525 89.31677 85.82714 78.62299 70.959366 56.4431 50.661327 50.9832 50.98207 60.28359 67.62408 67.746826 65.83239 58.771717 49.436764 35.155373 21.568336 15.688887 12.99654 15.102543 22.71354 31.174248 37.031765 35.77735 36.623463 39.17124 37.866245 30.085732 17.99976 19.768719 33.436913 51.005672 68.353676 83.72685 96.42784 98.25253 94.99908 90.869835 88.6145 86.669815 81.663445 72.196075 58.444473 47.45057 37.338333 32.25576 33.852222 27.217978 34.937622 104.506905 95.90417 93.8766 68.19431 107.71257 117.40952 118.01526 92.33593 0.0
111.725136 100.3391 102.724625 103.51013 99.70102 101.07256 99.78673 94.8142 89.34905 75.80247 73.598 69.54441 69.13632 78.163246 87.697556 87.212135 81.138596 72.92352 59.28148 42.635994 25.8489 17.630312 19.141922 26.81473 38.233234 49.71744 58.716267 58.776035 64.162865 67.18173 69.34512 62.6485 51.537106 48.70561 55.459652 71.97837 83.72294 97.46538 106.603905 103.10265 101.982864 98.91653 94.68341 88.979195 82.07204 70.922066 64.432205 47.28974 32.587097 19.300592 25.696865 19.231907 33.148895 76.300415 59.844334 59.124577 33.8696 85.96174 104.93098 108.74043 0.0 0.0
109.19806 99.99333 99.6176 105.37774 113.20726 107.3562 106.76781 110.286545 107.707466 104.01864 97.50617 88.46374 85.51754 94.62875 104.86859 105.146614 100.62309 90.561584 73.02556 53.04238 30.959723 16.202871 23.219862 40.093384 57.569523 76.51863 87.545334 88.261116 91.54149 99.88271 100.275734 95.27941 85.72396 81.78012 85.609886 93.19557 102.73447 115.01988 116.4514 110.220085 106.92642 98.7489 94.308556 90.795876 83.45493 76.73262 68.22289 50.253098 37.79067 28.43332 30.005741 13.791744 24.987886 46.478004 11.479467 14.241855 -999999.0 49.165634 87.9949 93.259964 0.0 0.0
104.2781 91.181076 99.38485 110.83075 114.36036 116.22119 114.71732 121.047356 130.31819 128.8708 118.22115 109.447235 106.07338 111.54868 118.081764 125.22957 123.038956 113.329056 95.156685 72.33273 46.922523 19.213425 37.387173 61.781418 79.96582 105.775734 116.13271 117.88275 125.43805 132.32704 133.47766 130.11964 115.945564 114.11457 115.90289 118.867424 123.651566 131.50502 132.53502 120.88335 111.76356 104.58968 96.74145 94.006 87.37587 79.87294 75.05962 59.215054 56.892845 56.828213 11.880704 -999999.0 35.274353 42.63909 51.512554 67.92528 -999999.0 69.415665 91.18074 75.10208 79.67439 60.73498
115.540474 106.33925 109.68197 114.39224 119.086815 134.23785 132.12256 132.39061 129.22874 127.43806 128.92561 126.02356 127.82502 127.104965 137.3253 151.47543 149.42575 141.35344 124.58744 101.09849 80.17681 69.406105 77.5742 92.22732 101.070175 136.06519 145.73578 148.24243 156.64786 156.83173 160.73236 154.29022 145.54195 136.32178 140.29659 142.82945 145.06491 154.61421 147.8634 129.05054 121.678375 112.22196 103.29485 96.21427 89.952576 88.50518 84.708954 82.13374 100.56299 88.81951 76.41061 36.388042 14.291956 28.047556 56.674965 79.92262 83.37818 88.80273 84.49421 61.867195 69.60924 48.402905
126.230896 128.69142 123.17526 125.496826 131.63231 136.51437 133.69965 133.16873 123.11223 124.830444 128.53241 144.53552 150.47856 155.62587 161.25636 171.8247 176.26674 170.13725 155.17163 136.34842 121.22897 114.07198 116.72845 131.4767 148.90057 162.05788 174.96112 179.33725 191.07443 190.93597 186.70927 179.68903 167.0693 156.6417 157.14067 160.44238 163.34895 167.76952 153.21194 146.51817 134.90517 119.082954 109.700645 100.52451 92.35789 95.541565 84.55964 84.25799 98.09068 90.90077 71.69338 53.458256 45.35157 39.51828 61.19624 80.1007 82.739784 93.76014 72.93413 61.741093 61.45765 59.84238
139.64656 133.22133 129.55899 124.42076 121.562035 120.416954 126.81772 129.6204 126.42469 130.00626 129.4738 155.40205 178.1603 185.03572 183.46147 189.00354 190.45367 181.86821 174.0001 167.56638 160.3847 158.68127 148.9242 144.57599 173.03969 187.51065 202.76677 214.25711 227.76436 226.07698 216.47125 208.75197 175.82068 168.81084 175.32852 174.05525 174.14624 172.34329 167.04951 154.50894 147.20963 135.03427 120.31348 110.809074 97.392555 94.90621 78.4299 82.64214 95.80942 93.71179 76.07436 67.56516 67.24353 51.657467 62.505146 86.97072 93.67251 85.59589 0.0 0.0 63.370663 0.0
138.64537 131.92184 128.93599 120.26277 116.49913 114.765915 123.70016 132.50821 132.95847 138.62433 152.04802 170.54152 183.19704 195.62387 203.95747 207.86084 214.54239 195.37572 203.06447 201.31772 196.13382 187.88469 182.68881 187.82326 196.91118 203.07837 222.3631 235.5999 252.10442 253.14272 247.72917 234.51897 212.5422 194.65057 189.2954 189.08067 190.10425 178.94255 170.67575 165.65074 159.38158 149.73352 135.30742 119.37799 108.226944 98.488754 88.339455 86.551834 96.111595 83.049774 72.53969 71.641365 74.05697 67.7188 77.49652 91.37844 88.14086 78.92977 0.0 0.0 45.77541 52.162155
130.47797 119.712776 122.64986 114.860085 108.6873 109.930466 122.098785 139.12721 144.72295 148.92552 158.8411 174.20232 185.02454 195.98529 202.4911 208.83716 217.66714 221.99687 220.3062 214.42479 207.5651 210.41063 209.44696 220.70251 216.56125 225.49573 236.91216 249.81548 262.66125 277.07465 273.63818 265.35165 238.74109 218.4767 212.07117 206.37964 203.59662 188.32913 177.82573 172.07964 171.22842 164.61008 149.8114 130.18538 102.54604 90.86249 94.06254 118.775154 82.156334 66.42175 61.853268 68.45672 77.21328 70.86443 78.44791 89.097755 84.613625 0.0 0.0 0.0 64.10639 44.3995
119.62738 102.34528 97.17869 96.949135 95.192505 100.059456 111.100006 136.09174 149.4222 147.69023 150.43721 170.51035 186.39536 197.2973 202.603 208.80232 221.53804 235.5696 231.18765 231.58365 228.87001 224.4045 230.9915 228.04904 231.75984 242.55728 253.74182 268.87155 297.0439 308.003 306.60382 292.85464 269.92966 248.67413 246.60669 227.6114 214.6978 198.16524 188.68784 177.90756 177.27936 176.55634 158.95312 140.43678 115.494156 104.49781 103.46104 121.0295 110.15179 60.761497 54.253326 54.51125 62.293507 0.0 0.0 0.0 0.0 0.0 0.0 0.0 0.0 0.0
100.7202 70.57634 55.853497 59.55696 68.433784 85.3189 101.41298 124.65128 142.5219 146.3468 153.37247 170.29942 181.52328 190.1037 199.5436 211.21811 224.91661 232.5624 238.92734 236.88582 233.01936 230.53967 239.25449 233.2168 241.364 252.75537 273.0357 281.31955 310.88614 316.17197 322.36203 308.18738 294.70044 289.78937 258.3205 238.1922 209.41344 204.01285 197.01233 181.12329 179.80606 175.52385 161.2363 148.9326 135.38824 129.8877 131.44655 128.14775 121.093605 95.09337 69.28029 57.988937 62.422337 0.0 0.0 0.0 0.0 0.0 0.0 0.0 0.0 93.53609
73.549385 33.417175 11.081446 12.310623 32.213795 59.55066 88.04516 116.741035 130.5527 142.57011 148.2639 164.4333 180.66487 175.72174 200.58284 212.90108 227.41394 232.61046 239.59497 238.88303 237.10518 214.23572 233.91933 242.99268 256.8703 264.90842 276.71848 297.30002 308.51596 317.65817 331.92038 334.00464 325.65833 298.0191 268.23172 232.97826 217.82742 209.26886 198.59108 170.56252 181.6127 176.07019 164.97227 153.37645 145.01175 147.32184 135.7851 0.0 0.0 113.83955 88.56813 62.9585 59.559414 0.0 0.0 0.0 0.0 0.0 0.0 0.0 0.0 88.91631
42.006332 -999999.0 -999999.0 -999999.0 -999999.0 31.433554 66.12054 99.1151 120.20246 130.14597 143.7053 165.93628 183.393 193.9503 203.49223 212.33937 228.7223 229.73305 235.83844 235.51315 235.83794 231.46411 238.51016 246.33798 263.1043 267.40897 274.3772 291.928 314.34555 319.46045 338.1334 351.18896 370.9432 325.13782 287.21124 243.09692 221.93689 236.01096 223.5098 192.54488 183.25783 175.52934 164.61183 155.31082 146.26439 143.59569 131.65596 0.0 0.0 0.0 104.22203 95.95209 121.28148 106.45895 0.0 0.0 0.0 0.0 0.0 0.0 0.0 0.0
12.287536 -999999.0 -999999.0 -999999.0 -999999.0 9.79536 47.85818 80.421936 102.81187 119.05988 137.72946 161.48622 179.83571 194.55042 205.46739 214.2496 224.8018 229.59364 229.79129 232.49532 234.16118 230.2722 239.1338 260.86282 263.87024 261.43057 266.94168 257.21463 293.85922 308.08115 316.4689 363.1884 361.04318 323.0536 283.8681 259.01608 247.4337 254.8611 242.65747 212.17471 200.5061 180.53036 163.77843 161.48976 148.87918 138.8043 106.2591 107.64115 105.002304 91.28644 77.42778 83.67486 118.510765 128.23215 93.548935 0.0 0.0 0.0 0.0 0.0 0.0 0.0
-999999.0 -999999.0 -999999.0 -999999.0 -999999.0 -999999.0 32.21605 62.58675 86.99589 108.38569 129.85976 150.58138 172.79655 192.87216 207.38272 214.38077 228.85532 231.32469 226.83522 228.77998 227.83817 228.59178 242.70578 254.76964 256.08475 260.79315 258.35233 270.46158 278.4637 282.56488 289.30682 316.19824 328.25165 308.90515 291.19254 274.8346 255.78859 260.3516 247.45062 216.21327 199.85146 209.14095 175.4656 148.46425 147.234 137.01782 120.28935 98.23706 82.64147 70.42467 71.290085 94.347626 116.53573 147.00009 115.32831 0.0 0.0 0.0 0.0 0.0 0.0 0.0
-999999.0 -999999.0 -999999.0 -999999.0 -999999.0 -999999.0 23.011456 50.217663 75.56266 99.34837 122.49819 141.69104 161.66876 186.75864 203.28192 217.26581 226.56613 227.6764 224.27325 225.52823 224.48648 226.09511 239.86522 248.04652 253.51883 259.16458 260.49234 260.2833 262.77786 295.5179 262.1063 272.452 273.20435 278.69208 273.52386 265.90103 251.68965 261.75034 264.41653 223.53035 231.90645 213.62578 178.30316 178.09889 155.63223 136.06335 106.223495 74.84845 53.206406 50.931843 68.187294 105.644966 173.52986 212.00533 124.841606 0.0 0.0 0.0 0.0 0.0 0.0 0.0
-999999.0 -999999.0 -999999.0 -999999.0 -999999.0 -999999.0 20.33413 43.573513 66.97657 90.06238 116.00238 140.59662 164.65263 181.59207 197.09064 213.00397 222.60811 226.16286 215.93477 217.45296 223.7214 222.5018 232.48723 233.31885 240.61778 246.46336 251.17305 247.36429 260.0646 261.49387 247.21056 232.16158 235.17902 243.17554 243.24062 252.09692 230.72139 259.06308 259.09656 245.5107 233.0258 205.57343 202.17787 175.89928 154.51466 120.916824 96.13699 58.572678 27.698164 29.36074 58.427406 98.85167 135.99498 136.59406 0.0 0.0 0.0 0.0 0.0 0.0 0.0 0.0
22.027102 -999999.0 -999999.0 -999999.0 -999999.0 2.057802 20.676706 40.557655 66.48264 87.51499 112.225006 142.1107 165.91713 179.3965 192.62842 208.26595 217.68936 220.09328 218.53723 221.2429 221.79187 230.49178 230.60124 228.22319 229.43588 227.86194 229.49605 243.12543 226.7289 220.82272 220.24991 204.52695 213.02765 217.71983 229.8081 235.8019 248.22043 264.2365 264.12897 249.93011 245.98137 206.31927 203.30867 177.11801 159.26958 129.69858 107.191956 66.27695 25.611658 30.644123 56.467323 83.55732 100.143 0.0 0.0 0.0 0.0 0.0 0.0 0.0 0.0 0.0
76.58862 39.86821 3.080795 -999999.0 -999999.0 7.802975 22.189331 39.422028 61.353924 85.515205 109.90936 135.20584 161.63663 179.70528 194.47943 206.05438 214.34265 213.7481 213.2549 219.99173 222.5547 225.63284 219.75598 216.61374 213.31519 203.32304 198.72772 207.60263 193.39345 185.99574 179.32906 171.69276 168.6979 179.01788 205.40598 228.868 263.69156 269.33987 241.62845 250.68115 249.96704 214.78456 209.18501 189.4155 173.90909 140.33789 123.8878 87.194305 65.97224 60.095467 0.0 0.0 0.0 0.0 0.0 0.0 0.0 0.0 0.0 0.0 0.0 -999999.0
135.51991 81.32957 28.5379 6.499999 11.130431 16.79278 29.18489 41.998528 57.579147 76.27126 97.30817 124.361984 157.96103 183.92363 187.56195 199.04349 205.3033 207.95782 210.98628 214.29448 215.97728 223.8118 212.39314 197.70238 189.29315 179.97714 191.01224 180.33492 166.12108 154.76033 146.67094 148.52525 151.25974 161.71706 195.80861 218.94885 246.38345 252.10641 261.46515 240.53326 231.36742 215.8373 194.97765 181.70177 167.04512 152.60461 138.75192 117.45249 90.79945 0.0 63.96566 0.0 0.0 0.0 0.0 0.0 0.0 0.0 0.0 0.0 0.0 -999999.0
