data/TNO-HT-ATES/HT-ATES_ooz2/ooz2__flowr_injnorm_P50_basecase_80-45-40.asc
ncols  140
nrows  163
xllcorner  0.0
yllcorner  300000.0
cellsize  2000.0
NODATA_value  -999999.0
[rows 84 to 111 of 163, columns 0 to 61 of 140]
-999999.0 -999999.0 -999999.0 -999999.0 -999999.0 -999999.0 -999999.0 -999999.0 -999999.0 -999999.0 -999999.0 -999999.0 -999999.0 -999999.0 -999999.0 -999999.0 -999999.0 -999999.0 -999999.0 -999999.0 -999999.0 -999999.0 -999999.0 -999999.0 -999999.0 -999999.0 -999999.0 -999999.0 -999999.0 -999999.0 -999999.0 -999999.0 -999999.0 -999999.0 -999999.0 -999999.0 -999999.0 -999999.0 -999999.0 380.66083 351.87167 317.92706 292.8258 262.39758 243.33261 248.4498 251.73582 268.79272 305.70224 354.4069 408.37247 -999999.0 53.17717 81.448944 95.387405 96.45262 95.13721 113.39392 89.76045 68.12136 40.744118 24.883005
-999999.0 -999999.0 -999999.0 -999999.0 -999999.0 -999999.0 -999999.0 -999999.0 -999999.0 -999999.0 -999999.0 -999999.0 -999999.0 -999999.0 -999999.0 -999999.0 -999999.0 -999999.0 -999999.0 -999999.0 -999999.0 -999999.0 -999999.0 -999999.0 -999999.0 -999999.0 -999999.0 -999999.0 -999999.0 -999999.0 -999999.0 -999999.0 -999999.0 -999999.0 -999999.0 -999999.0 -999999.0 -999999.0 383.58694 371.29858 333.93985 308.27682 298.41006 276.3616 256.8983 259.64517 262.7445 283.16193 304.66617 335.6529 374.87997 402.16916 14.765035 56.189438 91.02659 105.8193 102.95622 80.66595 73.85899 63.44946 37.329445 -999999.0
-999999.0 -999999.0 -999999.0 -999999.0 -999999.0 -999999.0 -999999.0 -999999.0 -999999.0 -999999.0 -999999.0 -999999.0 -999999.0 -999999.0 -999999.0 -999999.0 -999999.0 -999999.0 -999999.0 -999999.0 -999999.0 -999999.0 -999999.0 -999999.0 -999999.0 -999999.0 -999999.0 -999999.0 -999999.0 -999999.0 -999999.0 -999999.0 -999999.0 -999999.0 -999999.0 -999999.0 -999999.0 298.6726 349.67825 331.7464 268.5196 269.04092 287.13483 276.49792 253.20198 254.43167 278.72504 281.402 297.94482 335.98267 346.28738 353.78348 -999999.0 44.23167 93.20645 122.03887 125.69817 119.75819 78.95647 106.46267 97.53336 75.81078
-999999.0 -999999.0 -999999.0 -999999.0 -999999.0 -999999.0 -999999.0 -999999.0 -999999.0 -999999.0 -999999.0 -999999.0 -999999.0 -999999.0 -999999.0 -999999.0 -999999.0 -999999.0 -999999.0 -999999.0 -999999.0 -999999.0 -999999.0 -999999.0 -999999.0 -999999.0 -999999.0 -999999.0 -999999.0 -999999.0 -999999.0 -999999.0 -999999.0 -999999.0 -999999.0 -999999.0 330.5336 296.0303 304.61633 290.16245 200.4539 191.29514 264.58267 258.6481 232.25734 203.44699 246.31134 280.75732 289.52676 292.04456 295.15677 287.2864 266.39362 62.627712 114.43689 150.335 166.78912 170.83073 155.74167 193.17715 210.39877 210.5156
-999999.0 -999999.0 -999999.0 -999999.0 -999999.0 -999999.0 -999999.0 -999999.0 -999999.0 -999999.0 -999999.0 -999999.0 -999999.0 -999999.0 -999999.0 -999999.0 -999999.0 -999999.0 -999999.0 -999999.0 -999999.0 -999999.0 -999999.0 -999999.0 -999999.0 -999999.0 -999999.0 -999999.0 -999999.0 -999999.0 -999999.0 -999999.0 -999999.0 -999999.0 -999999.0 381.7587 317.5216 269.79337 236.1533 274.36826 231.10013 224.10478 255.1659 246.5926 234.45363 227.76941 235.46695 259.16617 258.5068 242.46973 239.42857 229.1359 230.58481 132.39458 172.25716 192.43306 203.8559 206.58391 207.6574 202.7972 220.57526 290.7756
-999999.0 -999999.0 -999999.0 -999999.0 -999999.0 -999999.0 -999999.0 -999999.0 -999999.0 -999999.0 -999999.0 -999999.0 -999999.0 -999999.0 -999999.0 -999999.0 -999999.0 -999999.0 -999999.0 -999999.0 -999999.0 -999999.0 -999999.0 -999999.0 -999999.0 -999999.0 -999999.0 -999999.0 -999999.0 -999999.0 -999999.0 -999999.0 -999999.0 -999999.0 426.5196 366.7806 324.26044 294.9932 275.5655 262.9481 254.50957 236.02585 230.65698 232.86519 213.30556 208.0845 215.91261 225.12994 220.22115 219.8807 212.13626 200.1133 228.84995 294.80762 249.53366 234.73013 227.15744 233.9748 262.66626 280.3707 291.71555 293.17828
-999999.0 -999999.0 -999999.0 -999999.0 -999999.0 -999999.0 -999999.0 -999999.0 -999999.0 -999999.0 -999999.0 -999999.0 -999999.0 -999999.0 -999999.0 -999999.0 -999999.0 -999999.0 -999999.0 -999999.0 -999999.0 -999999.0 -999999.0 -999999.0 -999999.0 -999999.0 -999999.0 -999999.0 -999999.0 -999999.0 -999999.0 654.2899 585.4045 466.498 356.75436 369.40933 411.7723 296.08295 270.7579 245.64432 221.93324 213.19388 203.45982 199.2393 186.47575 180.30025 176.52512 204.61826 212.83507 199.25005 188.3301 197.53137 232.24446 261.45465 255.95808 248.27274 237.59325 264.26556 306.29053 373.23636 401.5182 434.70135
-999999.0 -999999.0 -999999.0 -999999.0 -999999.0 -999999.0 -999999.0 -999999.0 -999999.0 -999999.0 -999999.0 -999999.0 -999999.0 -999999.0 -999999.0 -999999.0 -999999.0 -999999.0 -999999.0 -999999.0 -999999.0 -999999.0 -999999.0 -999999.0 -999999.0 -999999.0 -999999.0 -999999.0 -999999.0 -999999.0 684.90314 652.36707 586.84937 469.95697 352.66434 303.452 228.22986 315.1371 284.4612 239.20584 202.65945 185.52327 174.1694 170.01448 151.97168 151.93767 159.0561 190.87819 204.90118 200.07208 202.73085 222.0788 250.33931 251.1268 258.9457 273.28146 289.10107 322.82715 406.0998 473.6259 518.652 554.8326
-999999.0 -999999.0 -999999.0 -999999.0 -999999.0 -999999.0 -999999.0 -999999.0 -999999.0 -999999.0 -999999.0 -999999.0 -999999.0 -999999.0 -999999.0 -999999.0 -999999.0 -999999.0 -999999.0 -999999.0 -999999.0 -999999.0 -999999.0 -999999.0 -999999.0 -999999.0 -999999.0 -999999.0 -999999.0 -999999.0 670.3407 673.10846 596.44464 499.23782 420.7497 316.90933 240.30254 219.48193 235.72565 213.33437 175.03374 149.80443 131.43146 148.95541 105.11562 122.84811 163.88094 187.71413 209.02371 209.8496 228.66174 240.30875 269.4989 266.65 286.70142 313.0561 345.6739 396.37082 525.26117 556.8155 579.5252 619.3106
-999999.0 -999999.0 -999999.0 -999999.0 -999999.0 -999999.0 -999999.0 -999999.0 -999999.0 -999999.0 -999999.0 -999999.0 -999999.0 -999999.0 -999999.0 -999999.0 -999999.0 -999999.0 -999999.0 -999999.0 -999999.0 -999999.0 -999999.0 -999999.0 -999999.0 -999999.0 -999999.0 -999999.0 -999999.0 -999999.0 671.07825 624.4322 576.9285 501.7719 415.97278 315.6386 245.73936 186.20483 162.78767 142.82394 141.77657 122.50796 85.53195 75.311966 62.208313 85.51074 145.15475 194.51144 231.80882 271.8202 298.14417 271.28378 189.23239 258.68576 313.78488 373.94934 419.16904 453.96237 591.86456 603.069 617.3476 649.6066
-999999.0 -999999.0 -999999.0 -999999.0 -999999.0 -999999.0 -999999.0 -999999.0 -999999.0 -999999.0 -999999.0 -999999.0 -999999.0 -999999.0 -999999.0 -999999.0 -999999.0 -999999.0 -999999.0 -999999.0 -999999.0 -999999.0 -999999.0 -999999.0 -999999.0 -999999.0 -999999.0 -999999.0 -999999.0 -999999.0 -999999.0 661.1548 538.82935 472.73807 386.06894 251.028 229.36542 173.22874 128.93509 113.01395 93.91383 135.58339 92.252014 63.465233 38.16887 27.065182 100.425644 189.64485 246.32913 329.59225 381.2176 375.0255 269.3094 328.78952 413.68546 464.53766 489.79337 533.7602 653.3222 648.2663 636.0121 742.3208
-999999.0 -999999.0 -999999.0 -999999.0 -999999.0 -999999.0 -999999.0 -999999.0 -999999.0 -999999.0 -999999.0 -999999.0 -999999.0 -999999.0 -999999.0 -999999.0 -999999.0 -999999.0 -999999.0 -999999.0 -999999.0 -999999.0 -999999.0 -999999.0 -999999.0 -999999.0 -999999.0 -999999.0 -999999.0 -999999.0 -999999.0 584.9795 564.238 501.8024 391.65775 279.20374 220.75262 161.68747 129.04416 119.46518 148.35173 141.74399 168.51262 129.3684 43.338932 15.158874 78.02145 177.85506 277.59344 375.79272 445.26642 503.15717 418.45303 467.74753 545.26086 535.8857 572.026 644.3202 685.8756 747.1666 753.1889 776.3536
-999999.0 -999999.0 -999999.0 -999999.0 -999999.0 -999999.0 -999999.0 -999999.0 -999999.0 -999999.0 -999999.0 -999999.0 -999999.0 -999999.0 -999999.0 -999999.0 -999999.0 -999999.0 -999999.0 -999999.0 -999999.0 -999999.0 -999999.0 -999999.0 -999999.0 -999999.0 -999999.0 -999999.0 -999999.0 -999999.0 -999999.0 579.37335 532.9078 489.4665 403.4926 309.48978 210.47966 150.2337 111.65368 83.85867 69.90793 121.75155 276.87027 199.9831 102.88385 87.9663 130.77997 201.10204 295.77087 387.90906 463.84348 482.0897 444.9505 441.07068 643.4897 631.89435 620.2204 676.0677 755.58685 815.1358 835.89264 861.24255
-999999.0 -999999.0 -999999.0 -999999.0 -999999.0 -999999.0 -999999.0 -999999.0 -999999.0 -999999.0 -999999.0 -999999.0 -999999.0 -999999.0 -999999.0 -999999.0 -999999.0 -999999.0 -999999.0 -999999.0 -999999.0 -999999.0 -999999.0 -999999.0 -999999.0 -999999.0 -999999.0 -999999.0 -999999.0 -999999.0 -999999.0 -999999.0 458.89185 400.16922 329.85913 271.39615 196.39285 129.28606 83.73071 42.37803 2.984395 41.616825 123.81084 159.86047 167.37563 160.2297 180.7276 221.41307 299.81863 402.42224 446.50967 442.72665 400.78284 369.7618 330.58762 727.5371 664.8559 806.6615 828.5231 902.126 932.588 935.2049
-999999.0 -999999.0 -999999.0 -999999.0 -999999.0 -999999.0 -999999.0 -999999.0 -999999.0 -999999.0 -999999.0 -999999.0 -999999.0 -999999.0 -999999.0 -999999.0 -999999.0 -999999.0 -999999.0 -999999.0 -999999.0 -999999.0 -999999.0 -999999.0 -999999.0 -999999.0 -999999.0 -999999.0 536.7889 491.63196 449.42175 -999999.0 327.67633 278.7968 241.29414 202.91025 150.91412 97.75544 50.772163 21.418255 11.721966 37.68226 91.03068 131.09125 159.12822 195.87007 222.04428 248.91608 322.01337 394.18976 426.29645 435.41156 372.09146 352.45126 348.27692 572.83655 852.29083 919.18726 923.6559 1106.6045 1109.2231 1091.6392
-999999.0 -999999.0 -999999.0 -999999.0 -999999.0 -999999.0 -999999.0 -999999.0 -999999.0 -999999.0 -999999.0 -999999.0 -999999.0 -999999.0 -999999.0 -999999.0 -999999.0 -999999.0 -999999.0 -999999.0 -999999.0 -999999.0 -999999.0 -999999.0 -999999.0 784.0506 620.5719 447.32645 410.82016 385.5118 308.4427 223.64835 155.03644 142.57965 150.30894 136.16336 82.17461 56.021076 28.761671 14.962495 19.608332 53.21052 93.132484 136.5529 157.1021 192.194 266.6664 309.33783 379.4622 426.7706 420.39597 428.25592 293.87686 249.72408 355.5563 758.00256 1054.5403 994.21893 1045.252 1172.8483 1232.6599 1133.8041
-999999.0 -999999.0 -999999.0 -999999.0 -999999.0 -999999.0 -999999.0 -999999.0 -999999.0 -999999.0 -999999.0 -999999.0 -999999.0 -999999.0 -999999.0 -999999.0 -999999.0 -999999.0 -999999.0 -999999.0 -999999.0 -999999.0 -999999.0 -999999.0 -999999.0 753.44476 556.2893 453.27805 405.9802 323.2104 217.88385 114.08111 -999999.0 38.12255 77.68574 80.28267 47.827007 20.68559 6.2260633 -999999.0 22.11992 73.15022 117.12693 147.34125 195.83746 219.29008 272.21982 332.46228 363.7589 384.39554 406.67743 333.72675 234.76549 104.16231 304.10013 824.2544 1268.5732 1100.5085 1295.6307 1215.0519 1317.5869 1395.6384
-999999.0 -999999.0 -999999.0 -999999.0 -999999.0 -999999.0 -999999.0 -999999.0 -999999.0 -999999.0 -999999.0 -999999.0 -999999.0 -999999.0 -999999.0 -999999.0 -999999.0 -999999.0 -999999.0 -999999.0 -999999.0 -999999.0 -999999.0 -999999.0 -999999.0 875.61523 660.0506 552.38184 474.53793 375.8443 243.07683 103.09229 -999999.0 -999999.0 2.8725746 17.12046 9.499981 -999999.0 -999999.0 -999999.0 31.979797 97.35633 148.89732 176.71698 201.53152 240.07327 294.47696 341.58032 342.40848 338.8612 297.55295 290.33115 232.25784 234.01086 331.97653 438.94458 1316.0505 1558.3567 1637.1763 1605.6537 1604.3192 1666.2821
-999999.0 -999999.0 -999999.0 -999999.0 -999999.0 -999999.0 -999999.0 -999999.0 -999999.0 -999999.0 -999999.0 -999999.0 -999999.0 -999999.0 -999999.0 -999999.0 -999999.0 -999999.0 -999999.0 -999999.0 -999999.0 -999999.0 -999999.0 -999999.0 -999999.0 958.1997 828.7423 695.45776 592.0623 459.35696 297.3207 139.67682 -999999.0 -999999.0 -999999.0 -999999.0 -999999.0 -999999.0 -999999.0 12.115588 61.96899 146.28465 218.37964 237.43976 223.30612 268.19617 326.36847 391.77402 335.04163 311.0667 230.4814 156.94199 276.06003 311.96417 329.84177 438.06973 1356.726 1624.1644 1757.304 1828.6439 1799.1201 1850.9741
-999999.0 -999999.0 -999999.0 -999999.0 -999999.0 -999999.0 -999999.0 -999999.0 -999999.0 -999999.0 -999999.0 -999999.0 -999999.0 -999999.0 -999999.0 -999999.0 -999999.0 -999999.0 -999999.0 -999999.0 -999999.0 -999999.0 -999999.0 -999999.0 1226.503 971.36694 930.8794 902.62823 839.4056 674.7602 461.66467 237.00789 23.789543 -999999.0 8.5333805 39.709606 45.193165 36.959038 37.20116 50.672108 112.65062 206.58054 299.2659 342.3577 353.8778 373.97302 422.85895 428.70682 360.1953 219.11382 122.30133 253.68332 329.98526 423.97998 502.3556 544.1261 742.3122 1437.9587 1621.4348 1798.6696 1865.352 2015.8958
-999999.0 -999999.0 -999999.0 -999999.0 -999999.0 -999999.0 -999999.0 -999999.0 -999999.0 -999999.0 -999999.0 -999999.0 -999999.0 -999999.0 -999999.0 -999999.0 -999999.0 -999999.0 -999999.0 349.5494 526.063 550.5475 772.4093 937.7832 1071.4929 1104.7076 1159.9724 1118.5021 1080.1753 931.43787 702.5742 462.0903 212.84793 181.97453 199.21387 200.83296 172.59486 141.57697 117.04628 106.86594 165.53966 287.41803 392.91602 506.48492 612.83014 605.4697 576.9809 474.0089 341.5462 198.32928 79.00648 141.81326 393.58542 558.5776 618.00977 735.20593 818.15656 942.1168 1327.7687 1761.0757 2080.1606 2168.417
-999999.0 -999999.0 -999999.0 -999999.0 -999999.0 -999999.0 -999999.0 -999999.0 -999999.0 -999999.0 -999999.0 -999999.0 -999999.0 -999999.0 -999999.0 -999999.0 -999999.0 -999999.0 -999999.0 296.4791 0.0 497.1089 627.4232 782.06305 935.56024 1040.487 1111.5305 1146.9788 1076.2041 1094.3269 989.51935 802.2493 609.38495 527.0839 455.06567 367.0861 372.87604 307.39856 254.25032 128.21178 239.55669 413.356 508.9679 724.7452 889.98016 866.507 722.7795 534.65436 435.99744 326.64594 241.252 265.30164 444.1591 597.7953 719.0417 729.42523 840.6383 259.89594 1152.8667 1870.9993 2252.9116 2170.3125
-999999.0 -999999.0 -999999.0 -999999.0 -999999.0 -999999.0 -999999.0 -999999.0 -999999.0 -999999.0 -999999.0 -999999.0 -999999.0 -999999.0 -999999.0 -999999.0 -999999.0 -999999.0 0.0 263.69238 0.0 0.0 488.1576 0.0 0.0 933.8007 1026.618 1093.0717 1059.2892 1184.1053 1113.994 1030.3722 1040.6202 911.3022 789.7732 682.3844 660.9052 603.56195 511.38812 441.0435 523.8461 718.07635 858.7305 978.349 1046.7982 1020.5714 990.5578 810.1537 663.2527 581.51996 536.39404 419.19083 420.37708 600.16205 858.6648 1036.5756 1122.4099 1186.1019 1482.2039 2059.4214 2246.8018 2320.2668
-999999.0 -999999.0 -999999.0 -999999.0 -999999.0 -999999.0 -999999.0 -999999.0 -999999.0 -999999.0 -999999.0 -999999.0 -999999.0 -999999.0 -999999.0 -999999.0 -999999.0 -999999.0 -999999.0 0.0 0.0 0.0 0.0 0.0 0.0 0.0 0.0 0.0 1061.6006 1135.1504 1124.9176 1132.9359 1147.1573 1198.7012 1137.5558 1072.4957 1040.2992 999.7047 886.0919 839.62506 902.2842 1055.8414 1202.1721 1231.5623 1305.2888 1280.0303 1208.1223 1023.69135 821.4854 759.3993 698.437 663.65045 726.6903 894.54663 1152.8334 1330.996 1456.5227 1458.1775 1806.7651 2100.1338 2176.3787 2236.7583
-999999.0 -999999.0 -999999.0 -999999.0 -999999.0 -999999.0 -999999.0 -999999.0 -999999.0 -999999.0 -999999.0 -999999.0 -999999.0 -999999.0 -999999.0 -999999.0 -999999.0 -999999.0 -999999.0 -999999.0 0.0 0.0 0.0 0.0 0.0 0.0 0.0 0.0 0.0 0.0 1221.7888 1207.8267 1229.2589 1274.9558 1369.3983 1366.8201 1282.8516 1243.0885 1124.3934 1177.3639 1240.0288 1375.8998 1445.0884 1463.1295 1483.5309 1516.2839 1405.6559 1081.9995 765.4504 740.9566 733.8631 876.1588 1005.4648 1189.9984 1391.7859 1660.4033 1793.6104 1776.4968 1649.5568 2192.9365 2182.4988 2135.2134
-999999.0 -999999.0 -999999.0 -999999.0 -999999.0 -999999.0 -999999.0 -999999.0 -999999.0 -999999.0 -999999.0 -999999.0 -999999.0 -999999.0 -999999.0 -999999.0 -999999.0 -999999.0 -999999.0 0.0 0.0 0.0 0.0 0.0 0.0 0.0 0.0 0.0 0.0 0.0 0.0 1216.2052 1293.8604 1285.3693 1403.0438 1509.4674 1415.6676 1396.0603 1404.6772 1460.026 1496.0988 1530.1146 1703.7069 1742.7614 1757.2463 1831.4873 1759.3357 1295.2985 804.6823 944.6074 1079.2953 1276.4297 1460.945 1576.3352 1782.3623 2003.1632 2210.8582 2018.0422 1916.4686 1879.7355 2297.6294 2336.2058
-999999.0 -999999.0 -999999.0 -999999.0 -999999.0 -999999.0 -999999.0 -999999.0 -999999.0 -999999.0 -999999.0 -999999.0 -999999.0 -999999.0 -999999.0 -999999.0 -999999.0 -999999.0 0.0 0.0 0.0 0.0 0.0 0.0 0.0 0.0 0.0 0.0 0.0 0.0 0.0 0.0 0.0 1339.3665 1400.7198 1463.2771 1506.2933 1515.8069 1589.6855 1605.5333 1648.0234 1687.6866 1821.244 1755.5243 1702.6335 1859.4431 1970.3701 1666.9589 1392.2765 1438.0941 1508.5619 1679.3649 1914.7756 1989.1348 2040.8491 2175.9622 2330.301 2104.862 2358.1147 2081.1057 2093.884 2533.3132
-999999.0 -999999.0 -999999.0 -999999.0 -999999.0 -999999.0 -999999.0 -999999.0 -999999.0 -999999.0 -999999.0 -999999.0 -999999.0 -999999.0 -999999.0 -999999.0 -999999.0 -999999.0 0.0 0.0 0.0 0.0 0.0 0.0 0.0 0.0 0.0 0.0 0.0 0.0 0.0 0.0 0.0 0.0 1337.5935 1370.3383 1402.984 1582.0968 1564.8795 1604.4052 1655.4918 1676.151 1714.3551 1647.0612 1610.1083 1734.5681 1842.9766 1972.2133 1936.1559 1893.3845 1896.8097 1985.406 2160.356 2251.6543 2280.671 2554.0767 2613.8508 2296.4165 2045.5841 2151.1785 2419.5427 2875.2778
