data/TNO-HT-ATES/HT-ATES_ooz2/ooz2__flowr_injnorm_P50_basecase_80-45-40.asc
ncols  140
nrows  163
xllcorner  0.0
yllcorner  300000.0
cellsize  2000.0
NODATA_value  -999999.0
[rows 56 to 83 of 163, columns 62 to 123 of 140]
207.8362 153.40254 93.130714 59.481766 54.583027 57.163616 66.71979 74.78841 83.70647 97.86772 124.37914 173.10753 224.81566 264.6331 293.87457 315.1228 332.64044 341.34338 360.2152 372.39395 375.74973 386.0595 380.18158 362.96024 349.58173 336.69965 339.91647 320.79135 299.2952 268.31946 238.22708 262.09628 318.95877 376.48108 449.48795 525.23175 600.73425 653.3432 666.8288 645.7342 647.1422 655.80585 622.2593 647.24164 690.6517 722.82434 688.4613 599.0204 482.99304 0.0 0.0 0.0 0.0 0.0 0.0 0.0 0.0 0.0 0.0 0.0 0.0 -999999.0
222.32516 178.46619 129.71121 98.637 91.37112 96.88653 85.33851 83.82373 84.988235 83.51383 93.97121 134.47714 185.31743 227.19406 265.53082 297.2479 314.80508 331.10782 344.23373 353.68106 353.583 366.48886 362.6079 327.35178 326.8731 319.19043 312.07108 291.5825 274.11002 247.27573 227.96365 261.4764 323.2665 390.76654 453.69278 523.4223 566.48083 573.9875 534.7944 489.53436 528.1618 552.72174 554.9317 616.00684 685.56036 716.96014 731.66724 665.8518 0.0 0.0 0.0 0.0 0.0 0.0 0.0 0.0 0.0 0.0 0.0 0.0 0.0 -999999.0
230.36438 191.02191 151.55666 123.11528 104.31594 92.46529 71.800735 68.7831 69.607895 64.99002 73.62186 110.8284 154.67934 197.20653 237.98657 271.3423 300.23233 314.86987 324.40314 335.23685 336.81406 351.15317 350.6906 326.73532 300.5704 288.4213 294.29578 282.30893 270.51727 257.71478 260.79956 295.14386 356.11722 417.31735 486.62958 540.0446 567.5654 570.2442 516.78064 454.44458 490.88303 501.69342 528.0498 552.4215 676.82635 704.7606 0.0 0.0 0.0 0.0 0.0 0.0 0.0 0.0 0.0 0.0 0.0 0.0 0.0 0.0 0.0 -999999.0
256.79092 205.62473 167.55681 135.70224 90.99149 45.439377 28.245886 30.333122 44.923153 52.684933 73.79168 110.30727 138.44809 176.61357 222.79094 259.70795 287.57388 296.49716 309.36673 316.42615 324.10135 340.6934 342.632 326.59906 278.14188 257.91342 271.5588 277.0979 284.25232 292.7804 310.92892 340.15366 388.55612 456.72827 507.77573 579.7385 600.644 589.25476 569.1466 528.489 513.0287 506.06442 517.7565 517.77423 558.18884 0.0 0.0 0.0 0.0 0.0 0.0 0.0 0.0 0.0 0.0 0.0 0.0 0.0 0.0 0.0 -999999.0 -999999.0
292.3654 220.64207 168.86707 141.58257 77.54919 -999999.0 -999999.0 8.176646 31.560738 57.084663 80.29995 113.079 130.7454 159.26175 199.79837 244.6066 263.3396 276.0969 288.07114 302.11093 322.1419 343.92105 355.45352 350.0522 307.6489 231.85573 241.79907 280.88882 311.7099 329.99747 356.55777 391.45114 440.2937 490.9699 532.0997 589.7761 598.5016 610.67737 653.77234 672.38226 631.5493 602.7602 596.4362 598.45404 596.8626 0.0 0.0 0.0 0.0 0.0 0.0 0.0 0.0 0.0 0.0 0.0 0.0 0.0 0.0 0.0 -999999.0 -999999.0
266.86597 217.3831 166.22476 133.54997 84.04684 24.91366 23.96913 38.67424 65.27281 91.32217 111.46525 127.082504 129.8756 146.4966 176.51018 209.29901 231.78494 247.43376 262.2129 281.80832 301.7858 318.33917 351.03546 368.86478 360.63742 257.0812 262.0695 317.0502 353.0137 383.8827 439.0396 462.22842 475.97562 511.59134 530.43066 553.2488 562.20905 592.43854 714.63715 712.97266 623.1754 596.36206 597.8048 622.755 708.8388 0.0 0.0 0.0 0.0 0.0 0.0 0.0 0.0 0.0 0.0 0.0 0.0 0.0 0.0 0.0 -999999.0 -999999.0
240.1764 211.4405 178.39275 145.96095 103.14936 65.91863 71.143234 94.931786 118.7012 135.10927 155.48596 139.88654 128.7414 134.88147 161.71965 176.16057 195.1573 219.98291 233.06497 257.51038 281.38312 304.67523 334.7723 366.51154 392.0677 322.6583 340.69833 375.2155 416.928 464.76697 537.97986 559.15765 550.0997 539.5112 540.8021 535.67804 528.39825 531.94116 523.92084 539.96216 497.79834 495.61472 511.13983 565.33093 604.6571 0.0 0.0 0.0 0.0 0.0 0.0 0.0 0.0 0.0 0.0 0.0 0.0 0.0 0.0 0.0 -999999.0 -999999.0
218.23193 212.71399 201.02155 170.29977 139.0811 109.93956 109.38216 128.31798 145.68309 156.80339 169.76886 153.47377 137.16492 135.09839 147.2604 157.35106 173.306 193.32689 211.0463 239.11363 267.10257 295.26566 332.06702 368.86343 412.0333 414.49313 445.01553 473.56107 499.9416 570.59564 644.036 613.94824 577.75073 551.47485 567.4221 555.48663 533.8629 514.0581 472.60568 349.79233 334.09482 365.6385 397.75848 413.0471 426.1943 0.0 0.0 0.0 0.0 0.0 0.0 0.0 0.0 0.0 0.0 0.0 0.0 0.0 0.0 0.0 0.0 -999999.0
217.19727 233.31572 235.20927 207.5711 182.29286 154.71407 136.63588 136.88113 144.43575 148.30931 151.9307 151.86832 150.47183 145.93243 142.84988 147.25233 156.2978 171.53334 195.91002 225.39265 258.24527 298.6265 315.95877 385.756 412.21964 424.0559 436.88724 447.5672 493.46347 547.4341 622.6623 716.4377 619.00543 558.1746 559.68134 563.9131 523.5269 510.45383 461.15854 317.5194 281.18433 322.01465 339.3699 345.0184 0.0 0.0 0.0 0.0 0.0 0.0 0.0 0.0 0.0 0.0 0.0 0.0 0.0 0.0 0.0 0.0 0.0 0.0
249.29036 257.78992 259.89136 242.50002 215.83046 195.47958 170.15587 156.53296 155.81947 149.98553 138.50586 150.80653 160.63217 151.90964 138.59375 140.52986 135.05482 157.15361 183.47139 214.41495 251.62433 305.9427 360.23105 412.38965 428.31714 420.21503 401.89557 412.18536 464.97235 546.9146 647.00464 695.8244 669.5833 609.5465 579.8499 561.802 539.9206 528.0738 504.18503 397.40668 370.94672 313.3535 313.52945 0.0 0.0 0.0 0.0 0.0 0.0 0.0 0.0 0.0 0.0 0.0 0.0 0.0 0.0 0.0 0.0 0.0 0.0 -999999.0
236.028 256.7286 264.26813 246.99661 227.70268 215.23569 203.04967 192.27081 179.68427 173.88277 165.68524 159.34409 155.10869 139.89253 117.74559 99.108475 95.86488 116.240906 156.01689 200.99255 246.56601 301.5404 363.6938 421.19272 449.37683 427.45782 372.83334 345.9679 434.91696 534.50323 608.03656 646.20026 651.64886 617.5616 595.2568 574.08575 563.7983 525.5355 504.15613 455.31375 445.20847 448.12216 503.9352 0.0 0.0 0.0 0.0 0.0 0.0 0.0 0.0 0.0 0.0 0.0 0.0 0.0 0.0 0.0 0.0 0.0 0.0 -999999.0
233.02203 253.33835 259.39493 248.6221 236.48236 227.83461 224.52513 226.12967 211.04555 196.25879 179.09079 164.23717 150.39774 126.61769 87.95389 53.884686 52.905014 80.21961 131.33908 188.64247 239.56892 285.92896 346.14282 424.23587 473.0344 442.88995 391.4213 373.28287 447.5906 509.44284 569.814 592.31476 613.6662 602.7716 592.8441 586.7408 566.3042 513.80334 488.62662 488.41953 480.86124 497.85437 0.0 0.0 0.0 0.0 0.0 0.0 0.0 0.0 0.0 0.0 0.0 0.0 -999999.0 0.0 0.0 0.0 0.0 0.0 0.0 -999999.0
228.89717 240.62029 247.70712 258.12054 251.30186 236.5395 242.87384 250.47192 239.1975 213.41104 187.41321 171.34933 143.99889 113.06296 69.61711 28.416391 20.107681 60.410576 125.380745 181.4444 224.7012 258.94492 322.27313 379.04712 426.02286 414.65222 390.6426 425.32162 453.11588 499.57983 519.1407 555.06165 593.6381 596.715 584.5695 577.1126 550.60394 513.557 484.63385 453.764 460.23547 452.24826 0.0 0.0 0.0 0.0 0.0 0.0 0.0 0.0 0.0 0.0 0.0 0.0 0.0 -999999.0 0.0 0.0 0.0 0.0 0.0 -999999.0
217.03242 235.02145 260.8984 275.43637 270.0364 267.61005 274.49695 277.761 269.57446 240.91803 210.34329 179.64151 142.23213 108.13575 73.209274 41.637566 25.269886 79.81277 139.55646 186.79587 215.97606 249.21588 255.66882 296.30118 346.39447 378.51443 387.5037 425.22147 442.1792 486.0039 503.86884 535.163 581.8463 544.2536 514.49445 531.7743 524.77356 526.56616 487.27844 445.28555 499.84372 0.0 0.0 0.0 0.0 0.0 0.0 0.0 0.0 0.0 0.0 0.0 0.0 0.0 0.0 0.0 0.0 0.0 0.0 0.0 -999999.0 -999999.0
201.25229 241.59161 281.86432 300.31458 300.61182 307.72223 314.05753 320.44257 309.20865 274.2837 244.26328 201.25864 153.29768 119.27275 96.91596 94.21047 98.550514 129.17397 175.27222 215.8453 261.5994 243.7947 197.72874 185.3868 303.5524 373.36234 410.6469 429.95593 434.5553 457.2687 493.17184 511.07782 541.1903 538.80383 513.8921 491.5853 470.59805 387.56027 528.3134 581.71405 627.8115 485.50122 0.0 0.0 0.0 0.0 0.0 0.0 0.0 0.0 0.0 0.0 0.0 0.0 0.0 0.0 0.0 0.0 0.0 0.0 -999999.0 -999999.0
225.85948 252.02148 288.356 312.204 328.1797 342.53638 349.6991 353.2382 342.49542 311.07614 272.11337 223.12308 190.74205 164.33635 153.49571 156.9646 167.61655 186.02293 220.72095 264.6943 316.32544 287.7838 258.6145 251.0147 305.61526 362.1258 413.7537 428.48596 435.58405 458.1014 478.3272 489.5087 508.98965 472.0058 459.36697 430.60065 379.51065 318.5565 244.90598 227.16399 565.3623 567.86115 0.0 0.0 0.0 0.0 0.0 0.0 0.0 0.0 0.0 0.0 0.0 0.0 0.0 0.0 0.0 0.0 0.0 -999999.0 -999999.0 -999999.0
234.49883 256.2166 295.8539 330.47418 350.91287 372.66202 388.8022 390.61923 378.48758 332.61417 303.65335 261.7613 230.49692 208.27759 202.99222 209.36658 226.26042 247.14323 282.38257 313.53873 388.94214 396.1623 373.15 347.40125 346.3861 375.43655 428.74686 467.75974 450.87762 451.20367 472.84378 477.4152 467.48325 427.57867 445.98392 418.77484 352.00845 258.39737 185.44363 169.0701 219.11269 248.47932 0.0 0.0 0.0 0.0 0.0 0.0 0.0 0.0 0.0 0.0 0.0 0.0 0.0 0.0 0.0 0.0 0.0 -999999.0 -999999.0 -999999.0
234.33186 263.4102 303.2328 346.67737 377.95703 405.0848 421.94968 419.16003 407.2916 372.8888 338.4929 294.66226 260.65875 243.44398 254.6629 267.6207 286.2538 312.29114 350.0088 385.2147 454.8195 497.6271 449.92975 413.86444 406.6395 429.1316 466.14893 479.58862 476.25534 473.74332 475.36078 467.13254 452.26596 405.32568 419.49277 402.03635 342.29675 264.8219 181.05353 166.22859 189.6986 214.31567 199.6567 239.14633 0.0 0.0 0.0 0.0 0.0 0.0 0.0 0.0 0.0 0.0 0.0 0.0 0.0 0.0 0.0 -999999.0 -999999.0 -999999.0
235.98483 268.7925 309.38873 361.16876 385.91794 440.63992 450.9438 446.53265 432.91534 405.4978 370.6905 340.30975 294.67316 279.8522 300.3683 309.04504 331.0866 357.91586 388.19696 422.19028 474.03165 495.66394 466.95474 448.806 443.6991 488.72293 483.64127 466.64172 472.5673 470.44714 462.79678 478.7812 458.60986 446.50858 422.71384 406.47473 308.87662 314.89215 228.75401 196.98785 183.96619 186.48096 217.53188 0.0 0.0 0.0 0.0 0.0 0.0 0.0 0.0 0.0 0.0 0.0 0.0 0.0 0.0 0.0 0.0 -999999.0 -999999.0 -999999.0
230.5568 273.9684 331.786 386.13818 430.36096 472.78973 482.0604 480.2489 471.77643 461.99368 417.48434 385.15958 350.81998 337.6888 349.71466 377.4857 392.56326 398.12988 417.0522 432.1077 432.90265 484.63 487.75937 483.93875 468.9372 489.69846 473.55334 477.29208 470.65143 472.80386 476.11734 485.4341 475.68726 460.27567 463.70288 385.38037 373.88174 300.07886 285.4989 246.81865 247.21666 258.94034 344.41812 0.0 0.0 0.0 0.0 0.0 0.0 0.0 0.0 0.0 0.0 0.0 0.0 0.0 0.0 0.0 -999999.0 -999999.0 -999999.0 -999999.0
239.07512 287.82895 341.91617 398.9933 447.15305 484.85486 504.54553 518.5935 500.64966 506.30124 489.81235 464.5407 415.3151 407.3837 411.62796 422.55127 425.6481 428.54315 437.80084 445.07013 452.2996 493.6327 480.86743 481.589 514.4997 418.68976 466.38974 492.80566 475.62158 471.2732 439.78842 421.17682 462.36807 487.8192 429.25095 425.9357 446.7604 326.59732 247.64502 278.69897 340.41266 338.4985 153.077 170.61076 0.0 0.0 0.0 0.0 0.0 0.0 0.0 0.0 0.0 0.0 0.0 0.0 0.0 0.0 -999999.0 -999999.0 -999999.0 -999999.0
258.68372 307.57135 352.24747 415.4703 461.557 501.1226 563.3339 569.17535 534.97296 546.4897 561.2647 524.492 510.51672 466.71533 459.02182 457.70114 424.98083 464.33075 455.8367 436.0033 440.61917 476.4798 462.83987 486.31888 513.3305 515.03796 527.4556 519.9433 492.20587 486.7703 448.50055 411.13742 450.16034 450.11194 442.41302 502.1719 524.80206 430.69122 417.48157 469.51242 403.34387 295.4776 139.78003 185.48935 0.0 0.0 0.0 0.0 0.0 0.0 0.0 0.0 0.0 0.0 0.0 0.0 0.0 -999999.0 -999999.0 -999999.0 -999999.0 -999999.0
289.29413 331.7859 370.62888 421.6148 469.7781 537.9255 570.9278 557.8116 565.86816 596.2366 612.91516 603.7847 569.8555 511.27643 481.36752 480.87225 439.45563 438.92096 439.80823 432.2987 419.02118 435.43793 437.71365 465.91547 468.10196 495.49252 510.00662 486.07495 479.1136 478.69666 483.86542 475.5322 498.2632 454.0453 474.6084 533.10144 576.9661 535.6285 548.6166 530.7666 434.4592 305.8054 248.47327 247.97978 0.0 0.0 0.0 0.0 0.0 0.0 0.0 0.0 0.0 0.0 0.0 0.0 -999999.0 -999999.0 -999999.0 -999999.0 -999999.0 -999999.0
301.9469 336.7412 376.4653 418.49243 461.46136 509.08347 557.33484 563.4248 565.47095 603.0014 641.184 628.894 614.2547 558.60956 549.2337 495.04276 435.43674 414.85782 408.16245 400.19727 395.94257 394.49622 413.43732 440.0001 433.17212 469.20395 480.6438 472.06686 437.12164 425.6735 454.0759 470.32413 430.0773 450.94016 479.77078 520.1782 567.6012 503.93365 516.1596 542.052 444.4992 313.89938 305.6173 0.0 0.0 0.0 0.0 0.0 0.0 0.0 0.0 0.0 0.0 0.0 0.0 -999999.0 -999999.0 -999999.0 -999999.0 -999999.0 -999999.0 -999999.0
290.154 327.50937 371.23837 401.54266 480.2037 507.15897 516.60736 492.4787 509.91354 562.06616 611.95917 629.41455 650.4641 628.70825 575.983 496.28235 421.63617 388.46127 372.10025 356.08807 422.84454 399.9647 415.49094 425.08057 430.25793 446.2659 454.8132 440.64578 387.78278 380.1814 410.15063 424.59866 398.84915 451.04492 468.87625 479.2778 466.2197 409.20413 406.6808 424.3836 423.52274 337.29532 327.07852 0.0 0.0 0.0 0.0 0.0 0.0 0.0 0.0 0.0 0.0 0.0 0.0 0.0 -999999.0 -999999.0 -999999.0 -999999.0 -999999.0 -999999.0
305.5309 326.96988 362.4838 418.7096 457.8357 473.39462 502.3219 430.6953 399.40472 399.35867 462.84717 597.7226 698.052 652.63715 559.38837 467.89047 383.792 349.60712 326.79752 320.01462 389.25775 386.78577 400.42877 409.2065 424.91513 420.834 457.0313 418.7032 360.82233 336.36765 356.9801 329.93906 377.46292 418.64255 415.46866 399.64542 388.17056 313.73978 294.33624 319.6715 344.1174 368.85272 345.6616 304.65005 0.0 0.0 0.0 0.0 0.0 0.0 0.0 0.0 0.0 0.0 0.0 0.0 -999999.0 -999999.0 -999999.0 -999999.0 -999999.0 -999999.0
123.534515 162.34569 383.1371 410.4229 436.13596 455.4153 475.8722 485.2084 347.66547 234.16049 341.48032 523.83026 679.64624 598.32355 484.2658 374.35284 329.81555 296.10767 279.59586 307.74744 330.4315 341.77014 376.87997 400.88177 426.45697 449.73123 380.25443 387.51434 319.2869 285.5877 284.4978 293.1873 370.82092 375.00964 369.10974 330.09665 304.52844 264.53537 191.145 200.86658 283.86432 329.90707 291.50616 254.36 0.0 0.0 0.0 0.0 0.0 0.0 0.0 0.0 0.0 0.0 0.0 -999999.0 -999999.0 -999999.0 -999999.0 -999999.0 -999999.0 -999999.0
80.49101 108.91074 169.63248 306.00162 424.6041 458.064 467.23578 541.44275 559.7212 319.59622 419.09415 548.8498 517.19666 439.93173 347.0622 267.29507 254.16711 244.57265 227.83379 255.51411 275.85547 299.68045 331.5712 395.87854 341.0839 344.72083 320.78473 281.25223 284.60355 273.1825 281.28885 302.77325 364.61926 351.72137 316.78146 296.51318 283.85312 301.42682 239.95232 112.62191 255.22176 227.6065 205.96402 0.0 0.0 0.0 0.0 0.0 0.0 0.0 0.0 0.0 0.0 -999999.0 -999999.0 -999999.0 -999999.0 -999999.0 -999999.0 -999999.0 -999999.0 -999999.0
