data/TNO-HT-ATES/HT-ATES_ooz2/ooz2__flowr_prodnorm_P50_basecase_80-45-40.asc
ncols  140
nrows  163
xllcorner  0.0
yllcorner  300000.0
cellsize  2000.0
NODATA_value  -999999.0
[rows 28 to 55 of 163, columns 62 to 123 of 140]
75.22099 66.90739 52.133694 33.922424 20.95332 4.3896327 -999999.0 -999999.0 -999999.0 -999999.0 -999999.0 -999999.0 -999999.0 -999999.0 -999999.0 -999999.0 -999999.0 -999999.0 -999999.0 -999999.0 -999999.0 -999999.0 -999999.0 -999999.0 -999999.0 -999999.0 -999999.0 -999999.0 -999999.0 -999999.0 -999999.0 -999999.0 -999999.0 -999999.0 -999999.0 -999999.0 2.9985461 16.255722 29.821781 41.27087 51.026085 66.87993 78.38931 91.25187 110.476776 125.45617 130.16779 129.97354 125.72033 131.60533 130.35995 123.488365 119.93893 109.63996 91.46718 68.62292 49.029125 37.302532 39.593807 43.366684 43.97898 -999999.0
77.85424 69.773926 57.21523 43.384106 29.810177 15.438371 2.2887096 -999999.0 -999999.0 -999999.0 -999999.0 -999999.0 -999999.0 -999999.0 -999999.0 -999999.0 -999999.0 -999999.0 -999999.0 -999999.0 -999999.0 -999999.0 -999999.0 -999999.0 -999999.0 -999999.0 -999999.0 -999999.0 -999999.0 -999999.0 -999999.0 -999999.0 -999999.0 -999999.0 -999999.0 -999999.0 6.1855483 19.846575 33.709675 48.171192 62.58323 78.57705 93.88956 103.45399 122.39637 145.54922 136.27977 94.89072 130.40303 122.50849 114.81342 108.84675 96.9616 87.97244 67.920494 51.059727 43.92999 44.10227 51.24639 60.96727 79.10886 -999999.0
79.706406 69.55332 57.32216 44.723797 34.005722 24.271353 15.260375 1.4690824 -999999.0 -999999.0 -999999.0 -999999.0 -999999.0 -999999.0 -999999.0 -999999.0 3.834843 6.096272 5.60284 -999999.0 -999999.0 -999999.0 -999999.0 -999999.0 -999999.0 -999999.0 -999999.0 -999999.0 -999999.0 -999999.0 -999999.0 -999999.0 -999999.0 -999999.0 -999999.0 -999999.0 10.623174 21.410423 37.41722 55.714924 76.76087 86.192726 98.77238 109.61657 117.949036 125.98885 119.699104 63.28634 50.824677 105.593834 86.65689 83.793785 75.643234 69.127426 54.59711 43.697803 36.258842 40.337063 50.55728 67.49172 78.97478 -999999.0
81.86405 71.11089 59.768074 48.57947 38.532207 29.935932 23.819782 9.549103 -999999.0 -999999.0 -999999.0 -999999.0 -999999.0 -999999.0 -999999.0 9.088643 16.160702 15.512729 12.108558 5.2479744 -999999.0 -999999.0 -999999.0 -999999.0 -999999.0 -999999.0 -999999.0 -999999.0 -999999.0 -999999.0 -999999.0 -999999.0 -999999.0 -999999.0 -999999.0 1.0364993 15.126529 28.021318 45.750267 61.33812 78.37943 86.53095 95.0149 102.96938 100.660835 95.5264 85.535446 62.55756 49.762844 51.346645 82.33601 66.630516 64.38661 58.308872 57.572193 53.21459 40.74153 35.344288 44.787846 60.77275 76.37108 -999999.0
86.830154 76.468956 65.20493 54.629253 44.608784 34.488125 27.29532 16.448042 4.1337385 -999999.0 -999999.0 -999999.0 -999999.0 -999999.0 10.039469 21.904612 26.228851 27.360876 19.860369 10.0810175 1.5073022 -999999.0 -999999.0 -999999.0 -999999.0 -999999.0 -999999.0 -999999.0 -999999.0 -999999.0 -999999.0 -999999.0 -999999.0 -999999.0 -999999.0 1.2920156 19.831324 38.555714 52.16203 66.21931 76.71355 84.12755 85.840416 90.241425 86.05133 81.59944 69.73698 57.339676 48.81192 40.562096 61.293625 72.364136 67.185486 71.28185 87.94475 70.88691 46.73997 46.73133 58.476284 63.744213 76.275444 81.80493
92.53362 82.57154 72.28646 59.74234 54.444984 42.037407 35.188656 25.808674 13.0727 7.9735203 6.5336375 5.2206383 4.2136493 8.704906 19.007555 32.574764 34.82778 32.803253 25.14729 15.39927 6.8122206 -999999.0 -999999.0 -999999.0 -999999.0 -999999.0 -999999.0 -999999.0 -999999.0 -999999.0 -999999.0 -999999.0 -999999.0 -999999.0 -999999.0 8.637993 28.07778 47.419266 60.56439 69.79247 76.58852 74.34384 79.06727 81.30457 78.840836 73.93474 61.773067 52.24266 43.17826 37.87469 29.444067 48.82054 113.53834 142.64316 126.39712 95.036415 63.795128 63.677193 68.404015 84.82533 93.18794 92.617714
99.37705 89.93237 79.75065 70.215836 64.01378 54.040913 49.783264 39.044918 27.360357 21.78307 19.26035 17.739286 18.248154 21.400145 32.012558 41.079662 41.109833 36.643364 28.168205 18.635704 11.433145 5.0399904 -999999.0 -999999.0 -999999.0 -999999.0 -999999.0 -999999.0 -999999.0 -999999.0 2.3010936 -999999.0 -999999.0 -999999.0 4.869368 22.271187 40.139954 56.686172 72.165955 74.71024 74.03816 58.664104 80.0085 77.597916 77.538734 73.18544 60.220406 47.516903 38.11203 41.791336 43.44068 39.48482 147.48996 155.02464 140.05016 113.19946 61.87829 84.78127 96.55402 103.197784 99.31126 84.40111
107.23373 98.80995 92.87248 84.20836 76.08923 68.0678 66.691505 57.36533 45.580814 39.516846 33.98501 31.358791 32.31492 36.13155 46.66756 54.73837 54.920486 50.16174 40.571793 28.251537 17.651358 12.268042 8.050653 6.5764847 10.337433 17.53496 16.711283 11.693275 12.2731495 15.95033 17.910048 6.6781807 -999999.0 -999999.0 14.608726 35.862663 52.936066 69.54762 84.16808 87.38828 82.558365 81.38013 83.96659 84.084435 83.119514 72.281746 57.54852 45.961678 40.87926 39.26314 41.69095 34.633053 39.331566 132.03084 118.70631 86.234985 90.35468 110.849525 111.005554 111.25316 101.84276 0.0
115.936646 106.44755 104.41365 96.37012 89.26595 89.283295 85.87989 78.63265 70.98813 56.528076 50.588818 50.948166 51.06533 60.290024 67.53016 67.73366 65.74648 58.733418 49.457275 35.148487 21.532 15.616471 12.97396 15.190497 22.718906 31.184551 37.1093 35.724598 36.678947 39.11263 37.879322 30.13474 17.963137 19.737608 33.386566 51.02944 68.31341 83.72724 96.36228 98.26632 95.01894 90.87301 88.59124 86.709496 81.7084 72.22512 58.449623 47.46482 37.43447 32.338768 33.85876 27.179071 34.912437 104.491585 95.907814 93.94134 68.16422 107.627 117.38184 118.020645 92.29853 0.0
111.66945 100.33671 102.75668 103.57592 99.77432 101.10033 99.69453 94.76208 89.283195 75.84845 73.59903 69.57437 69.18425 78.20175 87.640915 87.22696 81.18932 72.906235 59.26949 42.595028 25.848053 17.702866 19.082651 26.764824 38.182312 49.6795 58.65199 58.75217 64.09954 67.18034 69.37337 62.663567 51.574722 48.68197 55.390884 71.99488 83.711975 97.45802 106.61819 103.09333 101.99311 98.94964 94.720955 88.95437 82.158554 70.936966 64.51831 47.2592 32.57365 19.392406 25.605083 19.192205 33.080315 76.36167 59.797527 59.19724 33.875675 85.98183 105.003044 108.76525 0.0 0.0
109.16751 99.93686 99.57343 105.28947 113.216965 107.39448 106.73217 110.20686 107.68933 103.96677 97.60192 88.433495 85.612045 94.65841 104.857 105.12171 100.595 90.535614 73.015625 53.022408 30.93642 16.116184 23.280977 40.13852 57.64739 76.50241 87.46524 88.28493 91.56867 99.858086 100.26706 95.28554 85.721504 81.69138 85.66191 93.17906 102.66429 115.02618 116.458885 110.18487 106.94615 98.737755 94.320755 90.84675 83.54828 76.79934 68.30854 50.273064 37.70966 28.439222 30.00258 13.799766 24.97589 46.454197 11.504023 14.227754 -999999.0 49.26058 87.98312 93.21168 0.0 0.0
104.225235 91.23716 99.42196 110.76151 114.29172 116.193794 114.6182 120.97167 130.25279 128.84584 118.20937 109.375916 105.99234 111.52904 118.13308 125.22222 123.03529 113.26724 95.22159 72.31537 46.854355 19.177225 37.420048 61.736492 79.92972 105.82341 116.084305 117.80775 125.445465 132.3412 133.39653 130.11073 115.922005 114.0326 115.90276 118.775314 123.716675 131.43279 132.59991 120.89875 111.78531 104.5321 96.75476 93.94871 87.32053 79.85861 75.07527 59.19758 56.794857 56.811485 11.840589 -999999.0 35.22098 42.593952 51.57756 67.8932 -999999.0 69.39745 91.2271 75.12447 79.643524 60.818592
115.49264 106.26912 109.64867 114.3311 119.10354 134.17441 132.19728 132.36412 129.1406 127.50206 128.98795 125.927055 127.82155 127.16238 137.30089 151.43242 149.38428 141.42453 124.57893 101.13733 80.12691 69.32033 77.538536 92.14359 101.138535 136.15805 145.6907 148.22627 156.62111 156.90489 160.69336 154.37741 145.56497 136.38902 140.28708 142.82106 144.97945 154.66911 147.91353 129.03712 121.70759 112.1667 103.2492 96.30833 89.97877 88.49672 84.657715 82.08091 100.57802 88.9114 76.385704 36.43367 14.300875 28.144133 56.70456 79.99463 83.43833 88.85935 84.474045 61.92011 69.659 48.36399
126.264084 128.68803 123.203316 125.41904 131.6563 136.60124 133.64528 133.26141 123.1928 124.92764 128.5058 144.53465 150.55661 155.5655 161.29865 171.8621 176.25722 170.2125 155.21724 136.32793 121.16971 114.10965 116.71727 131.51674 148.80536 161.9988 174.89415 179.2897 191.08096 190.85274 186.68529 179.73373 167.12323 156.68773 157.22157 160.41986 163.43161 167.72375 153.21667 146.51025 134.8361 119.097374 109.663895 100.55049 92.43961 95.61769 84.51665 84.25009 98.11996 90.93231 71.78483 53.38819 45.329266 39.609573 61.290333 80.07189 82.81897 93.749626 72.89627 61.64865 61.54762 59.82381
139.57759 133.31659 129.5718 124.40965 121.562386 120.46354 126.867226 129.60097 126.44718 130.043 129.56825 155.40697 178.18208 185.07982 183.45552 189.06912 190.44292 181.82895 173.96715 167.53267 160.40652 158.6727 148.86493 144.48068 173.07324 187.51677 202.80312 214.24075 227.76822 225.99937 216.39436 208.71959 175.89262 168.79387 175.4021 174.09471 174.13066 172.24353 167.0689 154.4629 147.21524 134.96022 120.25323 110.85732 97.40954 94.94703 78.52551 82.6036 95.83203 93.70775 76.13983 67.52602 67.15812 51.748623 62.42471 86.95406 93.598816 85.550575 0.0 0.0 63.272747 0.0
138.60004 131.90189 128.92818 120.180435 116.50627 114.67037 123.715164 132.45757 132.97826 138.55328 152.094 170.54176 183.26315 195.59315 203.87949 207.9592 214.6363 195.45067 203.06958 201.24496 196.06152 187.84877 182.72209 187.78558 196.94394 203.107 222.32056 235.5068 252.19432 253.05905 247.81882 234.61047 212.48796 194.57768 189.2873 189.06892 190.12125 178.9812 170.62752 165.61072 159.37491 149.79977 135.35349 119.37358 108.227875 98.52048 88.428665 86.48963 96.12919 83.14046 72.51456 71.58676 74.07357 67.66451 77.54407 91.32699 88.17982 78.93101 0.0 0.0 45.740906 52.158787
130.47597 119.78048 122.66509 114.94739 108.60336 109.93098 122.14978 139.1326 144.68668 148.88075 158.80424 174.23856 185.03452 196.02829 202.53539 208.7838 217.68254 222.03386 220.37482 214.36888 207.61702 210.38579 209.51534 220.65602 216.6578 225.55975 236.96342 249.79674 262.75952 277.0678 273.61414 265.33655 238.75768 218.54001 212.04485 206.44029 203.6508 188.33116 177.88356 172.10951 171.22148 164.6238 149.79942 130.26183 102.62164 90.89547 94.064926 118.67922 82.05773 66.43947 61.76979 68.494774 77.11771 70.91508 78.36154 89.13657 84.659546 0.0 0.0 0.0 64.147514 44.384087
119.63065 102.41882 97.13819 97.03842 95.146164 100.09712 111.1721 136.11485 149.43996 147.77095 150.4434 170.55359 186.37172 197.30473 202.59117 208.8278 221.55927 235.56352 231.27711 231.54474 228.896 224.48917 230.96101 228.09834 231.80049 242.47156 253.69037 268.80283 297.11716 307.9635 306.6348 292.8733 269.88745 248.68678 246.59453 227.63106 214.78944 198.24712 188.64368 177.98047 177.23582 176.56242 158.9251 140.33902 115.56935 104.43279 103.39835 120.94072 110.22854 60.8282 54.299026 54.58272 62.256374 0.0 0.0 0.0 0.0 0.0 0.0 0.0 0.0 0.0
100.68808 70.54525 55.782066 59.458035 68.37206 85.24229 101.470505 124.72753 142.49483 146.35753 153.41139 170.27946 181.49406 190.18553 199.4967 211.27287 224.95694 232.56639 239.00388 236.80457 233.00893 230.61064 239.3523 233.23248 241.4584 252.77756 273.04172 281.38113 310.92603 316.25143 322.39038 308.17053 294.67444 289.7808 258.3054 238.17165 209.39227 204.05794 197.00986 181.0634 179.82135 175.47932 161.23862 148.8389 135.4196 129.94643 131.3763 128.13219 121.07717 95.093796 69.29402 58.025806 62.457985 0.0 0.0 0.0 0.0 0.0 0.0 0.0 0.0 93.499855
73.56906 33.385384 11.174188 12.227247 32.21697 59.639496 87.98957 116.655334 130.64777 142.56026 148.2692 164.41682 180.74701 175.70326 200.52031 212.97908 227.34409 232.54886 239.61221 238.89589 237.09665 214.28775 233.92148 242.94392 256.79935 264.82928 276.74274 297.28027 308.51468 317.63052 331.8517 333.93765 325.69147 298.00192 268.2783 232.98473 217.77003 209.32506 198.57495 170.56577 181.67831 176.09074 164.99178 153.31013 144.9252 147.26192 135.79066 0.0 0.0 113.84977 88.51953 62.899357 59.524616 0.0 0.0 0.0 0.0 0.0 0.0 0.0 0.0 88.93177
42.006886 -999999.0 -999999.0 -999999.0 -999999.0 31.49938 66.11338 99.118454 120.19312 130.24573 143.7709 165.91313 183.39726 193.8828 203.50998 212.33743 228.82135 229.82231 235.80444 235.52747 235.85205 231.4623 238.52238 246.32849 263.0282 267.369 274.3475 291.98685 314.39935 319.43744 338.15887 351.2033 370.99277 325.1396 287.1953 243.17366 222.02046 236.02953 223.5305 192.44635 183.2049 175.49982 164.65642 155.33846 146.18625 143.5943 131.68459 0.0 0.0 0.0 104.191956 95.95396 121.35888 106.52554 0.0 0.0 0.0 0.0 0.0 0.0 0.0 0.0
12.369723 -999999.0 -999999.0 -999999.0 -999999.0 9.813568 47.79065 80.45944 102.715576 119.018234 137.71255 161.4867 179.861 194.47148 205.43831 214.18973 224.71289 229.63841 229.76878 232.39954 234.11685 230.25388 239.11409 260.9002 263.8217 261.51968 267.03586 257.1257 293.84903 308.10992 316.3928 363.13553 361.02512 323.0613 283.8427 258.99918 247.44554 254.8682 242.6519 212.25911 200.58379 180.55649 163.70448 161.45341 148.79535 138.78294 106.19359 107.62749 105.07976 91.26964 77.4232 83.65313 118.42381 128.29195 93.56326 0.0 0.0 0.0 0.0 0.0 0.0 0.0
-999999.0 -999999.0 -999999.0 -999999.0 -999999.0 -999999.0 32.28888 62.552975 87.04833 108.30191 129.91995 150.58888 172.71129 192.90663 207.38326 214.40825 228.90398 231.3812 226.84485 228.82285 227.83678 228.58534 242.6836 254.84853 256.05087 260.75064 258.37683 270.54794 278.38803 282.50812 289.36652 316.23007 328.22446 308.92673 291.1727 274.76477 255.74078 260.37393 247.44975 216.17838 199.80855 209.14584 175.40837 148.38786 147.17532 137.10318 120.285034 98.24873 82.655624 70.35166 71.23598 94.29227 116.58286 146.92899 115.26107 0.0 0.0 0.0 0.0 0.0 0.0 0.0
-999999.0 -999999.0 -999999.0 -999999.0 -999999.0 -999999.0 23.00533 50.201492 75.61626 99.40586 122.49861 141.6909 161.69861 186.68791 203.2202 217.35632 226.5845 227.68364 224.19814 225.62555 224.53734 226.09615 239.91283 248.02045 253.58052 259.25055 260.509 260.28726 262.7642 295.45593 262.10364 272.5298 273.11267 278.62976 273.5449 265.94186 251.70914 261.76053 264.3198 223.54175 231.91708 213.6812 178.30266 178.19643 155.70676 136.0458 106.3009 74.76503 53.179577 51.01939 68.182594 105.73407 173.5179 212.066 124.82186 0.0 0.0 0.0 0.0 0.0 0.0 0.0
-999999.0 -999999.0 -999999.0 -999999.0 -999999.0 -999999.0 20.41139 43.622086 67.01703 90.02682 116.0104 140.50954 164.67184 181.50407 197.07349 212.98479 222.66617 226.15886 215.87715 217.46825 223.6396 222.58835 232.56 233.32362 240.64761 246.51506 251.18658 247.32664 259.9656 261.50003 247.18924 232.22734 235.18562 243.24602 243.31606 252.0968 230.80429 259.11664 259.05957 245.50917 232.93816 205.567 202.07967 175.9197 154.48613 120.99658 96.165344 58.575294 27.618494 29.353786 58.427727 98.87077 135.98251 136.63536 0.0 0.0 0.0 0.0 0.0 0.0 0.0 0.0
22.107597 -999999.0 -999999.0 -999999.0 -999999.0 2.0502148 20.584335 40.58666 66.464264 87.45636 112.16278 142.0777 165.88806 179.38507 192.66734 208.19049 217.76562 220.08961 218.63115 221.21602 221.71065 230.40514 230.63791 228.31863 229.4748 227.9008 229.40672 243.11293 226.78319 220.72499 220.31538 204.54936 213.10681 217.65604 229.84616 235.78384 248.29692 264.22162 264.102 250.00005 245.97769 206.33261 203.35794 177.15373 159.19838 129.61234 107.15737 66.20438 25.65967 30.737696 56.413162 83.49094 100.20377 0.0 0.0 0.0 0.0 0.0 0.0 0.0 0.0 0.0
76.62573 39.886 3.0626729 -999999.0 -999999.0 7.725526 22.097265 39.513287 61.452877 85.54948 109.94043 135.14339 161.59834 179.63951 194.45006 206.0518 214.25786 213.77888 213.25447 220.03241 222.49501 225.57512 219.82297 216.53342 213.39673 203.34167 198.65512 207.6662 193.39185 186.05812 179.30327 171.77522 168.6136 178.98186 205.3727 228.91026 263.70248 269.2526 241.67456 250.70999 249.9758 214.68887 209.15678 189.45483 173.92047 140.42154 123.82654 87.15379 65.969185 60.18932 0.0 0.0 0.0 0.0 0.0 0.0 0.0 0.0 0.0 0.0 0.0 -999999.0
135.42456 81.31119 28.581287 6.502005 11.072443 16.800795 29.19179 41.951645 57.618763 76.30706 97.38523 124.43176 157.92989 183.99782 187.51201 198.95883 205.24586 207.924 211.07729 214.22093 216.02187 223.82703 212.35239 197.7627 189.28265 179.94312 191.0172 180.40306 166.1468 154.79265 146.666 148.45264 151.2582 161.77055 195.77313 218.87645 246.28636 252.16437 261.45392 240.55565 231.42755 215.91348 195.04161 181.6399 167.03671 152.70204 138.76086 117.387054 90.772446 0.0 63.964504 0.0 0.0 0.0 0.0 0.0 0.0 0.0 0.0 0.0 0.0 -999999.0
