data/TNO-HT-ATES/HT-ATES_ooz2/ooz2__porosity_basecase_80-45-40.asc
ncols  140
nrows  163
xllcorner  0.0
yllcorner  300000.0
cellsize  2000.0
NODATA_value  -999999.0
[rows 54 to 80 of 163, columns 60 to 119 of 140]
0.36125004 0.36145005 0.3616 0.3619 0.3623 -999999.0 -999999.0 0.363225 0.3636 0.36399996 0.3645 0.36502504 0.3655 0.36580002 0.3661 0.36649996 0.36707503 0.36765 0.3682 0.3687 0.36922503 0.36984998 0.3705 0.37115002 0.37185 0.37265 0.3735 0.3744 0.37532502 0.37630004 0.37722504 0.3781 0.3789 0.379525 0.38 0.38067496 0.38195 0.38324997 0.38447493 0.38545 0.38627496 0.38639998 0.3866 0.3867 0.38702494 0.38825 0.39004996 0.39174998 0.39287493 0.3939 0.39485 0.39564997 0.39570004 0.39570004 0.396025 0.396575 0.39727497 0.39805004 0.398775 0.39942503
0.362 0.36185005 0.3617 0.3621 0.3626 0.362975 0.3632 0.36345002 0.3638 0.3642 0.36470002 0.3652 0.3656 0.36597502 0.366275 0.36665 0.3672 0.36774996 0.36824995 0.36877504 0.36929998 0.36995 0.3706 0.3712 0.37190002 0.37270004 0.37355 0.37454998 0.37549996 0.3765 0.37755 0.37855 0.37942502 0.38007504 0.3804 0.380875 0.38204998 0.38319996 0.3842 0.38502496 0.38567495 0.3861 0.38645 0.3864 0.38649997 0.38795 0.39004996 0.39164996 0.39267495 0.3936 0.3945 0.39534992 0.39554998 0.396575 0.39725006 0.3978 0.39845005 0.399125 0.399775 0.40029997
0.36285004 0.36245003 0.3623 0.3625 0.3628 0.3631 0.36330003 0.3635 0.3639 0.3643 0.36479998 0.36529997 0.36580002 0.36619997 0.366575 0.366975 0.3674 0.3679 0.3683 0.3688 0.36940002 0.37 0.37064996 0.37125 0.37194997 0.37270004 0.37355 0.3745 0.37554997 0.37665 0.37785 0.379025 0.38015 0.380775 0.38115004 0.381625 0.382425 0.3833 0.38410002 0.38477495 0.38527498 0.3857 0.3861 0.3864 0.38682503 0.38825 0.3903 0.39174998 0.3926 0.3934 0.3942 0.3955 0.39650002 0.397475 0.39837503 0.3989 0.39957502 0.400225 0.40080002 0.40127504
0.363525 0.363 0.3627 0.36272502 0.3629 0.3632 0.3634 0.3636 0.36399996 0.3645 0.365 0.3655 0.366025 0.3664 0.3668 0.3672 0.36757502 0.368 0.3684 0.36885 0.36940002 0.37 0.3706 0.3712 0.371875 0.3726 0.37344995 0.3744 0.37549996 0.37675 0.37804997 0.37935 0.3806 0.3814 0.3818 0.382225 0.38287503 0.38357502 0.384225 0.3848 0.3852 0.3855 0.3862 0.38685 0.387625 0.3892 0.39094996 0.39207503 0.3927 0.39350003 0.3945 0.39584997 0.39772502 0.39837503 0.39902502 0.399675 0.4004 0.40122503 0.401825 0.4022
0.364075 0.36335003 0.36297506 0.363 0.3632 0.3634 0.3636 0.36382502 0.3643 0.36470002 0.3652 0.3657 0.36615002 0.36649996 0.3669 0.3673 0.3676 0.368 0.36835 0.3688 0.36932495 0.3699 0.37052497 0.3711 0.3718 0.37254998 0.3733 0.37424996 0.37545 0.37665 0.37804997 0.37945 0.38085002 0.38187504 0.3823 0.3827 0.38324997 0.3839 0.38454998 0.3851 0.38557503 0.38592502 0.38667503 0.38757503 0.38862503 0.3903 0.39217502 0.3927 0.3928 0.393425 0.39485 0.39644995 0.39839992 0.3986 0.3994 0.40005004 0.401 0.402025 0.4024 0.4023
0.3643 0.3636 0.3632 0.363225 0.3635 0.3636 0.3639 0.3643 0.36467505 0.36502504 0.36544997 0.36580002 0.36615002 0.3666 0.3669 0.36727494 0.3676 0.3679 0.3683 0.3687 0.3692 0.369775 0.3704 0.371 0.3717 0.3725 0.37322503 0.3742 0.37524998 0.37645 0.37774998 0.37925002 0.38085002 0.3822 0.38247496 0.3829 0.38355 0.38425 0.385 0.38572502 0.386375 0.38695002 0.38757503 0.38837498 0.389475 0.39094996 0.39247495 0.3934 0.39249998 0.39320004 0.39474997 0.396525 0.39804995 0.3989 0.399775 0.40070003 0.40140003 0.40234995 0.40249997 0.4023
0.36445 0.3638 0.36337504 0.3635 0.36369997 0.3636 0.36399996 -999999.0 -999999.0 0.36529997 0.3656 0.36580002 0.3661 0.36649996 0.36685 0.3672 0.3674 0.3677 0.3681 0.36852497 0.36902493 0.3696 0.37022495 0.3709 0.3716 0.37245 0.3733 0.3741 0.37487498 0.37602496 0.37727496 0.37867492 0.38009995 0.38122493 0.381975 0.38274997 0.38365 0.38454998 0.38552502 0.38642502 0.387225 0.38782504 0.38837498 0.389175 0.39012498 0.3912 0.39224997 0.39292496 0.39255 0.39345002 0.39494997 0.39654997 0.39804995 0.39894995 0.39974996 0.40080002 0.40157497 0.4022 0.4022 0.4021
0.3646 0.36409998 0.3638 0.3639 0.364025 0.36395004 0.36427504 0.36470002 0.3651 0.36539996 0.3656 0.3657 0.36595002 0.3663 0.36667496 0.367 0.36722496 0.36752498 0.3679 0.36835 0.36885 0.36940002 0.37004998 0.3707 0.37149996 0.3724 0.3733 0.3737 0.3745 0.3756 0.37672496 0.37787497 0.37892497 0.38007498 0.38117492 0.382375 0.3836 0.3848 0.38597503 0.3869 0.38785 0.3884 0.38894996 0.38967502 0.3906 0.39139998 0.39137495 0.3928 0.39335006 0.3944 0.39567503 0.39700004 0.398475 0.39894995 0.39960003 0.40064996 0.4015 0.402 0.40220004 0.40240002
0.36472505 0.3644 0.36425006 0.3642 0.3644 0.3646 0.36470002 0.3649 0.3652 0.3655 0.3656 0.3657 0.36572498 0.3661 0.36649996 0.3668 0.367 0.36724994 0.3676 0.3681 0.3686 0.36914998 0.369775 0.37045 0.37125 0.37207496 0.37277496 0.3737 0.3744 0.3753 0.37622496 0.37707496 0.37787497 0.37892497 0.38035 0.38195 0.38345 0.38494998 0.38645 0.387475 0.3875 0.38845 0.3893 0.39012498 0.391125 0.39185005 0.39235008 0.3941 0.39505005 0.39597502 0.39707503 0.39820004 0.39917502 0.39880002 0.39932498 0.40054995 0.401825 0.402025 0.40299994 0.40430003
0.36512503 0.364825 0.36462504 0.3646 0.36470002 0.36485004 0.365 0.3652 0.365325 0.3655 0.3657 0.36580002 0.36580002 0.36604998 0.3663 0.36652493 0.3667 0.36692497 0.3673 0.36777496 0.36827496 0.3688 0.36940002 0.37007496 0.37082496 0.3716 0.37229997 0.3731 0.37405 0.375175 0.37589997 0.37655 0.3771 0.37807497 0.37974998 0.38175 0.38337496 0.38490003 0.38647497 0.387675 0.38814998 0.38875 0.3895 0.39067504 0.39202502 0.39330003 0.39462507 0.39622506 0.39705008 0.39755005 0.39817503 0.39885 0.39935 0.39794993 0.39904994 0.40074998 0.40237495 0.402775 0.4035 0.40514997
0.36580002 0.36529997 0.365 0.36495003 0.365 0.3651 0.3652 0.36529997 0.3655 0.3657 0.3659 0.366 0.3661 0.36619997 0.36619997 0.3663 0.36644995 0.3666 0.36694998 0.3674 0.36782497 0.3684 0.36899996 0.3696 0.37032497 0.3711 0.371925 0.37277496 0.37375 0.37485 0.37617496 0.3777 0.37925002 0.37815002 0.38012505 0.38185 0.38334998 0.38474998 0.38615 0.3875 0.3884 0.38902503 0.38994998 0.39150006 0.39314997 0.39487502 0.39654997 0.39820004 0.39875004 0.39885005 0.39885005 0.3989 0.3984 0.39785004 0.399275 0.40084997 0.40224996 0.403275 0.404225 0.40517503
0.366225 0.3657 0.36522505 0.36529997 0.36529997 0.36539996 0.3655 0.3655 0.36577505 0.366 0.36619997 0.3663 0.3664 0.36635005 0.36625 0.36619997 0.3663 0.3664 0.3667 0.367075 0.36747497 0.368 0.36857498 0.36914998 0.36982495 0.37064996 0.37154996 0.37234998 0.37324998 0.374375 0.37585 0.37755 0.37935 0.38085002 0.38142502 0.3823 0.38355 0.38474998 0.38605 0.3875 0.3887 0.389625 0.39075 0.39244998 0.39424998 0.39600003 0.397675 0.399 0.399325 0.39945006 0.39942503 0.39932504 0.399 0.39945006 0.399875 0.40105 0.4022 0.4035 0.40487504 0.4057
0.36649996 0.366175 0.3659 0.36580002 0.36580002 0.36580002 0.365875 0.36597502 0.3661 0.3663 0.3664 0.3666 0.3666 0.36649996 0.3664 0.3664 0.3664 0.3664 0.3666 0.3668 0.3672 0.3676 0.3681 0.368675 0.36940002 0.37035 0.3713 0.37205 0.37270004 0.37372497 0.37539995 0.37714997 0.37889993 0.38035 0.38145 0.38244998 0.38365 0.38484997 0.38605 0.38742498 0.38865 0.38994998 0.39125 0.39274997 0.39424998 0.39577502 0.39814997 0.39904994 0.39955 0.39979997 0.39979997 0.39960003 0.3994 0.39979997 0.4 0.40087494 0.4036 0.40500003 0.40527496 0.40555
0.3668 0.36665007 0.36649996 0.3664 0.3663 0.3663 0.3663 0.3664 0.36649996 0.3666 0.3667 0.3668 0.3668 0.3667 0.3666 0.3666 0.36657503 0.36649996 0.36649996 0.3667 0.367 0.3673 0.3676 0.36812496 0.368825 0.36992496 0.37115002 0.3717 0.37237495 0.373425 0.37495 0.37655 0.37819996 0.37974998 0.38107497 0.382375 0.3836 0.38484997 0.38602495 0.38724998 0.38860002 0.38994998 0.39174998 0.393525 0.39494997 0.39644995 0.39787498 0.3989 0.399275 0.4001 0.40025005 0.40025005 0.40015006 0.40035003 0.40065005 0.402425 -999999.0 0.4053 0.40520003 0.40599996
0.36727503 0.3672 0.36705005 0.3669 0.3668 0.36675006 0.36675006 0.36675006 0.3668 0.3669 0.36695004 0.367 0.367 0.367 0.36697504 0.3669 0.3668 0.3666 0.36649996 0.36662504 0.3669 0.3671 0.3673 0.36762497 0.36822498 0.36907497 0.370175 0.37107497 0.37197497 0.3731 0.37449992 0.37594998 0.37752497 0.37905 0.38057497 0.38204998 0.38355 0.38497502 0.38595 0.38705 0.38834998 0.38994998 0.392175 0.39460003 0.39652506 0.39757502 0.398775 0.399825 0.399825 0.40017503 0.400925 0.40105006 0.4012 0.40205 0.40257496 0.40365 0.40492505 0.40485004 0.40484998 0.40624997
0.36785007 0.3678 0.3677 0.36755005 0.36735004 0.36725006 0.36725006 0.3672 0.36725006 0.3673 0.3673 0.36735004 0.3674 0.36745006 0.36747503 0.36737502 0.36712503 0.36682504 0.3666 0.3668 0.36707503 0.3672 0.3673 0.3675 0.36754996 0.36797497 0.36912498 0.37032497 0.37145 0.372675 0.37397498 0.37535 0.37682498 0.37835002 0.37995 0.38152495 0.38342497 0.38492498 0.38577503 0.38685 0.38797498 0.38944998 0.39222494 0.39529997 0.39705 0.39835 0.39955 0.4002 0.4003501 0.40077502 0.40155005 0.4015249 0.40182504 0.40205 0.40320003 0.4038 0.40490007 0.4051 0.4058 0.40650004
0.3684 0.3684 0.3684 0.3682 0.3679 0.3678 0.3678 0.3678 0.3678 0.3678 0.36785004 0.3679 0.3679 0.368 0.3681 0.368 0.36762503 0.36735007 0.36725003 0.3673 0.3674 0.3675 0.36762503 0.36752504 0.36725003 0.36732504 0.3686 0.36980003 0.37102497 0.372225 0.37344998 0.37475 0.37612498 0.37765 0.37925 0.38085002 0.3824499 0.38402498 0.38555 0.38715 0.387875 0.389225 0.39134997 0.39439994 0.39654997 0.39817497 0.39955 0.400225 0.40059996 0.401275 0.40239996 0.402125 0.40249997 0.40272498 0.403225 0.4044 0.40495 0.40499997 0.40604997 0.40730003
0.369 0.36895004 0.3689 0.368775 0.36855003 0.3684 0.3684 0.36845005 0.3685 0.3685 0.36855003 0.3685 0.3685 0.3686 0.3687 0.3686 0.36835003 0.3681 0.3679 0.3679 0.36805004 0.36815003 0.3683 0.3682 0.36795002 0.368075 0.36882502 0.36975002 0.37080002 0.37184998 0.373025 0.37422496 0.37555 0.37707496 0.37869996 0.38015002 0.38165 0.38314998 0.38489994 0.38704997 0.38935 0.391275 0.39109996 0.39365 0.39595 0.39782497 0.3994 0.40057498 0.4013 0.40209997 0.4026 0.40249997 0.403225 0.4037 0.40390003 0.4048 0.405325 0.405725 0.406925 0.40755004
0.3696 0.36957502 0.3695 0.36935005 0.3692 0.3691 0.36915004 0.3692 0.36925003 0.3693 0.3693 0.3693 0.3693 0.3693 0.36935005 0.3693 0.36915004 0.36895004 0.36879998 0.36879998 0.36895004 0.3691 0.3693 0.36925003 0.36905003 0.369 0.36937502 0.36995 0.37074998 0.3716 0.37264997 0.37374997 0.37502497 0.37649995 0.37815 0.37962496 0.38097495 0.38234997 0.38414997 0.38667494 0.38965 0.39214998 0.393 0.39375 0.39570007 0.39724997 0.39914998 0.40064996 0.401775 0.4022 0.40249997 0.40204996 0.40309992 0.404875 0.4043 0.40427497 0.405325 0.4063 0.40762502 0.40905
0.3702 0.37015003 0.3701 0.37 0.36989996 0.36985004 0.36995003 0.370025 0.3701 0.37015003 0.3702 0.3702 0.3702 0.3702 0.37017503 0.37015003 0.3701 0.36995003 0.36995003 0.36995003 0.37005004 0.3702 0.37045005 0.3706 0.37015003 0.36989996 0.37 0.3703 0.3709 0.3716 0.3724 0.37335 0.37452498 0.37594998 0.37755 0.37904996 0.38044998 0.38165 0.38304996 0.38574994 0.38912496 0.39179996 0.39277494 0.39365 0.39467496 0.3958 0.3980495 0.40059996 0.40087497 0.40187496 0.40245008 0.40000007 0.40185 0.40405 0.4045 0.40385002 0.40360004 0.40722495 0.407925 0.40914994
0.37080002 0.37075004 0.37075004 0.3707 0.37065005 0.37067503 0.370775 0.37095004 0.371 0.3711 0.3712 0.37125003 0.37122503 0.37115005 0.37105003 0.371 0.37115005 0.37115005 0.3712 0.37125003 0.3713 0.37135005 0.37150002 0.3714 0.37107503 0.37075004 0.37065005 0.37075004 0.371125 0.3717 0.37234998 0.373125 0.37405 0.37524998 0.37682498 0.37874997 0.380425 0.381625 0.38265 0.3852 0.38797498 0.39039996 0.39194998 0.39324996 0.39454997 0.39575 0.39764997 0.39859995 0.39934996 0.39962494 0.4005 0.4005 0.40237498 0.40454996 0.40477502 0.4047 0.40527502 0.40694997 0.40815 0.40907502
0.3714 0.37135005 0.3714 0.3714 0.37145004 0.37155002 0.3717 0.371825 0.37200004 0.3721 0.372175 0.37225005 0.3723 0.3722 0.37215003 0.37215003 0.37235 0.37255 0.37265003 0.37265003 0.37259996 0.37257499 0.37245 0.372375 0.372025 0.3716 0.3713 0.37132502 0.3717 0.3721 0.37257499 0.3731 0.37370002 0.37447497 0.37599993 0.37835002 0.38099998 0.38285 0.383625 0.38524997 0.38744998 0.38924998 0.39124998 0.39302495 0.39397496 0.39545 0.39704996 0.39804998 0.399 0.4 0.40059996 0.401275 0.403125 0.40477502 0.4054 0.405375 0.406025 0.407025 0.40824997 0.409275
0.37205005 0.37195003 0.3721 0.3722 0.372325 0.3725 0.3727 0.3729 0.37305003 0.37315005 0.3732 0.37325 0.37325 0.3733 0.37335005 0.37355006 0.37375003 0.37395006 0.37410003 0.37415004 0.37405005 0.3739 0.37365004 0.37357503 0.37317502 0.37267503 0.3722 0.372325 0.37247503 0.372725 0.37305003 0.3734 0.373775 0.37410003 0.37515 0.37802497 0.3809 0.38314998 0.384325 0.386025 0.38785 0.389225 0.39054996 0.39237496 0.39444992 0.39622498 0.39714998 0.398125 0.3995 0.400375 0.40094998 0.40205 0.403525 0.404975 0.406 0.4054 0.40597498 0.407325 0.40744996 0.40962502
0.37277502 0.37275004 0.3729 0.3731 0.37325 0.3735 0.37375003 0.37392503 0.37415004 0.37427503 0.3743 0.3742 0.37425005 0.37445006 0.37475002 0.37505007 0.37535003 0.37555006 0.37565005 0.37565005 0.37555006 0.3754 0.37515002 0.37495005 0.37452504 0.37400004 0.37355006 0.37325 0.37335005 0.3735 0.3738 0.37410003 0.374375 0.37455 0.37550002 0.37817502 0.38105 0.38334998 0.38484997 0.38625 0.38744998 0.38809997 0.390075 0.39174998 0.39345 0.39567494 0.39714998 0.39844996 0.39970002 0.40059996 0.401425 0.402675 0.40359998 0.40464997 0.40567496 0.40575004 0.40645006 0.407175 0.40835 -999999.0
0.3735 0.3736 0.373825 0.37405005 0.37427503 0.3745 0.3747 0.37495005 0.37525004 0.3754 0.37525004 0.37505007 0.37530002 0.37585005 0.37627503 0.37667504 0.37695003 0.37715003 0.3772 0.37722504 0.37715003 0.37695003 0.37672505 0.37650004 0.37605003 0.37555006 0.37510008 0.37485003 0.37485003 0.37492505 0.37507504 0.375325 0.37557504 0.37615 0.37730002 0.37920004 0.38154998 0.38360003 0.38494998 0.38605 0.3868 0.38744998 0.38954997 0.39134997 0.39334998 0.395625 0.397475 0.39894998 0.40100002 0.4014 0.40174997 0.40295 0.40359998 0.40454996 0.40564996 0.4064 0.407175 0.407825 -999999.0 -999999.0
0.3716 0.374325 0.3746 0.374875 0.37515002 0.375425 0.37565005 0.37582502 0.37635002 0.37645006 0.37625006 0.37585005 0.37650004 0.37745005 0.37815005 0.37845007 0.37865004 0.37875003 0.37875003 0.37875003 0.37875003 0.37855002 0.37830007 0.37815005 0.37765002 0.37715003 0.37675002 0.37655002 0.37645006 0.37655002 0.37667504 0.37695003 0.37735003 0.37800002 0.378825 0.38050002 0.38234997 0.38395 0.385 0.38607502 0.3868 0.38715 0.38924998 0.39114997 0.39327496 0.39545 0.3977 0.399575 0.402075 0.4028 0.4027 0.403525 0.40375003 0.40445 0.40604997 0.4071 0.4075 0.408 -999999.0 -999999.0
0.3717 0.3718 0.3752 0.3755 0.37587503 0.3762 0.37647504 0.376775 0.37737504 0.37765002 0.37785003 0.37780005 0.37852505 0.37945008 0.38007504 0.38035002 0.38035002 0.38035002 0.38035002 0.38035002 0.38035002 0.38015002 0.38015002 0.37975004 0.37927505 0.37885004 0.37845007 0.37815005 0.37815005 0.37825003 0.37845007 0.37875003 0.37917504 0.37990004 0.38050002 0.38177502 0.383225 0.384575 0.385425 0.38645 0.387425 0.38797504 0.38974997 0.39134997 0.39324996 0.39534998 0.39734998 0.40027493 0.40284997 0.40387502 0.40395004 0.403925 0.405025 0.4051 0.40672493 0.40734997 0.4076 0.40819997 -999999.0 -999999.0
