data/TNO-HT-ATES/HT-ATES_ooz2/ooz2__flowr_P50_basecase_80-45-40.asc
ncols  140
nrows  163
xllcorner  0.0
yllcorner  300000.0
cellsize  2000.0
NODATA_value  -999999.0
[rows 56 to 83 of 163, columns 62 to 123 of 140]
141.85216 105.66873 64.28906 40.93991 37.440914 38.448975 44.420174 49.37929 54.97806 63.871685 79.96787 109.82732 141.41223 162.36581 177.12053 186.64911 194.27126 196.37361 203.15987 206.20772 203.76013 209.16624 202.7124 188.29033 179.94478 171.58836 172.48817 160.26468 146.95865 128.44867 112.37694 120.34611 143.08466 162.55757 185.67093 206.16112 226.2227 236.8614 232.36667 212.9106 202.17113 202.83888 188.6209 178.53358 164.73541 159.78343 153.77751 132.03484 103.94118 0.0 0.0 0.0 0.0 0.0 0.0 0.0 0.0 0.0 0.0 0.0 0.0 -999999.0
149.95523 121.47376 88.690056 67.13532 61.67161 64.511635 56.399616 55.15905 56.06058 54.642487 60.62922 85.899635 116.623825 139.30579 159.2469 175.67802 183.66895 190.49461 195.87802 197.48454 192.42145 199.02856 192.75032 164.77797 167.6412 162.89903 159.82076 145.93408 135.37585 116.74771 105.61035 117.74134 140.35857 164.73546 184.85785 208.72595 216.30095 209.7148 186.38718 164.9684 172.06335 171.42723 161.99722 162.52036 156.7799 149.62123 154.17026 139.66425 0.0 0.0 0.0 0.0 0.0 0.0 0.0 0.0 0.0 0.0 0.0 0.0 0.0 -999999.0
154.6595 128.7668 102.79392 83.3101 69.867195 61.227867 47.39293 45.186234 46.639885 42.812317 47.60657 70.894554 97.65716 121.54653 141.89168 158.9498 176.74464 182.76665 186.10901 189.32777 185.23244 192.48962 188.82607 172.05905 156.6163 147.54637 152.55133 142.50371 133.5811 121.16755 117.26135 127.343765 152.34349 174.25163 199.57808 214.76637 215.96045 209.64627 181.66809 152.96448 157.61855 150.23639 148.65985 136.51091 139.60826 132.75937 0.0 0.0 0.0 0.0 0.0 0.0 0.0 0.0 0.0 0.0 0.0 0.0 0.0 0.0 0.0 -999999.0
172.04378 137.42888 112.545975 90.612366 60.343452 29.787537 18.590261 20.063663 30.015882 34.83143 48.513535 70.5942 87.558365 109.98851 135.33253 156.06775 172.30254 175.45915 181.1689 180.3113 180.99525 188.51962 186.38449 175.28476 147.16608 133.86757 141.30228 142.02943 140.01843 137.36983 137.16649 139.41692 160.89404 190.75157 207.33777 235.24657 229.47217 211.43744 193.8723 169.15356 156.12173 145.16342 139.6287 127.74836 127.84975 0.0 0.0 0.0 0.0 0.0 0.0 0.0 0.0 0.0 0.0 0.0 0.0 0.0 0.0 0.0 -999999.0 -999999.0
193.53053 146.53123 112.69042 94.39122 51.253536 -999999.0 -999999.0 5.352108 20.841923 37.57117 52.441414 72.87266 83.35932 100.375854 122.44313 148.61021 157.04137 163.72939 168.365 172.98918 182.56718 194.39288 197.13184 189.86803 162.27461 121.57269 127.45323 144.64029 154.81238 155.42137 158.51648 166.3269 186.26572 205.36893 215.91277 236.1685 222.03024 210.14226 211.38774 214.73047 197.5838 181.01964 165.56187 154.53148 140.58052 0.0 0.0 0.0 0.0 0.0 0.0 0.0 0.0 0.0 0.0 0.0 0.0 0.0 0.0 0.0 -999999.0 -999999.0
175.5281 144.22594 110.30537 88.72997 55.777916 16.3915 15.713338 25.337654 43.029945 59.95569 72.74239 82.06528 82.14184 91.71121 109.38222 128.79631 140.69902 148.60858 155.05936 163.59982 171.56155 176.76877 195.87506 200.84283 190.84811 136.21875 139.95259 164.98558 174.65675 180.33209 200.6461 203.2618 200.7285 211.95702 211.18518 211.13414 200.97264 198.2035 223.15585 220.22551 190.60411 177.99051 162.24646 146.6467 172.77034 0.0 0.0 0.0 0.0 0.0 0.0 0.0 0.0 0.0 0.0 0.0 0.0 0.0 0.0 0.0 -999999.0 -999999.0
157.55534 139.3205 117.91767 95.800934 67.8522 43.50283 46.383934 61.37106 77.07121 87.91714 100.935326 89.53486 81.59318 84.5448 100.95445 109.72838 120.380104 133.72054 139.55656 151.37683 162.25166 171.66158 186.63297 201.05933 209.54189 172.11522 182.26236 194.40274 207.1365 219.82416 253.42926 258.1074 242.1866 223.5914 213.64696 202.61795 188.66092 178.23204 163.0583 163.57593 153.38866 149.6613 144.07713 147.67902 149.55943 0.0 0.0 0.0 0.0 0.0 0.0 0.0 0.0 0.0 0.0 0.0 0.0 0.0 0.0 0.0 -999999.0 -999999.0
142.4755 139.10748 131.85516 110.94484 90.78045 71.71198 70.81615 82.79248 93.7922 101.01245 108.06566 97.816124 87.09532 85.41485 93.69108 98.74676 107.82421 118.598145 127.63686 142.34937 156.0251 168.14017 185.92613 202.29001 225.03322 221.43471 239.43108 244.13126 253.72835 280.1751 308.56082 285.09982 253.0602 226.7786 228.57031 217.73564 197.81374 175.00288 156.03456 107.160866 104.13635 107.79282 106.21314 100.10819 96.02806 0.0 0.0 0.0 0.0 0.0 0.0 0.0 0.0 0.0 0.0 0.0 0.0 0.0 0.0 0.0 0.0 -999999.0
141.24065 151.30995 152.81319 132.16446 117.955376 100.66328 88.00079 88.20187 92.90046 94.35451 96.27392 96.57854 96.23526 93.49545 92.0027 93.519615 98.394485 104.83111 119.32013 135.66609 152.42368 172.2681 168.40663 213.60884 224.6529 229.12947 238.88765 235.77042 250.77747 262.59344 278.39163 337.35352 270.55252 220.59564 219.06276 223.84073 197.17488 178.80635 157.24776 103.048134 88.3331 92.14005 85.967575 79.39473 0.0 0.0 0.0 0.0 0.0 0.0 0.0 0.0 0.0 0.0 0.0 0.0 0.0 0.0 0.0 0.0 0.0 0.0
161.77267 166.03523 167.2177 155.1514 138.65604 125.876015 110.01721 101.06802 100.03276 94.96503 87.624374 95.73904 102.66514 97.13772 89.69383 90.3027 85.75344 98.34339 113.54179 130.78458 150.37115 179.33362 204.2273 231.20198 234.41995 225.09288 216.39728 221.80786 238.46046 263.5624 297.46652 294.5374 276.60645 244.8761 229.97261 217.7748 202.80357 186.359 172.9768 131.49304 114.354774 83.4336 73.16591 0.0 0.0 0.0 0.0 0.0 0.0 0.0 0.0 0.0 0.0 0.0 0.0 0.0 0.0 0.0 0.0 0.0 0.0 -999999.0
150.56253 162.91965 168.34663 157.65892 145.49036 137.23874 129.84308 122.42948 113.014404 108.927414 103.74637 100.33982 98.49813 88.94367 75.931 63.712543 61.174515 73.63998 97.68919 124.29249 149.38095 178.45502 208.76067 233.70982 244.63365 232.3961 203.85855 188.29907 227.8458 271.306 287.56015 282.837 276.63034 252.78236 237.17587 222.32277 210.59529 186.86772 174.41711 147.36044 129.44177 111.74251 111.66177 0.0 0.0 0.0 0.0 0.0 0.0 0.0 0.0 0.0 0.0 0.0 0.0 0.0 0.0 0.0 0.0 0.0 0.0 -999999.0
146.42734 160.13275 163.63145 157.06827 149.76808 144.89577 142.36664 143.80977 131.47774 121.616905 110.04327 102.34629 94.737114 80.75478 56.233536 34.653427 34.09919 51.279892 82.54954 117.405975 146.37947 171.2271 202.59605 236.53769 245.49774 240.35965 214.77603 200.47725 244.16151 264.80988 280.59653 268.85526 268.04254 251.06326 233.8342 225.70563 210.42142 180.63055 165.7262 154.56064 135.1144 118.17681 0.0 0.0 0.0 0.0 0.0 0.0 0.0 0.0 0.0 0.0 0.0 0.0 -999999.0 0.0 0.0 0.0 0.0 0.0 0.0 -999999.0
143.02992 150.86005 155.33258 161.84029 157.52243 149.09186 153.1564 157.66121 148.16214 131.7406 115.23533 106.14785 90.144966 71.64457 44.38568 18.199753 12.977499 38.732986 78.818184 112.43763 138.4371 158.16208 191.77309 218.53815 233.97243 225.99727 210.211 236.28206 248.36467 266.05823 254.7593 257.1537 266.17023 254.22513 230.20142 217.27693 201.74057 180.881 164.6232 140.84996 125.24648 102.98822 0.0 0.0 0.0 0.0 0.0 0.0 0.0 0.0 0.0 0.0 0.0 0.0 0.0 -999999.0 0.0 0.0 0.0 0.0 0.0 -999999.0
134.00824 145.56032 162.11028 170.25566 165.58992 165.70288 170.97792 170.52238 165.12659 147.82394 129.0181 110.59178 88.57613 67.743454 46.50482 26.504673 16.231798 50.79684 87.325264 115.7196 134.00389 153.24907 156.76028 178.49484 199.83513 213.26257 212.31839 237.61732 239.60612 261.5422 254.03133 256.28732 273.0619 227.67172 205.14229 206.58243 196.1106 196.88637 165.23228 142.81816 135.4108 0.0 0.0 0.0 0.0 0.0 0.0 0.0 0.0 0.0 0.0 0.0 0.0 0.0 0.0 0.0 0.0 0.0 0.0 0.0 -999999.0 -999999.0
122.959694 147.98856 172.48502 182.98097 182.76804 188.81761 192.65904 194.32367 186.4634 165.7952 148.71855 123.45373 94.205414 73.81402 60.574287 58.550488 61.39396 80.59572 108.56381 133.40553 161.08713 151.21948 124.38791 116.4238 183.78526 219.56328 239.68216 245.841 236.76994 243.83978 254.80614 252.29353 258.11282 241.51257 220.29115 204.26546 188.94276 145.52448 183.28386 180.09656 168.08327 105.1759 0.0 0.0 0.0 0.0 0.0 0.0 0.0 0.0 0.0 0.0 0.0 0.0 0.0 0.0 0.0 0.0 0.0 0.0 -999999.0 -999999.0
136.90012 151.89102 173.53719 187.58809 198.20604 207.09581 210.34854 210.18253 202.9017 186.18901 163.45583 135.16681 115.67908 99.98567 93.75712 95.219406 101.402985 112.5479 133.24734 164.26588 197.08997 175.6786 162.10144 155.84273 184.5569 213.61928 245.17812 245.20308 242.10403 254.41061 258.9324 252.63097 255.26956 225.68864 211.73126 189.56972 160.89514 121.41936 83.84765 68.32201 148.0416 127.24175 0.0 0.0 0.0 0.0 0.0 0.0 0.0 0.0 0.0 0.0 0.0 0.0 0.0 0.0 0.0 0.0 0.0 -999999.0 -999999.0 -999999.0
140.09085 152.98305 176.30608 196.2363 206.88164 220.35039 230.38852 228.93689 221.29381 191.06615 178.09438 156.16252 138.37126 124.02142 120.83613 123.80387 135.80096 146.66566 169.42491 188.05028 236.7108 242.04085 230.8956 213.24 205.16646 217.64638 254.59291 277.87537 256.12274 255.2456 265.41666 258.7907 242.51584 211.27197 217.08188 194.93642 155.21635 100.48742 62.241055 49.096996 58.828846 61.328262 0.0 0.0 0.0 0.0 0.0 0.0 0.0 0.0 0.0 0.0 0.0 0.0 0.0 0.0 0.0 0.0 0.0 -999999.0 -999999.0 -999999.0
137.01794 155.51472 178.4842 202.30643 219.01875 234.07553 243.61534 238.83556 232.3466 212.55713 194.76106 171.51807 152.69507 142.52275 152.6121 159.87381 172.32402 186.96735 209.4338 231.50247 266.04535 286.64105 266.56696 246.29509 241.94743 257.59048 285.67392 288.6706 282.5509 280.77048 278.22327 263.45105 239.20515 203.29565 202.35376 189.64006 154.70937 107.74246 62.039173 49.130592 51.873493 51.464104 44.683876 47.74505 0.0 0.0 0.0 0.0 0.0 0.0 0.0 0.0 0.0 0.0 0.0 0.0 0.0 0.0 0.0 -999999.0 -999999.0 -999999.0
136.42464 155.2804 177.32549 206.51653 212.27042 245.8674 252.4975 246.76204 238.6248 225.17546 207.77136 197.02869 170.97441 166.81464 179.22394 180.32794 194.13582 208.54337 224.93538 245.39612 268.03156 282.58786 264.1932 258.56982 260.07208 303.1267 296.07236 278.72946 281.9604 282.76163 272.11444 279.679 249.11615 227.63805 207.43933 190.20659 137.82425 129.33029 82.55026 63.808315 52.73658 47.19865 43.545788 0.0 0.0 0.0 0.0 0.0 0.0 0.0 0.0 0.0 0.0 0.0 0.0 0.0 0.0 0.0 0.0 -999999.0 -999999.0 -999999.0
131.31763 155.00018 187.53413 215.40466 236.25327 257.20792 260.89868 256.74695 250.86346 254.50992 232.21426 215.96982 201.69557 200.6905 205.96231 222.30606 228.39816 223.68492 234.7976 242.18738 234.25778 268.29913 275.16876 278.7949 269.19415 297.68845 288.3634 291.0152 283.42236 286.07657 288.8609 287.80402 266.04443 236.38474 225.86906 182.48944 164.53424 121.62729 104.87106 83.590065 70.58948 62.009354 70.65702 0.0 0.0 0.0 0.0 0.0 0.0 0.0 0.0 0.0 0.0 0.0 0.0 0.0 0.0 0.0 -999999.0 -999999.0 -999999.0 -999999.0
133.45644 159.27438 188.0592 217.29541 239.80377 256.26123 264.3608 270.45404 257.555 270.39194 267.49243 259.51758 228.65 231.53542 234.29393 236.2049 235.03845 234.05162 240.80978 247.57008 250.56581 274.83307 264.65158 270.26797 302.97516 245.47595 281.7207 303.4619 286.1056 284.0161 260.6297 253.06026 267.73477 259.32257 214.43971 193.83965 190.40607 132.22029 96.65368 99.59035 98.759735 78.90783 32.24872 31.198559 0.0 0.0 0.0 0.0 0.0 0.0 0.0 0.0 0.0 0.0 0.0 0.0 0.0 0.0 -999999.0 -999999.0 -999999.0 -999999.0
140.24994 165.9151 188.06114 219.73705 239.78836 257.3651 294.30637 293.83533 266.22076 281.4665 300.37805 282.31528 281.5076 250.4125 245.41818 245.52454 218.365 254.22482 249.87523 236.0107 239.43457 259.04694 247.09422 272.19763 299.95074 299.6132 316.78125 310.0051 287.24643 287.6314 263.69482 245.40482 263.0428 246.61926 220.71799 223.39793 214.86682 168.10124 153.13348 155.15826 116.65609 75.44848 33.64526 35.21358 0.0 0.0 0.0 0.0 0.0 0.0 0.0 0.0 0.0 0.0 0.0 0.0 0.0 -999999.0 -999999.0 -999999.0 -999999.0 -999999.0
151.38399 173.0572 191.12616 215.21628 237.396 273.87134 286.09875 277.10333 278.99463 303.6519 316.54483 317.01752 297.23303 257.85092 243.13095 250.12929 223.3515 230.7114 234.61218 229.53683 218.15094 223.33064 228.7735 257.08304 260.97787 286.35397 302.50244 279.67178 271.29764 270.70465 277.0138 272.0038 274.49207 239.77257 229.30241 232.36316 231.22772 202.33746 195.62518 172.3674 127.298 80.199684 58.28404 45.721394 0.0 0.0 0.0 0.0 0.0 0.0 0.0 0.0 0.0 0.0 0.0 0.0 -999999.0 -999999.0 -999999.0 -999999.0 -999999.0 -999999.0
154.93678 170.72894 188.80173 206.14879 225.59392 255.42238 272.95978 278.474 274.82242 297.32303 321.8272 309.9073 303.41962 266.35687 274.94788 249.33507 215.45941 208.21906 208.727 204.1573 201.28769 190.97092 208.85559 235.08098 231.8966 265.1227 277.0974 268.45657 235.18367 226.71527 246.79236 252.5049 228.82652 226.92023 223.49545 226.59206 233.42104 187.37581 177.84875 175.47542 131.79416 81.97432 70.59854 0.0 0.0 0.0 0.0 0.0 0.0 0.0 0.0 0.0 0.0 0.0 0.0 -999999.0 -999999.0 -999999.0 -999999.0 -999999.0 -999999.0 -999999.0
146.39456 164.04465 182.47656 188.8349 237.47835 251.63667 252.6934 235.88377 245.09784 274.00735 295.28015 289.60162 293.90085 291.7591 274.07016 239.54529 202.23453 190.48732 183.8058 172.93948 206.85512 193.78311 209.50993 219.56929 226.5523 242.91353 250.0276 239.2128 198.53644 193.57188 213.72678 213.38612 199.18803 219.90921 215.37885 205.3737 190.25793 156.35548 141.64757 140.3367 129.32965 89.77051 76.02513 0.0 0.0 0.0 0.0 0.0 0.0 0.0 0.0 0.0 0.0 0.0 0.0 0.0 -999999.0 -999999.0 -999999.0 -999999.0 -999999.0 -999999.0
152.3033 160.66205 176.01291 204.57129 224.0485 230.59102 244.67387 205.18085 183.28798 184.43016 206.7455 254.52599 286.25702 280.44138 253.50458 215.47484 175.63162 165.06735 153.79727 150.22601 183.88083 183.50055 195.33652 201.63478 214.71075 217.32323 239.5743 218.82248 183.75511 169.03516 181.49 165.90593 181.78522 196.57112 184.5625 170.29361 158.70258 122.63967 104.22751 103.537735 105.27783 94.49745 75.55385 54.996716 0.0 0.0 0.0 0.0 0.0 0.0 0.0 0.0 0.0 0.0 0.0 0.0 -999999.0 -999999.0 -999999.0 -999999.0 -999999.0 -999999.0
71.17935 96.17484 191.40541 204.49422 213.20975 218.78568 228.28853 220.8482 153.81438 102.77843 146.3437 212.81131 267.31927 249.52815 209.20639 160.55544 146.74895 133.64627 127.605865 136.75255 148.9276 155.32288 172.7898 189.73732 205.33365 216.232 188.10533 191.93591 157.95874 137.25189 135.82576 145.21846 180.15025 171.15016 162.44879 139.46574 124.560234 101.39002 68.08334 64.30324 83.04581 83.828964 60.08714 47.271202 0.0 0.0 0.0 0.0 0.0 0.0 0.0 0.0 0.0 0.0 0.0 -999999.0 -999999.0 -999999.0 -999999.0 -999999.0 -999999.0 -999999.0
48.266087 64.70322 98.58261 181.32397 205.9646 219.00673 220.17252 237.16328 232.51709 140.51529 179.54967 232.93031 208.28131 182.68788 145.54605 110.59085 109.651794 107.249115 98.726845 108.33916 119.79325 131.81337 150.90022 179.5237 159.56352 161.52602 151.7562 134.26794 134.87296 127.26131 129.20493 144.88052 171.19025 154.47287 135.16643 121.163506 113.62349 112.686195 83.95432 34.996143 75.26536 55.984417 44.432148 0.0 0.0 0.0 0.0 0.0 0.0 0.0 0.0 0.0 0.0 -999999.0 -999999.0 -999999.0 -999999.0 -999999.0 -999999.0 -999999.0 -999999.0 -999999.0
