data/TNO-HT-ATES/HT-ATES_ooz2/ooz2__kh_P50_basecase_80-45-40.asc
ncols  140
nrows  163
xllcorner  0.0
yllcorner  300000.0
cellsize  2000.0
NODATA_value  -999999.0
[rows 54 to 80 of 163, columns 60 to 119 of 140]
143.70937 119.73481 88.21073 44.627403 3.0095692 -999999.0 -999999.0 8.362898 24.61295 46.171238 73.919365 106.70513 139.74922 172.6369 212.68985 238.77191 261.39572 283.04532 299.48813 303.62997 306.73053 320.2127 332.17368 342.87598 338.3163 342.40228 345.12335 333.2654 340.78952 360.81134 349.5749 348.2744 338.7706 333.01727 330.99756 370.92377 445.17084 542.3179 667.7687 743.0643 709.79614 731.7196 735.90967 621.85175 610.0196 580.2138 596.87915 531.21075 479.70776 345.17004 265.8294 259.88147 287.47537 344.10068 404.75052 419.15018 371.6691 322.43063 267.54123 236.91882
157.7079 159.45724 157.22499 94.576385 31.162365 6.4186916 11.512817 18.337313 33.17001 49.182587 68.95041 93.31084 122.1862 159.55634 206.98871 244.33194 255.7894 274.27975 285.88928 294.5819 306.40094 311.72556 322.47 340.05856 330.76364 314.0438 305.38522 298.31488 328.06516 315.8001 298.97266 286.65317 277.88358 291.86615 299.44415 330.31638 425.3964 509.58392 614.39343 660.9421 718.57916 684.7653 677.1783 629.4795 555.64734 554.8529 588.39795 588.92773 546.4565 471.46118 379.92657 323.21497 280.0285 348.3836 406.9949 387.28467 369.67853 359.52353 316.81723 266.45596
189.40979 182.68428 167.5735 124.821266 75.35195 46.334175 42.349453 44.720325 52.173416 59.225502 66.48181 78.05162 100.26784 140.62514 182.34973 217.28194 237.48712 253.54291 267.6406 275.5494 293.31717 302.78143 303.8097 317.74902 314.50772 294.92548 290.74863 282.09775 295.7656 278.9716 264.88397 240.87119 216.74635 238.4238 289.78867 339.17505 410.08765 480.0217 552.86414 600.69794 605.02606 574.98206 558.80493 568.25104 537.6316 547.22473 587.8623 635.01184 628.33606 547.90283 435.18665 378.0724 326.1204 332.9401 364.15408 354.00592 337.23315 341.4095 359.57166 311.73297
198.65903 199.61568 180.16446 143.76791 103.332184 78.12951 72.36804 75.64452 67.57244 66.06611 69.62272 67.61635 75.71199 109.254974 153.62943 184.9426 215.08319 244.14656 254.15884 271.39014 282.26794 288.77713 285.54825 300.785 298.22595 258.3817 267.6007 264.98047 270.29605 257.79938 244.67036 220.48393 206.98071 240.78998 291.9011 353.91772 411.08365 488.41025 527.05365 519.78766 471.37302 420.9752 458.41315 469.71298 467.30084 524.31573 586.05457 604.17145 643.963 602.34595 493.94046 365.84378 312.09546 259.45407 271.44427 278.40704 302.85394 324.42468 362.70566 334.37372
239.3926 209.71959 186.80464 152.78203 121.56989 98.837845 83.32375 72.67618 56.172253 53.82877 55.954453 51.754982 58.92195 91.22816 127.98274 161.24461 189.0861 217.66559 244.34018 257.00394 265.07175 273.1968 274.99185 289.16553 284.81284 269.67554 247.7879 238.36378 254.09227 248.88991 240.41733 226.94899 233.97704 265.66736 325.49463 383.8787 452.24634 507.47562 528.68005 528.65735 464.66217 396.88663 423.76447 429.41254 447.51874 464.13925 564.8041 580.2511 664.7391 611.47565 536.68713 387.81516 242.54501 167.01318 199.46828 194.0296 250.02058 310.363 344.30707 265.2278
287.586 238.55678 210.07864 166.47847 135.7986 108.071686 71.688324 34.571987 20.937023 23.010698 35.67631 41.7419 60.41385 90.78957 113.07789 145.3557 181.22498 210.31161 235.67978 245.49733 255.41156 257.91397 263.58902 280.88007 284.50394 273.84424 232.244 215.03247 233.65843 247.35411 250.43773 258.47876 273.8583 298.01642 348.2857 423.85056 479.3901 570.5945 578.07306 548.6596 524.241 468.48236 443.4548 432.3009 438.95752 440.88986 492.2934 730.79596 731.63086 679.7414 534.99054 389.1904 289.73312 291.79413 282.39032 249.6143 256.168 257.62103 263.33926 199.0846
315.80692 267.7869 238.72552 176.51955 135.7355 112.729904 60.05133 -999999.0 -999999.0 5.526044 23.819456 45.393555 64.428276 91.974556 106.49809 130.62212 163.14 199.99069 214.95305 227.14919 237.252 251.02576 267.77438 289.01428 300.72662 297.8174 257.32285 192.10107 207.46376 245.77065 274.95126 290.42703 312.86035 342.4453 401.71252 464.01318 508.70877 582.1813 571.9619 567.68915 604.48914 632.55927 592.8965 564.7181 547.7559 550.64856 537.8878 817.47864 742.6208 702.10223 542.5129 412.06064 388.61453 354.64313 306.83038 263.7673 229.70538 214.69156 189.52132 128.45909
295.53732 258.02917 216.77106 175.90692 134.85716 106.5598 66.75477 18.786932 17.708094 29.681513 52.009945 74.473045 92.132576 104.75877 105.00484 118.762955 144.40408 173.9137 189.47437 206.21906 215.39653 230.85152 248.36453 259.7264 296.0819 308.31924 306.83597 215.1016 225.97516 275.04413 304.13208 336.4789 392.4321 414.49365 417.3767 469.05176 493.65207 520.9289 525.2145 549.71 667.8043 674.092 585.6678 569.3384 550.64404 547.2384 654.64044 733.47473 739.4459 610.7127 486.07455 351.0246 319.31317 339.0773 329.92972 283.00958 220.32056 171.78609 157.86922 78.76551
260.80066 224.22105 196.34018 172.17636 143.44038 117.79223 82.8974 51.885216 56.57175 75.08151 96.16363 110.554596 128.052 114.30727 105.09364 108.48587 130.99345 144.27328 160.82744 182.42807 194.61888 209.66187 232.42206 248.9242 280.6791 308.67923 330.65143 275.45236 302.54797 327.28595 364.00342 400.34146 480.20224 501.43268 504.04358 494.03168 493.19904 507.44644 504.90848 495.74237 462.00186 486.6293 467.43362 476.40778 485.81665 529.57715 571.0144 609.4609 588.63165 483.94968 387.85178 345.5747 332.52307 388.46805 386.45468 316.26743 261.9591 194.8516 178.81297 106.42031
175.04463 178.5762 177.61928 172.03485 163.70985 138.20781 112.67069 88.28144 86.53204 103.59205 118.37698 127.99037 137.58162 125.095436 112.09222 108.83815 119.56263 128.50076 141.8578 159.98778 172.61958 198.73552 219.49437 243.08817 275.0226 308.4963 354.3841 352.52292 394.10004 421.21274 448.88544 512.5282 581.8458 554.96387 521.3537 501.44382 532.65875 538.6156 523.7303 490.07336 447.36313 304.79013 304.0954 344.6567 366.8067 384.1479 403.10617 351.45612 328.72205 330.908 341.67865 386.47208 308.52145 434.9828 453.43808 322.45267 360.0331 404.02106 310.38467 241.8719
69.53736 135.92923 176.29955 190.9142 193.87193 167.01315 148.54373 126.89132 110.249794 110.30446 118.04063 118.52851 123.6724 123.186165 121.63207 117.928085 117.16207 120.6835 127.02504 138.74402 160.56763 184.97252 213.03848 244.68991 246.72566 319.95276 347.73923 363.34027 389.22342 395.41266 445.59818 492.732 562.8326 659.9706 559.1907 485.67004 510.2241 546.84796 511.51813 497.24796 448.70367 294.91177 262.5579 298.961 315.2418 325.7361 268.85156 105.91903 132.27455 229.6596 334.8809 415.65625 444.83157 496.26453 469.6261 394.00266 403.8126 366.73117 339.38 362.71756
57.82466 134.81584 207.5829 210.25735 211.98479 197.87303 177.7098 160.70155 140.11502 128.47269 127.56898 121.79555 112.026245 122.64984 131.32114 123.80222 114.83628 116.170525 110.08737 128.76863 151.48732 176.45532 206.57216 254.95897 297.73447 347.09897 359.46283 348.47568 349.61185 371.56833 410.97324 492.14484 599.97925 635.07654 610.98315 556.1392 542.8779 536.86725 521.4564 521.1602 506.31415 395.5185 359.5099 289.47943 283.6941 279.02866 209.07507 85.88006 128.52592 237.69742 340.0399 451.21832 499.37268 443.0032 468.8004 482.7786 445.4528 362.84116 314.05136 328.04056
105.68254 149.7179 192.92824 211.03398 217.40546 202.49615 186.04433 177.79922 166.82692 157.79425 144.40227 140.91971 134.17949 128.50972 126.72373 114.512146 96.41511 79.78879 77.13001 95.23666 126.91596 166.16016 204.08109 251.07921 298.6663 345.2502 376.94818 362.08167 320.47607 301.4957 394.1452 500.32858 567.2049 596.1143 606.91956 579.9658 562.70404 554.5647 545.4765 513.99884 509.99493 452.6384 431.51587 415.08185 470.58597 419.26004 200.29791 147.72435 165.68398 221.26915 335.99582 450.20874 512.7535 466.37875 545.7901 570.9097 224.23781 105.15652 327.3638 376.64624
149.34914 158.6967 191.87376 210.22293 214.17386 204.76175 194.75703 187.5686 183.9188 188.91978 172.19116 159.89833 142.5478 133.74924 123.54218 103.802986 70.99059 42.109306 41.41935 63.903797 106.12098 154.19292 197.30765 234.62093 283.8689 351.87036 381.91626 368.70087 337.4901 323.2964 410.97845 478.24356 538.7941 549.5678 576.0004 561.10376 558.6301 560.2534 548.62854 491.3136 479.39966 487.20236 461.4202 471.54575 579.8531 480.05347 295.67047 215.74379 256.159 219.73386 289.415 356.50662 414.90994 432.8581 419.59613 219.91661 -999999.0 21.63583 186.92204 250.693
179.16664 180.97533 188.19162 200.92984 204.03821 216.04741 208.98653 196.61325 201.16 208.62254 194.11903 172.96175 150.83453 140.20891 116.20931 91.763855 55.212242 21.723331 14.874803 48.24993 102.32396 147.61865 183.62224 215.75078 266.29065 311.8242 347.69397 343.50067 324.56216 378.7908 410.9071 465.36108 469.97867 509.39868 550.03687 565.0179 540.5601 546.1241 522.44824 488.17282 473.1804 437.3658 441.30328 432.70425 531.8446 367.85367 171.46309 34.658714 184.38591 250.6564 255.9324 314.73767 283.39343 215.39607 185.67343 80.86443 4.452283 -999999.0 140.83118 202.77916
195.44794 181.03598 179.64479 196.8594 216.02028 228.443 221.9158 220.62946 230.44986 228.67174 221.30568 197.68741 171.43779 146.34848 114.62939 87.163635 59.494053 32.084908 19.07962 64.21197 113.296394 151.53757 176.82275 206.50322 209.25024 242.16032 281.9763 315.75778 316.76886 375.54517 392.84064 449.23157 455.03262 493.74353 554.40106 499.0812 474.76218 507.81488 494.29913 525.9416 463.40698 431.42593 489.71695 398.43256 298.61063 173.0602 97.59551 32.78651 85.23186 214.21219 280.16513 287.49435 237.7522 146.25885 198.44383 96.69786 59.963573 47.808197 22.704353 51.039345
204.96028 184.7312 168.56877 202.29185 232.77165 247.5471 250.51768 258.5946 264.34406 266.0126 253.73817 224.51808 201.48833 165.84862 125.6273 97.79612 78.251526 75.40254 78.43315 104.81977 143.48946 177.47 218.9727 201.49026 164.46136 153.80048 257.63458 318.32422 355.2582 380.8181 384.87323 413.55203 452.2911 473.66577 505.9322 503.39548 490.8997 479.01953 469.56662 378.27222 523.5811 555.09344 599.2101 443.15973 310.40097 147.95122 43.4065 41.24599 95.37461 205.413 288.0195 174.39497 176.11925 226.46106 230.61212 142.70647 115.353714 26.98526 114.24417 43.847393
209.70076 195.3844 189.40025 209.50491 237.68456 259.38065 274.28424 288.55402 297.7982 293.79922 285.44043 258.42682 225.44684 184.76111 158.92981 138.23119 126.192665 127.3716 135.9831 150.70166 178.6705 227.76302 272.95856 241.99368 222.61899 211.52591 261.20084 311.00568 365.53992 382.8983 383.81888 423.09082 444.59473 460.9926 491.48746 454.4235 443.97836 423.10287 381.0673 313.21307 235.91116 213.57713 516.4705 533.2165 373.84924 245.8001 163.30826 122.22992 170.96698 248.16573 244.89227 184.59114 162.37416 216.96495 289.14392 258.51306 233.3 78.75414 88.56767 33.86934
211.64879 196.94392 199.35152 217.32625 248.85767 278.30774 291.4611 314.68173 330.95477 332.18103 315.92566 270.56403 254.14131 219.69983 193.91982 173.27782 166.56137 170.35448 188.1156 202.18102 236.75766 267.55386 337.90854 350.18594 326.0127 301.8975 292.9949 313.528 379.3679 424.17462 401.59088 416.18073 446.00458 461.8907 454.84622 415.92502 445.80444 417.4967 352.25613 250.79988 175.15492 157.6107 202.43549 225.892 379.85788 337.59073 293.5823 255.71396 263.82022 177.64745 146.81781 219.25127 213.09958 172.3714 227.16911 185.81493 290.42447 50.790516 100.95959 63.961315
202.7663 181.32562 195.90079 222.14563 255.10289 290.46152 317.1954 343.46204 363.00534 351.10178 345.59497 311.7141 285.3161 249.26468 220.467 204.16867 219.80841 226.93283 247.8925 268.6575 306.45624 340.40942 395.93292 429.39636 397.81897 361.6626 352.81796 381.4598 432.26056 447.9841 440.3826 451.33463 461.88583 456.45605 432.62723 388.277 406.89035 391.28836 336.11447 257.4548 169.23958 155.09474 174.96245 186.97775 173.65114 204.93452 386.45895 351.39368 300.24933 174.98463 86.67873 195.6445 334.97473 280.24747 209.77682 222.21227 254.85854 102.923485 111.126274 77.534775
191.70897 184.21132 196.91394 225.06882 260.8859 305.8766 314.232 369.39722 382.24493 379.5815 365.1494 341.97482 312.7731 294.04407 255.34666 247.97018 263.2703 268.35175 286.00085 313.19788 338.91925 375.7864 417.6652 435.35278 398.9025 388.90158 389.7083 452.5417 449.2603 431.58652 441.96964 450.09988 446.258 471.59323 450.3473 428.8658 411.84042 395.23718 295.12552 306.02396 214.71817 186.73538 166.08662 163.54211 170.59572 281.55038 503.52667 481.8397 345.2755 414.9163 561.64026 501.1206 432.5961 370.76352 240.67302 209.48065 205.86392 153.7818 115.87017 71.03557
188.75494 180.0266 192.95027 230.22101 280.02887 326.19315 363.77737 401.7692 410.3169 407.5337 394.5845 403.3569 360.15195 332.5706 308.51144 304.78607 319.44138 345.49432 353.77335 353.07132 370.18256 379.9953 371.96103 424.84354 430.5417 430.44873 412.21527 452.28445 446.78754 452.20108 442.07413 458.34018 465.20035 478.30212 462.7361 445.36353 468.93802 394.82104 367.3376 285.99588 272.6235 232.88681 221.68979 220.55579 281.9333 284.96664 358.77637 412.84787 373.63718 396.89932 480.5283 499.68088 377.83368 327.31824 289.44247 213.09541 200.56195 140.28482 121.51929 57.96101
185.337 174.23625 202.6184 242.7817 289.8327 342.54343 384.26355 416.89175 432.0899 438.45935 421.85056 437.6085 432.01175 421.94202 369.6988 366.98346 384.26022 382.02023 384.50177 382.3728 396.3918 406.6337 403.23407 447.15625 429.83487 434.58493 479.1532 380.8783 438.50333 486.28162 461.73788 454.0896 425.57928 413.87668 453.22922 485.96472 438.26038 428.0437 444.17297 321.10065 251.72235 277.1987 309.74353 278.65796 121.03598 133.5663 260.90747 317.74405 414.93704 481.5808 442.03915 487.70355 395.84802 349.21188 351.79318 205.83385 137.74529 149.15538 52.462757 12.516021
189.60452 188.25935 215.75565 261.22568 298.95636 352.56888 397.4695 421.85565 496.90152 499.40662 454.6489 472.80515 503.6281 478.42004 475.76587 423.6995 419.49915 429.76025 377.33493 439.36136 426.18045 399.83078 403.1594 439.25076 416.3604 448.9654 486.02484 486.24985 516.13495 499.66132 467.36078 477.4285 434.9395 409.30188 449.59616 453.35016 453.72412 507.55298 523.9603 427.45728 411.61502 443.30167 359.98566 252.9239 115.441444 147.69212 241.87595 318.85535 402.948 417.44186 451.37125 494.09875 452.33984 384.6627 344.87686 241.17807 181.30788 77.11628 5.5043154 -999999.0
209.051 203.32707 245.25865 279.43207 314.9072 360.08798 404.95078 474.87012 504.49573 493.94333 491.958 532.26117 560.0395 563.3579 529.2524 465.04214 444.97128 456.5977 402.15457 419.1276 420.14325 411.0054 385.40173 398.04532 399.91794 440.962 442.5105 485.68936 508.23703 474.00696 460.87094 462.22467 477.60046 474.8386 496.5625 457.10617 479.81534 540.59216 580.37244 526.1843 523.9051 482.4541 388.78955 265.4003 212.9118 197.441 189.14316 280.55835 276.948 374.15958 464.68408 541.51575 451.63037 392.76834 341.6515 311.99728 230.31606 43.856354 -999999.0 -999999.0
164.41551 226.32428 256.66974 282.96063 316.49203 351.10583 393.32825 443.84735 491.09036 508.90186 499.98187 535.3537 587.9679 581.36633 579.3511 515.6906 530.888 478.79974 402.60587 393.67474 387.93527 381.0348 370.68704 354.3761 381.34134 421.20233 411.5377 466.06436 482.90887 473.37524 417.18912 401.2528 446.16965 458.40912 430.73215 448.66437 482.77365 526.6824 577.54944 491.1038 480.71136 490.97708 398.65277 266.04697 261.48123 234.98499 249.5903 278.33023 197.27592 238.30537 379.77737 542.3475 554.35175 405.84384 317.92206 290.74506 133.3726 -999999.0 -999999.0 -999999.0
142.08238 128.72249 243.1765 276.8245 315.3055 331.64 426.48608 457.8181 466.76947 440.1284 462.36957 518.4144 576.7561 590.1212 608.5216 610.77106 567.65906 477.2428 406.74014 375.32922 362.05826 338.32217 407.13342 380.10202 401.76288 412.87433 422.12088 451.80054 464.72745 440.6097 370.79532 367.33044 408.26083 418.48184 400.62006 459.45038 481.50488 487.4278 470.08353 401.32547 382.9399 396.3153 393.83047 297.8272 286.57794 255.8462 311.46628 248.26631 101.29093 80.83001 218.1452 355.6641 564.52905 411.78094 263.0845 211.08536 76.461555 32.71534 -999999.0 -999999.0
