data/TNO-HT-ATES/HT-ATES_ooz2/ooz2__k_P50_basecase_80-45-40.asc
ncols  140
nrows  163
xllcorner  0.0
yllcorner  300000.0
cellsize  2000.0
NODATA_value  -999999.0
[rows 27 to 53 of 163, columns 60 to 119 of 140]
6167.1025 6234.735 6204.247 6147.3467 5994.6123 5685.828 5995.582 -999999.0 -999999.0 -999999.0 -999999.0 -999999.0 -999999.0 -999999.0 -999999.0 -999999.0 -999999.0 -999999.0 -999999.0 -999999.0 -999999.0 -999999.0 -999999.0 -999999.0 -999999.0 -999999.0 -999999.0 -999999.0 -999999.0 -999999.0 -999999.0 -999999.0 -999999.0 -999999.0 -999999.0 -999999.0 -999999.0 -999999.0 -999999.0 7937.124 7615.82 7829.6177 7528.285 7530.538 7523.5425 7452.5005 7653.742 7631.451 7559.949 7588.1685 7375.672 7367.5605 7145.8984 7206.2007 7220.1875 7217.454 7259.036 6950.2114 6893.764 6762.329
6228.7617 6300.402 6312.017 6189.158 5990.497 5507.6006 5998.074 6184.809 -999999.0 -999999.0 -999999.0 -999999.0 -999999.0 -999999.0 -999999.0 -999999.0 -999999.0 -999999.0 -999999.0 -999999.0 -999999.0 -999999.0 -999999.0 -999999.0 -999999.0 -999999.0 -999999.0 -999999.0 -999999.0 -999999.0 -999999.0 -999999.0 -999999.0 -999999.0 -999999.0 -999999.0 -999999.0 -999999.0 8024.688 7840.679 8483.713 8369.279 7703.2935 7824.046 7601.497 7572.084 7796.1143 7808.494 7821.408 7749.1357 7457.142 7236.046 7186.1865 7002.3633 7063.7373 7145.497 7226.4893 7355.983 7103.8794 7086.7397
6235.261 6314.8833 6327.2188 6304.411 6227.5376 6142.5596 6205.512 6319.2583 6864.8804 -999999.0 -999999.0 -999999.0 -999999.0 -999999.0 -999999.0 -999999.0 -999999.0 -999999.0 -999999.0 -999999.0 -999999.0 -999999.0 -999999.0 -999999.0 -999999.0 -999999.0 -999999.0 -999999.0 -999999.0 -999999.0 -999999.0 -999999.0 -999999.0 -999999.0 -999999.0 -999999.0 -999999.0 -999999.0 7869.4688 8641.03 8481.5 8274.824 7770.255 7694.0312 7883.328 7590.343 7772.663 8028.441 7915.995 7799.7803 7678.4756 7497.5625 7380.5195 7610.8677 7418.0137 7482.8843 7125.7305 7475.2485 7229.8633 7452.531
6276.279 6337.29 6358.777 6350.2256 6347.681 6320.556 6332.9375 6431.159 7597.3877 6993.2217 -999999.0 -999999.0 -999999.0 -999999.0 -999999.0 -999999.0 -999999.0 -999999.0 7159.118 6447.124 6940.2197 -999999.0 -999999.0 -999999.0 -999999.0 -999999.0 -999999.0 -999999.0 -999999.0 -999999.0 -999999.0 -999999.0 -999999.0 -999999.0 -999999.0 -999999.0 -999999.0 -999999.0 8774.365 8549.594 8512.268 8280.508 8297.447 7721.588 7894.5703 7875.344 7841.1445 7901.0776 7702.634 7601.2793 7442.25 7221.2354 7157.1978 7065.066 7115.546 7339.9717 7136.8467 7290.875 6952.039 7248.3467
6386.878 6420.648 6377.7607 6372.2847 6444.1235 6440.4214 6448.335 6513.323 7676.429 7089.7896 -999999.0 -999999.0 -999999.0 -999999.0 -999999.0 -999999.0 -999999.0 7293.039 7166.5776 6561.427 6848.3496 7201.967 -999999.0 -999999.0 -999999.0 -999999.0 -999999.0 -999999.0 -999999.0 -999999.0 -999999.0 -999999.0 -999999.0 -999999.0 -999999.0 -999999.0 -999999.0 8679.326 8855.804 8332.817 8512.74 8263.091 8294.117 7764.7656 7787.645 7868.994 7584.7886 7633.9893 7617.268 7613.865 7414.2188 7064.684 6799.047 6845.8286 7029.0176 7270.38 7397.5576 7328.5127 7254.681 7098.251
6445.511 6450.9023 6450.84 6490.696 6489.9287 6491.8184 6506.0586 6969.876 7719.211 7790.7373 7042.1797 -999999.0 -999999.0 -999999.0 -999999.0 -999999.0 7449.378 7353.9375 7205.6807 7119.9507 7107.4526 7300.331 7423.9194 -999999.0 -999999.0 -999999.0 -999999.0 -999999.0 -999999.0 -999999.0 -999999.0 -999999.0 -999999.0 -999999.0 -999999.0 -999999.0 -999999.0 8687.262 8691.852 8961.791 8307.399 8266.241 8269.193 8267.239 7538.346 7575.3936 7544.0806 7767.2393 7606.0845 7397.6436 7367.184 7251.843 7022.6875 7113.3994 7056.6797 6845.3135 7189.4497 7218.6777 7200.573 7250.7925
6476.2495 6489.564 6479.6143 6519.543 6562.2686 6362.1895 6908.371 6995.0728 7576.3643 7795.422 7082.288 7039.1465 6945.771 6859.388 6854.919 7510.964 7456.7188 7427.7256 7230.1562 7229.181 7271.2495 7363.1865 7459.922 -999999.0 -999999.0 -999999.0 -999999.0 -999999.0 -999999.0 -999999.0 -999999.0 -999999.0 -999999.0 -999999.0 -999999.0 -999999.0 -999999.0 8657.158 8634.302 8897.783 8489.361 8232.332 8378.766 7858.601 7547.8086 7501.7563 7573.6323 7788.285 7489.0884 7458.449 7389.7266 7471.3438 7202.9204 7044.1616 7024.669 6579.4766 7064.379 7311.0303 7365.4043 7270.1797
6471.171 6489.8027 6487.2793 6558.0537 6603.751 6600.1455 6936.7827 7008.1953 7614.4004 7624.515 7048.1846 6979.9385 6854.6494 6788.5796 7295.1963 7460.9326 7427.73 7451.8384 7316.816 7336.483 7366.0635 7445.626 7538.92 7755.4873 -999999.0 -999999.0 -999999.0 -999999.0 -999999.0 -999999.0 -999999.0 -999999.0 9470.258 -999999.0 -999999.0 -999999.0 8602.787 8634.771 8595.76 8550.903 8829.955 8237.186 8091.448 7249.4214 8040.832 7492.686 7782.5312 8089.554 7653.33 7473.497 7223.7705 7851.168 7764.943 7878.203 7909.3076 7508.4863 7386.4604 7771.297 7917.654 7903.893
6463.424 6475.867 6486.295 6589.634 6889.274 6910.178 6947.89 7024.258 7591.0776 7583.014 7021.4287 6906.4473 6726.8223 6621.17 7154.1714 7277.806 7253.565 7192.9316 7261.6797 7399.406 7309.242 7390.1396 7483.7305 7635.0464 7655.7725 7703.8535 7562.9673 7538.1885 7467.302 7753.7515 8814.195 9370.759 9480.736 9037.327 -999999.0 -999999.0 8563.948 8594.547 8332.565 8475.73 8719.835 8508.47 7969.8496 8002.001 8108.618 8049.638 8065.821 7861.036 7481.616 7536.178 7947.8438 7978.627 8043.0327 7959.596 7983.473 7834.809 7470.336 7670.3975 8326.788 9547.41
6492.2188 6474.9565 6871.361 6864.722 6914.5903 6938.201 6949.3804 7400.7837 7556.9688 7552.3525 7517.9224 6887.1514 6810.5327 7071.495 7132.028 7327.61 7307.0806 7234.8237 7311.5674 7286.9478 7194.3486 7405.962 7527.8047 7687.9014 7729.3643 7750.3525 7503.098 7479.0107 8016.5996 8486.673 8970.966 9433.316 9531.279 9926.346 8754.424 8308.4375 8510.301 8445.687 8354.807 8509.55 8786.652 8573.076 8272.971 8044.4575 8153.042 8185.1904 8014.2295 7753.2773 7463.866 7827.721 7996.7017 8033.113 8276.419 8240.251 8034.3965 8101.743 7813.61 8204.463 8139.813 9446.225
6841.3076 6847.8438 6860.1987 6859.8794 6904.6416 6933.766 6963.131 7403.714 7511.8687 7412.918 7392.172 6889.745 7218.1846 7212.46 7210.1978 7283.2505 7359.8477 7267.9297 7270.7383 7351.901 7346.0757 7435.1914 7564.1426 7726.037 7750.3545 7758.9727 7453.706 7453.905 7971.151 8196.668 9105.781 9332.569 9878.044 9931.581 8977.713 8381.964 8387.568 8716.214 8406.847 8600.432 8831.272 8339.845 8284.003 8229.508 8361.299 8305.949 7932.7183 7177.25 8215.828 7835.734 8075.505 8263.88 8612.951 8844.549 8424.174 8745.125 8182.8145 7885.901 9064.329 9421.424
6831.2036 6822.228 6857.583 6855.1816 6893.3403 6912.7817 7391.5747 7386.7686 7373.5195 7390.435 7300.911 7298.1455 7255.241 7254.4326 7265.95 7337.965 7375.324 7202.8545 7282.0566 7390.9824 7411.6147 7437.9014 7511.3794 7730.824 7637.892 7552.9 7454.617 7982.158 8371.741 8411.195 8859.529 9354.395 9406.7 9404.262 8812.752 8677.469 8836.537 8771.783 8729.947 9036.568 8901.436 8375.7295 8282.223 7946.6426 8089.6313 8390.788 8021.5815 8006.7676 8484.379 8560.413 8912.674 8893.868 8977.686 9196.893 9191.627 8614.283 8376.381 8382.538 -999999.0 8979.962
7226.4805 6857.7197 6810.789 6819.2637 6877.9224 7378.1914 7409.746 7391.794 7293.087 7432.7627 7851.7754 7755.676 7285.56 7263.3467 7364.4727 7375.2744 7189.733 7257.1084 7300.667 7399.1367 7420.7144 7449.8955 7544.9424 7620.6357 7625.6147 7500.1143 7414.259 8282.416 8363.919 8395.539 8854.667 9290.291 9337.738 9343.913 8630.945 8735.633 9040.076 9119.063 9037.972 9214.646 9216.508 8589.13 8250.018 8107.953 8047.76 8412.105 8328.559 8076.1533 8499.673 8827.298 8676.165 8809.866 9748.424 -999999.0 9227.689 8772.823 8417.723 9327.482 -999999.0 9192.508
7125.472 7152.035 7118.525 7177.571 7230.453 7441.1064 7478.8 7889.315 7887.8203 7877.6562 7641.837 7398.338 7421.784 7230.8047 7378.532 7313.0586 7248.8115 7316.33 7287.005 7325.814 7344.175 7399.374 7488.537 7495.166 7617.2485 7469.737 6997.0044 8208.734 8350.818 8389.564 8762.215 8753.003 9016.759 8872.607 8671.164 8458.689 9085.736 9378.291 9319.043 9793.318 9434.723 8512.727 8388.256 8316.693 8294.652 8490.826 8412.246 8286.733 8519.727 8785.1455 9588.247 9745.952 9957.773 9779.671 9799.637 8653.615 8560.499 9440.462 9468.046 9534.315
7101.3545 7151.906 7169.009 7740.49 7692.341 7946.5356 8161.6416 7786.477 7776.918 7906.8906 7621.5317 7378.3228 7385.5283 7738.4883 7335.9287 7284.4546 7225.869 7241.9385 7281.27 7219.968 7255.1025 7382.712 7483.8784 7479.3076 7541.425 7899.527 8263.355 8274.342 8384.129 8340.255 8749.389 8738.878 8699.371 8750.149 8614.373 8473.229 8792.915 9139.286 9388.645 9727.057 9048.121 8994.418 8694.984 8270.292 8331.354 8471.911 8699.776 8510.202 8485.941 8367.148 9459.632 9603.784 9868.516 9512.875 9472.217 8069.784 8222.3125 9628.314 9794.291 11396.994
7098.5776 7694.2715 7660.6562 7690.914 7859.368 7776.821 7665.948 7634.6367 7760.3076 7907.7744 7662.8423 7589.716 7563.6826 7783.3345 7822.785 7591.7134 7254.6064 7248.775 7272.979 7209.8643 7244.342 7357.542 7484.47 7946.0034 7959.2734 8228.295 8272.456 8321.747 8347.2705 8390.309 8789.913 8783.169 8621.194 8878.049 8155.9453 8274.844 8720.104 8882.571 9124.116 9190.604 9128.178 8747.199 8733.501 8498.346 8235.723 8495.803 8308.794 8352.195 8596.681 8344.606 9087.787 10106.154 10229.284 10180.73 10868.319 8270.802 8287.127 10889.301 11792.418 11271.979
7536.9253 7729.6924 7676.7886 7694.5967 7845.4004 7712.023 7620.2227 7559.205 7674.4463 7861.508 7678.134 7663.2793 7815.153 7822.8267 7575.0874 7592.105 7650.9194 7577.4624 7758.1562 7357.8066 7697.6064 7879.384 7940.082 7948.4424 7953.713 8241.346 8283.93 8127.6997 8320.271 8407.275 8768.289 8773.529 8773.46 8881.467 8736.887 8557.293 8524.911 8799.269 9159.357 8846.424 8714.969 8717.65 8656.441 8411.623 8247.786 8410.044 8745.071 8767.684 8889.697 8614.258 9924.023 9980.251 10155.578 10407.689 10738.021 9535.962 10157.329 11796.562 11530.756 10885.246
7690.4697 7761.4062 7663.151 7588.686 7844.7354 7827.4023 7578.2354 7483.6484 7457.756 7752.937 7667.57 7841.4326 7908.046 7721.689 7587.886 7594.1357 7644.2344 7572.028 7649.575 7790.321 7810.872 7862.8623 7964.6494 7989.3823 7967.4834 8252.672 8193.514 8203.234 8149.712 8379.913 8563.512 8958.132 8842.728 9023.945 8769.844 8581.83 8781.526 8874.295 9146.941 8869.041 8627.295 8553.439 8616.51 8394.913 8320.889 8522.669 8095.107 8708.57 8879.307 8760.382 10286.316 10327.17 10284.566 10258.615 10832.609 9823.66 10562.904 11825.509 11537.486 10631.256
7626.416 7776.1807 7666.2495 7665.1807 7829.208 7808.528 7640.1533 7346.368 7171.0796 7670.842 7801.645 7855.8726 7922.841 7751.832 7573.415 7553.412 7600.0063 7553.0884 7637.6426 7927.843 7794.374 7979.452 8058.0103 7832.0605 8064.6123 8052.2144 8066.865 8078.0176 8184.7983 8676.218 9157.958 9301.848 9183.031 9187.204 9164.801 9016.711 9455.264 9181.529 9192.773 8937.882 8811.355 8457.421 8503.855 8600.199 8499.35 8713.192 8416.327 8694.107 9094.0 8729.289 9314.436 10429.496 10371.068 10608.904 11531.865 11490.748 11225.186 12224.807 11612.877 10987.025
7660.3203 7642.8213 7790.5786 7667.1123 7821.3145 7987.6465 7805.49 7612.1343 7331.8867 7661.8877 7965.1484 7822.443 7736.4404 7705.203 7414.0107 7286.905 7416.9463 7515.3 7603.5913 7622.19 7745.1797 7776.0903 7806.5386 7734.1377 8058.597 7931.7925 8050.869 8111.832 8431.28 8486.272 9130.808 9147.438 9196.147 9059.284 9243.363 9798.755 9510.314 9429.428 8834.596 9061.13 8970.602 8365.141 8461.801 8683.281 8641.961 8934.101 9020.761 9135.951 9829.341 10286.821 10545.541 11012.401 10846.602 11445.1455 12610.307 11849.326 11368.176 12221.715 12043.027 11283.23
7700.307 7796.651 7793.697 7704.195 7831.289 7806.9355 7811.2124 7733.0654 7683.245 7948.62 7788.1885 7871.3 7589.489 7541.855 7318.7793 6645.667 7408.3486 7587.2314 7607.0034 7514.657 7583.347 7612.2974 7723.829 7158.371 7868.368 8084.5273 8392.355 8380.231 8371.531 8719.188 8860.179 8976.626 9175.238 9280.526 9515.428 9622.919 9719.877 9398.736 9154.93 9106.679 8844.733 7797.2446 8629.254 8837.713 8840.986 9058.631 9174.666 9656.291 9669.315 10752.461 11261.38 12112.372 11349.787 11433.222 12561.609 11137.274 10974.988 11866.319 12120.402 11770.436
7806.9478 7772.4263 7780.819 -999999.0 -999999.0 -999999.0 -999999.0 7624.3423 7636.2227 7803.4185 7832.123 7709.775 7689.1367 7670.665 7454.776 7394.5034 7521.7285 7594.748 7692.7646 7420.828 7555.3516 7566.9434 7618.0747 7686.745 7980.845 8163.42 8564.711 8499.015 8439.87 8646.531 9097.859 9007.147 9254.479 9376.212 10324.174 10277.061 10311.814 9986.444 9325.635 10077.154 9780.352 8778.798 8798.025 8844.729 8868.329 9069.746 9038.633 9277.803 9374.261 9617.088 11382.99 12439.818 12124.623 11250.7705 11895.318 11236.263 11008.23 11880.594 12093.027 12071.119
7590.67 7483.558 7503.966 -999999.0 -999999.0 -999999.0 -999999.0 7535.8115 7796.2466 7817.07 7678.877 7647.1895 7655.2354 7677.9424 7512.438 7505.231 7583.0146 7603.5903 7611.921 7522.2705 7488.829 7588.0933 7651.1875 7672.262 8034.9175 8687.665 8696.055 8455.533 8453.265 7913.755 8825.895 9057.654 8988.879 9957.974 10295.001 10228.844 10173.213 10264.77 10200.275 10722.08 10410.058 9619.594 9586.78 9070.102 8753.975 9256.31 9169.113 9096.989 8815.047 10214.283 11674.621 12008.922 11870.224 11334.402 11044.215 11858.984 12037.437 11587.391 12541.255 12466.684
7493.704 7318.701 -999999.0 -999999.0 -999999.0 -999999.0 -999999.0 -999999.0 7690.1426 7684.7754 7652.1035 7654.675 7670.5864 7561.1367 7524.077 7521.5684 7608.543 7519.4253 7720.59 7598.071 7467.115 7551.2227 7626.5176 7662.8223 8205.046 8650.627 8618.686 8654.246 8555.894 8723.159 8862.919 8940.435 8971.483 9669.359 10330.456 10416.646 10734.008 10830.139 10508.844 10849.583 10459.616 9598.95 9417.207 10339.975 9245.207 8487.712 9250.138 9692.73 10543.232 11032.11 11632.424 11569.785 11325.351 11751.998 12843.779 13930.466 12589.602 11522.937 12475.899 12788.727
7260.422 7128.874 -999999.0 -999999.0 -999999.0 -999999.0 -999999.0 -999999.0 7702.156 7639.526 7556.0356 7523.4463 7602.3296 7542.4795 7519.574 7535.938 7599.1416 7692.0664 7673.0625 7550.571 7418.704 7533.5713 7592.6147 7656.4736 8226.034 8622.916 8693.164 8771.764 8819.0 8892.6875 8953.768 10085.403 8981.792 9406.328 9762.506 10374.376 10736.491 10875.852 10557.755 10912.185 10993.47 9691.581 10651.588 10380.234 9349.142 10229.066 10292.067 10307.01 10367.514 10397.633 10877.742 10857.834 11188.194 12230.171 14575.933 15483.845 12399.662 11395.821 10835.342 12089.369
7161.178 6800.329 -999999.0 -999999.0 -999999.0 -999999.0 -999999.0 -999999.0 7548.2847 7448.016 7283.0933 7264.49 7594.343 7673.4595 7668.198 7563.883 7614.13 7663.495 7624.7695 7556.4727 7184.533 7290.5786 7610.2324 7613.122 8090.7324 8298.236 8503.672 8692.62 9022.413 9165.529 9867.454 9971.578 9642.092 9281.49 9659.863 10186.144 10276.914 10841.788 10429.21 10724.346 10582.587 10280.85 10245.799 9750.57 10451.222 10201.196 10239.191 9363.017 10080.277 10278.921 10950.5 10970.502 11191.609 12795.755 13259.94 12492.084 11911.9 11232.014 9767.119 10230.092
7325.8105 7225.7383 7322.634 -999999.0 -999999.0 -999999.0 -999999.0 7720.398 7547.8174 7442.41 7507.6104 7456.7993 7648.0317 7854.195 7844.065 7664.3604 7694.9463 7651.3545 7618.09 7571.292 7404.2466 7479.336 7578.958 7967.7495 8169.39 8381.521 8638.691 8748.529 9048.645 10079.695 9918.616 9808.7295 10028.314 9518.16 9993.5 10197.316 10335.17 10376.923 10550.216 10617.506 10464.831 10121.343 10402.92 9432.229 10254.115 10018.809 10076.393 9544.563 10730.9795 11007.979 11251.895 10923.213 10913.736 11491.167 11723.197 11697.1875 11295.687 11102.74 10555.915 10670.049
