data/TNO-HT-ATES/HT-ATES_ooz2/ooz2__utc_P50_basecase_80-45-40.asc
ncols  140
nrows  163
xllcorner  0.0
yllcorner  300000.0
cellsize  2000.0
NODATA_value  -999999.0
[rows 28 to 55 of 163, columns 62 to 123 of 140]
5.1806746 5.862557 7.7187743 12.72118 0.0 0.0 -999999.0 -999999.0 -999999.0 -999999.0 -999999.0 -999999.0 -999999.0 -999999.0 -999999.0 -999999.0 -999999.0 -999999.0 -999999.0 -999999.0 -999999.0 -999999.0 -999999.0 -999999.0 -999999.0 -999999.0 -999999.0 -999999.0 -999999.0 -999999.0 -999999.0 -999999.0 -999999.0 -999999.0 -999999.0 -999999.0 0.0 0.0 14.419682 9.349886 7.0918574 5.214752 4.3602333 3.7136796 3.0702708 2.7087333 2.605152 2.6500654 2.6775224 2.5465722 2.5573554 2.667502 2.7308564 2.961385 3.513348 4.672678 6.6226335 8.971453 8.334189 7.4430184 7.3052135 -999999.0
4.9945455 5.609213 6.97134 9.61868 15.46412 0.0 0.0 -999999.0 -999999.0 -999999.0 -999999.0 -999999.0 -999999.0 -999999.0 -999999.0 -999999.0 -999999.0 -999999.0 -999999.0 -999999.0 -999999.0 -999999.0 -999999.0 -999999.0 -999999.0 -999999.0 -999999.0 -999999.0 -999999.0 -999999.0 -999999.0 -999999.0 -999999.0 -999999.0 -999999.0 -999999.0 0.0 0.0 12.193592 7.707659 5.6239223 4.368513 3.6292548 3.2732344 2.777746 2.3620813 2.4939897 3.5547166 2.5835853 2.719703 2.8656042 3.0036347 3.3286028 3.646705 4.69239 6.360465 7.445561 7.3834944 6.2124147 5.1243505 3.967139 -999999.0
4.8742642 5.639194 6.9761596 9.320392 13.098891 0.0 0.0 0.0 -999999.0 -999999.0 -999999.0 -999999.0 -999999.0 -999999.0 -999999.0 -999999.0 0.0 0.0 0.0 -999999.0 -999999.0 -999999.0 -999999.0 -999999.0 -999999.0 -999999.0 -999999.0 -999999.0 -999999.0 -999999.0 -999999.0 -999999.0 -999999.0 -999999.0 -999999.0 -999999.0 0.0 0.0 10.624427 6.490626 4.5345235 3.9623837 3.4470658 3.0965865 2.8754754 2.6935797 2.802985 5.3690367 6.8423786 3.1188574 3.7408292 3.8192055 4.2061486 4.5996284 5.857438 7.4855127 9.098984 8.002432 6.1871557 4.593441 3.9576418 -999999.0
4.7435594 5.508052 6.673636 8.473242 11.212311 15.544789 0.0 0.0 -999999.0 -999999.0 -999999.0 -999999.0 -999999.0 -999999.0 -999999.0 0.0 0.0 0.0 0.0 0.0 -999999.0 -999999.0 -999999.0 -999999.0 -999999.0 -999999.0 -999999.0 -999999.0 -999999.0 -999999.0 -999999.0 -999999.0 -999999.0 -999999.0 -999999.0 0.0 0.0 15.591399 8.255192 5.7999606 4.424767 3.942551 3.57289 3.285522 3.3359187 3.504876 3.8944087 5.409058 6.9455404 6.5974946 3.988197 4.793309 4.915155 5.4445176 5.52936 5.999795 7.988094 9.1630335 6.9037514 5.04459 4.0780034 -999999.0
4.4621344 5.1054764 6.0646267 7.3938513 9.37371 14.527116 22.40876 0.0 0.0 -999999.0 -999999.0 -999999.0 -999999.0 -999999.0 0.0 0.0 21.906336 19.977854 0.0 0.0 0.0 -999999.0 -999999.0 -999999.0 -999999.0 -999999.0 -999999.0 -999999.0 -999999.0 -999999.0 -999999.0 -999999.0 -999999.0 -999999.0 -999999.0 0.0 0.0 10.378404 7.0068054 5.318667 4.5150933 4.0801225 3.941527 3.7294579 3.8950214 4.1046586 4.8105 5.8961506 6.9814796 8.583591 5.423574 4.492474 4.701407 4.384565 3.5949621 4.448541 6.889636 6.7749887 5.298395 4.8228474 4.0720134 3.804277
4.178521 4.7057037 5.42249 6.6427455 7.4973345 10.231322 13.115103 22.442692 0.0 0.0 0.0 0.0 0.0 0.0 0.0 14.593562 14.6039 15.757484 22.957952 0.0 0.0 -999999.0 -999999.0 -999999.0 -999999.0 -999999.0 -999999.0 -999999.0 -999999.0 -999999.0 -999999.0 -999999.0 -999999.0 -999999.0 -999999.0 0.0 15.78108 7.9823246 5.909733 5.0092564 4.52535 4.6179996 4.281518 4.133907 4.2459993 4.5359316 5.446901 6.46508 7.9714622 9.266552 12.467754 6.855982 2.8312554 2.2928152 2.5640376 3.3451958 4.987022 4.922592 4.55668 3.6996424 3.3750212 3.3986645
3.8833075 4.306137 4.884503 5.588475 6.222859 7.555492 8.45077 11.412208 20.043615 0.0 0.0 0.0 0.0 0.0 16.270264 10.730013 11.715923 12.34189 18.809124 0.0 0.0 0.0 -999999.0 -999999.0 -999999.0 -999999.0 -999999.0 -999999.0 -999999.0 -999999.0 0.0 -999999.0 -999999.0 -999999.0 0.0 0.0 9.792693 6.4077225 4.889743 4.646143 4.6628222 5.907202 4.248179 4.326402 4.3224196 4.5849247 5.5889287 7.158553 9.125807 8.258149 7.829146 8.9578705 2.248332 2.1485026 2.3494325 2.8552892 5.2474437 3.7345397 3.2943883 3.0805025 3.1714385 3.6870954
3.593777 3.905954 4.182456 4.624268 5.1443973 5.7980356 5.9934764 7.1133957 9.164657 10.882756 13.097235 14.503198 15.739416 13.585696 9.040932 7.47489 7.465134 8.335266 10.755667 19.554846 0.0 0.0 0.0 0.0 0.0 0.0 0.0 0.0 0.0 0.0 0.0 0.0 -999999.0 -999999.0 0.0 11.373369 6.9386215 5.077115 4.1290646 3.9420853 4.1345444 4.179558 4.029185 3.9935405 4.015307 4.6137495 5.791666 7.406169 8.590872 8.847517 8.188454 10.090729 8.835138 2.4722168 2.7201593 3.7179956 3.5536873 2.931536 2.8904965 2.857582 3.083614 0.0
3.3498545 3.6410446 3.7067463 4.01145 4.338086 4.3643227 4.546608 4.9800878 5.5558896 7.0694113 8.032236 8.034628 8.031719 6.6566353 5.857916 5.838334 6.0503774 6.874747 8.366084 12.90158 0.0 0.0 0.0 0.0 0.0 16.078596 11.772941 12.432189 13.258853 11.196877 11.528554 17.092182 0.0 0.0 12.53074 7.2948475 5.192183 4.1530375 3.585215 3.4916425 3.5836687 3.7167225 3.7984955 3.8592353 4.071164 4.5612125 5.660229 7.154971 9.411131 11.150158 10.481996 13.6053705 10.198629 3.0589778 3.3140912 3.3925867 4.708987 3.0055299 2.7471135 2.7081685 3.3751984 0.0
3.480675 3.8709967 3.770492 3.72755 3.862398 3.828727 3.8847013 4.0743423 4.3257046 5.093104 5.3023915 5.634381 5.670022 4.968899 4.413296 4.4356275 4.788914 5.3826 6.7877665 10.096938 21.936985 0.0 0.0 20.768831 11.302817 8.09051 6.6826506 6.6317205 6.0637565 5.72401 5.537032 6.1592436 7.486736 7.8171706 6.654541 4.956434 4.16896 3.553139 3.2376227 3.3139553 3.3281662 3.4087682 3.5428708 3.7479343 4.0223956 4.578636 5.159442 7.151046 11.110356 0.0 14.984775 0.0 11.079655 4.140247 5.3059907 5.352715 10.695394 3.728639 3.04146 2.9170723 0.0 0.0
3.567705 3.8924594 3.8972368 3.6703 3.4269488 3.6042426 3.6146653 3.4887018 3.555186 3.681893 3.9237475 4.3537664 4.505174 4.0613227 3.6576078 3.6421967 3.812956 4.2644825 5.365345 7.7292075 16.495966 0.0 0.0 10.716131 6.835714 4.9921727 4.313089 4.232339 4.0685415 3.7144263 3.668976 3.834116 4.2094193 4.3827643 4.142149 3.764861 3.3901985 3.0219676 2.968653 3.0982041 3.1722794 3.3969083 3.5368457 3.6624436 3.9290185 4.2548423 4.8511996 6.7878413 9.501022 13.349067 11.969163 0.0 0.0 6.934033 0.0 0.0 -999999.0 6.688419 3.5912645 3.3584206 0.0 0.0
3.739644 4.2860703 3.9093077 3.5231087 3.4036188 3.333024 3.3618684 3.1848004 2.955523 2.998863 3.236887 3.493342 3.6126854 3.4330885 3.2345037 3.06192 3.1167035 3.383359 4.038629 5.41519 8.981552 0.0 11.817892 6.363104 4.729242 3.550663 3.2107365 3.1381552 2.9446993 2.7871935 2.747908 2.7966852 3.0820744 3.1130075 3.0507545 2.963623 2.8284323 2.6602614 2.6256192 2.83577 3.0306673 3.2135632 3.443653 3.531843 3.7669861 4.0752263 4.3519506 5.651822 5.784946 5.680892 0.0 -999999.0 9.474333 7.519646 6.0686383 4.6029525 -999999.0 4.587969 3.4574556 4.129693 3.8930826 5.065604
3.3962348 3.688537 3.567802 3.4007359 3.2533214 2.8974063 2.9305859 2.9177227 2.993445 3.0137017 2.978887 3.0382636 2.9998653 3.0143237 2.7988117 2.553293 2.5851085 2.720969 3.0711594 3.7812603 4.828495 5.638222 4.9731135 4.0943003 3.659859 2.7556596 2.5687835 2.509987 2.3748877 2.3547575 2.295573 2.364899 2.4754648 2.6072454 2.536235 2.4867198 2.4374292 2.2946868 2.3720105 2.660495 2.7943397 3.0016546 3.2302856 3.437743 3.635985 3.6643114 3.828954 3.96056 3.2191265 3.5859725 4.139348 9.340909 0.0 12.465874 5.5456233 3.8972504 3.7418625 3.522224 3.6903493 5.014333 4.474599 6.431035
3.1158774 3.0538983 3.1774452 3.1227765 2.9759645 2.8455946 2.8972986 2.9030242 3.1361938 3.0779254 2.990979 2.680859 2.5641313 2.4853315 2.403619 2.268771 2.2179182 2.284228 2.482854 2.8031073 3.1394582 3.3173711 3.2292206 2.8697655 2.5438802 2.3333213 2.1651695 2.1024623 1.9812531 1.9713509 1.997275 2.055172 2.1770036 2.2905118 2.2739987 2.2285323 2.1858337 2.131554 2.2872934 2.3711278 2.5432703 2.8309298 3.0429199 3.2853858 3.5333173 3.3836317 3.8582153 3.84923 3.2596738 3.4948869 4.4199557 6.023125 7.2688684 8.380386 5.163835 3.9335678 3.7852888 3.3865097 4.2747116 5.033939 5.110082 5.1824765
2.825546 2.9499545 3.0312612 3.142929 3.1986344 3.2167299 3.0480237 2.9817166 3.0595891 2.9698453 2.978193 2.506437 2.208518 2.1292899 2.1388345 2.08201 2.06995 2.1533484 2.2353377 2.3052294 2.3929567 2.4228132 2.561757 2.6313198 2.2083397 2.0407612 1.89381 1.7978611 1.7035308 1.7053177 1.7570475 1.8053062 2.0685658 2.1329033 2.0579727 2.0660546 2.0608578 2.0715485 2.1194975 2.2561336 2.3458264 2.523199 2.782079 2.9847033 3.3353138 3.392221 4.1585345 3.9228265 3.3124626 3.4052577 4.1831584 4.7450547 4.8742285 6.241132 5.0799093 3.679489 3.4183617 3.694946 0.0 0.0 5.017273 0.0
2.848711 2.9835403 3.0499651 3.2531223 3.3379822 3.3748386 3.1213908 2.915923 2.9126582 2.7935958 2.543228 2.2992873 2.1467295 2.0269616 1.9537299 1.9186915 1.871419 2.0213544 1.9536911 1.9648399 2.0026617 2.0736675 2.115653 2.06062 1.9646908 1.8980961 1.7502633 1.6602972 1.5646065 1.5533953 1.5719864 1.6367427 1.7640877 1.8864245 1.921838 1.920043 1.9076291 1.997355 2.0720127 2.1194036 2.182415 2.2932794 2.4965146 2.7781842 3.0217094 3.2786903 3.6796148 3.642198 3.315613 3.8086174 4.3933234 4.474193 4.373318 4.7203584 4.115607 3.5164044 3.6072962 3.9736323 0.0 0.0 7.166055 6.001483
3.0288272 3.2832046 3.2076936 3.4111068 3.5845847 3.5225263 3.1732597 2.777381 2.6836648 2.5964987 2.4416707 2.2505035 2.1290817 2.022129 1.9645658 1.9085524 1.8414397 1.8101934 1.8173429 1.8541993 1.902889 1.8735391 1.8716182 1.7870119 1.8047019 1.735042 1.6555992 1.5803697 1.5115047 1.4475144 1.4533718 1.4824061 1.6016414 1.7102989 1.7463467 1.7800281 1.7955431 1.9089067 1.9938844 2.0453691 2.0502224 2.1128318 2.2839947 2.5651653 3.1533093 3.5346217 3.4418995 2.751208 3.8850403 4.800515 5.1842103 4.646028 4.1530356 4.4714317 4.0502925 3.5800133 3.7294104 0.0 0.0 0.0 4.850321 7.2036743
3.303287 3.8637364 4.0853295 4.06923 4.121522 3.8708682 3.4700186 2.8343575 2.588829 2.6135306 2.568571 2.2970684 2.1153152 2.0090575 1.9591458 1.9037927 1.8085746 1.7195336 1.7395474 1.7361312 1.7481627 1.7640992 1.7205688 1.731879 1.7008635 1.6315274 1.5652245 1.4925543 1.3781674 1.3357085 1.3328593 1.3730788 1.4540701 1.5414473 1.549221 1.6420594 1.7158803 1.8247283 1.8959893 1.9812641 1.9836961 1.987486 2.1674955 2.4008095 2.8287807 3.0847166 3.1041422 2.7004128 2.938326 5.293143 5.9417276 5.8698335 5.1036735 0.0 0.0 0.0 0.0 0.0 0.0 0.0 0.0 0.0
3.9571662 5.794612 7.6175976 7.061928 5.95002 4.6169105 3.824382 3.0936284 2.7183697 2.6393743 2.534539 2.299204 2.1608238 2.0671434 1.9790645 1.8804355 1.7809895 1.7285124 1.6883347 1.6969982 1.7139206 1.7202665 1.6652693 1.6938776 1.6412925 1.574597 1.4771088 1.4362808 1.3303541 1.3071955 1.283709 1.3202733 1.3604392 1.3740286 1.4917185 1.5823336 1.7436547 1.7789047 1.8255354 1.9460344 1.9531842 1.9910381 2.1333923 2.2787223 2.4554572 2.5225012 2.4906175 2.536432 2.7182472 3.415866 4.6274066 5.552052 5.1280756 0.0 0.0 0.0 0.0 0.0 0.0 0.0 0.0 3.3434308
5.562394 16.051014 0.0 0.0 16.67041 6.9338098 4.456563 3.3257499 2.9542367 2.7095647 2.6124086 2.368396 2.165845 2.2003014 1.9692177 1.8667903 1.7618192 1.7245252 1.6793386 1.6790159 1.6847633 1.8202937 1.6935618 1.636797 1.5618852 1.517224 1.4585972 1.37741 1.3347526 1.3015096 1.2573309 1.2464516 1.2643994 1.3438315 1.4479398 1.6066464 1.6874986 1.7374464 1.8056697 2.0385544 1.9325641 1.9808474 2.0871134 2.2156837 2.3064878 2.259697 2.4055219 0.0 0.0 2.8998096 3.659403 5.1069617 5.404494 0.0 0.0 0.0 0.0 0.0 0.0 0.0 0.0 3.5533128
10.88149 -999999.0 -999999.0 -999999.0 -999999.0 15.492577 6.119055 3.928617 3.2140613 2.9562116 2.697148 2.3526778 2.1407604 2.0325809 1.9458041 1.8718396 1.7531425 1.7376691 1.6984313 1.6948578 1.6869814 1.7105389 1.6652788 1.614921 1.5300177 1.5048977 1.4672683 1.3947285 1.3176289 1.2959872 1.2405336 1.2024214 1.1567111 1.2630023 1.3765507 1.5547048 1.6589794 1.5793785 1.642149 1.8429096 1.917155 1.9826621 2.0891018 2.1863127 2.2829418 2.2980013 2.4593797 0.0 0.0 0.0 3.155189 3.3903728 2.7056398 3.006608 0.0 0.0 0.0 0.0 0.0 0.0 0.0 0.0
0.0 -999999.0 -999999.0 -999999.0 -999999.0 0.0 9.039734 4.9154077 3.7708285 3.233819 2.8113708 2.4137342 2.1788538 2.0288584 1.9300367 1.857112 1.7763406 1.7372506 1.7306352 1.7109524 1.6973293 1.7160032 1.6606613 1.5460279 1.5272989 1.5288907 1.4975996 1.5308434 1.3826852 1.3308871 1.2982305 1.1767952 1.1781242 1.2675006 1.3869834 1.480904 1.5255212 1.4884871 1.538585 1.7039269 1.7809044 1.9367169 2.0926747 2.1126373 2.247307 2.3632963 2.9856098 2.959766 3.0442173 3.4864788 4.086646 3.7719805 2.7538736 2.5561168 3.3968754 0.0 0.0 0.0 0.0 0.0 0.0 0.0
-999999.0 -999999.0 -999999.0 -999999.0 -999999.0 -999999.0 14.989999 6.5230556 4.4983344 3.563198 2.977596 2.5748897 2.2617486 2.0431814 1.9149724 1.8532608 1.7510675 1.7250416 1.7483162 1.7329469 1.7360281 1.7240999 1.6414409 1.5754915 1.561673 1.5333135 1.5369568 1.4776415 1.4408855 1.4184127 1.3870596 1.2978926 1.2605906 1.3108587 1.3646363 1.4183979 1.4882774 1.4623133 1.5131601 1.6758184 1.7823768 1.7213931 1.978232 2.2565262 2.267089 2.3994403 2.698018 3.2527535 3.8491883 4.514979 4.441406 3.3783677 2.8006158 2.2789795 2.813263 0.0 0.0 0.0 0.0 0.0 0.0 0.0
-999999.0 -999999.0 -999999.0 -999999.0 -999999.0 -999999.0 0.0 8.4515705 5.231476 3.9032915 3.1538029 2.72847 2.4057415 2.1048326 1.9489644 1.8347585 1.7659557 1.7484366 1.7636908 1.7523124 1.7545011 1.7387302 1.6557895 1.6089044 1.5739849 1.5396609 1.5286937 1.5231171 1.5058951 1.3783774 1.49708 1.4487829 1.4434656 1.416617 1.4300858 1.4532511 1.5062764 1.4540702 1.4382446 1.6292491 1.5869892 1.6912206 1.9521775 1.948713 2.1754296 2.4290369 3.0245876 4.2330174 6.0560412 6.324375 4.6672792 3.0656855 1.9848732 1.686948 2.6155386 0.0 0.0 0.0 0.0 0.0 0.0 0.0
-999999.0 -999999.0 -999999.0 -999999.0 -999999.0 -999999.0 0.0 9.995318 5.951243 4.3051147 3.3249128 2.7556343 2.3695219 2.161003 2.0022159 1.8676045 1.7906475 1.7601043 1.816496 1.8014468 1.759958 1.7600702 1.6957955 1.685917 1.63835 1.6006331 1.5733047 1.587753 1.5259908 1.5126982 1.5732899 1.6439834 1.6222973 1.5742036 1.5637759 1.5154896 1.613165 1.4627608 1.4566604 1.515618 1.5791173 1.7395704 1.7658393 1.9722908 2.1914237 2.681661 3.3202734 5.451077 13.275271 12.217987 5.4918566 3.2833388 2.4413376 2.4172206 0.0 0.0 0.0 0.0 0.0 0.0 0.0 0.0
0.0 -999999.0 -999999.0 -999999.0 -999999.0 0.0 0.0 10.926477 6.030776 4.4570312 3.4417205 2.7302454 2.3560023 2.1850138 2.0454957 1.9029557 1.8246883 1.8007958 1.8011199 1.7781152 1.7705258 1.7140832 1.7085079 1.7161182 1.7040347 1.707162 1.6925651 1.6171045 1.7024711 1.7323729 1.729932 1.827867 1.7615752 1.7240704 1.638 1.5944055 1.5195351 1.4395821 1.4327786 1.4909726 1.5131222 1.7322903 1.7593813 1.9600245 2.13377 2.5215752 3.0153756 4.8344355 14.700181 11.429069 5.6474295 3.7987978 3.1811492 0.0 0.0 0.0 0.0 0.0 0.0 0.0 0.0 0.0
5.224009 11.366832 0.0 -999999.0 -999999.0 0.0 0.0 11.283468 6.602388 4.556278 3.5073721 2.8662848 2.4124124 2.1816819 2.028392 1.9210762 1.8498875 1.8453137 1.8408298 1.7878135 1.765799 1.7446693 1.7773072 1.7937391 1.8095167 1.8761712 1.9056808 1.8385316 1.9428437 2.001366 2.0576038 2.125042 2.1517985 2.0363727 1.7971238 1.6320931 1.4531907 1.4201255 1.5259799 1.4875039 1.4924624 1.6776948 1.7188666 1.8559664 1.9766653 2.3434126 2.6403198 3.656342 4.8144436 5.21045 0.0 0.0 0.0 0.0 0.0 0.0 0.0 0.0 0.0 0.0 0.0 -999999.0
2.8972552 4.898326 19.88648 0.0 0.0 0.0 18.466263 10.420318 7.106792 5.151439 3.9755182 3.0995312 2.4645262 2.13984 2.0894258 1.9796386 1.9182527 1.8900234 1.8592066 1.8297554 1.8107734 1.7577264 1.8295766 1.9315786 1.9990937 2.0820556 1.9806347 2.0710568 2.217334 2.3562925 2.4651146 2.432897 2.3804355 2.2284517 1.8736302 1.6945068 1.5341295 1.4956555 1.4509771 1.539432 1.5801599 1.6703159 1.815478 1.9159638 2.0291336 2.1769814 2.376147 2.7651699 3.4886105 0.0 4.904424 0.0 0.0 0.0 0.0 0.0 0.0 0.0 0.0 0.0 0.0 -999999.0
