data/TNO-HT-ATES/HT-ATES_ooz2/ooz2__flowr_olst_P50_basecase_80-45-40.asc
ncols  140
nrows  163
xllcorner  0.0
yllcorner  300000.0
cellsize  2000.0
NODATA_value  -999999.0
[rows 56 to 83 of 163, columns 62 to 123 of 140]
282.46616 211.75655 127.747185 78.2421 71.01362 74.39875 85.85612 96.0917 106.26602 122.97287 155.51302 212.37257 269.9322 316.6315 341.1617 358.63348 373.47186 378.17908 393.39044 397.29266 391.1054 401.8896 389.89862 357.701 344.5778 324.8131 328.56076 299.61252 274.0364 240.26476 208.55713 222.12495 262.48804 297.5548 341.93988 377.25156 411.24695 426.5112 414.40405 382.79404 359.76544 359.30975 334.56332 308.73123 285.01483 275.96768 264.59952 225.60715 176.67305 0.0 0.0 0.0 0.0 0.0 0.0 0.0 0.0 0.0 0.0 0.0 0.0 -999999.0
299.7465 241.25357 173.34383 130.45827 120.19945 124.98408 110.500046 106.55356 110.568855 105.78476 116.78223 165.36493 227.76888 269.16528 308.555 345.8451 355.65585 373.50778 380.83707 381.25833 369.7288 383.36334 373.34137 316.49878 319.6125 307.5546 303.26917 278.4471 253.25784 218.39264 196.3595 219.83578 257.78925 302.1808 336.84796 382.4463 395.5183 377.0177 335.23657 296.07083 306.9849 299.5027 283.14725 282.06586 271.33057 253.27664 261.05923 237.76088 0.0 0.0 0.0 0.0 0.0 0.0 0.0 0.0 0.0 0.0 0.0 0.0 0.0 -999999.0
307.97482 254.00552 202.29097 163.41072 137.1239 119.04164 91.190895 86.323074 88.64789 80.898 90.761345 138.12216 190.44942 235.85237 272.40778 308.96356 343.10614 356.672 361.40048 365.19946 360.06287 371.58194 358.25522 332.3421 298.68503 279.21466 287.25333 270.6917 249.58112 224.085 218.31223 235.62685 279.83337 319.66467 362.4632 390.50113 390.9764 379.30862 327.16534 276.10132 279.38446 266.6887 258.22583 237.27194 237.96242 228.12064 0.0 0.0 0.0 0.0 0.0 0.0 0.0 0.0 0.0 0.0 0.0 0.0 0.0 0.0 0.0 -999999.0
342.22647 273.342 223.42537 177.70647 117.40015 56.19576 33.70767 36.707497 56.2442 65.20418 93.17223 137.57883 168.86485 213.7611 262.20828 299.64954 331.17996 341.36133 350.30106 346.26865 346.6903 362.01303 358.3085 337.28943 281.61047 254.09694 266.9771 271.79813 261.9453 255.49376 252.82198 257.46756 294.6553 347.42398 377.6697 430.5386 416.7268 380.12534 349.78082 302.86575 275.57343 255.01686 240.91753 219.86746 218.89622 0.0 0.0 0.0 0.0 0.0 0.0 0.0 0.0 0.0 0.0 0.0 0.0 0.0 0.0 0.0 -999999.0 -999999.0
384.1466 286.1647 221.12505 185.05063 98.20547 -999999.0 -999999.0 8.59159 37.41539 70.789825 99.42663 140.00626 160.038 193.58861 237.93063 287.06705 303.9193 316.39392 325.6209 337.80228 352.64618 372.38016 377.98227 364.61383 308.35095 228.85529 241.38974 273.31216 290.28287 290.1783 294.1226 304.90753 344.04733 380.66812 397.14813 431.5836 401.00717 376.1991 375.68408 378.17984 346.22705 315.5579 286.81647 267.5427 241.04234 0.0 0.0 0.0 0.0 0.0 0.0 0.0 0.0 0.0 0.0 0.0 0.0 0.0 0.0 0.0 -999999.0 -999999.0
346.35562 282.5012 217.28761 172.76622 108.23372 30.18895 28.164564 46.953243 81.58842 115.9832 142.2561 160.03154 158.80727 177.50056 212.75526 252.98015 271.10968 290.1082 298.04996 313.718 329.42178 335.9292 372.7828 376.14856 363.9213 257.91382 264.95145 307.27258 323.28607 340.90848 378.3859 380.4114 363.87207 387.13278 384.20288 381.852 361.05762 355.38983 393.01862 384.91104 331.0421 310.50525 279.5544 254.31801 300.7103 0.0 0.0 0.0 0.0 0.0 0.0 0.0 0.0 0.0 0.0 0.0 0.0 0.0 0.0 0.0 -999999.0 -999999.0
311.36908 274.11633 228.499 187.53299 132.37735 82.642715 89.31443 117.59997 149.5978 171.40654 197.49002 175.17328 159.54494 163.2171 194.99081 213.18877 234.23424 260.03815 272.6675 288.20166 311.4746 324.97763 356.69342 380.83707 396.79752 326.13583 350.18597 364.15662 388.04065 409.35025 472.45517 474.14255 449.0268 410.22174 382.83405 369.65417 342.22803 315.88602 290.20654 288.80972 269.35547 261.57764 247.72356 251.59627 257.58728 0.0 0.0 0.0 0.0 0.0 0.0 0.0 0.0 0.0 0.0 0.0 0.0 0.0 0.0 0.0 -999999.0 -999999.0
279.65176 270.78705 257.35065 217.16142 177.08482 138.63269 135.19524 160.77531 182.52635 196.66208 210.93774 191.27747 170.58932 164.7816 180.34372 192.6325 209.83626 231.96417 245.24992 276.43655 297.57877 321.52213 355.35388 387.0869 430.99924 417.6264 452.11383 461.77832 477.46698 525.4816 576.7927 534.9437 472.5195 418.93912 413.4257 392.53256 355.03705 311.2768 279.15448 188.56355 182.03152 190.09682 182.69176 172.9652 163.95302 0.0 0.0 0.0 0.0 0.0 0.0 0.0 0.0 0.0 0.0 0.0 0.0 0.0 0.0 0.0 0.0 -999999.0
275.47684 297.21857 300.42917 258.83847 230.43066 196.87471 170.55666 169.75063 180.55452 180.63245 188.10132 187.08325 184.58168 179.0523 178.04022 183.00208 190.55698 204.5492 232.22557 261.82098 294.06525 328.73016 322.67932 405.50552 427.0973 434.2557 451.3133 440.3529 469.53146 486.15445 513.9309 622.6354 494.80655 400.70575 395.7269 401.03122 352.68362 319.7774 278.35184 182.58192 155.66876 159.02335 148.36835 134.7005 0.0 0.0 0.0 0.0 0.0 0.0 0.0 0.0 0.0 0.0 0.0 0.0 0.0 0.0 0.0 0.0 0.0 0.0
319.45276 322.515 324.54132 302.8185 271.91254 246.02914 214.06013 195.60405 193.09535 183.93872 169.09425 185.20099 198.41835 187.41072 174.42657 176.96335 166.83243 192.16243 222.24152 253.37881 289.28094 347.2955 393.14883 443.3053 445.17532 420.91174 412.77695 422.9162 439.9449 487.27142 544.4108 534.5472 503.35388 446.45126 417.07184 392.27597 359.3465 333.62634 306.43134 233.1866 198.83047 144.4952 124.07023 0.0 0.0 0.0 0.0 0.0 0.0 0.0 0.0 0.0 0.0 0.0 0.0 0.0 0.0 0.0 0.0 0.0 0.0 -999999.0
291.105 317.7133 327.05307 305.67752 281.3298 268.64185 251.50504 237.42589 216.65546 210.74254 201.03554 193.15741 190.95601 173.07486 146.46971 121.64976 117.35647 143.81718 188.46434 241.56815 290.41336 347.64133 399.59076 444.22406 468.61337 441.54694 387.162 355.14566 432.44852 507.3796 529.0354 517.9258 503.08472 462.21265 428.17603 402.13397 373.94598 330.96494 309.3788 257.9584 225.48326 193.18507 190.74615 0.0 0.0 0.0 0.0 0.0 0.0 0.0 0.0 0.0 0.0 0.0 0.0 0.0 0.0 0.0 0.0 0.0 0.0 -999999.0
284.95413 311.6799 317.48804 304.18515 289.84592 279.382 273.59525 280.78308 255.92328 237.6658 212.18079 199.73297 185.51155 156.70157 107.718956 64.21847 63.208393 96.948006 158.42513 226.08061 284.5857 331.05035 388.01343 458.02704 471.53986 452.50793 410.20236 381.53754 457.79193 497.04813 520.8529 495.81348 489.3169 450.7389 423.66742 403.6335 376.2418 318.8144 291.83588 273.6417 231.1941 204.0033 0.0 0.0 0.0 0.0 0.0 0.0 0.0 0.0 0.0 0.0 0.0 0.0 -999999.0 0.0 0.0 0.0 0.0 0.0 0.0 -999999.0
275.1234 293.96194 298.87787 315.93375 305.97064 289.23422 295.57462 305.9342 284.95206 255.4806 223.61815 207.88495 173.47171 137.91985 83.60711 33.065956 22.672014 73.29978 152.71515 217.48337 267.72684 309.9264 371.78958 420.64886 448.30377 431.67416 397.875 447.59137 462.2937 494.1165 468.10367 474.78183 479.14005 460.2146 410.1375 389.91504 358.59152 320.40964 291.61102 246.45894 215.06473 175.68356 0.0 0.0 0.0 0.0 0.0 0.0 0.0 0.0 0.0 0.0 0.0 0.0 0.0 -999999.0 0.0 0.0 0.0 0.0 0.0 -999999.0
257.97742 283.20984 310.8786 328.5693 319.64178 318.3363 332.33743 329.5677 319.5583 287.3727 250.65295 214.56607 168.96127 129.35356 89.27826 48.704826 29.075542 96.754654 167.84901 222.39351 258.91513 299.31317 302.07904 342.81604 381.37012 408.99 394.4324 448.32416 447.61273 487.47424 465.6395 474.0032 497.48862 416.7565 367.52316 367.25232 343.8097 349.71725 290.1891 251.48668 234.80482 0.0 0.0 0.0 0.0 0.0 0.0 0.0 0.0 0.0 0.0 0.0 0.0 0.0 0.0 0.0 0.0 0.0 0.0 0.0 -999999.0 -999999.0
237.86641 285.25897 328.08148 349.2877 353.64304 364.73428 372.52853 374.2043 357.6238 319.114 288.599 238.5433 181.64192 142.44675 115.25566 112.002716 116.98866 154.88684 209.01619 256.2186 313.79932 291.70087 242.65257 226.66443 356.91306 419.14624 447.9032 460.3645 444.8412 456.71622 472.72375 466.6025 467.88232 435.4021 398.92957 365.4397 336.2129 254.45708 326.9585 314.39337 289.84195 177.69807 0.0 0.0 0.0 0.0 0.0 0.0 0.0 0.0 0.0 0.0 0.0 0.0 0.0 0.0 0.0 0.0 0.0 0.0 -999999.0 -999999.0
262.4471 289.5272 327.95355 357.36948 377.00513 395.21198 408.29156 401.7844 390.4559 356.41458 314.3137 260.16962 224.33057 196.50252 180.80182 183.5495 196.7213 217.15538 253.55392 320.01086 379.32977 339.2612 316.91782 300.49542 358.5244 410.2677 463.842 467.39944 450.07254 475.2357 474.9372 464.77637 467.14984 411.47415 379.03857 341.02942 287.67093 214.53452 145.9049 118.5495 256.00644 219.77618 0.0 0.0 0.0 0.0 0.0 0.0 0.0 0.0 0.0 0.0 0.0 0.0 0.0 0.0 0.0 0.0 0.0 -999999.0 -999999.0 -999999.0
271.64566 295.50812 337.00168 374.335 388.89682 417.7932 438.73016 440.3486 419.4825 361.91785 343.88843 300.60345 266.56158 239.29079 231.25569 237.7664 263.0256 281.41754 325.04727 361.95532 449.76212 467.03214 439.87958 409.5869 392.21576 409.63184 480.99527 519.8376 475.5065 475.47397 487.74966 478.30035 444.55975 387.43808 393.51672 350.49133 277.41193 177.90028 108.0999 84.05122 100.13665 104.672325 0.0 0.0 0.0 0.0 0.0 0.0 0.0 0.0 0.0 0.0 0.0 0.0 0.0 0.0 0.0 0.0 0.0 -999999.0 -999999.0 -999999.0
262.34912 296.69748 339.1634 382.06638 412.3699 442.4518 466.6544 451.28476 446.3567 404.64288 373.59744 330.3319 294.52997 273.73813 295.27576 305.0437 332.45245 357.86685 403.5672 442.07883 502.7504 538.05115 510.52484 472.19 460.86154 492.62625 547.11816 552.019 527.133 524.1005 516.2341 485.78555 434.53137 370.87387 367.3975 338.51794 277.76373 191.08894 107.65952 84.49606 88.52266 87.72964 76.00043 80.56466 0.0 0.0 0.0 0.0 0.0 0.0 0.0 0.0 0.0 0.0 0.0 0.0 0.0 0.0 0.0 -999999.0 -999999.0 -999999.0
258.8153 294.3613 339.24362 392.46225 397.13397 459.98035 475.84073 473.0274 455.83963 429.33673 395.5362 375.71255 330.12653 323.01236 340.6172 345.47067 366.0318 397.73383 426.48608 469.035 512.274 532.8244 494.14047 489.4461 494.9878 573.59393 562.13934 530.8554 531.64984 527.81616 507.03967 513.5593 463.46997 411.55966 372.86124 341.12808 249.25385 230.63434 143.38829 110.043724 89.008064 80.11106 73.686516 0.0 0.0 0.0 0.0 0.0 0.0 0.0 0.0 0.0 0.0 0.0 0.0 0.0 0.0 0.0 0.0 -999999.0 -999999.0 -999999.0
248.89633 294.75824 353.98038 404.74158 443.11142 483.9267 492.45468 488.3469 473.50873 486.76117 438.10678 408.0818 382.62244 380.24997 394.7124 422.51288 429.08713 425.662 444.6745 455.7926 446.65012 507.57272 519.66187 525.5203 509.0 561.5688 549.9738 548.9959 529.0037 538.6721 534.65155 533.2521 489.41797 432.76288 412.22263 327.11816 293.8543 215.5783 184.48257 144.55524 121.08213 106.11817 120.60355 0.0 0.0 0.0 0.0 0.0 0.0 0.0 0.0 0.0 0.0 0.0 0.0 0.0 0.0 0.0 -999999.0 -999999.0 -999999.0 -999999.0
255.89388 302.21588 355.27786 412.08438 453.36792 485.20032 499.1214 504.79968 486.1023 506.00073 502.57654 494.04547 435.4295 432.1698 448.01828 440.18433 440.20547 436.7599 453.62152 466.7452 465.66672 515.14856 501.04053 514.15735 575.1155 462.4762 527.7434 579.40137 544.5944 529.00214 490.53635 473.26898 496.02905 477.42834 390.6657 345.98892 338.58334 232.52109 169.8923 171.54295 171.21774 134.64438 54.673134 51.886673 0.0 0.0 0.0 0.0 0.0 0.0 0.0 0.0 0.0 0.0 0.0 0.0 0.0 0.0 -999999.0 -999999.0 -999999.0 -999999.0
264.55347 315.24353 355.1482 409.84967 453.17728 473.70966 550.05316 550.2353 502.07776 524.6791 558.93896 532.20746 528.55994 467.9467 456.87442 465.6845 408.416 475.5069 463.25543 436.75674 443.98517 483.8615 464.57465 509.3169 559.5018 564.4098 598.95 577.73474 536.1984 542.9477 491.98517 462.80472 488.1896 447.43002 401.993 400.49146 382.8504 297.80923 270.0265 273.98276 200.8278 130.91888 56.87399 59.656715 0.0 0.0 0.0 0.0 0.0 0.0 0.0 0.0 0.0 0.0 0.0 0.0 0.0 -999999.0 -999999.0 -999999.0 -999999.0 -999999.0
289.87128 325.21805 360.65253 403.57474 446.16168 513.95306 537.2057 524.8668 523.63086 568.05505 593.8983 591.12274 550.14355 478.4725 454.5516 466.16565 412.8549 432.4775 435.3654 427.94177 404.66803 418.26187 426.5323 478.38736 486.70868 538.2932 564.60077 524.89905 506.99313 503.57135 515.06116 503.30862 502.37094 434.92014 414.06445 420.06573 418.30496 360.62585 342.7162 302.722 221.59673 140.39256 100.652214 77.518295 0.0 0.0 0.0 0.0 0.0 0.0 0.0 0.0 0.0 0.0 0.0 0.0 -999999.0 -999999.0 -999999.0 -999999.0 -999999.0 -999999.0
295.31363 320.6792 352.5694 382.31628 420.92447 470.5003 505.69965 522.35 514.9138 555.315 596.4384 571.3474 557.4882 491.25217 506.79126 461.18274 390.81064 384.98944 382.29456 377.86737 370.85468 353.7553 386.6519 434.18686 430.0645 491.2231 509.89752 498.51517 436.8452 415.86014 454.97806 455.22876 418.4611 407.7975 402.9557 405.10004 416.92688 337.26395 314.892 311.26193 230.80432 142.14981 121.30752 0.0 0.0 0.0 0.0 0.0 0.0 0.0 0.0 0.0 0.0 0.0 0.0 -999999.0 -999999.0 -999999.0 -999999.0 -999999.0 -999999.0 -999999.0
275.55112 308.5846 343.76157 352.54834 443.9657 469.4306 469.08115 438.84644 456.42093 508.7758 546.89 535.88257 534.6032 535.6161 505.5974 433.34552 374.59662 348.7158 337.9974 317.83377 378.44376 358.8741 385.45944 402.30444 418.14252 452.39975 464.34726 438.8152 367.63544 360.69647 393.4346 390.75403 366.7813 396.526 389.11124 368.12076 341.07993 279.1754 251.36443 250.21872 225.03514 156.10847 131.91023 0.0 0.0 0.0 0.0 0.0 0.0 0.0 0.0 0.0 0.0 0.0 0.0 0.0 -999999.0 -999999.0 -999999.0 -999999.0 -999999.0 -999999.0
287.93115 302.5688 330.24313 386.10187 416.65436 425.54538 453.08252 381.8695 339.6369 342.2758 378.26526 467.10434 523.2902 504.7119 458.79553 392.20615 321.2488 302.78275 280.0458 276.93433 332.09183 337.78882 360.51025 373.17026 393.67303 398.88654 442.26022 405.25787 339.25067 308.33368 330.31702 302.9016 328.17136 351.5917 331.21625 305.6944 279.93628 217.99213 184.84 183.207 183.40155 161.3856 128.50552 91.85953 0.0 0.0 0.0 0.0 0.0 0.0 0.0 0.0 0.0 0.0 0.0 0.0 -999999.0 -999999.0 -999999.0 -999999.0 -999999.0 -999999.0
137.40073 184.90962 360.68112 381.7805 395.47174 409.4261 420.03296 405.0739 279.83633 185.96254 263.2453 386.3886 480.8078 448.651 376.37808 289.99768 266.9317 240.04314 234.31645 246.58382 269.305 279.7914 313.23425 348.6268 375.07574 398.038 340.19342 354.0496 286.95517 251.81844 245.09485 263.1956 325.26978 304.91284 294.8155 248.97037 223.32025 180.257 119.470856 112.61132 145.45306 143.4142 103.17017 79.45908 0.0 0.0 0.0 0.0 0.0 0.0 0.0 0.0 0.0 0.0 0.0 -999999.0 -999999.0 -999999.0 -999999.0 -999999.0 -999999.0 -999999.0
91.25529 124.22466 187.38191 348.3418 378.53452 406.2491 405.31714 434.30603 423.42307 255.58112 321.84363 418.12085 373.9378 325.51868 258.7106 202.19046 197.85135 195.4082 178.04785 195.74066 215.09302 238.61452 274.36972 331.19153 285.9861 294.86194 278.69254 244.85013 245.01039 230.67996 232.47208 260.13614 303.7568 278.88925 244.54478 215.74252 202.17232 196.12375 149.19518 60.195168 130.21883 96.676315 75.46787 0.0 0.0 0.0 0.0 0.0 0.0 0.0 0.0 0.0 0.0 -999999.0 -999999.0 -999999.0 -999999.0 -999999.0 -999999.0 -999999.0 -999999.0 -999999.0
