data/TNO-HT-ATES/HT-ATES_ooz2/ooz2__temperature_basecase_80-45-40.asc
ncols  140
nrows  163
xllcorner  0.0
yllcorner  300000.0
cellsize  2000.0
NODATA_value  -999999.0
[rows 27 to 53 of 163, columns 60 to 119 of 140]
23.898731 24.219164 24.495968 24.6965 24.847332 24.961119 25.111122 -999999.0 -999999.0 -999999.0 -999999.0 -999999.0 -999999.0 -999999.0 -999999.0 -999999.0 -999999.0 -999999.0 -999999.0 -999999.0 -999999.0 -999999.0 -999999.0 -999999.0 -999999.0 -999999.0 -999999.0 -999999.0 -999999.0 -999999.0 -999999.0 -999999.0 -999999.0 -999999.0 -999999.0 -999999.0 -999999.0 -999999.0 -999999.0 20.278793 20.19951 20.030218 19.718626 19.33546 18.909536 18.57819 18.152637 17.771597 19.043398 18.959595 17.673937 17.494865 17.342382 17.28252 17.217115 16.936808 16.48026 16.007727 15.742426 15.811318
23.533089 23.977697 24.287106 24.503645 24.66718 24.840008 25.012514 25.084026 -999999.0 -999999.0 -999999.0 -999999.0 -999999.0 -999999.0 -999999.0 -999999.0 -999999.0 -999999.0 -999999.0 -999999.0 -999999.0 -999999.0 -999999.0 -999999.0 -999999.0 -999999.0 -999999.0 -999999.0 -999999.0 -999999.0 -999999.0 -999999.0 -999999.0 -999999.0 -999999.0 -999999.0 -999999.0 -999999.0 20.374762 20.360474 20.233728 19.933586 19.467165 19.118078 18.751245 18.29848 17.891747 17.444948 17.102983 18.342928 17.612816 17.314606 17.019709 16.782087 16.597292 16.298183 15.933377 15.634332 15.510248 15.389475
23.250532 23.645247 23.968195 24.132483 24.354307 24.668522 24.908194 24.973396 24.931286 -999999.0 -999999.0 -999999.0 -999999.0 -999999.0 -999999.0 -999999.0 -999999.0 -999999.0 -999999.0 -999999.0 -999999.0 -999999.0 -999999.0 -999999.0 -999999.0 -999999.0 -999999.0 -999999.0 -999999.0 -999999.0 -999999.0 -999999.0 -999999.0 -999999.0 -999999.0 -999999.0 -999999.0 -999999.0 20.346186 20.207014 20.03667 19.711626 19.125029 18.84244 18.503202 18.13453 17.70932 17.34982 16.948032 17.66911 17.447939 17.137644 16.66687 16.34765 16.086998 15.839867 15.553646 15.412061 15.3704 15.218526
22.989458 23.25289 23.475592 23.57297 24.027205 24.461573 24.647142 24.710918 24.771168 24.765533 -999999.0 -999999.0 -999999.0 -999999.0 -999999.0 -999999.0 -999999.0 -999999.0 25.817268 26.058182 25.955399 -999999.0 -999999.0 -999999.0 -999999.0 -999999.0 -999999.0 -999999.0 -999999.0 -999999.0 -999999.0 -999999.0 -999999.0 -999999.0 -999999.0 -999999.0 -999999.0 -999999.0 20.087244 19.868378 19.667398 19.345917 18.924263 18.534061 18.246675 18.017044 17.709948 17.420135 17.186207 17.428404 17.629143 17.100039 16.543957 16.089224 15.822976 15.621417 15.451242 15.386506 15.1846075 14.874282
22.858889 23.02328 23.196728 23.25607 23.609526 23.985113 24.144445 24.240206 24.479378 24.625433 -999999.0 -999999.0 -999999.0 -999999.0 -999999.0 -999999.0 -999999.0 25.38395 25.627686 25.742916 25.58786 25.356268 -999999.0 -999999.0 -999999.0 -999999.0 -999999.0 -999999.0 -999999.0 -999999.0 -999999.0 -999999.0 -999999.0 -999999.0 -999999.0 -999999.0 -999999.0 20.146088 19.93862 19.736507 19.495085 19.118414 18.730362 18.435509 18.215261 17.974493 17.771685 17.576649 17.443684 17.359028 17.378635 17.37936 17.529312 16.180006 15.661273 15.33857 15.297797 15.2558565 15.100727 14.551878
22.773302 22.83016 22.906927 23.001608 23.168888 23.35336 23.476385 23.703695 24.059284 24.325169 24.48982 -999999.0 -999999.0 -999999.0 -999999.0 -999999.0 24.940529 25.21486 25.448568 25.363714 25.215866 25.225283 24.786001 -999999.0 -999999.0 -999999.0 -999999.0 -999999.0 -999999.0 -999999.0 -999999.0 -999999.0 -999999.0 -999999.0 -999999.0 -999999.0 -999999.0 20.080093 19.917004 19.734966 19.427752 19.016575 18.616892 18.348774 18.106323 17.886913 17.81495 17.66773 17.400877 17.28773 17.190718 17.04876 17.383436 16.977282 15.78879 15.307643 15.412117 15.207808 15.10994 14.674018
22.743414 22.73435 22.735126 22.74331 22.808609 22.907848 23.035242 23.217484 23.508463 23.813908 23.935001 24.030968 24.315 24.483465 24.573414 24.8807 25.07687 25.179798 25.035295 24.876215 24.870089 24.970343 24.559692 -999999.0 -999999.0 -999999.0 -999999.0 -999999.0 -999999.0 -999999.0 -999999.0 -999999.0 -999999.0 -999999.0 -999999.0 -999999.0 -999999.0 19.846441 19.76086 19.606783 19.287472 18.878471 18.399956 18.088238 17.867258 17.799292 17.674643 17.492329 17.291307 17.139688 16.900124 16.689465 16.57078 16.984325 16.385448 16.333157 15.830225 15.301809 15.148477 14.762219
23.07578 22.953903 22.765179 22.523083 22.586264 22.725183 22.933321 23.137669 23.335373 23.540733 23.651964 23.72098 23.946821 24.08195 24.337135 24.700066 24.780188 24.807571 24.642609 24.488201 24.5542 24.601374 24.122732 23.446486 -999999.0 -999999.0 -999999.0 -999999.0 -999999.0 -999999.0 -999999.0 -999999.0 20.861277 -999999.0 -999999.0 -999999.0 19.539938 19.532066 19.570608 19.434591 19.099895 18.643896 18.228985 17.990013 17.665207 17.522894 17.417894 17.304514 17.125603 16.96272 16.729887 16.52405 16.256458 16.713255 16.299725 16.156689 15.730839 15.193908 15.326246 14.812211
23.239494 23.101871 22.883749 22.577576 22.574612 22.746117 22.99847 23.15887 23.350723 23.532034 23.636972 23.679823 23.715504 23.885897 24.15014 24.470001 24.456072 24.406303 24.333202 24.250866 24.191845 24.022844 23.500835 23.0753 22.808418 22.672583 22.517601 22.336699 22.30214 22.108482 21.595358 21.016459 20.609825 20.51319 -999999.0 -999999.0 19.285755 19.332413 19.349571 19.280355 18.899685 18.455584 18.095999 17.787577 17.480879 17.212105 17.07939 17.023138 16.913265 16.76452 16.590014 16.344002 15.944109 15.726626 16.393644 15.616542 15.25637 15.246258 14.995744 14.734989
23.176048 23.101599 23.002043 22.807987 22.764042 22.959518 23.119047 23.236332 23.481232 23.63627 23.851633 23.910904 23.798439 23.923832 24.186998 24.472935 24.452406 24.32227 24.09925 23.903536 23.647919 23.185513 22.836693 22.672934 22.617342 22.500488 22.26997 21.98012 21.960964 21.808956 21.494154 20.848965 20.324692 20.055439 19.805378 19.512901 19.316412 19.149376 19.07366 18.954058 18.730232 18.38359 17.92552 17.600136 17.238167 16.93118 16.803808 16.776554 16.724352 16.576336 16.363396 16.058338 15.599454 15.305999 16.170921 15.099698 14.915059 14.876243 15.05927 14.693326
23.056284 23.025312 22.988308 22.991816 22.994871 23.18529 23.448574 23.509462 23.688528 23.848404 24.039438 24.05788 23.806223 23.886791 24.083439 24.290901 24.312508 24.173605 23.85064 23.639778 23.454967 23.087145 22.63311 22.441828 22.422173 22.435053 22.178339 21.867773 21.738274 21.567019 21.21755 20.626791 20.112024 19.76975 19.643465 19.430616 19.265543 19.01079 18.822283 18.721458 18.491152 18.155369 17.71355 17.414093 17.051788 16.723919 16.533829 16.439892 16.41351 16.338198 16.082506 15.766095 15.355993 14.867004 16.038774 14.733466 14.664436 14.786396 15.167347 14.658975
22.933598 22.977114 23.010235 23.14183 23.206593 23.405905 23.664003 23.793247 23.91711 24.026642 24.137634 24.098671 23.876883 23.944984 23.98635 24.125662 24.097893 23.940596 23.638838 23.529572 23.412437 23.192884 22.77814 22.512688 22.269562 22.275068 22.118351 21.857096 21.651823 21.452133 21.068716 20.608583 20.106762 19.734407 19.57535 19.365572 19.113405 18.963455 18.78305 18.637016 18.29818 17.93655 17.549118 17.200592 16.825226 16.515526 16.354996 16.266537 16.170334 16.142937 15.815108 15.365008 14.822169 14.303534 14.496267 15.133431 14.999029 15.1692915 -999999.0 14.764741
22.703794 22.883463 23.13207 23.415071 23.393507 23.552996 23.800947 23.947626 24.025927 24.060427 24.020178 23.969679 23.89991 23.869577 23.856571 23.89566 23.917986 23.795536 23.468666 23.283947 23.188007 23.020214 22.864836 22.709904 22.31212 22.127825 22.094362 21.976816 21.762398 21.464863 21.14144 20.790596 20.35245 19.861788 19.4468 19.164865 19.102308 19.016645 18.84228 18.613504 18.226252 17.86641 17.521788 17.084198 16.578512 16.289955 16.219713 16.156185 16.057148 16.080994 15.656873 14.840975 14.594763 -999999.0 13.579206 13.517113 13.601877 13.658058 -999999.0 14.460461
22.649485 22.759846 23.066277 23.368593 23.44544 23.505419 23.7427 23.984646 24.088703 24.133259 24.121016 24.010447 23.92191 23.79919 23.644274 23.573719 23.590298 23.561373 23.248837 23.09227 23.045021 22.943686 22.884464 22.794691 22.551996 22.36011 22.281631 22.171753 21.884352 21.615906 21.285465 20.824444 20.344484 19.759878 19.293427 19.089798 19.12059 18.963406 18.759666 18.436749 18.169739 17.93843 17.554256 17.167185 16.700811 16.26475 16.039402 15.903997 15.791515 15.908823 15.352402 14.554813 14.047272 13.888324 13.702873 13.798715 13.816427 13.562918 13.630683 13.641341
22.717783 22.818504 22.998474 23.301928 23.438944 23.561583 23.77701 24.023443 24.195387 24.21796 24.212477 24.139267 24.056501 23.872583 23.634197 23.456535 23.432264 23.359034 23.143085 23.004002 22.978758 23.085556 23.009768 22.850677 22.711664 22.50352 22.33712 22.162699 21.890244 21.60496 21.380167 20.856266 20.336609 19.671518 19.200476 19.05071 19.056387 18.896805 18.653545 18.351498 18.104109 17.85652 17.503399 17.153788 16.727158 16.263216 15.884431 15.568788 15.980688 15.969563 14.8172035 14.5429 14.165684 14.065628 14.175831 14.490233 14.349991 13.865521 13.630088 13.457251
22.867842 23.068022 23.340967 23.538439 23.670206 23.835953 24.118807 24.404247 24.472307 24.402649 24.252064 24.199686 24.21073 24.093311 23.885387 23.649206 23.409449 23.32893 23.15147 23.058756 23.149778 23.250713 23.176619 22.875156 22.69343 22.483482 22.139782 21.999687 21.75934 21.503288 21.213814 20.79624 20.301834 19.584997 19.121758 18.944372 18.912348 18.746187 18.480402 18.198921 17.888945 17.60264 17.397581 17.080963 16.60144 16.1764 15.605856 15.207128 15.724907 15.736499 14.5924635 14.44445 14.229984 14.221345 14.386072 14.570704 14.324505 13.824245 13.552594 13.393089
23.041922 23.205801 23.512568 23.805748 23.975945 24.155819 24.520016 24.698853 24.74999 24.665129 24.385893 24.257141 24.20503 24.079832 23.947292 23.772493 23.592762 23.444666 23.185331 23.228992 23.28586 23.29799 23.160213 22.960344 22.718693 22.31296 22.002544 21.806873 21.465292 21.226023 21.01846 20.488146 19.91019 19.35433 19.02046 18.78218 18.715895 18.55316 18.283089 18.07191 17.778818 17.543951 17.341208 17.073046 16.572147 16.004345 15.298589 14.830536 15.271482 14.264873 14.222286 14.161677 14.194713 14.303761 14.433413 14.45261 14.164874 13.681812 13.394166 13.217647
23.290808 23.406363 23.580956 23.960632 24.231216 24.541525 24.857843 24.933075 24.926886 24.873419 24.556717 24.293476 24.11729 23.949123 23.844336 23.850538 23.705685 23.546682 23.344093 23.325312 23.237574 23.160908 23.13739 22.988045 22.765785 22.280478 21.95708 21.716585 21.394869 21.142145 20.825352 20.280052 19.765234 19.331507 18.96529 18.669075 18.478577 18.269697 18.08955 17.899988 17.67465 17.400614 17.15876 16.937994 16.521646 15.8334875 15.069742 14.580302 14.905319 15.086354 13.885714 13.730918 13.830112 13.888487 14.092138 14.08414 13.843246 13.438011 13.189357 12.989583
23.49009 23.695055 23.807337 23.95007 24.435478 24.900486 25.154388 25.131863 25.095476 24.93634 24.58673 24.262762 23.930868 23.753609 23.720844 23.779404 23.710653 23.52674 23.570967 23.416359 23.166174 22.990559 22.930395 22.856075 22.835032 22.376158 21.890087 21.5347 21.336645 21.194393 20.746347 20.28382 19.919788 19.535042 19.04909 18.576714 18.17472 17.968407 17.865902 17.713984 17.533857 17.286617 17.07072 16.773817 16.24016 15.541198 14.998201 14.566296 14.193412 14.820429 14.687252 13.855622 13.623047 13.417782 13.1788225 12.948245 12.726523 12.4878025 12.875112 12.656261
23.6236 23.878353 24.145111 24.248896 24.608002 25.107002 25.283184 25.229336 25.150417 24.853577 24.629385 24.33146 23.863913 23.694216 23.679472 23.73391 23.631496 23.512089 23.436527 23.178709 22.890844 22.742025 22.64422 22.592884 22.586426 22.384472 21.992153 21.553257 21.201271 20.981668 20.634705 20.231129 19.84134 19.405571 18.93198 18.485523 17.999657 17.732729 17.530935 17.382126 17.27106 16.96591 16.770447 16.46264 15.977946 15.369624 14.946378 14.505017 14.000277 13.591322 14.599111 14.246593 13.734198 13.342185 13.035075 12.884184 12.720868 12.486764 12.337737 12.338701
23.99947 24.14846 24.453869 24.691446 24.900658 25.188719 25.289963 25.320993 25.149921 24.74851 24.573776 24.365364 23.92231 23.702248 23.627052 23.554482 23.409752 23.286024 23.168015 22.932276 22.667767 22.540455 22.509024 22.432625 22.436579 22.315475 22.007462 21.650078 21.17317 20.882328 20.565216 20.19345 19.741236 19.33772 18.84751 18.357847 17.921806 17.595217 17.24754 17.068216 16.945593 16.72307 16.520203 16.234537 15.851348 15.338129 14.96224 14.460862 13.869534 13.366736 13.104655 14.121549 14.1341715 13.56173 12.97301 12.809336 12.719811 12.478718 12.247294 12.109036
24.40876 24.55263 24.781149 -999999.0 -999999.0 -999999.0 -999999.0 25.161634 25.019203 24.73669 24.425377 24.20704 23.919754 23.713116 23.539042 23.344164 23.169065 22.941662 22.796219 22.690365 22.613667 22.527454 22.50588 22.407486 22.412918 22.31105 22.029943 21.620075 21.25814 20.859047 20.407892 20.043358 19.661777 19.347408 18.913519 18.399843 17.926407 17.46748 17.070814 16.704159 16.607626 16.600737 16.328444 16.038895 15.65093 15.196933 14.873993 14.447781 13.866433 13.3598795 13.083807 13.04056 14.16001 14.161019 14.031196 13.699501 12.729574 12.46647 12.182098 11.969608
24.55176 24.667786 24.895967 -999999.0 -999999.0 -999999.0 -999999.0 24.936014 24.828833 24.424698 23.9751 23.82646 23.746876 23.615524 23.486975 23.255877 23.041069 22.80629 22.648163 22.581953 22.53584 22.461077 22.359114 22.261324 22.246283 22.172829 21.895319 21.527302 21.199894 20.787931 20.338614 19.989267 19.744946 19.364798 18.916368 18.436054 17.856642 17.27819 16.88609 16.627247 16.470903 16.315845 16.041569 15.75024 15.428458 15.075169 14.767665 14.319154 13.855825 13.414528 13.19947 13.080115 12.996207 13.119855 14.066269 14.079532 13.523918 12.367241 12.156402 12.000854
24.65808 24.683882 -999999.0 -999999.0 -999999.0 -999999.0 -999999.0 -999999.0 24.17816 23.829247 23.531054 23.366083 23.356316 23.381462 23.229721 23.0202 22.802588 22.620554 22.521378 22.545485 22.496284 22.312647 22.1889 22.078943 22.071821 21.964178 21.676506 21.300882 20.997879 20.626007 20.223385 19.965822 19.674414 19.245266 18.817059 18.362131 17.711388 17.156462 16.788933 16.538383 16.316483 16.128979 15.895444 15.633877 15.352 14.964031 14.69819 14.222699 13.814147 13.448606 13.208 13.112965 13.138242 13.340037 13.694569 13.885284 13.815728 13.460602 12.198927 11.9805155
24.358458 24.441504 -999999.0 -999999.0 -999999.0 -999999.0 -999999.0 -999999.0 23.537846 23.264181 23.001932 22.958696 22.949541 23.013199 22.780493 22.625954 22.456148 22.269007 22.244942 22.47209 22.479532 22.184324 21.974075 21.800003 21.71263 21.6392 21.347763 20.98316 20.55976 20.227829 20.042297 19.713545 19.318027 18.95599 18.586016 18.15381 17.585743 17.011698 16.607908 16.383846 16.169523 16.030039 15.86652 15.596026 15.24371 14.840671 14.418483 14.0182705 13.707278 13.407118 13.13051 13.100853 13.326715 13.724025 14.043961 14.164313 13.769705 13.3859415 12.925244 12.019641
23.852808 24.223055 -999999.0 -999999.0 -999999.0 -999999.0 -999999.0 -999999.0 23.231043 22.9276 22.71625 22.837988 22.755089 22.771732 22.561174 22.393282 22.20085 21.991959 21.961805 22.14468 22.24036 22.03231 21.748795 21.429853 21.337221 21.281765 21.05158 20.719894 20.318857 19.871096 19.572798 19.313622 18.97126 18.65719 18.323906 17.932222 17.427946 16.884558 16.509712 16.225758 16.039356 15.960397 15.803804 15.598455 15.308538 14.865089 14.31722 13.859011 13.551056 13.351864 13.170375 13.145737 13.438557 13.871801 14.054889 13.923288 13.541254 13.072931 12.601529 12.289439
23.672533 23.870031 24.265717 -999999.0 -999999.0 -999999.0 -999999.0 23.56142 23.18292 22.882982 22.575836 22.451546 22.440763 22.480488 22.455708 22.238535 22.026861 21.84379 21.84942 21.933315 21.977478 21.827463 21.539404 21.196257 21.027857 20.974367 20.876152 20.637695 20.24141 19.756504 19.343277 19.039938 18.748646 18.500875 18.124866 17.832052 17.417675 16.983606 16.591343 16.295498 16.072407 16.007172 15.835157 15.723688 15.488639 15.019458 14.458719 13.875224 13.56078 13.342598 13.124949 13.114663 13.370836 13.643472 13.665996 13.481412 13.120073 12.664483 12.242749 11.928588
