data/TNO-HT-ATES/HT-ATES_ooz2/ooz2__flowr_injnorm_P50_basecase_80-45-40.asc
ncols  140
nrows  163
xllcorner  0.0
yllcorner  300000.0
cellsize  2000.0
NODATA_value  -999999.0
[rows 28 to 55 of 163, columns 62 to 123 of 140]
117.654655 105.54636 83.08449 55.705124 33.11556 6.8193126 -999999.0 -999999.0 -999999.0 -999999.0 -999999.0 -999999.0 -999999.0 -999999.0 -999999.0 -999999.0 -999999.0 -999999.0 -999999.0 -999999.0 -999999.0 -999999.0 -999999.0 -999999.0 -999999.0 -999999.0 -999999.0 -999999.0 -999999.0 -999999.0 -999999.0 -999999.0 -999999.0 -999999.0 -999999.0 -999999.0 6.3538938 35.75707 65.2846 93.216995 122.56773 164.87775 202.0067 243.40224 302.82907 359.30032 387.2342 342.47424 382.7004 425.9081 436.63922 430.9949 428.3282 397.26978 333.03812 249.79074 183.06798 141.44621 152.8816 172.28148 174.77217 -999999.0
122.059074 109.66815 90.30384 68.746994 46.941315 24.064562 3.4430466 -999999.0 -999999.0 -999999.0 -999999.0 -999999.0 -999999.0 -999999.0 -999999.0 -999999.0 -999999.0 -999999.0 -999999.0 -999999.0 -999999.0 -999999.0 -999999.0 -999999.0 -999999.0 -999999.0 -999999.0 -999999.0 -999999.0 -999999.0 -999999.0 -999999.0 -999999.0 -999999.0 -999999.0 -999999.0 13.300852 42.352425 74.60268 110.75039 152.32657 198.94255 243.23044 281.53662 343.53613 421.61844 411.46982 262.19992 403.73343 393.9864 388.9191 377.90408 349.93484 322.2282 255.42752 189.41649 169.31657 173.76332 208.79956 256.28503 324.82913 -999999.0
125.004326 109.20767 90.050705 70.37877 53.487896 37.976524 22.342134 2.2218869 -999999.0 -999999.0 -999999.0 -999999.0 -999999.0 -999999.0 -999999.0 -999999.0 5.367668 8.882497 7.9941387 -999999.0 -999999.0 -999999.0 -999999.0 -999999.0 -999999.0 -999999.0 -999999.0 -999999.0 -999999.0 -999999.0 -999999.0 -999999.0 -999999.0 -999999.0 -999999.0 -999999.0 22.06834 46.34617 83.68722 129.92815 184.90712 221.36154 259.31064 297.8411 331.66275 363.94745 365.00735 180.32413 143.28749 340.17172 293.95837 306.624 285.84857 263.47723 211.70082 168.20416 148.59761 173.75528 230.33772 307.33954 339.51 -999999.0
128.49403 111.75279 93.62298 76.23692 60.565628 47.007473 35.110203 14.557771 -999999.0 -999999.0 -999999.0 -999999.0 -999999.0 -999999.0 -999999.0 12.955537 23.101725 22.968613 17.727318 7.6122317 -999999.0 -999999.0 -999999.0 -999999.0 -999999.0 -999999.0 -999999.0 -999999.0 -999999.0 -999999.0 -999999.0 -999999.0 -999999.0 -999999.0 -999999.0 2.1199224 31.674011 62.047142 103.71627 145.18005 191.24187 223.884 252.92621 281.29483 286.14685 275.43985 251.66818 182.39511 145.54015 154.26495 256.41016 244.92163 252.1005 232.04694 227.75734 212.02985 167.57262 161.12935 226.81035 296.4488 337.7635 -999999.0
135.9643 119.62806 102.245995 85.92096 70.318275 53.04489 40.464493 24.408524 6.4181437 -999999.0 -999999.0 -999999.0 -999999.0 -999999.0 14.545012 31.726185 38.20043 40.071083 29.22785 14.782157 2.2198243 -999999.0 -999999.0 -999999.0 -999999.0 -999999.0 -999999.0 -999999.0 -999999.0 -999999.0 -999999.0 -999999.0 -999999.0 -999999.0 -999999.0 2.675273 42.414165 84.06555 121.12475 158.86728 189.18535 212.7615 232.36868 250.9967 244.79344 233.93497 204.93169 172.44496 148.07603 124.79327 187.80623 240.15976 265.47424 301.52048 358.23404 286.39288 187.49962 205.33836 275.10123 306.7179 350.7958 369.62872
144.92326 129.28625 113.23145 95.1355 84.220764 64.94991 52.92888 38.62508 20.478083 12.619243 10.299323 8.178898 6.5303454 12.872875 27.978426 47.829987 51.613102 48.67097 37.351654 22.877579 10.158174 -999999.0 -999999.0 -999999.0 -999999.0 -999999.0 -999999.0 -999999.0 -999999.0 -999999.0 -999999.0 -999999.0 -999999.0 -999999.0 -999999.0 18.141436 61.031334 105.15886 141.3373 169.74542 189.4297 192.66537 215.0357 228.66689 226.3146 214.19208 185.00618 159.51364 134.59631 119.19151 94.696526 157.85223 447.5538 604.35516 516.9891 382.2013 248.16542 271.61148 301.85452 371.64587 417.22913 412.8215
155.86772 140.79228 124.950264 110.534996 99.27026 83.89059 75.198425 59.315044 43.16033 34.623608 30.719755 28.171494 27.906294 32.1501 47.879063 61.176422 61.618237 54.940315 42.311405 28.013294 17.227192 7.591422 -999999.0 -999999.0 -999999.0 -999999.0 -999999.0 -999999.0 -999999.0 -999999.0 4.0174084 -999999.0 -999999.0 -999999.0 10.040346 47.436356 88.58899 129.5962 168.04826 183.8879 187.27156 156.38503 214.55739 221.63072 224.30469 213.0291 182.249 147.4444 122.336815 133.80699 143.61446 123.52046 584.1924 628.374 565.7393 445.8274 219.22519 346.74902 402.90753 454.80847 463.30997 407.27002
168.49347 154.73438 143.45802 130.57713 118.395836 106.09887 101.40952 87.76956 72.24612 63.180798 54.80182 50.64828 50.304047 55.513523 71.449036 83.85825 83.783936 76.11859 62.15694 43.27156 27.032124 18.807892 12.493613 10.356832 16.774355 29.263155 28.787086 20.409767 20.972475 27.44909 31.663303 12.415837 -999999.0 -999999.0 30.645702 77.71486 120.178566 162.22783 200.7005 216.39526 214.77765 216.62773 229.72816 238.84973 244.10634 218.28291 179.91196 145.15118 129.10211 127.77794 140.7934 120.79196 127.52842 538.3878 487.62735 320.61258 341.60004 428.31567 471.7943 517.36127 508.9872 0.0
177.66377 163.73874 161.4298 149.60693 139.36212 136.87852 131.4524 121.077225 109.891304 90.61338 81.36068 80.5893 80.28581 93.529045 104.51474 104.84208 101.28685 90.90316 77.44209 54.529716 33.233963 24.069702 20.21629 24.082178 37.3811 52.85037 62.985874 61.02452 63.168503 68.1039 67.78398 54.75404 35.47868 41.215565 71.45883 113.3167 157.70271 198.76845 233.55428 247.91806 250.02731 248.93942 249.0385 251.57019 246.72556 226.28383 187.8412 150.98613 119.94424 106.45376 115.121124 96.7916 113.36629 430.6521 395.1084 376.9775 253.58813 422.29385 503.108 562.9521 470.88055 0.0
170.17326 153.26204 158.16452 160.76764 155.73738 155.10226 153.20961 147.41891 139.62326 122.025314 116.14078 109.750916 109.053314 122.74003 136.69469 136.26881 126.73507 113.56367 92.642235 66.3595 40.040924 27.359846 29.877802 42.78141 63.697754 85.42605 101.25215 103.38301 111.560616 119.46074 124.479 115.83125 102.67698 103.22806 121.57996 160.77199 196.24734 234.49081 262.35553 267.6002 274.03467 275.5491 271.12115 263.93692 256.70596 238.18098 205.3223 153.86082 105.741486 63.662212 88.11613 70.29562 107.162384 313.50452 244.36041 242.14482 115.71071 330.8896 452.54446 530.21576 0.0 0.0
165.435 151.96924 152.3382 162.91986 172.19862 164.4638 164.95105 171.81886 169.7985 164.40395 154.7203 139.85588 135.22581 149.09996 164.7289 166.41887 158.51375 141.92097 114.41904 82.968864 48.208252 24.921171 36.8142 65.47595 97.418175 129.88919 150.44978 156.41371 164.06535 180.80943 187.10152 183.67938 175.39131 174.13008 187.50229 211.16283 241.00221 275.66132 290.0013 289.95245 292.018 283.86014 279.22595 274.94705 266.47305 251.25197 219.77122 161.06079 121.9868 96.54337 111.61238 54.630333 99.903595 194.52068 46.073673 53.309147 -999999.0 183.04413 382.21432 455.95334 0.0 0.0
157.31595 137.78845 151.49525 165.90636 172.73431 177.55095 177.65358 188.06561 199.71605 199.58008 188.13152 174.07256 167.65695 176.42282 188.7773 199.37413 195.58862 179.26506 150.53947 114.03193 73.41466 29.883005 59.706642 102.31334 137.44887 179.9875 203.31764 212.80812 229.2647 245.25774 254.9775 256.83395 244.15247 247.1008 255.88596 269.5816 291.23987 317.93652 330.94913 319.6106 310.07687 302.4989 291.90707 290.1069 281.4179 267.94293 249.13454 192.09558 197.1532 217.61145 42.23551 -999999.0 155.86044 197.67192 245.21074 315.94516 -999999.0 278.2325 418.40262 372.82996 393.79767 308.7187
171.1033 157.29228 163.38594 170.0597 178.76878 199.54904 198.46466 200.60634 199.56403 200.93027 203.7674 201.79562 203.7378 203.05225 220.01958 242.4379 240.2303 227.54189 200.42451 162.08707 128.01028 111.555855 126.47458 155.84898 181.31471 236.8641 260.3544 273.26904 293.48608 304.3454 318.44995 318.05194 312.61557 305.44122 314.91254 326.22287 342.6808 370.68707 370.98553 346.93884 339.45068 324.73117 311.8905 302.0101 297.3639 307.9025 294.29727 281.13657 373.3727 362.96713 325.54645 147.0531 57.364304 119.68255 254.16887 384.54324 400.75186 430.12094 422.0038 310.10443 325.64545 238.11581
186.7436 185.2898 178.95497 181.2958 190.30795 204.13635 201.54198 201.1888 189.49911 196.09938 202.45627 225.20427 241.80597 250.97884 261.2739 279.1552 286.8655 279.19025 254.65424 222.58507 197.90726 188.59656 195.99529 222.5243 255.0164 286.98822 318.96396 338.94745 366.69315 379.12585 383.9784 380.81042 367.89978 358.2152 364.84442 376.95993 391.38873 408.65546 395.94687 390.48755 375.4198 350.08 336.18182 323.14026 311.46637 344.61658 282.90942 290.54196 399.83926 380.01334 299.10205 219.21828 179.6853 156.41884 254.48111 350.72287 384.1688 425.57712 357.57104 310.80872 274.5838 300.29855
200.588 192.15205 186.20137 180.91016 179.43222 179.87193 190.54456 195.18813 194.25006 201.54878 201.22191 241.6253 279.59848 295.36 299.0611 309.02985 311.32758 298.6534 287.54416 278.51117 268.00443 261.70175 248.5903 241.96191 302.13626 338.89844 379.45468 414.46005 447.59528 458.99777 457.1372 449.66827 404.7215 398.54053 417.34573 421.62613 428.902 435.97763 436.47784 422.14142 414.68842 397.96564 376.64743 364.70096 344.75494 353.81998 261.92645 286.75598 409.32602 389.1594 311.43146 268.24384 248.01096 202.03813 255.63899 353.97754 400.27676 392.16382 0.0 0.0 266.96515 0.0
197.95038 189.05923 184.47151 174.39026 171.42155 171.00934 186.03719 199.87546 204.50388 214.58188 235.1548 266.161 292.06696 313.11118 326.87683 335.96185 344.25217 319.8058 331.07147 329.88788 325.24405 315.78534 312.3281 323.6873 349.65753 376.31586 423.07767 462.43018 505.50546 524.9735 531.943 517.07434 486.59735 463.70618 464.85577 469.76324 477.10403 468.26575 461.34644 459.63885 455.91907 447.56195 427.4094 400.26883 384.39636 370.94397 306.15527 377.97974 406.5832 352.35605 297.48685 283.5501 282.34473 268.7175 312.39435 373.64734 390.90384 377.5187 0.0 0.0 183.50053 258.3616
184.96832 171.0525 174.19298 164.4721 159.05359 163.80281 185.41689 211.31422 223.45276 229.42723 245.70128 274.58453 294.94208 313.9906 325.4318 339.39523 354.7501 361.48523 362.34763 356.14743 347.42627 358.8972 365.4276 389.3392 392.57678 421.74136 461.01254 497.10318 537.9168 577.7966 596.5649 593.67566 557.3068 531.5144 526.60785 524.6245 524.2423 502.28967 491.39136 489.0694 497.14157 494.86276 471.14777 437.3898 381.7632 345.74585 341.57376 454.30038 338.6946 275.29587 254.03264 285.46494 306.66873 296.73398 332.98007 388.70776 395.01526 0.0 0.0 0.0 312.19385 204.49419
168.12376 144.0742 136.11615 137.50533 137.7586 149.40506 170.48013 206.96063 229.08316 227.59581 232.79355 268.35324 297.7771 317.56738 327.8957 342.5224 365.47168 386.59293 386.42764 388.15726 387.60428 392.54535 407.66043 411.3187 429.19977 463.10294 499.18686 531.38 598.8815 641.3887 668.18506 660.81903 629.3019 605.6846 610.04034 586.4031 566.589 539.7571 528.64764 520.11957 529.59375 537.7585 506.37698 474.6749 430.47263 411.58273 423.6821 471.00323 434.46637 243.3441 225.25528 235.4771 277.65222 0.0 0.0 0.0 0.0 0.0 0.0 0.0 0.0 0.0
139.13904 97.8865 77.057945 82.375465 97.03036 124.34005 153.06609 188.24269 215.07848 225.25967 239.59372 268.70645 293.12708 311.86566 328.14835 350.26807 376.05276 393.04083 406.47775 407.3254 405.69144 410.70947 427.8739 428.32895 453.19226 488.22614 537.7713 571.42676 635.14575 669.1512 707.6938 705.8283 693.87177 693.8929 650.0844 621.57684 576.29767 567.50165 563.22754 548.7505 556.651 551.1456 528.3968 512.023 505.68362 529.603 566.50104 596.85913 454.83658 362.29294 279.96762 244.08481 272.11526 0.0 0.0 0.0 0.0 0.0 0.0 0.0 0.0 470.13852
100.397644 45.601288 15.224142 16.866644 45.15162 85.54419 129.16481 172.18619 197.74553 218.06819 232.96355 261.48807 294.05798 300.21872 331.95062 354.38022 383.70682 399.2706 416.1245 420.01907 419.92825 396.87167 425.31247 448.1018 479.3646 510.24686 552.7123 603.2054 643.05334 680.3042 730.7413 760.1972 765.9117 726.9302 678.7912 620.4146 607.3488 600.36475 590.3221 548.5855 575.32196 566.5598 552.0236 538.3997 551.82007 614.935 631.3329 0.0 0.0 410.14624 339.3209 259.7211 256.98865 0.0 0.0 0.0 0.0 0.0 0.0 0.0 0.0 388.76648
56.675766 -999999.0 -999999.0 -999999.0 -999999.0 44.998634 96.475586 146.40428 180.51083 199.81683 223.8734 262.0358 296.69345 318.3867 336.37848 354.98282 386.96658 400.17093 413.05353 418.11804 424.1334 420.44608 435.10315 456.8363 491.59576 516.0846 548.22546 597.22107 651.35895 687.1189 744.64056 799.07526 847.7548 776.5795 718.6096 642.98315 629.3784 672.317 662.9295 606.3227 588.8677 578.704 564.22974 557.2267 570.25287 626.3808 641.65497 0.0 0.0 0.0 374.4482 361.58243 479.5756 481.90848 0.0 0.0 0.0 0.0 0.0 0.0 0.0 0.0
16.764835 -999999.0 -999999.0 -999999.0 -999999.0 13.992242 68.71895 118.03266 154.61386 182.33517 214.13162 254.55328 290.10553 318.1374 339.72427 359.48337 383.3231 400.13187 406.38916 414.55466 422.8893 421.69965 438.47873 475.51202 493.6238 508.8731 535.34076 546.4091 617.69934 662.8762 706.61444 808.2675 827.6658 777.872 719.0262 686.12286 689.81116 727.0555 723.58075 662.2691 637.69446 602.69763 577.55066 589.183 589.7735 617.9889 499.17444 512.32404 486.40964 417.33847 354.45355 389.84924 484.79453 546.11383 427.26306 0.0 0.0 0.0 0.0 0.0 0.0 0.0
-999999.0 -999999.0 -999999.0 -999999.0 -999999.0 -999999.0 46.519783 91.95828 130.58212 165.30257 201.37794 238.17598 277.79175 315.69003 343.70154 363.1025 390.21893 403.99197 403.96817 411.0209 412.9267 421.59326 444.58307 467.73605 483.64337 505.78525 516.9671 554.85675 585.56323 611.1756 647.63464 712.20264 749.4499 736.1358 721.9771 715.5375 710.9879 754.463 755.2854 691.95166 653.1599 674.8896 615.23883 568.95087 588.4209 586.7863 521.7565 430.95386 361.6819 310.27222 319.13922 422.05447 489.4573 613.64923 506.56003 0.0 0.0 0.0 0.0 0.0 0.0 0.0
-999999.0 -999999.0 -999999.0 -999999.0 -999999.0 -999999.0 33.098175 73.78598 113.74226 152.59485 190.3849 223.88937 259.3854 305.2107 337.39743 365.8137 388.51614 399.3588 401.68378 407.41977 410.33353 419.97318 442.1261 458.4645 481.06876 504.83096 520.9782 533.7412 553.6604 612.24646 586.5146 618.5501 632.64105 660.68616 675.91736 693.81854 705.3966 768.26306 810.3424 727.57623 733.20734 694.1859 625.7254 637.3406 594.951 562.42535 453.38968 323.825 228.4119 220.81602 293.2319 438.32535 694.18353 860.8718 560.0128 0.0 0.0 0.0 0.0 0.0 0.0 0.0
-999999.0 -999999.0 -999999.0 -999999.0 -999999.0 -999999.0 29.685974 64.812256 102.330414 140.23663 180.53421 220.88023 262.78882 296.0721 326.6865 359.53354 383.57483 397.05127 392.746 399.67947 410.7399 417.07065 434.30478 440.8586 463.18774 484.30573 500.47687 503.2661 528.33954 544.49304 536.5467 526.7702 542.8055 576.2295 608.1004 655.8405 640.688 779.129 821.2429 794.5519 756.63 686.5836 674.37415 621.8106 589.1025 518.69006 409.10324 249.07431 114.10516 123.478065 247.75172 391.67838 551.4464 607.2799 0.0 0.0 0.0 0.0 0.0 0.0 0.0 0.0
31.333181 -999999.0 -999999.0 -999999.0 -999999.0 2.9296389 30.066088 60.48604 100.56282 135.02168 174.30177 221.85374 262.85593 291.32486 317.83902 351.98553 375.65442 386.11978 393.93457 404.1865 410.1937 426.2428 431.31345 432.1179 439.22217 445.98132 456.32465 475.91153 459.05695 461.86014 469.0112 456.79163 482.87677 509.2009 568.2459 621.65845 702.0504 809.76483 853.4615 825.93494 801.031 694.73914 671.2896 622.7924 611.66736 555.8833 446.92972 274.90494 105.59569 132.93863 251.65823 370.1764 458.85815 0.0 0.0 0.0 0.0 0.0 0.0 0.0 0.0 0.0
109.79871 56.655018 4.324641 -999999.0 -999999.0 11.202102 32.54831 59.14922 92.82573 130.84476 169.68785 211.0814 256.98508 292.0518 320.10547 346.38663 367.34326 375.12256 382.58817 398.61197 409.92633 416.04065 411.64417 410.36682 407.46533 398.05368 397.98373 410.16925 394.1592 386.72562 381.89716 379.27118 380.64328 410.23465 500.8427 599.7827 727.1196 806.9367 826.2095 830.9419 818.4918 724.29956 681.86487 653.6205 675.6593 618.01624 522.51434 374.556 289.14365 288.73126 0.0 0.0 0.0 0.0 0.0 0.0 0.0 0.0 0.0 0.0 0.0 -999999.0
196.46312 116.52718 40.8671 9.293215 15.9499855 24.661264 43.367638 63.120125 87.227005 116.934586 151.15288 195.62929 251.70284 296.0747 311.2055 334.81866 352.19995 362.69864 374.58487 387.37375 398.13882 408.8829 397.20508 381.2624 368.72595 354.26132 371.38223 358.50964 338.19763 320.57913 310.83722 318.75436 333.30295 365.86783 469.23544 561.9581 664.7492 733.2392 793.4898 769.92 776.0988 727.10956 648.4807 652.3576 685.29144 689.60175 609.5786 510.84988 413.65976 0.0 304.2516 0.0 0.0 0.0 0.0 0.0 0.0 0.0 0.0 0.0 0.0 -999999.0
