data/TNO-HT-ATES/HT-ATES_ooz2/ooz2__energy_in_P50_basecase_80-45-40.asc
ncols  140
nrows  163
xllcorner  0.0
yllcorner  300000.0
cellsize  2000.0
NODATA_value  -999999.0
[rows 56 to 83 of 163, columns 63 to 125 of 140]
50286.09 31024.309 20049.467 18368.986 18964.662 20663.14 22843.512 25339.875 29215.6 36371.867 49525.957 63256.434 72768.59 79415.82 83878.73 87347.49 88511.41 91861.82 93458.984 92755.234 94889.24 92197.555 86269.97 82462.93 78727.9 78826.63 73360.836 67477.5 59379.953 52127.13 55938.047 66371.7 75611.055 86576.09 96518.21 106118.695 111534.555 110174.59 102254.44 98088.04 98495.65 92029.6 82527.21 77935.12 76085.05 72679.945 62620.14 49759.992 0.0 0.0 0.0 0.0 0.0 0.0 0.0 0.0 0.0 0.0 0.0 0.0 -999999.0 -999999.0 -999999.0
57686.86 42461.746 32426.844 29923.28 29500.238 25954.326 25429.834 27307.46 26692.08 27853.24 38969.91 52483.367 62762.67 71749.234 79108.28 82758.32 85910.77 88400.984 89406.06 87652.305 90325.77 87874.03 76513.945 77155.81 74852.29 73054.23 66972.27 62189.85 54320.74 49256.234 54880.67 65526.305 76825.9 86304.85 97132.06 101218.63 99006.75 89161.414 79745.33 83335.16 83575.56 74475.46 75751.27 74654.195 72048.75 73706.055 66671.88 0.0 0.0 0.0 0.0 0.0 0.0 0.0 0.0 0.0 0.0 0.0 0.0 0.0 -999999.0 -999999.0 -999999.0
61134.3 49078.055 40048.59 33827.72 28071.887 21978.55 20986.229 22833.637 21038.754 23380.51 32376.15 44166.34 54875.234 64281.125 71999.81 79540.67 82314.64 83929.875 85515.4 84233.27 87276.94 85871.49 78787.41 71976.1 68043.53 69604.63 65327.92 61381.836 56305.758 54834.1 59732.492 70939.2 81074.27 92513.43 99651.54 100942.43 98672.4 86636.55 74016.1 76659.14 73875.2 68745.766 64610.207 67540.75 61576.418 0.0 0.0 0.0 0.0 0.0 0.0 0.0 0.0 0.0 0.0 0.0 0.0 0.0 0.0 0.0 -999999.0 -999999.0 -999999.0
65241.746 53631.54 43564.86 27696.29 14126.802 0.0 0.0 14899.261 17236.56 23772.271 34331.87 39774.008 49660.848 61088.35 70216.94 77228.54 78746.484 81267.945 81443.734 82054.33 85341.24 84591.555 79808.68 67520.4 61717.785 64656.17 64857.535 64324.16 63606.676 64112.96 65951.945 75373.734 88335.266 95900.36 107902.914 106614.54 99670.2 92485.875 81967.68 76410.84 66972.75 65022.523 60377.945 60659.473 0.0 0.0 0.0 0.0 0.0 0.0 0.0 0.0 0.0 0.0 0.0 0.0 0.0 0.0 0.0 -999999.0 -999999.0 -999999.0 -999999.0
69474.81 53809.996 45324.88 23716.14 -999999.0 -999999.0 0.0 0.0 18576.068 25647.418 35344.332 40354.184 45340.35 55370.688 66798.625 70778.46 73662.28 75873.63 78192.96 82454.39 87425.06 88829.97 85975.5 74238.086 56108.285 58432.656 66080.734 70867.41 71740.484 73824.28 77766.414 86492.41 94802.72 99825.77 108501.336 103727.1 99650.12 101156.19 102628.98 94917.94 87615.14 81168.6 76488.516 66133.22 0.0 0.0 0.0 0.0 0.0 0.0 0.0 0.0 0.0 0.0 0.0 0.0 0.0 0.0 0.0 -999999.0 -999999.0 -999999.0 -999999.0
68419.12 52717.293 42691.543 27182.549 0.0 0.0 12134.428 21137.266 29168.816 35211.758 39649.664 37422.617 41694.09 49488.3 58028.85 63354.3 66899.086 69881.805 73870.39 77662.14 80286.61 88209.67 90703.555 86719.32 62519.07 63767.504 74882.42 79945.99 83207.57 92445.305 94029.7 93420.086 98290.08 98235.41 98595.33 94917.19 94588.36 106920.914 105617.89 91837.28 86088.26 79740.336 69321.77 80445.41 0.0 0.0 0.0 0.0 0.0 0.0 0.0 0.0 0.0 0.0 0.0 0.0 0.0 0.0 0.0 -999999.0 -999999.0 -999999.0 -999999.0
66220.336 56311.156 46072.086 32924.133 21368.295 21548.916 28213.393 37335.402 42396.0 48456.668 40570.977 37189.59 38553.785 45755.1 49548.414 54284.656 60216.875 62941.215 68364.55 73357.086 77794.4 84280.84 90725.04 94844.1 78157.086 82229.54 87968.33 94306.89 100898.33 115349.31 117396.24 111083.44 103715.54 99660.16 94890.76 89138.27 85106.695 79330.65 79609.35 74274.42 72502.875 70422.73 72822.33 74126.2 0.0 0.0 0.0 0.0 0.0 0.0 0.0 0.0 0.0 0.0 0.0 0.0 0.0 0.0 0.0 -999999.0 -999999.0 -999999.0 -999999.0
66191.41 62787.848 53195.836 43741.3 34811.883 32342.426 37614.688 42424.117 48581.637 48760.25 44266.023 39570.203 38894.39 45177.965 44749.793 48725.457 53547.562 57640.42 64223.105 70418.32 76138.336 84011.05 91394.766 101127.93 99870.695 106922.21 109782.26 114094.97 126380.52 139283.66 129561.266 116387.42 105482.734 105822.22 100786.36 92365.64 83256.945 74876.125 52823.58 51031.957 52995.34 52780.46 47036.695 45433.426 0.0 0.0 0.0 0.0 0.0 0.0 0.0 0.0 0.0 0.0 0.0 0.0 0.0 0.0 0.0 0.0 -999999.0 -999999.0 -999999.0
71864.375 72546.91 59378.195 52908.64 48367.445 39937.21 39968.42 42016.33 42756.273 43651.49 43727.65 43494.312 45077.77 44294.41 42353.848 44511.715 47693.227 53979.504 61201.94 68732.3 77729.125 77616.54 96246.55 101228.37 103023.7 106299.71 105648.83 112620.81 118866.7 127227.64 151637.9 123983.125 103652.484 102363.16 103265.13 91859.414 84550.11 74747.85 50269.97 43413.49 45662.63 43262.434 37614.27 0.0 0.0 0.0 0.0 0.0 0.0 0.0 0.0 0.0 0.0 0.0 0.0 0.0 0.0 0.0 0.0 0.0 0.0 -999999.0 0.0
78727.53 79331.01 69112.3 61921.906 60221.33 52765.477 48612.31 48126.234 43090.832 39883.93 43392.09 46298.19 46851.258 43238.7 43534.83 38938.094 44559.797 51304.547 58933.844 67695.22 80516.37 92021.43 103727.195 105539.984 101749.19 97406.51 99156.375 107141.37 119262.734 134472.7 135253.77 127751.48 113882.02 106841.375 101274.484 94564.625 87793.58 81644.94 62956.58 55533.19 41863.758 34924.496 0.0 0.0 0.0 0.0 0.0 0.0 0.0 0.0 0.0 0.0 0.0 0.0 0.0 0.0 0.0 0.0 0.0 0.0 -999999.0 -999999.0 -999999.0
72502.96 80001.2 74975.02 69339.516 61388.19 62073.715 54898.03 50988.945 49271.61 46997.47 45466.39 44563.93 40391.43 36812.766 31047.127 28162.842 33654.938 44224.1 55920.176 67129.87 80079.664 93792.83 105298.92 110240.65 104619.87 91710.734 84682.97 102131.23 120873.18 129424.58 129251.8 126824.086 116796.27 109865.73 103247.766 98183.766 87899.9 82102.38 70450.46 63089.137 52125.367 52847.945 0.0 0.0 0.0 0.0 0.0 0.0 0.0 0.0 0.0 0.0 0.0 0.0 0.0 0.0 0.0 0.0 0.0 0.0 -999999.0 -999999.0 -999999.0
71249.54 72860.23 69999.375 66773.02 69088.67 67918.16 68499.6 59119.773 54948.973 49999.46 46433.184 42968.54 36748.355 25946.518 17241.08 16960.252 23724.984 37638.613 52886.766 65758.4 76779.734 90750.0 106587.34 112249.75 108296.94 96540.41 90478.15 115956.195 126115.79 125291.4 122250.82 122308.59 115514.5 108711.4 104939.8 98264.13 85387.35 78627.49 74069.99 65997.125 55261.516 0.0 0.0 0.0 0.0 0.0 0.0 0.0 0.0 0.0 0.0 0.0 0.0 -999999.0 0.0 0.0 0.0 0.0 0.0 0.0 -999999.0 -999999.0 -999999.0
67326.734 69257.95 72100.37 70235.9 71081.12 72985.21 75056.33 66416.1 59349.742 52206.734 48129.184 41004.746 32791.8 20688.508 0.0 0.0 18144.932 36028.508 50874.32 62208.777 70823.586 85826.81 98028.63 105832.055 102222.89 95282.734 105036.21 117957.38 126271.71 114802.53 116883.586 120900.28 116432.42 107183.46 101704.65 94760.555 85623.06 78227.29 68092.65 61591.223 48425.125 0.0 0.0 0.0 0.0 0.0 0.0 0.0 0.0 0.0 0.0 0.0 0.0 0.0 -999999.0 0.0 0.0 0.0 0.0 0.0 -999999.0 -999999.0 -999999.0
65133.465 72268.8 75905.414 74110.96 73920.8 81377.625 76179.414 73883.07 66358.43 58202.94 50078.85 40301.79 31145.611 21642.238 12699.272 0.0 23553.098 39780.81 52272.875 60157.117 68620.57 70186.836 79845.73 89892.1 95942.44 95901.93 105620.6 106852.24 124208.086 113963.83 115845.445 122718.21 105626.93 95782.62 96211.016 91911.91 91551.586 78737.97 68721.16 66406.57 0.0 0.0 0.0 0.0 0.0 0.0 0.0 0.0 0.0 0.0 0.0 0.0 0.0 0.0 0.0 0.0 0.0 0.0 0.0 -999999.0 -999999.0 -999999.0 -999999.0
66235.89 76939.82 81610.64 81542.02 83928.484 85568.13 86586.56 83350.16 74350.89 66762.984 55658.473 42837.3 33835.703 27945.354 27116.203 28353.055 36819.418 49141.297 59935.004 71891.49 67504.51 59541.547 55870.453 81800.86 97559.2 113583.445 116543.27 105785.11 108861.125 113931.8 113481.6 116149.6 110034.83 101052.82 93894.44 87073.76 68317.92 86583.66 86624.79 82268.66 50100.953 0.0 0.0 0.0 0.0 0.0 0.0 0.0 0.0 0.0 0.0 0.0 0.0 0.0 0.0 0.0 0.0 0.0 0.0 -999999.0 -999999.0 -999999.0 -999999.0
68161.3 77626.68 83761.83 88195.94 91915.07 93478.51 93698.914 90698.64 83185.18 73282.875 60869.707 52306.06 45436.664 42740.62 43497.016 46239.63 51115.34 60206.44 78172.766 93176.625 78228.18 77002.79 74269.79 82105.164 94959.16 115801.26 116322.01 107613.97 120611.46 122893.02 120660.6 121944.25 101509.19 95602.65 86380.71 73732.53 57265.305 40663.31 34030.945 73242.195 60076.023 0.0 0.0 0.0 0.0 0.0 0.0 0.0 0.0 0.0 0.0 0.0 0.0 0.0 0.0 0.0 0.0 0.0 -999999.0 -999999.0 -999999.0 -999999.0 -999999.0
68668.5 78858.586 87578.836 92368.41 98086.41 102257.06 101972.29 98752.67 86160.96 79966.414 70039.03 62179.46 56101.016 54774.67 56213.195 61202.7 66169.43 75733.23 83737.51 111670.77 113970.74 108611.74 100753.64 91372.336 97139.63 120058.625 130333.875 121383.24 120704.31 125021.234 122423.38 115400.56 101517.06 104034.91 94153.48 70737.766 47653.777 30668.766 24811.523 29803.164 29263.754 0.0 0.0 0.0 0.0 0.0 0.0 0.0 0.0 0.0 0.0 0.0 0.0 0.0 0.0 0.0 0.0 0.0 -999999.0 -999999.0 -999999.0 -999999.0 -999999.0
69794.43 79806.75 90398.18 97837.84 104348.266 108444.23 106826.96 103853.91 95359.03 87382.95 76976.75 68681.27 64301.27 72974.45 76396.03 82038.76 88890.07 99269.11 109313.07 125791.3 126665.23 125797.086 116411.85 114384.95 121179.555 133115.27 134818.16 132187.61 130995.22 129745.09 123563.17 113626.1 97707.836 97608.12 91658.93 70535.45 50562.453 30549.275 24793.098 26344.0 24935.227 21997.68 23744.607 0.0 0.0 0.0 0.0 0.0 0.0 0.0 0.0 0.0 0.0 0.0 0.0 0.0 0.0 0.0 -999999.0 -999999.0 -999999.0 -999999.0 -999999.0
69977.99 79744.414 92428.17 96128.8 110245.63 112905.79 110819.58 107285.05 101149.89 93351.11 87731.49 76537.51 79491.92 85148.85 86041.3 92369.43 99160.64 106806.34 116163.414 118894.37 133794.84 117533.14 114544.58 122927.69 140633.6 137727.8 130490.54 131756.16 131534.42 127025.195 130094.54 117775.41 108718.08 99615.43 85844.47 63615.65 60308.117 39895.363 31539.66 26661.455 22759.861 20682.363 0.0 0.0 0.0 0.0 0.0 0.0 0.0 0.0 0.0 0.0 0.0 0.0 0.0 0.0 0.0 0.0 -999999.0 -999999.0 -999999.0 -999999.0 -999999.0
70107.2 84243.44 96674.84 106237.46 115600.72 117240.805 115800.13 113356.43 113589.914 103637.85 96372.93 95987.21 94821.266 97432.57 104803.4 107907.68 99494.555 111681.32 107528.8 105396.7 119312.68 130413.8 131689.11 127497.695 138621.72 134198.8 135215.06 132016.69 132782.58 133653.17 133677.69 124998.45 112755.82 108077.93 87816.51 75165.086 57094.57 50116.203 40689.414 35435.75 29982.41 34814.42 0.0 0.0 0.0 0.0 0.0 0.0 0.0 0.0 0.0 0.0 0.0 0.0 0.0 0.0 0.0 -999999.0 -999999.0 -999999.0 -999999.0 -999999.0 -999999.0
72202.83 84856.66 97849.1 108002.58 115643.414 119353.41 122116.58 116897.4 121070.67 118961.67 122935.56 101883.25 109604.22 110745.555 112046.17 111733.56 104119.805 114538.0 117423.586 118942.04 130000.57 117464.95 128044.25 141772.45 115636.79 131133.17 140080.62 132958.39 131807.97 121749.71 117751.14 125087.945 122468.89 102211.4 93769.836 86901.26 61494.11 45480.117 47475.89 48915.83 38159.69 16299.65 15131.157 0.0 0.0 0.0 0.0 0.0 0.0 0.0 0.0 0.0 0.0 0.0 0.0 0.0 0.0 -999999.0 -999999.0 -999999.0 -999999.0 -999999.0 -999999.0
75397.06 85297.03 99345.05 108534.29 116530.06 131793.5 131980.1 121279.555 126719.586 133217.9 134072.19 132851.38 119242.98 116925.81 116815.73 98539.15 120224.625 118250.734 112323.52 113852.0 122937.61 110326.18 128578.125 140050.33 140200.14 146629.45 143751.86 134180.17 133759.28 123066.805 114306.87 122463.125 115734.66 105067.875 100572.55 98386.555 78116.7 72100.57 74581.66 57602.637 35966.64 16658.719 16933.979 0.0 0.0 0.0 0.0 0.0 0.0 0.0 0.0 0.0 0.0 0.0 0.0 0.0 -999999.0 -999999.0 -999999.0 -999999.0 -999999.0 -999999.0 -999999.0
78988.75 87136.414 97930.36 107880.41 123419.32 129134.34 125415.445 126672.016 136188.47 140942.9 150123.55 141040.19 115711.21 109141.03 119140.016 100176.94 109813.88 111331.26 109152.7 97394.16 100303.41 102272.26 121435.97 123107.37 133549.48 139880.92 130661.24 127335.08 127030.67 129358.66 126863.055 128614.18 113143.04 109595.484 104953.945 106162.52 94294.63 92180.266 83113.21 62686.555 37984.996 28318.436 21859.535 0.0 0.0 0.0 0.0 0.0 0.0 0.0 0.0 0.0 0.0 0.0 0.0 -999999.0 -999999.0 -999999.0 -999999.0 -999999.0 -999999.0 -999999.0 -999999.0
78346.7 86494.24 94506.46 103231.695 115359.69 123529.85 125486.82 124688.914 134238.95 143519.08 138416.94 135026.78 120312.04 130931.63 118894.125 96725.766 99916.56 99794.92 97801.89 96623.62 87048.81 93847.59 111539.516 110153.85 123842.22 128586.05 125135.664 111556.62 107833.59 116380.164 119007.49 108122.04 107896.234 107332.27 102215.47 106260.92 87980.75 84882.57 84719.96 64711.785 38903.92 34110.82 0.0 0.0 0.0 0.0 0.0 0.0 0.0 0.0 0.0 0.0 0.0 0.0 -999999.0 -999999.0 -999999.0 -999999.0 -999999.0 -999999.0 -999999.0 -999999.0 -999999.0
75408.03 83851.21 87673.75 107612.95 113528.61 114085.48 107265.84 111076.58 123163.39 132193.5 130942.5 133113.12 130854.44 131085.58 114694.055 90975.63 91650.2 88377.5 78116.766 99385.05 87408.7 100258.83 104567.62 107416.92 114082.3 117015.49 112505.94 95212.28 92903.45 101503.36 101979.31 95302.695 104855.586 103462.164 93051.37 87286.59 73179.87 67756.305 67736.04 63050.445 42142.93 36578.117 0.0 0.0 0.0 0.0 0.0 0.0 0.0 0.0 0.0 0.0 0.0 0.0 0.0 -999999.0 -999999.0 -999999.0 -999999.0 -999999.0 -999999.0 -999999.0 -999999.0
74115.25 81094.945 93365.88 101703.24 104466.19 110094.66 93145.76 84156.38 84085.06 94511.23 116674.9 131665.36 127399.27 113832.06 96982.86 79855.99 79925.26 69661.42 68257.75 88766.08 88636.336 93813.79 96664.92 102321.4 103115.6 112803.05 103400.734 87775.62 81146.125 86523.36 79441.6 87380.99 94415.13 89492.39 77628.87 73039.25 57433.984 50120.34 50533.63 51696.96 44520.434 36759.25 26237.996 0.0 0.0 0.0 0.0 0.0 0.0 0.0 0.0 0.0 0.0 0.0 0.0 -999999.0 -999999.0 -999999.0 -999999.0 -999999.0 -999999.0 -999999.0 -999999.0
46507.875 86884.805 92514.54 96612.09 99221.38 103048.32 100736.8 71105.586 47956.2 67756.625 98611.63 123537.87 113849.09 95251.625 74074.95 67183.86 61110.184 62439.36 62636.176 67803.945 70677.875 78307.62 91374.48 98391.016 103488.484 90004.33 91578.96 75825.35 66593.32 65852.17 69574.695 85878.15 82718.68 78971.484 63907.805 57708.06 48039.594 33183.94 31942.023 41287.652 39694.63 29840.518 22571.928 0.0 0.0 0.0 0.0 0.0 0.0 0.0 0.0 0.0 0.0 0.0 -999999.0 -999999.0 -999999.0 -999999.0 -999999.0 -999999.0 -999999.0 -999999.0 -999999.0
31708.82 47789.633 85783.37 93373.83 99119.77 99672.16 108548.695 107037.91 64885.945 82468.44 105890.08 96406.86 84106.42 67427.17 52031.977 50940.586 49479.977 45781.043 50271.082 55104.164 60466.6 73397.7 86939.46 77277.45 78202.32 73491.14 65068.508 65355.273 61957.875 62911.977 69618.34 81999.336 75271.516 61868.477 56123.254 52983.9 53459.375 40684.37 17810.78 37366.68 26966.322 21997.56 0.0 0.0 0.0 0.0 0.0 0.0 0.0 0.0 0.0 0.0 -999999.0 -999999.0 -999999.0 -999999.0 -999999.0 -999999.0 -999999.0 -999999.0 -999999.0 -999999.0 -999999.0
