data/TNO-HT-ATES/HT-ATES_ooz2/ooz2__kh_P50_basecase_80-45-40.asc
ncols  140
nrows  163
xllcorner  0.0
yllcorner  300000.0
cellsize  2000.0
NODATA_value  -999999.0
[rows 27 to 53 of 163, columns 60 to 119 of 140]
94.21604 81.99962 77.455345 69.699265 46.72889 24.742273 6.884543 -999999.0 -999999.0 -999999.0 -999999.0 -999999.0 -999999.0 -999999.0 -999999.0 -999999.0 -999999.0 -999999.0 -999999.0 -999999.0 -999999.0 -999999.0 -999999.0 -999999.0 -999999.0 -999999.0 -999999.0 -999999.0 -999999.0 -999999.0 -999999.0 -999999.0 -999999.0 -999999.0 -999999.0 -999999.0 -999999.0 -999999.0 -999999.0 19.517303 37.40067 55.159607 70.35942 96.24412 118.819405 145.79607 186.03539 221.397 319.57077 299.4374 311.07767 360.23346 368.18268 388.43466 398.98526 385.14194 334.3144 234.46466 147.67749 16.159569
103.84316 95.32916 87.769905 77.98956 60.981567 38.770008 23.22085 4.3082795 -999999.0 -999999.0 -999999.0 -999999.0 -999999.0 -999999.0 -999999.0 -999999.0 -999999.0 -999999.0 -999999.0 -999999.0 -999999.0 -999999.0 -999999.0 -999999.0 -999999.0 -999999.0 -999999.0 -999999.0 -999999.0 -999999.0 -999999.0 -999999.0 -999999.0 -999999.0 -999999.0 -999999.0 -999999.0 -999999.0 4.808133 27.221973 52.739124 76.408394 97.98765 132.81862 160.79439 193.6046 242.00327 289.2352 315.01413 276.846 302.95444 334.63446 338.53687 331.02307 334.34644 308.68546 259.51782 195.1483 139.3446 107.79104
106.2514 99.48318 91.00199 80.84677 66.31781 50.812756 34.697994 16.728703 2.284373 -999999.0 -999999.0 -999999.0 -999999.0 -999999.0 -999999.0 -999999.0 -999999.0 -999999.0 -999999.0 -999999.0 -999999.0 -999999.0 -999999.0 -999999.0 -999999.0 -999999.0 -999999.0 -999999.0 -999999.0 -999999.0 -999999.0 -999999.0 -999999.0 -999999.0 -999999.0 -999999.0 -999999.0 -999999.0 9.990543 34.017265 60.013496 90.13518 121.011246 159.03984 194.48593 225.7252 275.1597 347.21384 332.72662 214.139 323.3385 306.74057 304.30087 304.84692 276.22943 254.97423 195.09383 149.8542 131.2717 135.54523
111.872475 103.197876 93.87428 82.77156 67.820175 52.23684 38.954937 27.057423 16.431824 1.3649138 -999999.0 -999999.0 -999999.0 -999999.0 -999999.0 -999999.0 -999999.0 -999999.0 3.8265548 5.894502 5.7344756 -999999.0 -999999.0 -999999.0 -999999.0 -999999.0 -999999.0 -999999.0 -999999.0 -999999.0 -999999.0 -999999.0 -999999.0 -999999.0 -999999.0 -999999.0 -999999.0 -999999.0 16.810194 37.51771 67.99835 106.63554 153.47467 176.115 211.99626 239.5584 268.7906 292.80212 290.66293 144.01059 113.9659 266.671 228.23506 237.47278 222.03773 206.17426 161.0715 130.70338 112.50934 135.01
120.47304 108.220024 96.18313 84.23517 70.38778 56.598946 44.598827 34.75328 26.796923 10.169955 -999999.0 -999999.0 -999999.0 -999999.0 -999999.0 -999999.0 -999999.0 9.345292 16.737148 16.1767 12.72194 5.5517626 -999999.0 -999999.0 -999999.0 -999999.0 -999999.0 -999999.0 -999999.0 -999999.0 -999999.0 -999999.0 -999999.0 -999999.0 -999999.0 -999999.0 -999999.0 1.4518641 25.18494 49.15696 86.230225 119.191734 158.53148 179.75603 203.30219 226.94379 228.15714 219.15363 200.49617 142.89958 113.84447 118.96749 195.58635 185.33794 194.42877 179.44984 178.45438 164.30783 129.06665 121.66866
128.73653 115.8655 101.43311 90.19516 77.2654 65.23938 52.45156 39.75078 31.67921 18.402336 4.409452 -999999.0 -999999.0 -999999.0 -999999.0 -999999.0 10.941456 23.679754 28.385416 30.555378 21.491264 10.713588 1.2775633 -999999.0 -999999.0 -999999.0 -999999.0 -999999.0 -999999.0 -999999.0 -999999.0 -999999.0 -999999.0 -999999.0 -999999.0 -999999.0 -999999.0 2.2060962 34.204025 70.25585 98.69718 131.11725 155.65271 175.6394 183.33463 200.4012 191.16167 187.76569 162.42868 135.70816 116.37264 95.687256 144.33223 186.12001 204.7214 227.87952 278.9354 224.2388 145.23343 160.13112
134.14307 122.404175 109.05967 98.50209 85.93476 71.67012 64.86212 49.966 41.448807 30.023008 14.489546 8.870826 7.171141 5.4699135 4.488465 9.515748 20.77116 37.14204 38.77737 37.182552 28.322771 16.775288 7.1908846 -999999.0 -999999.0 -999999.0 -999999.0 -999999.0 -999999.0 -999999.0 -999999.0 -999999.0 -999999.0 -999999.0 -999999.0 -999999.0 -999999.0 14.073331 49.473354 88.502045 117.63667 139.28694 157.66075 155.58876 172.48802 180.348 179.4268 172.45262 145.34334 125.25829 105.671455 93.30915 71.61135 121.99711 342.07288 455.05252 399.8426 298.50543 192.91064 209.48763
141.46468 129.9419 118.91427 107.25011 95.67488 84.87793 75.72392 64.55138 59.52121 47.018375 32.33497 25.764734 22.303839 20.644888 20.590916 24.378553 36.796715 47.866188 47.801437 42.79114 32.225147 20.7366 12.586442 5.4061112 -999999.0 -999999.0 -999999.0 -999999.0 -999999.0 -999999.0 -999999.0 -999999.0 2.7655358 -999999.0 -999999.0 -999999.0 7.136407 38.013912 72.91021 105.27189 139.72433 150.20865 152.1728 122.561844 176.22588 175.21053 179.41426 172.36627 146.5565 118.01785 94.482796 106.20663 114.41929 98.2937 470.29544 497.65375 438.37158 351.17853 176.42192 278.9358
153.08417 139.5117 129.65106 119.95151 110.2319 100.62906 92.2182 82.65645 81.071075 70.5831 56.360542 48.375286 40.626904 37.71526 38.27542 42.909786 55.543163 65.57268 65.36499 59.9304 47.783325 33.25295 20.097303 13.778404 8.9626045 7.516582 11.899318 21.96265 21.491436 15.131107 15.922438 22.138979 26.046658 9.46729 -999999.0 -999999.0 23.894875 64.36746 98.83715 133.60873 168.13599 180.76418 174.7969 175.36859 187.64845 195.3414 200.00722 175.44432 143.68878 113.53861 103.31778 102.1301 113.052 96.47815 102.68266 433.45746 387.7518 253.57736 280.29807 371.69742
159.085 145.39508 137.77052 126.176186 125.82737 116.028465 109.78942 109.4719 107.517296 97.636154 88.281265 69.82107 61.936623 62.087383 63.209507 74.273476 82.5691 82.195564 80.1469 70.31409 60.344334 42.148655 25.124855 18.274971 15.168903 17.902502 28.366034 41.16013 50.450077 49.62828 52.65784 58.672897 57.980503 47.085625 28.326523 32.28432 58.90315 94.09824 130.63278 165.18887 196.27562 206.99701 205.26535 202.828 202.52925 205.89044 198.53163 180.8398 148.1336 120.34104 97.608826 85.07823 93.8161 78.303795 91.53622 351.2985 317.67645 306.93802 209.39879 364.734
167.06877 151.78986 130.99925 118.32177 124.70094 127.50425 120.8172 123.53578 124.0614 116.41418 111.070175 94.980705 92.63741 86.70488 85.0717 98.22972 110.07001 107.94727 101.00639 90.25234 73.06751 51.800762 30.742182 20.662226 23.035578 33.003563 49.514576 66.641075 82.690254 84.16028 95.37318 103.22091 110.307594 103.29866 86.90978 84.929184 99.65297 133.39719 161.5523 196.70708 220.54277 219.76186 224.65703 226.71832 223.15576 218.2513 208.03322 185.10152 167.57114 123.43705 84.422005 50.24759 72.52572 57.76495 86.75995 260.3988 199.55539 193.0125 97.388885 281.21198
161.4612 143.71536 129.05756 117.61917 118.45252 126.16173 138.2729 131.14407 130.67036 137.041 134.0129 131.83826 121.74016 110.524765 106.73745 118.80575 130.69337 130.86562 127.29249 113.15288 92.000984 65.29954 37.594135 19.006575 27.61821 51.50235 77.4022 106.0418 125.22064 130.5238 140.17435 157.11488 163.31386 159.72461 148.78934 145.6585 157.74217 178.05289 203.5972 234.04796 248.64977 241.42416 239.21231 229.27673 227.45937 228.10158 216.40302 202.90082 180.48032 134.88148 102.378525 80.969345 95.04487 45.052185 84.332466 162.06676 35.986237 42.48512 -999999.0 154.08086
170.86957 146.24155 122.19422 106.74437 116.21914 133.11966 137.47299 141.74046 141.54417 150.66173 164.20769 162.9442 149.57089 136.71594 134.13786 139.73833 150.50658 158.32034 157.03122 141.00389 119.91302 91.098305 58.258034 22.598616 47.103313 80.00064 108.96638 151.31737 169.24893 177.73904 193.83336 212.74371 223.81842 224.77582 203.78731 207.34914 222.2014 228.86635 248.08598 275.8529 284.51285 268.303 255.79808 248.37874 235.987 237.68271 231.3914 217.33784 204.44281 161.99947 165.88005 183.39964 35.140293 -999999.0 132.59834 165.6263 200.63367 271.7702 -999999.0 235.73119
167.17314 153.11577 135.1029 125.37058 129.40907 137.14163 143.80283 162.79416 164.81949 163.64813 162.14514 162.26526 163.34221 158.95232 163.16725 161.40186 174.27174 191.88527 188.8656 181.75427 159.00658 128.99644 102.41334 90.07269 100.609924 124.26239 140.99959 194.4941 216.79822 228.88144 252.82768 260.50302 276.6614 268.23608 261.06854 253.07664 270.5832 281.3069 297.87302 327.89618 324.49033 289.04614 283.58545 265.4697 256.74432 251.55078 243.7029 253.868 245.6974 236.48175 321.88318 315.369 285.80835 127.58514 48.38245 97.748726 212.5031 330.77756 345.01285 375.43567
164.66103 160.70714 149.43182 149.86182 145.69559 149.38309 157.4767 166.2014 164.58554 165.55902 154.6502 155.16641 161.80602 184.44418 193.06435 199.98302 204.55884 219.85492 228.7115 221.22092 201.03848 176.70502 156.84267 150.83455 158.82062 181.46353 212.23282 236.10995 267.1934 281.60394 310.817 322.37494 324.89822 323.8119 308.04 299.2269 309.32022 322.39255 342.05237 360.80582 336.5147 333.07626 318.84497 289.92975 277.43494 268.60117 262.05872 286.9262 235.40503 238.24538 349.02304 330.7351 262.97464 187.65079 154.10582 124.35455 207.73705 304.06937 340.40463 392.97327
163.48663 174.8133 161.05522 157.81007 150.44298 148.08957 145.44606 146.45432 157.86311 161.49232 157.38255 163.53229 161.31343 198.09702 226.76772 236.59186 234.94513 247.59921 246.6435 236.76987 226.85861 221.36713 213.16237 212.1908 204.09843 201.78291 250.33937 282.79575 316.97256 346.76016 376.2457 389.864 387.08963 387.59213 331.56943 333.11227 348.2692 356.06827 368.54077 376.63406 370.73087 359.85498 348.9001 332.54922 310.09085 303.44168 282.37204 293.5092 220.46352 236.02814 346.226 342.36664 274.60257 236.8426 224.85876 164.93388 210.35757 323.03537 376.89716 362.9365
171.09637 170.1067 161.22966 154.32584 150.97916 142.279 139.35533 139.07788 151.18347 163.27095 166.68477 172.87062 193.39828 218.3345 236.42249 253.68526 265.43448 272.6047 282.09677 256.77048 268.7771 271.78214 269.53162 258.62247 261.16946 270.0272 290.52435 312.86227 355.87817 385.7631 432.09564 443.231 453.97522 440.84033 407.01245 386.147 388.53348 396.85992 418.85825 400.59848 387.57883 388.7628 387.26016 371.93204 353.4052 334.0528 323.761 314.2891 256.97 314.2496 360.6242 310.1147 260.37625 254.53206 258.54456 232.17558 277.28952 350.4716 364.2504 343.9166
172.6182 168.28564 151.31955 138.96101 144.18578 133.32608 127.9399 131.85269 149.28693 171.6072 180.24835 190.0143 200.98915 222.60973 237.02715 252.34117 265.59668 271.81067 287.9702 296.19147 292.7221 292.5805 287.6225 296.2999 301.18958 322.0399 329.08383 346.50308 386.6155 417.0068 448.01855 496.68793 509.98077 508.3639 477.15918 449.25107 443.4808 439.9721 452.83963 422.18753 411.6362 408.33786 420.33456 412.00082 390.58676 364.02594 314.79483 290.03 288.91922 383.8376 303.62238 245.78561 225.27159 253.79001 277.2656 258.82376 301.4287 371.9442 369.56833 335.9346
167.90117 157.66736 136.32224 117.719376 111.690025 111.50558 111.71906 119.36546 134.97865 168.08151 186.57597 184.57889 190.96075 217.23486 241.36328 254.79845 266.02576 276.36966 294.43155 318.4899 315.44278 324.49365 320.57516 319.29413 336.2199 339.64926 352.311 380.12387 410.73645 454.31696 515.776 556.7373 580.9666 567.2927 550.2372 517.76715 529.4584 510.8568 482.79446 460.92624 449.18738 433.51746 443.33917 449.72626 421.78558 398.96918 357.86548 347.33566 360.26968 391.84705 372.9899 217.82559 201.19418 212.32251 258.84113 278.12003 255.29805 254.90247 353.1455 330.097
159.01805 140.34177 113.64912 78.38927 61.24092 67.387276 79.328384 99.94577 121.519966 151.49197 175.42397 184.57822 196.37346 215.68489 232.98473 247.7966 264.3335 281.7633 303.72345 319.6353 332.11218 334.22903 329.08725 333.24448 350.79166 354.30737 378.73917 400.96658 454.7344 481.02283 546.0234 579.55334 606.5306 609.6101 599.22394 615.94244 568.7322 542.4738 485.14194 483.8849 478.20987 460.65073 464.29062 460.5194 440.3388 436.6878 425.18552 453.9747 497.26816 534.221 413.24164 333.32272 254.27582 224.6117 263.89108 267.17688 245.65666 255.46477 248.79967 275.0568
143.48094 120.15906 80.83975 35.56417 11.408007 12.716498 35.527718 68.85252 103.85396 141.7936 162.72835 176.96696 188.18086 211.75891 234.06352 231.47974 265.80316 289.26175 311.89175 322.2187 336.037 341.10587 343.47488 312.79022 346.29758 372.1779 400.4676 426.6318 459.25708 511.69876 550.13385 585.18115 629.7243 659.84784 672.60626 637.4265 597.14325 539.0244 521.74615 516.60144 505.00287 443.71683 483.04755 477.55652 465.30276 461.54724 471.66867 529.1354 552.845 623.46106 597.1022 390.33054 316.851 240.60379 247.70789 222.39594 222.61713 243.77084 243.63022 246.12315
128.97818 92.25247 45.298233 -999999.0 -999999.0 -999999.0 -999999.0 35.218388 77.51941 120.18511 147.38332 162.99768 182.60135 211.23686 236.53426 256.87994 272.241 289.77542 316.46335 320.6321 330.79565 338.56232 343.12253 344.41748 362.2723 378.52167 413.5298 437.19345 458.17325 499.6423 558.6737 587.17267 642.7351 696.4378 769.92633 698.37463 650.1561 572.39136 546.07465 606.09106 592.22455 504.5316 492.4767 489.4149 473.59247 469.6759 484.8666 530.80493 546.8519 520.377 547.04877 514.4138 356.97427 337.22043 454.78296 440.80914 189.62398 219.74854 225.83084 229.02957
114.51533 66.15228 12.002647 -999999.0 -999999.0 -999999.0 -999999.0 9.92589 55.005287 95.525795 125.22435 147.39073 174.3115 207.9399 233.13342 255.77269 273.5459 290.72717 311.49878 321.77655 328.88876 337.99564 337.50647 339.81116 363.61594 403.13052 423.47305 425.96713 448.22855 439.9355 531.4597 571.5769 604.0747 724.8382 739.78235 708.27826 654.41583 614.8964 617.36255 663.1649 658.3217 578.28546 555.4098 517.99805 488.97134 506.33206 499.43884 527.70105 423.0616 460.09534 456.58368 394.3063 329.6921 359.91452 443.785 514.17114 403.62866 194.80556 217.22173 233.12761
102.27875 49.89253 -999999.0 -999999.0 -999999.0 -999999.0 -999999.0 -999999.0 36.17237 73.83445 105.89036 133.30576 161.87068 193.54681 224.09294 255.66557 279.84787 293.7289 317.04266 325.16544 323.8891 330.70526 331.95724 342.74942 371.25293 393.8815 408.52298 427.71017 439.24582 469.02893 496.54013 524.42926 551.60504 632.34595 678.3603 661.6195 660.1266 662.1981 645.8936 694.8467 683.4736 608.43335 565.1988 604.03577 524.6724 471.22617 503.0083 513.92865 472.17032 394.79797 340.8523 287.41254 297.51196 395.0326 477.80734 613.73096 491.40106 376.18878 225.51613 242.32797
99.88278 41.8068 -999999.0 -999999.0 -999999.0 -999999.0 -999999.0 -999999.0 25.186096 58.67429 90.96604 123.499794 155.6606 182.6274 209.28601 245.70865 272.9361 297.52884 313.41806 320.2992 320.50974 323.10052 329.3462 340.3623 368.58582 388.13388 410.9059 428.06732 444.94925 453.3472 473.78458 551.2727 500.94803 538.6154 562.77795 598.56537 624.6337 645.1261 645.98474 702.54877 749.1817 636.31134 669.4787 621.29364 541.4003 564.73004 527.5481 501.1965 409.1852 286.21097 208.8996 203.47285 272.29327 417.65106 710.0622 906.9621 535.3327 357.58627 253.93521 236.6962
110.86308 51.248997 -999999.0 -999999.0 -999999.0 -999999.0 -999999.0 -999999.0 22.08821 50.907608 80.43189 111.45508 145.20213 179.36005 213.60266 239.06514 261.07678 289.9988 306.60095 321.77747 309.74387 314.9857 329.78857 333.3897 357.2906 368.6866 390.88724 413.51205 427.8776 436.39737 469.1046 483.86014 478.7889 458.2856 476.15033 515.9735 547.2449 613.213 575.0249 713.53156 742.37604 711.3888 678.0319 603.90045 607.2038 560.3062 530.84155 442.50632 362.12286 223.86679 103.32203 111.45833 230.6738 379.46048 540.3247 588.1259 473.33582 319.83884 164.35983 217.30536
138.58766 81.817055 23.062311 -999999.0 -999999.0 -999999.0 -999999.0 2.007971 22.554722 47.364285 80.694626 107.18561 142.54686 181.72704 216.52275 236.84743 259.21466 284.27023 303.06476 315.24078 316.9279 322.37213 331.97552 354.4944 355.12897 360.6045 372.69247 382.1241 397.56207 432.0268 406.8821 411.9191 419.3151 401.29474 434.00452 454.09012 510.57678 561.11273 634.6612 730.752 770.7071 736.87317 724.18225 602.35583 602.267 551.19684 537.35046 481.7293 410.20007 254.81883 95.76833 121.70356 230.68842 344.0726 434.39572 456.76074 397.89572 306.16693 215.97316 191.50665
