data/TNO-HT-ATES/HT-ATES_ooz2/ooz2__welld_P50_basecase_80-45-40.asc
ncols  140
nrows  163
xllcorner  0.0
yllcorner  300000.0
cellsize  2000.0
NODATA_value  -999999.0
[rows 56 to 83 of 163, columns 62 to 123 of 140]
178.05948 179.42807 179.61678 179.17189 178.461 175.8102 174.87157 174.0543 174.89093 174.95805 173.8946 173.62424 173.87584 170.83322 169.154 167.68214 166.46251 165.20682 163.78891 162.4045 160.50423 162.41203 161.40363 158.36185 159.42078 160.69543 163.69543 164.19182 164.94316 164.02512 164.99196 162.99852 161.51477 157.78934 154.88951 151.4285 149.5789 147.51984 143.62088 136.54172 130.4851 130.35216 128.42378 122.26501 113.73526 111.83943 115.74365 115.76721 113.36874 0.0 0.0 0.0 0.0 0.0 0.0 0.0 0.0 0.0 0.0 0.0 0.0 -999999.0
176.85638 178.15688 178.65913 177.71452 176.52821 174.3073 173.68765 174.44225 175.99365 176.14206 174.91734 174.59424 173.96991 170.78226 168.1231 167.11453 166.12965 165.1428 165.12856 163.525 160.61255 162.24991 160.20613 151.98035 157.95561 160.00171 164.6232 164.12062 166.3514 162.19884 163.14273 161.74219 158.31442 156.33809 154.43158 155.27942 151.69186 146.95801 140.09721 135.14462 133.888 130.08958 124.80666 119.580635 111.45731 106.68644 110.67457 112.24231 0.0 0.0 0.0 0.0 0.0 0.0 0.0 0.0 0.0 0.0 0.0 0.0 0.0 -999999.0
176.70764 176.94359 178.07924 177.84357 175.89833 173.64873 173.92267 173.92973 180.38062 177.57695 175.32333 174.94296 174.37434 171.30164 166.47041 164.78424 167.65419 166.47775 166.12822 164.9806 161.98291 163.57559 162.13698 159.86673 159.93254 159.4255 166.28128 165.44476 166.13031 162.05331 159.23654 156.64508 158.4477 157.21944 158.03622 156.55821 152.46924 149.33179 142.60551 135.87212 132.91176 126.80275 123.39161 114.274086 104.8267 98.37521 0.0 0.0 0.0 0.0 0.0 0.0 0.0 0.0 0.0 0.0 0.0 0.0 0.0 0.0 0.0 -999999.0
177.48709 176.18408 177.09059 175.8359 174.37416 171.34921 173.07208 175.40039 179.40326 178.7596 179.34319 175.41786 174.54375 172.88515 169.94193 169.44461 170.6556 169.63464 169.32007 165.91588 164.11557 164.72525 163.68889 163.30984 162.09685 161.36433 165.98718 167.31458 164.83482 161.4809 156.88078 149.87155 153.97046 159.02664 159.06741 162.74873 156.07811 148.40472 142.47366 134.43495 129.49393 124.36285 121.030464 116.06066 114.83044 0.0 0.0 0.0 0.0 0.0 0.0 0.0 0.0 0.0 0.0 0.0 0.0 0.0 0.0 0.0 -999999.0 -999999.0
176.15349 175.78004 176.48906 175.38203 173.77963 -999999.0 -999999.0 174.91331 177.78593 178.06346 177.6828 176.56458 175.87166 174.85786 170.87648 170.76236 168.71867 169.03072 167.98737 166.0286 166.50099 168.56738 167.47505 165.83485 162.45605 162.25255 166.48067 166.84045 165.31392 160.84236 156.42397 153.58748 157.127 159.39662 158.858 162.08998 153.36497 145.33092 140.3772 141.49744 140.00224 136.92024 129.73158 125.12555 118.21341 0.0 0.0 0.0 0.0 0.0 0.0 0.0 0.0 0.0 0.0 0.0 0.0 0.0 0.0 0.0 -999999.0 -999999.0
175.82913 176.71584 176.24037 175.72966 175.2283 173.7988 174.67941 174.71628 177.45189 177.64847 177.42844 176.6284 173.45828 172.63512 171.87944 172.27914 170.9853 170.51225 169.23264 167.85077 166.07262 163.99362 168.25952 166.85257 164.07726 163.40793 168.00056 168.08342 163.44763 158.61148 158.90125 156.78993 154.13535 156.68623 155.28822 153.85155 148.4001 142.56903 139.39194 140.18192 139.07277 138.08798 128.9205 115.00736 121.22493 0.0 0.0 0.0 0.0 0.0 0.0 0.0 0.0 0.0 0.0 0.0 0.0 0.0 0.0 0.0 -999999.0 -999999.0
176.08409 176.19745 176.87947 175.17236 175.06947 175.56387 174.11601 173.60596 175.69582 176.57808 176.50525 174.17628 173.31447 171.87213 172.58289 172.9324 172.39531 171.52518 170.32474 169.02974 167.61046 165.65533 166.7708 167.15373 164.91452 166.166 169.8219 167.46976 163.61569 158.66048 162.54688 163.3458 160.15417 155.6691 153.59988 152.48744 149.48615 143.91052 132.52756 133.12962 138.54105 139.5537 134.68173 128.89421 125.13723 0.0 0.0 0.0 0.0 0.0 0.0 0.0 0.0 0.0 0.0 0.0 0.0 0.0 0.0 0.0 -999999.0 -999999.0
175.67574 175.72382 176.36197 175.06001 175.06956 175.07503 173.63954 174.04712 174.47684 175.04147 172.92499 173.72328 173.1991 173.18375 175.06769 173.3775 172.76498 171.72429 170.7447 169.89725 168.56964 166.38464 166.24344 165.56519 168.11504 166.52782 171.9465 168.1673 168.40994 166.03242 165.11447 162.3441 157.54666 153.67963 157.2859 158.955 156.14 146.82005 143.17525 131.06932 136.94362 135.09135 128.08902 122.01386 119.83852 0.0 0.0 0.0 0.0 0.0 0.0 0.0 0.0 0.0 0.0 0.0 0.0 0.0 0.0 0.0 0.0 -999999.0
176.02275 175.3887 176.04575 171.72202 174.8491 175.6889 173.86417 174.38116 174.79659 172.80804 172.45241 173.44661 174.93481 175.38368 176.74524 174.75186 173.78076 169.46825 170.60237 170.63782 169.13596 167.46986 154.95834 166.05815 166.32486 167.744 173.86653 170.74141 169.66245 165.48296 160.22217 167.40282 159.47499 147.63005 152.03712 160.70366 157.06142 150.81093 149.45163 140.69078 138.92603 133.42775 125.1094 121.578094 0.0 0.0 0.0 0.0 0.0 0.0 0.0 0.0 0.0 0.0 0.0 0.0 0.0 0.0 0.0 0.0 0.0 0.0
176.78772 175.52618 175.54745 174.26714 174.92377 175.19159 176.18532 176.42532 175.53899 173.08916 173.12602 173.81241 174.91046 175.01003 177.5656 176.01042 174.41177 172.97255 172.69301 171.83134 170.27301 169.24435 166.03708 167.67207 166.2749 164.48294 168.30423 172.43744 169.51958 165.80963 166.34406 158.32591 155.98468 153.18001 155.569 156.45203 156.53822 152.49881 153.26541 149.08438 142.5092 127.74266 118.8478 0.0 0.0 0.0 0.0 0.0 0.0 0.0 0.0 0.0 0.0 0.0 0.0 0.0 0.0 0.0 0.0 0.0 0.0 -999999.0
175.01598 174.13824 175.13515 175.00912 175.07358 174.86496 175.67223 174.89421 172.49542 172.09839 171.81784 172.78761 174.16788 173.89964 176.57533 175.49574 174.58049 173.93358 173.33136 173.18248 171.53957 169.69415 167.13304 164.73941 164.79822 166.60045 168.70628 170.87254 171.45695 174.03758 168.88277 161.21056 160.40701 157.41963 157.00702 156.90425 156.08572 153.31528 154.42984 148.61577 138.22 123.99047 117.93554 0.0 0.0 0.0 0.0 0.0 0.0 0.0 0.0 0.0 0.0 0.0 0.0 0.0 0.0 0.0 0.0 0.0 0.0 -999999.0
173.66144 174.82693 174.45187 174.4105 174.66142 175.80783 175.2811 176.20065 171.95596 171.01402 168.77869 171.2333 172.71147 174.92767 174.51628 175.29355 175.57133 174.31331 173.2608 173.21007 171.62735 169.91 168.87833 164.50575 155.95804 165.45695 168.80762 167.7653 178.16798 175.99268 173.04932 164.15497 163.18387 159.65176 155.17523 156.2987 155.12321 150.2251 150.22888 146.09673 136.58931 122.812996 0.0 0.0 0.0 0.0 0.0 0.0 0.0 0.0 0.0 0.0 0.0 0.0 -999999.0 0.0 0.0 0.0 0.0 0.0 0.0 -999999.0
174.04294 174.73772 174.37204 174.62099 174.34816 175.13248 175.74454 175.63602 172.28157 171.19115 169.74709 171.0889 172.3825 174.38719 173.97377 174.51192 175.18762 174.54672 173.1009 171.91434 172.06111 171.92212 169.81625 167.29083 162.45465 163.67348 163.50026 174.58311 177.56464 178.26552 168.5615 164.444 165.29424 162.37965 154.44788 152.68135 152.01471 149.52057 149.16293 142.0624 133.6507 121.81794 0.0 0.0 0.0 0.0 0.0 0.0 0.0 0.0 0.0 0.0 0.0 0.0 0.0 -999999.0 0.0 0.0 0.0 0.0 0.0 -999999.0
173.53267 173.91544 174.67244 173.45502 171.76273 173.7001 175.19778 172.32617 171.82362 171.67737 170.97295 171.3249 172.90952 173.49222 174.50874 173.25195 173.91359 174.11015 172.61487 171.9833 173.12921 172.70538 172.4488 170.96893 167.01231 166.76187 165.1841 174.19066 173.01392 177.75056 170.71701 167.49358 171.18044 155.55957 154.43309 156.96304 153.78181 159.37943 147.15001 144.5044 134.33191 0.0 0.0 0.0 0.0 0.0 0.0 0.0 0.0 0.0 0.0 0.0 0.0 0.0 0.0 0.0 0.0 0.0 0.0 0.0 -999999.0 -999999.0
173.44109 173.81976 173.74599 172.74805 172.23325 174.44254 174.59418 172.28954 171.0724 170.97679 171.68338 172.91081 172.27884 172.77301 173.30098 171.13986 171.24663 172.39061 172.45607 173.13297 173.55516 174.50182 175.47041 175.1811 174.24437 173.57051 177.00539 177.39192 172.09467 172.94417 172.61765 170.01091 170.46056 165.35968 163.13971 163.9632 164.48819 158.22202 151.42993 141.05168 131.58275 115.28091 0.0 0.0 0.0 0.0 0.0 0.0 0.0 0.0 0.0 0.0 0.0 0.0 0.0 0.0 0.0 0.0 0.0 0.0 -999999.0 -999999.0
173.80896 172.69083 172.53752 172.23622 173.5525 174.10509 173.41566 171.22807 170.25551 171.6763 171.66666 172.64558 172.34286 172.177 172.20418 169.88133 168.85684 169.14221 170.11378 177.10588 179.57054 174.15242 178.3932 176.66313 174.29413 173.86177 179.42776 176.18706 174.5114 179.30383 179.64879 176.15793 177.49927 173.15875 172.2541 169.69754 169.29982 158.70575 149.02443 137.41208 125.65051 118.10879 0.0 0.0 0.0 0.0 0.0 0.0 0.0 0.0 0.0 0.0 0.0 0.0 0.0 0.0 0.0 0.0 0.0 -999999.0 -999999.0 -999999.0
172.91576 172.77371 172.64525 172.41191 171.46193 172.75374 173.64417 171.50372 170.92976 166.30693 169.83311 172.64165 173.33838 170.91673 170.30913 168.24779 171.24394 169.42036 172.9969 174.10017 179.48312 180.22137 181.59462 179.37143 173.07414 171.16098 180.02301 184.01872 178.04811 181.34734 184.95853 183.85092 181.29593 176.42917 180.12999 176.73433 172.7222 158.88766 145.59889 134.73917 128.99336 121.93576 0.0 0.0 0.0 0.0 0.0 0.0 0.0 0.0 0.0 0.0 0.0 0.0 0.0 0.0 0.0 0.0 0.0 -999999.0 -999999.0 -999999.0
170.45047 172.58641 172.42929 171.69356 171.19374 171.35773 171.8627 169.44493 169.42973 168.61758 169.67108 171.03061 171.66432 171.05385 175.94414 175.14134 176.97125 176.54126 177.62434 179.66681 176.32916 174.62292 177.83286 177.23035 177.37257 180.76271 188.11829 187.01773 186.9583 190.31012 192.3436 189.71965 182.25664 176.68657 175.09012 175.5982 172.08583 162.57664 146.47166 135.59009 129.47726 116.07124 112.16039 105.086136 0.0 0.0 0.0 0.0 0.0 0.0 0.0 0.0 0.0 0.0 0.0 0.0 0.0 0.0 0.0 -999999.0 -999999.0 -999999.0
170.44122 170.70258 169.6973 170.45374 163.7421 168.33278 169.40211 167.04498 166.48843 167.45909 168.62108 174.26707 173.51491 178.71454 179.7875 175.28072 176.99272 176.29599 175.92567 177.60143 173.50824 175.2874 172.00081 174.08612 177.24422 190.77454 189.16176 185.5043 187.83524 192.55911 191.04001 194.94385 185.13066 179.56311 178.57622 174.01488 166.76822 162.96815 150.7389 143.95442 131.87561 120.44289 98.474655 0.0 0.0 0.0 0.0 0.0 0.0 0.0 0.0 0.0 0.0 0.0 0.0 0.0 0.0 0.0 0.0 -999999.0 -999999.0 -999999.0
169.34386 169.12386 170.10231 169.02406 167.37563 166.90674 166.63559 164.66716 163.69505 170.48546 171.75337 172.34747 176.50696 183.35431 182.61281 183.62082 181.80028 174.57199 175.36528 174.66066 167.03372 172.55707 175.0908 177.88885 175.84068 188.44176 189.80505 191.74567 190.71622 193.86624 197.0844 195.24556 188.43968 179.83354 180.73434 181.78651 170.17729 160.45905 152.90784 146.65039 129.71321 114.14908 102.56992 0.0 0.0 0.0 0.0 0.0 0.0 0.0 0.0 0.0 0.0 0.0 0.0 0.0 0.0 0.0 -999999.0 -999999.0 -999999.0 -999999.0
167.73988 167.60997 167.90404 167.91238 166.50197 165.22691 164.35501 164.21397 161.53284 168.80696 172.96547 177.17027 173.51729 180.65266 181.75339 178.95 176.89038 174.91595 176.25488 178.10739 176.57062 178.1315 174.02176 176.2213 185.29381 182.75665 190.94957 196.89615 192.40334 194.32881 191.26195 195.22838 192.33386 186.33415 184.74188 176.16185 169.26447 164.71054 165.43723 157.26578 131.28154 110.16997 101.510475 94.89486 0.0 0.0 0.0 0.0 0.0 0.0 0.0 0.0 0.0 0.0 0.0 0.0 0.0 0.0 -999999.0 -999999.0 -999999.0 -999999.0
165.30139 166.058 165.46722 165.98409 164.2499 163.60625 169.00298 167.36447 159.72728 166.04735 174.13058 175.28766 180.96465 175.49474 175.93355 177.19995 168.3223 182.15648 181.854 178.1683 178.03024 178.22107 172.46541 180.75906 188.76396 186.61934 194.2991 193.24326 189.07693 192.99031 192.16577 195.50237 195.34554 192.86179 185.54915 174.41972 165.97246 161.6134 156.0395 142.99342 130.18304 117.55182 112.94108 97.04236 0.0 0.0 0.0 0.0 0.0 0.0 0.0 0.0 0.0 0.0 0.0 0.0 0.0 -999999.0 -999999.0 -999999.0 -999999.0 -999999.0
162.29721 163.27956 162.71086 162.77231 162.72609 166.44904 165.25612 163.74455 162.08777 168.01558 172.0772 177.24077 176.85634 170.46179 171.26666 177.6328 172.392 179.2621 182.143 180.24701 174.78357 171.36406 173.38551 183.35173 183.88374 191.13339 197.31694 190.34364 187.25244 187.99162 191.99759 193.99486 191.20064 189.51183 181.89043 172.16386 163.58725 157.50174 151.25093 138.7822 130.65652 119.91957 113.00346 95.6149 0.0 0.0 0.0 0.0 0.0 0.0 0.0 0.0 0.0 0.0 0.0 0.0 -999999.0 -999999.0 -999999.0 -999999.0 -999999.0 -999999.0
161.44199 160.93935 160.74138 159.21523 159.6881 166.13052 164.56174 166.84676 162.95947 164.95793 171.57838 171.575 174.2874 167.43599 177.75734 178.08012 173.36719 175.7329 179.27916 177.98355 175.9823 165.4159 172.308 182.64839 181.23828 192.78432 197.41563 194.38383 181.96985 180.77122 187.39125 187.95827 188.96397 184.76988 178.25049 173.46875 168.542 154.02724 144.89294 137.48396 131.25244 118.53086 112.20478 0.0 0.0 0.0 0.0 0.0 0.0 0.0 0.0 0.0 0.0 0.0 0.0 -999999.0 -999999.0 -999999.0 -999999.0 -999999.0 -999999.0 -999999.0
160.23177 160.58589 159.31866 153.29285 165.1024 167.48166 167.22221 163.83714 165.61429 169.27565 171.32959 166.41573 166.126 171.69566 175.48508 176.64487 173.57718 177.33405 178.28262 173.74826 176.70511 172.35524 178.90862 182.34323 184.75133 191.24521 193.6723 191.03036 178.13039 177.88203 185.35132 181.27348 182.2273 184.3462 179.37544 172.42448 166.87408 158.30936 146.75224 141.46446 137.32135 122.90444 113.7171 0.0 0.0 0.0 0.0 0.0 0.0 0.0 0.0 0.0 0.0 0.0 0.0 0.0 -999999.0 -999999.0 -999999.0 -999999.0 -999999.0 -999999.0
159.99246 159.10043 159.01428 162.85342 165.391 166.54073 169.98938 167.5195 162.8814 167.71255 165.22179 161.15898 158.90439 166.02133 173.30806 173.74486 170.37077 176.18037 174.89407 173.62617 176.66861 175.24864 179.15303 179.30539 183.12921 186.54285 191.13324 190.47003 184.45052 182.69061 188.03444 186.4488 181.52376 181.75731 175.59184 171.91136 168.09737 162.39282 149.2355 139.48103 136.7838 120.34565 108.07956 93.64705 0.0 0.0 0.0 0.0 0.0 0.0 0.0 0.0 0.0 0.0 0.0 0.0 -999999.0 -999999.0 -999999.0 -999999.0 -999999.0 -999999.0
171.18082 179.06923 166.75607 168.4528 167.31073 166.67477 169.68317 164.45587 163.02025 165.7183 163.55098 158.03564 157.63684 165.52373 168.48218 164.32611 170.52098 173.06934 175.70474 171.51018 173.6616 172.60172 172.95284 177.97273 180.51695 180.3016 183.2815 186.34244 185.7182 180.6531 181.71796 190.77583 190.51216 180.03156 176.99332 172.39319 168.43633 159.82632 150.58157 139.51793 132.4948 119.178566 100.73673 94.99174 0.0 0.0 0.0 0.0 0.0 0.0 0.0 0.0 0.0 0.0 0.0 -999999.0 -999999.0 -999999.0 -999999.0 -999999.0 -999999.0 -999999.0
178.53973 179.15292 176.4953 184.51761 167.814 168.72752 168.96346 162.52211 160.39972 165.991 165.51543 168.71005 159.81172 164.51205 163.82115 159.82297 168.19196 172.66518 171.27739 169.4435 172.2594 171.66273 176.5954 176.08693 177.7037 177.56613 179.11975 181.92615 183.255 180.6959 180.20477 189.83974 188.22772 176.29327 173.56384 168.70267 166.09033 156.43515 149.28003 135.94559 136.80107 117.91752 109.27497 0.0 0.0 0.0 0.0 0.0 0.0 0.0 0.0 0.0 0.0 -999999.0 -999999.0 -999999.0 -999999.0 -999999.0 -999999.0 -999999.0 -999999.0 -999999.0
