data/TNO-HT-ATES/HT-ATES_ooz2/ooz2__flowr_sodm_P50_basecase_80-45-40.asc
ncols  140
nrows  163
xllcorner  0.0
yllcorner  300000.0
cellsize  2000.0
NODATA_value  -999999.0
[rows 28 to 55 of 163, columns 62 to 123 of 140]
226.0069 201.23961 158.12085 101.07943 60.831104 11.118722 -999999.0 -999999.0 -999999.0 -999999.0 -999999.0 -999999.0 -999999.0 -999999.0 -999999.0 -999999.0 -999999.0 -999999.0 -999999.0 -999999.0 -999999.0 -999999.0 -999999.0 -999999.0 -999999.0 -999999.0 -999999.0 -999999.0 -999999.0 -999999.0 -999999.0 -999999.0 -999999.0 -999999.0 -999999.0 -999999.0 7.8155665 43.936543 82.9071 116.64362 144.49072 188.73587 219.94228 254.55522 304.11542 345.22946 359.9816 364.41623 347.08658 363.1884 354.56906 335.23285 329.04175 297.1599 246.73033 183.91362 129.7859 98.88201 106.202705 115.61121 117.70098 -999999.0
232.67723 206.93504 170.35326 131.21284 90.00863 43.422234 5.7072167 -999999.0 -999999.0 -999999.0 -999999.0 -999999.0 -999999.0 -999999.0 -999999.0 -999999.0 -999999.0 -999999.0 -999999.0 -999999.0 -999999.0 -999999.0 -999999.0 -999999.0 -999999.0 -999999.0 -999999.0 -999999.0 -999999.0 -999999.0 -999999.0 -999999.0 -999999.0 -999999.0 -999999.0 -999999.0 16.340261 54.37983 93.11278 135.39464 174.6462 220.60692 259.7854 289.78165 337.01498 404.22217 371.93298 266.40588 359.14114 329.89648 310.83923 299.07187 262.6583 237.45988 180.01465 137.47943 117.46148 116.989044 136.66885 164.29384 210.94818 -999999.0
238.06326 210.07837 173.04584 133.98271 100.07642 69.44213 42.09677 3.271766 -999999.0 -999999.0 -999999.0 -999999.0 -999999.0 -999999.0 -999999.0 -999999.0 10.382114 16.223982 15.627589 -999999.0 -999999.0 -999999.0 -999999.0 -999999.0 -999999.0 -999999.0 -999999.0 -999999.0 -999999.0 -999999.0 -999999.0 -999999.0 -999999.0 -999999.0 -999999.0 -999999.0 27.289968 59.138325 103.758514 157.10562 217.39928 239.43126 278.26593 303.01117 327.58633 344.76303 326.57108 175.33392 141.88405 290.82465 235.82245 227.27942 204.60683 185.67746 144.0242 116.74517 95.98034 107.27437 132.5513 177.86055 209.817 -999999.0
242.61076 212.49895 178.1503 143.68343 113.19249 88.01425 67.858345 25.581318 -999999.0 -999999.0 -999999.0 -999999.0 -999999.0 -999999.0 -999999.0 25.023249 45.359947 43.895493 34.203148 14.566125 -999999.0 -999999.0 -999999.0 -999999.0 -999999.0 -999999.0 -999999.0 -999999.0 -999999.0 -999999.0 -999999.0 -999999.0 -999999.0 -999999.0 -999999.0 2.2385898 40.43574 76.44353 129.52747 172.63123 221.17749 241.74063 264.56192 285.57242 279.23074 263.14246 235.89087 169.76212 136.39093 141.4216 227.66064 179.29138 173.5466 154.90915 153.83751 141.12712 107.7116 91.73084 118.19026 161.22795 200.62154 -999999.0
254.3925 226.1958 193.77493 163.50684 131.25104 99.43576 79.246826 45.86721 10.7536745 -999999.0 -999999.0 -999999.0 -999999.0 -999999.0 28.503117 62.544384 75.41894 81.0618 56.612324 27.892237 3.0589538 -999999.0 -999999.0 -999999.0 -999999.0 -999999.0 -999999.0 -999999.0 -999999.0 -999999.0 -999999.0 -999999.0 -999999.0 -999999.0 -999999.0 3.440559 54.22644 107.82701 146.01547 187.05943 214.8264 235.51532 237.43982 251.34048 234.6566 225.71341 191.55475 158.0123 134.45349 109.536674 168.54039 198.43149 181.05139 189.15952 235.81802 190.63464 124.58272 124.28841 152.96916 166.66417 202.4808 216.32388
272.3888 245.59283 213.84756 177.88495 160.65666 123.57284 102.352165 73.91348 35.33789 21.39079 17.457577 13.421639 11.095494 24.164389 53.589108 96.50751 100.73512 96.29785 73.0561 42.997818 18.021734 -999999.0 -999999.0 -999999.0 -999999.0 -999999.0 -999999.0 -999999.0 -999999.0 -999999.0 -999999.0 -999999.0 -999999.0 -999999.0 -999999.0 22.61853 77.29207 133.71281 171.34566 195.99004 215.2349 207.118 221.64352 224.43544 217.62051 204.56732 169.0708 142.966 118.26449 102.731636 78.175514 134.27562 304.7069 385.0494 339.48834 253.40729 168.96701 167.25464 181.16516 226.26355 245.4653 245.17064
296.49756 266.0648 236.77667 209.53163 186.5569 158.65733 145.85968 114.79636 78.512955 62.343563 54.283424 50.711823 51.179424 61.418682 93.47083 122.03186 121.72376 108.60665 81.53369 52.154568 31.143139 12.968701 -999999.0 -999999.0 -999999.0 -999999.0 -999999.0 -999999.0 -999999.0 -999999.0 5.0327253 -999999.0 -999999.0 -999999.0 11.559084 60.371635 112.14395 156.35864 200.22931 208.12357 205.53429 163.67705 223.38977 214.08888 212.93016 199.99625 166.9342 132.17828 103.41938 112.44349 117.40735 106.64118 396.11807 416.8434 369.4423 296.3332 165.32498 224.48022 252.87564 271.4787 259.17053 219.28694
323.1061 297.06628 271.98047 247.63924 226.44292 202.22461 197.64247 171.51143 136.50706 116.97637 98.447624 91.99039 94.20285 106.68262 138.72688 164.11101 163.5135 149.46011 118.54752 81.94993 48.88536 32.962982 21.001259 17.24399 26.80856 48.32123 45.97984 31.349928 31.845627 42.70678 48.485943 16.937483 -999999.0 -999999.0 38.453594 100.48903 149.17697 194.7163 235.77559 245.04346 230.44089 224.7157 231.78047 232.22566 229.43481 197.72578 159.45291 124.21781 110.4604 105.47007 111.55064 92.327 106.47966 353.25177 318.5817 228.59184 239.66861 293.07162 292.45798 289.67197 264.6852 0.0
344.47446 313.79776 310.3659 285.41922 269.0438 266.87372 261.20135 236.3641 213.57594 169.06885 149.94772 150.78012 154.39857 182.49168 203.48094 202.99843 197.52145 172.34152 146.52655 101.512054 60.083973 43.24903 35.366802 40.990257 63.4044 89.26608 106.32439 101.485245 104.13629 111.62652 106.2445 83.36416 48.31894 53.040905 93.41904 144.01437 192.913 235.06653 269.2303 274.19815 262.87814 251.28519 242.0844 237.15778 221.27202 196.88101 159.65771 128.43492 102.318726 86.316216 90.51239 71.989815 94.27029 278.38797 255.0483 248.12071 184.08028 284.27844 308.1755 310.0072 237.75316 0.0
329.525 297.07382 309.97644 314.56888 296.98065 301.8007 301.54706 281.62405 268.2793 229.46 223.32048 209.37566 206.09238 238.57822 267.88586 263.14798 245.47598 218.34221 175.8753 123.94379 72.99042 48.56946 53.407272 75.07414 109.48676 142.4935 171.31503 168.94527 184.93076 192.59238 198.23215 179.14978 145.56091 136.9355 154.9028 200.01836 233.44662 274.02625 296.30145 285.11337 280.73807 273.0127 258.65097 243.70753 224.16768 192.99702 174.79947 128.26227 86.69135 50.34341 67.83869 49.90471 87.7582 200.53613 158.57733 155.75023 89.67757 223.9898 275.12717 285.33646 0.0 0.0
326.57278 297.22137 297.16135 313.37808 341.38034 322.2642 318.94638 331.75177 322.8356 316.64407 291.63986 265.6889 256.88663 286.0132 314.612 314.94943 305.39047 271.0163 219.98055 155.76602 89.195274 44.662357 63.703655 115.92735 168.89041 223.41336 255.00218 257.09097 266.22156 287.37817 287.543 271.1338 243.86066 230.04404 240.13356 262.04602 289.07034 320.391 328.08966 307.42932 293.44583 270.38354 257.47308 247.99236 226.87456 207.39296 183.22237 137.1422 101.085396 75.80964 80.32366 35.169327 65.38829 124.12634 29.102228 36.804764 -999999.0 130.09712 228.09543 244.1175 0.0 0.0
311.8181 273.14093 293.6161 333.3601 341.67926 349.4974 346.33157 364.94446 394.3937 389.1166 356.19394 325.95078 319.99985 333.2464 358.90826 376.8819 372.08987 333.11166 283.10968 215.04324 137.47136 53.182407 107.96821 177.497 234.0452 313.90176 338.85263 343.3099 360.961 381.79282 386.64752 373.74637 326.2041 320.03323 331.8948 331.0472 346.43237 370.8162 368.79495 336.2223 309.11404 288.15036 261.74344 252.1962 236.06151 215.53145 200.70824 160.46461 153.79333 151.45087 29.839796 -999999.0 91.53882 111.08153 133.57716 177.40216 -999999.0 181.70372 237.74176 195.2692 209.51173 157.4772
344.75305 320.4371 327.85837 344.41623 358.23593 401.86298 403.7005 397.54312 391.0271 388.23676 388.9753 376.4364 384.68512 380.8519 411.11868 451.0598 441.09308 422.7447 369.5252 299.91653 237.71721 207.34952 226.4652 271.25964 297.73193 396.54297 425.92752 433.6655 461.48358 457.06995 466.8479 435.16528 407.7645 382.0337 396.35526 399.19888 408.4235 432.84042 414.06406 357.54868 338.53317 304.9677 281.39102 261.741 240.89157 239.34297 229.04048 221.4616 266.22742 233.21602 199.5132 94.766 36.029434 72.27538 149.46681 207.51193 216.51445 233.07724 217.7795 161.33214 181.1026 126.37721
380.47717 381.5186 369.30795 376.22415 393.48447 410.58325 404.05225 403.5196 375.5054 373.68045 387.69843 437.4293 452.35355 466.68628 476.72842 509.88156 526.8204 506.62524 459.5785 403.96518 356.4276 338.38834 349.05533 387.5042 438.60535 470.81253 512.9286 520.8243 554.14813 552.0496 535.03687 512.37616 469.5671 441.5141 443.22092 448.4368 460.4485 468.88397 423.14307 405.88266 375.37332 328.54007 299.06973 272.85742 250.15659 257.0766 228.85461 226.034 262.35565 240.19714 188.83047 138.725 118.45627 102.73453 161.4268 208.68675 218.30417 241.83205 187.59161 159.27177 160.23618 152.92851
412.59094 403.43262 383.14487 375.14963 366.401 366.64383 390.78088 395.43887 381.96634 394.63895 389.0838 470.78384 531.2515 549.8193 542.6489 569.8759 565.63 541.8881 515.7812 498.26562 474.01376 465.296 441.0432 428.11536 506.1349 549.7746 592.52783 623.5849 651.44714 650.1105 621.53937 598.2124 493.31107 479.38403 486.95642 484.6232 486.38226 480.61844 457.85376 430.61725 404.39706 370.88818 327.8395 300.2257 260.18387 254.95576 213.34085 222.01183 251.46005 244.85477 198.15364 176.406 175.98001 136.52885 165.14917 227.04022 243.26997 222.07434 0.0 0.0 164.83533 0.0
416.07468 397.98395 387.82812 363.76984 354.70126 351.22247 376.67886 401.14545 404.34952 416.07138 462.20694 515.56213 552.5993 588.3225 611.302 624.2553 642.5551 586.1058 605.3596 603.51056 588.92944 556.23785 550.933 554.361 575.7834 597.03613 652.0915 679.9476 731.5233 720.0563 707.8951 662.18085 590.3824 541.5495 529.2295 526.6391 539.85205 500.92926 470.1348 457.9947 442.8107 410.55542 369.82437 324.59607 289.8991 263.6554 234.79544 226.98174 254.22119 217.73308 187.82364 188.64917 197.01738 178.08301 203.52368 236.92044 228.37753 204.05664 0.0 0.0 120.59214 132.3867
394.02518 362.3765 374.4192 345.2202 329.2053 335.5179 373.44968 422.14575 436.3654 455.53223 477.09128 522.41064 552.8459 585.34064 611.41284 619.5411 650.4624 664.7065 649.2618 640.2622 621.68634 626.4406 621.9951 644.5795 640.9446 651.51495 697.4743 724.88934 747.32904 793.17676 777.9936 746.04944 676.5116 614.88605 587.8838 566.2611 567.3531 515.8815 489.64954 472.22897 472.871 451.10037 408.25943 350.3087 276.63104 240.78479 250.42851 317.3685 215.50581 173.31964 160.59154 178.76828 200.79807 185.19576 205.56718 234.8528 219.50513 0.0 0.0 0.0 165.04439 116.33412
359.01535 310.4163 294.9592 293.18985 290.90115 306.21838 340.16278 415.07632 452.02777 442.27725 452.05005 508.7179 561.2125 588.9304 609.43256 624.93494 659.19446 704.6829 688.2828 697.67944 679.43976 662.3513 682.94666 672.213 674.46027 701.81506 730.299 784.0723 849.01935 875.9352 873.9206 820.57544 767.1947 692.1375 680.59546 636.7386 586.9892 548.25214 521.0168 488.65555 486.2866 479.95618 429.69815 376.1153 308.70197 278.0683 271.13687 317.64215 290.91437 158.81958 141.3686 141.75719 161.10284 0.0 0.0 0.0 0.0 0.0 0.0 0.0 0.0 0.0
303.7286 210.29153 164.4756 180.08209 209.37955 259.03232 308.83875 376.7922 428.38528 443.69388 464.5007 504.46716 540.28986 570.0587 601.1454 631.4715 671.0941 695.64014 711.03564 705.31445 684.4569 679.91376 701.4611 692.52966 716.3902 730.7571 796.39716 812.43225 885.9019 902.3128 903.5546 871.1862 822.23096 808.0672 714.85876 658.09125 571.6876 557.81934 537.746 500.523 490.42007 472.8307 431.74887 399.6126 355.2207 343.61096 343.15292 333.25778 321.49292 250.58665 180.33397 149.05267 161.96873 0.0 0.0 0.0 0.0 0.0 0.0 0.0 0.0 243.16226
219.52893 97.14515 30.92594 34.25669 94.848946 180.60677 266.28122 354.93716 399.6657 427.17328 446.18738 495.74994 541.2884 529.12177 599.44666 641.8115 680.2777 691.9779 708.5671 708.4272 703.98645 631.832 686.1938 717.868 749.0288 770.0722 794.96 854.19617 884.29956 906.10315 934.3702 937.8549 911.2459 824.9014 739.0858 640.56604 595.8216 573.7052 546.6324 465.64853 493.21384 473.89636 441.96603 411.12112 383.62967 381.62823 355.12558 0.0 0.0 298.07654 233.67715 163.1887 153.54692 0.0 0.0 0.0 0.0 0.0 0.0 0.0 0.0 234.04184
124.92613 -999999.0 -999999.0 -999999.0 -999999.0 93.02297 200.17159 302.90906 363.44214 394.917 434.7693 494.7099 545.5151 583.98865 609.4808 637.12854 682.853 680.4976 692.25916 698.05054 696.53613 689.1447 711.20667 723.2572 766.41626 783.008 791.0549 830.1111 892.3328 902.3739 949.25916 985.6394 1038.5828 899.0092 794.42505 667.5633 607.4936 647.39374 614.16425 514.47644 490.3982 472.4512 437.4662 408.49536 386.57492 372.1359 339.23602 0.0 0.0 0.0 273.45544 253.84854 318.1933 274.37708 0.0 0.0 0.0 0.0 0.0 0.0 0.0 0.0
33.25986 -999999.0 -999999.0 -999999.0 -999999.0 26.11416 142.61694 241.42456 308.98874 357.2423 415.56424 487.2501 537.3947 579.69934 609.22876 635.3982 667.9049 678.008 683.5906 692.3652 679.85284 673.7726 706.6611 763.26294 778.16315 757.6954 770.66797 728.7834 846.6503 876.27966 891.48004 1024.1648 996.3315 906.45807 793.36255 705.8147 671.851 688.90784 660.72955 571.8027 538.1268 487.09216 439.5912 428.5032 389.00818 364.69705 279.37387 281.41797 271.74072 234.78426 196.92526 215.34827 308.7715 334.21988 241.85013 0.0 0.0 0.0 0.0 0.0 0.0 0.0
-999999.0 -999999.0 -999999.0 -999999.0 -999999.0 -999999.0 93.322914 186.17686 261.22876 322.48117 385.10315 453.63757 516.2421 577.1806 619.2749 637.59814 675.3642 680.76825 669.1896 673.0723 666.12714 673.7703 714.7578 740.1852 744.56134 754.31036 751.66705 773.18884 788.8163 804.4603 813.4354 894.0009 916.5388 849.5736 799.09314 755.5014 695.49316 706.19116 667.2504 585.2223 535.18964 556.45447 463.58002 392.33054 386.73672 360.19147 314.54474 254.5997 215.28716 180.3952 185.43962 243.19594 303.86816 380.23495 301.35077 0.0 0.0 0.0 0.0 0.0 0.0 0.0
-999999.0 -999999.0 -999999.0 -999999.0 -999999.0 -999999.0 64.46873 147.30792 223.49365 297.70038 368.91962 427.10495 481.12137 552.3664 600.82947 641.3576 663.2779 668.6996 659.84894 653.8631 655.018 662.4473 701.8057 722.5228 740.31384 745.2822 748.8241 738.6796 747.33966 839.4303 736.425 762.8314 766.175 772.8868 758.2145 732.47943 687.3301 701.91846 712.05255 598.48065 623.3126 567.1717 475.25656 467.00934 405.42844 354.16852 278.9822 191.55957 138.14291 133.58728 178.17622 274.57623 451.44373 554.4032 323.04553 0.0 0.0 0.0 0.0 0.0 0.0 0.0
-999999.0 -999999.0 -999999.0 -999999.0 -999999.0 -999999.0 56.12807 127.18763 196.8807 268.1433 343.09967 417.59018 488.47888 536.4528 573.5485 622.2146 645.37317 668.3846 634.35876 633.4723 650.32825 641.77875 672.88965 679.1148 698.0611 714.26337 714.61957 705.54504 734.57404 734.0866 703.4097 651.79425 652.4766 671.04706 667.7837 698.475 620.6726 699.10077 691.4015 656.0807 623.11743 549.67993 536.42944 469.62567 409.1126 312.7882 249.94548 153.36131 70.96135 75.10473 153.41846 257.12613 352.63245 357.6433 0.0 0.0 0.0 0.0 0.0 0.0 0.0 0.0
61.594593 -999999.0 -999999.0 -999999.0 -999999.0 4.9183683 57.04968 117.94703 196.65807 256.31158 335.12634 420.55774 493.6134 530.1249 568.7462 608.3948 636.5356 653.28784 645.5846 643.9838 649.33813 676.8242 662.95734 658.2611 664.1387 660.92725 664.39215 698.7543 637.56964 624.939 617.665 573.7492 596.96326 597.7861 628.8393 642.86743 669.4242 705.42773 707.0709 669.7832 659.57623 551.76917 543.1933 468.72443 414.22086 337.64606 281.5983 173.87527 65.28202 79.8712 147.17183 216.80334 262.65906 0.0 0.0 0.0 0.0 0.0 0.0 0.0 0.0 0.0
232.48799 117.987114 7.678275 -999999.0 -999999.0 21.171682 61.9977 114.60027 180.2113 254.84824 326.98767 398.0385 483.50076 533.13525 570.9566 605.56964 629.3406 628.22955 624.0594 638.05505 646.9214 654.2864 631.12305 624.70276 615.5024 578.633 572.1596 585.44147 548.6636 529.6021 499.75595 478.25317 464.78406 504.99118 561.6359 629.05273 711.2211 731.5823 645.1472 665.7736 670.38885 571.7763 562.8431 502.97153 455.81412 365.47565 323.0788 228.31033 170.01392 155.40607 0.0 0.0 0.0 0.0 0.0 0.0 0.0 0.0 0.0 0.0 0.0 -999999.0
407.53766 246.26768 80.97169 16.365866 29.28459 46.35821 83.11713 121.54789 167.8432 223.35661 286.43378 365.91174 466.4976 542.94617 558.3165 586.5933 601.00146 609.65247 622.51654 619.6378 627.29224 649.06946 618.1521 574.044 545.4668 518.3805 551.278 513.11975 469.76004 435.5346 409.06448 417.9362 420.481 452.59882 541.724 601.5238 675.0719 679.9696 700.8881 649.1728 622.3612 584.66797 526.4111 482.08072 441.20984 394.3729 358.26193 302.8424 235.7885 0.0 168.07591 0.0 0.0 0.0 0.0 0.0 0.0 0.0 0.0 0.0 0.0 -999999.0
