data/TNO-HT-ATES/HT-ATES_ooz2/ooz2__k_P50_basecase_80-45-40.asc
ncols  140
nrows  163
xllcorner  0.0
yllcorner  300000.0
cellsize  2000.0
NODATA_value  -999999.0
[rows 54 to 80 of 163, columns 60 to 119 of 140]
7468.8813 7342.8516 7385.7305 7518.316 7646.2217 -999999.0 -999999.0 7565.8604 7477.395 7430.816 7574.777 7679.757 7817.1147 7859.7036 7806.3623 7697.0547 7805.2456 7777.847 7740.7617 7596.402 7493.3545 7666.3755 7724.916 8044.114 8128.152 8330.648 8659.131 8678.698 8804.021 9795.954 9726.209 9923.475 9974.861 9671.801 9597.779 9937.411 10149.05 10309.279 11088.191 10797.551 9319.892 10007.492 10298.691 9331.402 10056.4375 10079.722 10069.471 9405.505 10967.21 10894.848 11211.388 10554.172 10489.724 10903.2705 11234.699 11453.087 11178.06 10940.759 10776.492 11114.936
7592.3135 7455.258 7436.114 7614.8027 7648.94 7713.2534 7672.4194 7463.3037 7422.8906 7417.6787 7584.806 7667.7886 7728.1777 7767.7056 7818.231 7961.0713 7697.2363 7769.549 7711.9556 7695.6387 7697.702 7707.9834 7720.8496 8227.947 8124.3066 7939.4854 8180.285 8486.344 9413.415 9598.902 9747.933 10054.127 10178.144 10449.727 10221.469 10180.832 10435.842 10478.693 10920.645 10571.882 10701.514 9960.247 9519.676 9151.796 8991.79 9066.611 9173.193 9420.731 10596.479 11344.9 10941.688 10112.52 10697.465 10954.56 11488.133 11085.878 11038.511 11383.843 11271.971 11167.997
7634.1475 7541.2554 7542.5293 7624.288 7623.7256 7597.8027 7567.3794 7383.3823 7372.1826 7382.5884 7541.586 7648.6616 7666.7666 7773.502 7920.7676 7768.7036 7737.4277 7716.577 7712.77 7700.9316 7712.646 7723.4937 7674.6284 7989.0723 8029.9023 7878.187 8149.324 8480.787 9069.318 9392.411 9786.189 9995.689 10432.678 10460.83 10529.735 10364.3125 10458.775 10536.561 10808.388 10963.224 10701.789 9903.494 9305.22 9420.342 9262.318 9166.942 9114.877 9752.078 10742.615 10965.328 10645.124 10281.32 10653.486 10818.545 11273.876 11221.532 11027.668 10911.976 11855.792 11497.244
6923.248 7555.723 7521.143 7586.1074 7607.108 7531.772 7455.7427 7309.2983 7315.9053 7452.798 7669.098 7770.4043 7763.6704 7847.945 7924.955 7760.8057 7638.968 7662.5933 7670.058 7692.007 7814.3564 7797.273 7651.6943 7940.9893 7878.0435 7215.9985 7949.2295 8353.702 9104.985 9354.129 9963.969 9843.17 10344.998 10521.271 10378.165 10440.755 10581.793 11146.787 11064.377 10696.42 9862.564 9245.219 9463.168 9312.593 8952.447 9151.244 9127.22 9169.049 10179.516 10738.771 10349.318 9803.26 10006.371 10664.64 11269.441 11611.067 11184.516 10894.794 11189.122 10874.599
7487.168 7571.636 7554.3643 7536.4326 7618.8354 7606.891 7455.779 7290.9375 7360.6455 7430.6973 8073.3066 7902.7446 7798.3496 7874.5845 7948.7437 7790.8755 7471.021 7428.225 7787.3525 7784.7227 7866.5425 7889.1084 7737.436 8026.199 8027.526 7935.6445 8073.5474 8221.629 9234.596 9466.443 9931.449 9882.469 10025.99 10132.795 10660.673 10797.614 11295.586 11509.266 11318.554 11156.875 10313.127 9428.613 9448.823 9047.876 9138.352 8752.96 8811.874 8284.623 9272.154 9464.284 9965.111 9067.569 8416.396 9655.086 10479.991 10230.287 9949.551 9905.22 10351.239 9886.713
7570.477 7523.506 7685.136 7529.672 7602.3403 7481.364 7357.55 7121.86 7301.4023 7565.3584 8002.0024 8010.1426 8157.951 7925.2334 7944.3994 7901.351 7753.566 7814.1694 8027.5645 8025.1514 8113.4697 7921.9727 7886.638 8096.1724 8148.004 8255.136 8235.266 8357.526 9122.203 9599.118 9724.875 9809.432 9831.499 9506.197 10216.945 11201.177 11616.33 12648.143 12131.17 11369.744 10806.447 9861.472 9448.424 9102.646 9189.881 9226.726 10045.3 9550.144 9089.892 9435.641 9219.102 8742.809 9841.493 11941.229 12000.9 9749.954 9207.02 7973.515 8205.292 7952.2993
7513.5986 7551.6987 7640.5654 7554.1377 7584.997 7444.6094 7311.6636 -999999.0 -999999.0 7540.103 7867.1494 7960.171 8010.277 8015.5293 8040.152 8041.466 7779.5874 7879.551 7791.718 7916.211 7931.885 7882.368 8076.4297 8441.391 8515.238 8532.24 8335.62 8378.367 9025.766 9433.514 9685.402 9629.842 9614.852 9732.76 10549.648 11266.133 11685.646 12741.602 12004.615 11344.274 11176.902 11713.218 11679.939 11591.232 11019.996 10979.578 10563.822 10422.072 9910.031 10072.902 9778.572 9854.695 11036.189 11694.953 11344.098 9631.426 8802.311 8499.068 8523.541 8272.284
7351.257 7616.43 7663.3633 7690.0205 7622.456 7532.4272 7481.824 7370.8354 7500.17 7569.245 7877.9014 7948.6636 7992.141 8002.7407 7787.648 7789.833 7807.58 7937.9453 7918.1143 7978.4863 7976.8765 7986.253 7971.233 7935.6914 8557.029 8647.198 8568.265 8437.288 9118.527 9514.18 9385.061 9233.021 9693.686 9863.77 9962.701 10805.876 11183.317 11595.026 11428.027 11135.75 11556.635 11966.913 11846.122 12037.043 11189.083 9666.501 10868.768 10352.88 11032.39 10626.258 10579.316 10284.108 9716.176 9720.179 10345.991 10496.927 10052.159 9134.458 9404.907 9033.96
7579.403 7678.4854 7725.2847 7697.2573 7746.081 7594.3887 7559.959 7600.639 7530.5522 7552.4766 7789.216 7893.574 7923.995 7758.1924 7740.164 7673.7466 7813.6025 7903.163 7943.6606 7991.539 7991.563 8009.2085 8031.99 8017.1787 8333.304 8598.388 8577.429 8815.29 9411.961 9462.646 9367.979 9148.609 9960.398 10444.802 10550.568 10574.352 10925.133 11432.223 11724.296 11464.036 9838.564 10429.887 11564.531 12230.24 12160.502 11885.865 11776.199 11387.105 12235.04 11484.541 10846.486 10751.877 10488.652 10165.914 10730.928 10807.308 10486.264 9356.695 9689.789 10365.431
7772.121 7748.948 7731.5376 7719.3994 7777.346 7660.7134 7649.2974 7645.964 7553.041 7641.168 7726.3447 7801.127 7637.3306 7731.104 7714.835 7749.327 7960.9033 7863.782 7891.384 7909.082 7936.8247 7998.393 8031.4805 7996.74 8190.143 8344.628 8820.415 8856.277 9716.17 9667.234 9949.059 10000.883 10206.592 10143.544 10080.559 10266.819 11447.45 12371.103 12751.205 11935.371 11539.698 9737.699 10932.564 11429.233 11260.291 11193.378 11870.744 11409.221 12115.561 11280.426 10827.925 11763.11 12027.891 10466.002 11637.441 11687.919 11396.202 12202.101 10369.096 10803.24
7831.0176 7851.127 7819.4575 7776.522 7846.578 7458.2666 7716.825 7775.947 7629.654 7710.123 7786.571 7637.621 7626.255 7727.5454 7868.5864 7917.257 8058.928 7918.1113 7900.25 7611.8965 7827.6655 7972.066 7988.9854 8011.9004 7038.7 8305.591 8550.822 8909.386 9825.988 9814.735 10166.869 10261.207 10314.682 10965.342 10526.701 9585.777 10725.057 12564.5 12676.113 12437.715 12623.235 11187.051 11319.229 11509.918 11312.529 12029.898 12106.051 11007.787 11416.139 11232.832 10694.117 11200.511 11224.194 11432.66 11989.375 11448.822 12374.463 11382.609 10975.8545 11304.773
7992.448 8002.666 7967.1157 7878.061 7884.8896 7765.6035 7809.8247 7818.749 7916.8843 7962.5786 7918.5264 7716.604 7729.5195 7788.5786 7879.696 7875.56 8103.592 7976.558 7882.538 7849.7173 7930.4893 7989.524 8004.3057 8092.24 8003.045 8402.841 8483.076 8477.176 9051.521 9808.82 10002.977 10249.553 11152.95 10812.456 10697.727 10545.667 11310.873 11947.5 12586.145 12754.602 13555.841 13121.624 12690.689 11177.285 10915.108 11580.057 11855.672 12264.773 12104.79 12115.613 10510.618 10373.995 11281.91 11578.744 11521.191 11560.047 12663.035 11606.473 11675.627 11345.212
7987.18 7913.6987 7915.908 7849.511 7940.2705 7909.6675 7903.032 7887.992 7973.452 7922.531 7721.1113 7702.3643 7674.0195 7737.4272 7836.253 7785.625 7999.8154 7888.3457 7830.0522 7840.4126 7903.372 8026.7354 8020.3413 8033.545 8021.4663 8066.1807 8315.289 8627.486 8915.343 9352.695 10027.796 11060.781 11204.675 10878.078 11225.815 11182.84 11580.344 12088.395 12579.1045 12821.721 13727.924 13450.513 12595.459 11262.56 11569.938 10677.175 11032.57 11920.577 12448.407 11455.676 11012.8955 11143.06 11467.992 11425.695 12426.888 12675.184 12406.709 12737.84 13257.243 11690.84
7943.909 7513.269 7898.0234 8004.174 7963.4316 7942.0664 7955.672 8064.367 8029.309 8132.093 7753.5547 7669.6157 7455.8184 7644.426 7739.7554 7897.252 7813.522 7839.106 7862.595 7807.231 7831.8447 7954.1094 7932.9126 7930.4775 8048.249 7962.447 7488.9463 8462.8955 8874.419 8995.156 10670.886 11053.427 11389.2 10898.837 11351.741 11401.229 11321.9375 12056.631 12427.947 12229.595 12945.052 13180.598 12789.225 11816.678 12263.519 11648.734 11193.94 12099.081 12021.415 11691.266 11076.241 11116.232 10930.396 11499.06 12426.053 12710.1 -999999.0 13854.899 12854.568 12260.408
8012.764 7928.8584 8028.929 8082.214 8033.759 8063.021 8029.986 8081.3657 8156.49 8169.5566 7866.81 7743.598 7587.8765 7694.6113 7761.9844 7890.321 7784.5312 7757.542 7784.49 7799.411 7798.781 7798.91 7897.6104 7985.9473 7987.846 7989.4053 7828.742 8113.266 8255.826 9708.861 10476.816 11104.15 10510.161 10616.314 11370.055 11617.961 11181.424 11565.297 11897.6 11992.643 12614.1045 12397.71 12537.539 12318.293 14806.767 12153.137 11183.951 11402.525 12056.026 11007.717 11272.982 11815.876 10578.593 11296.76 10640.944 11571.741 11248.154 -999999.0 11854.799 12495.905
8167.5176 8038.5435 8092.576 8118.4326 8182.399 8071.3364 7909.944 8079.4165 8228.697 7979.3804 7932.037 7888.4053 7793.043 7801.9937 7899.8555 7892.9004 7899.35 7697.214 7699.4053 7816.3286 7795.437 7822.771 7972.2197 8013.94 8011.57 8010.7227 7936.322 8195.589 8300.149 9558.566 9809.06 10818.052 10504.843 10696.914 11850.166 10400.904 10951.626 12029.997 11980.748 13435.898 12096.313 12445.949 12843.987 11893.387 12009.562 11061.966 10718.898 10281.695 11569.718 10672.594 11007.462 11073.315 11025.521 9892.831 10258.631 9981.119 9975.455 9005.806 9085.359 10854.881
8264.703 8376.517 8206.086 8242.296 8233.734 8138.45 8092.335 8304.291 8331.439 8129.29 8009.103 7963.289 7989.882 8074.2256 7971.6895 7955.1016 7912.6216 7664.3257 7658.5117 7801.6426 7890.036 8022.0327 8137.705 8184.395 8158.8076 8131.2134 8448.341 8729.322 9404.878 9781.932 9553.555 10039.43 10478.906 10715.24 11405.353 11379.33 11692.013 12483.403 13309.266 13041.566 12809.013 12168.973 12228.875 11143.97 10782.72 9730.801 9950.932 10057.165 9899.568 9008.447 8648.229 8253.712 8339.3125 8980.996 8961.953 7745.2695 8026.8545 7191.1206 7450.194 8616.285
8305.367 8436.521 8369.576 8267.056 8258.018 8233.359 8374.67 8453.874 8403.08 8210.283 8112.4346 8201.203 8150.4805 8187.2817 8138.1333 8072.13 8014.642 7758.2876 7648.316 7694.092 7854.3325 8577.94 8912.837 8335.091 8648.414 8497.817 8499.74 8731.277 9601.748 9561.559 9693.951 10599.027 11097.244 11214.317 12014.59 11946.814 12454.283 12736.753 13433.995 12857.342 12430.572 11688.38 10886.774 11405.011 10179.172 9479.904 9775.447 10120.593 9954.215 10325.082 8783.208 8578.743 8659.162 9286.168 8433.143 8624.674 8548.748 7353.171 7284.5923 8082.4385
8413.369 8401.577 8415.826 8398.41 8403.562 8413.951 8359.083 8521.226 8640.268 8443.797 8379.186 7886.892 8171.5273 8388.488 8423.102 8155.0664 8059.6035 7835.819 8105.223 7963.074 8375.078 8552.865 9223.141 9296.3545 9346.336 9084.684 8550.103 8532.836 9675.352 10388.051 9996.453 10680.1 11531.145 11930.447 12212.623 12070.555 13208.176 13318.256 13471.971 12487.652 11877.015 11612.808 11405.743 10839.826 9842.926 9676.873 10041.616 10113.068 10034.566 9845.5 8634.628 9218.475 9015.773 9149.946 8528.09 8650.873 8555.754 8241.145 7951.193 8908.716
8380.542 7882.1934 8306.072 8524.336 8540.076 8525.672 8535.46 8608.78 8697.582 8473.764 8466.362 8341.676 8388.288 8459.344 8473.898 8383.396 8859.908 8774.249 8970.0 8973.992 9156.926 9441.578 9264.66 9190.876 9335.751 9168.028 9192.671 9645.545 10626.264 10719.404 10950.98 11623.897 12258.151 12427.521 12058.02 11839.295 12218.072 12777.828 12796.837 12564.854 11695.543 11522.439 11230.138 9671.519 9639.053 9370.876 9819.057 9670.693 9280.207 8181.622 8433.144 7632.424 8249.487 8443.134 8981.4 8574.238 8576.677 8619.796 8529.798 8262.155
8424.16 8410.916 8442.583 8502.197 8447.455 8601.923 8015.6743 8568.154 8701.603 8484.647 8430.67 8496.725 8558.266 9064.663 8898.406 9391.158 9565.031 9122.251 9336.575 9308.359 9330.382 9570.674 9264.242 9453.841 8996.189 9101.666 9386.002 10913.848 10839.562 10566.823 11019.685 11806.139 11915.982 12848.854 12166.0625 12172.09 12679.215 12565.886 11783.926 12463.637 11865.566 12095.809 11059.531 10021.08 7527.289 9134.415 8842.869 9113.113 7668.313 7639.1553 7699.14 7758.298 8024.3027 8925.119 8845.555 8480.635 9082.771 8872.635 8743.062 8807.396
8439.218 8476.283 8474.717 8515.453 8697.483 8694.729 8630.261 8672.353 8697.871 8528.197 8435.76 9114.919 9192.582 9188.168 9547.02 10257.93 10258.52 10453.906 10306.709 9540.62 9648.141 9590.759 8769.93 9398.325 9574.971 9757.311 9444.655 10821.815 11051.002 11393.959 11410.835 11948.994 12550.602 12617.016 12313.141 12082.649 13340.708 14222.524 12875.25 12086.34 12082.582 11993.967 10530.969 9177.851 8280.344 7691.7095 7270.503 7595.972 7503.8164 8100.7407 7988.022 7935.2734 7630.2686 8558.547 9266.233 8736.21 9344.4 8726.703 8218.159 8821.965
8414.504 8497.711 8479.482 8564.03 8698.947 8824.35 8803.022 8775.61 8750.08 8783.527 8506.2295 9262.248 9675.603 10103.663 9654.453 10467.881 10661.793 10422.096 10237.383 10029.457 10172.319 10346.383 10125.906 10336.725 9757.426 9860.096 10761.675 10368.361 11405.3955 12225.416 11769.436 12114.207 11806.534 12356.698 12459.627 12852.185 13776.15 13659.155 13300.861 13204.19 14170.249 13828.99 10686.053 8526.836 7689.9805 7722.552 7814.088 7656.6377 8066.6865 8692.371 7811.6772 8227.8 8061.1577 8852.594 9447.514 8569.548 9707.887 9266.975 8051.3013 10627.367
8298.068 8360.211 8453.023 8644.855 8685.77 8895.715 8848.435 8891.186 9612.286 9487.199 8636.732 9285.911 10203.519 10330.088 11039.197 10423.674 10568.788 10766.372 9741.867 11404.887 11319.33 10794.6045 10710.1 10737.923 9931.678 10742.807 11564.943 11222.771 12178.08 12099.466 11651.029 12214.086 12138.941 12533.077 12929.674 13707.23 13997.176 13708.762 13297.65 13145.898 12931.122 11472.247 10437.416 9117.802 8798.598 7805.744 8212.955 7901.3833 7947.107 7522.9546 7642.0522 7938.1113 8559.447 8765.767 8746.554 9128.625 9792.319 9537.9 8871.059 -999999.0
8164.282 7986.939 8409.447 8625.32 8680.73 8827.642 8957.166 9524.394 9537.887 9390.672 9184.799 9822.804 10376.002 11133.791 11171.855 10442.989 10579.461 11385.475 10707.009 11541.774 11866.266 11562.259 10791.328 10353.122 10446.99 11502.402 11425.651 12259.238 13047.82 12176.164 11837.501 12009.789 12617.417 13063.198 13215.154 13718.133 13794.115 13568.292 13121.343 12719.271 12225.837 10695.508 10333.678 9319.764 9170.513 7794.5557 7693.194 7982.756 7595.048 7375.693 7605.7227 8025.2354 7774.4727 8350.669 8820.667 9617.343 9945.515 9683.842 -999999.0 -999999.0
8228.208 8272.135 8528.821 8595.042 8706.834 8688.691 8869.024 9686.667 9755.754 10058.279 9564.512 9728.636 10748.811 11060.431 11598.267 10761.399 12113.209 12073.886 11371.559 11626.9795 12042.936 11801.179 11444.195 10106.616 10797.788 11947.229 11617.821 13049.972 13661.222 13272.83 11684.744 11617.708 12646.777 13021.483 13423.3 13628.994 13687.881 13919.756 13880.66 12124.252 11204.834 10418.67 10302.947 9030.311 9204.221 7814.47 7769.136 7816.5464 7907.9277 7241.3076 7484.652 7597.5654 8478.304 8494.726 8751.2 10274.139 9659.035 -999999.0 -999999.0 -999999.0
8488.489 8357.363 8537.178 8701.335 8735.226 8248.757 9715.153 10118.9375 10298.856 9959.469 10257.306 10769.533 11380.203 11155.477 11408.373 12184.297 12576.431 12565.0205 11991.107 12412.919 12490.561 11789.266 12308.808 11536.4795 12234.722 12526.298 12689.741 13480.643 13826.6 13479.486 11766.689 11821.392 13041.734 12822.829 13178.223 14214.118 14282.906 14005.774 13589.267 12708.225 11492.603 11062.205 11398.246 9857.928 9509.01 7699.845 7732.3423 8439.922 8318.677 7381.546 7135.7197 7466.469 9035.767 9123.158 8590.6455 9544.239 9687.256 11782.211 -999999.0 -999999.0
