data/TNO-HT-ATES/HT-ATES_ooz2/ooz2__temperature_basecase_80-45-40.asc
ncols  140
nrows  163
xllcorner  0.0
yllcorner  300000.0
cellsize  2000.0
NODATA_value  -999999.0
[rows 54 to 80 of 163, columns 60 to 119 of 140]
23.564383 23.863407 24.163088 24.289606 24.20861 -999999.0 -999999.0 23.449715 23.180243 22.921747 22.75068 22.530294 22.19383 22.199749 22.347286 22.24978 21.944864 21.868021 21.888937 21.900019 21.884445 21.705568 21.45253 21.187757 20.877668 20.802465 20.758335 20.624105 20.206642 19.704624 19.287659 18.927135 18.59003 18.32647 18.054462 17.918625 17.569262 17.230711 16.965134 16.6153 16.161327 15.996428 16.000792 15.8927 15.713206 15.283764 14.6578455 14.075237 13.734959 13.385062 13.102272 13.014422 13.195633 13.310693 13.255296 13.004377 12.634497 12.244585 11.951902 11.682239
23.472517 23.846941 24.126156 24.154387 23.99882 23.817192 23.43084 23.265501 23.116535 22.910772 22.843092 22.80235 22.403566 21.885809 21.85328 22.110626 22.080595 21.86528 21.841496 21.830019 21.732172 21.506287 21.343163 21.14073 20.891634 20.746918 20.608694 20.35505 19.949137 19.573027 19.245218 18.869665 18.539322 18.210653 18.034002 18.050484 17.755695 17.4572 17.175224 16.9496 16.56931 16.25041 16.090092 15.952227 15.832355 15.345942 14.643359 14.124162 13.823701 13.4821615 13.173402 12.978128 13.072452 12.824503 12.638005 12.492766 12.206475 11.893598 11.62922 11.423677
23.236525 23.686958 23.987368 24.04753 23.768148 23.631138 23.413774 23.20791 23.063204 22.801716 22.548397 22.482824 22.431187 21.772701 21.549992 21.657225 21.856508 21.873648 22.00263 21.812096 21.548113 21.32331 21.2219 21.194704 21.025358 20.812935 20.60682 20.238195 19.840954 19.48854 19.101858 18.799994 18.435553 18.125633 17.997326 18.06176 17.913923 17.6508 17.484869 17.296402 16.886515 16.563023 16.267475 16.016897 15.764502 15.205759 14.572508 14.120753 13.810935 13.551156 13.297282 12.883041 12.622647 12.35889 12.103449 11.9472885 11.699947 11.46025 11.22914 11.036085
23.105429 23.462128 23.844534 23.965149 23.641846 23.308407 23.153463 23.187687 23.021358 22.716078 22.369844 22.117064 22.054401 21.77493 21.570023 21.465254 21.656134 21.940155 22.068426 21.984047 21.727226 21.427202 21.28577 21.439407 21.4311 21.111542 20.666908 20.319693 19.975658 19.622864 19.175676 18.786968 18.443716 18.224655 18.06993 18.03423 17.964909 17.81902 17.728283 17.478653 17.085772 16.768108 16.371454 15.920844 15.457306 14.870117 14.305231 13.941918 13.761052 13.59588 13.298491 12.807967 12.226944 12.057853 11.865427 11.612094 11.318598 11.010786 10.790349 10.635662
23.162981 23.369799 23.62471 23.822147 23.675755 23.21981 23.001574 22.90948 22.736765 22.523418 22.368902 22.130226 21.950836 21.733606 21.689802 21.63492 21.749838 21.822832 22.06005 22.2775 22.078642 21.88484 21.659689 21.577114 21.358088 21.057095 20.592602 20.289783 20.057325 19.808613 19.343239 19.006664 18.557648 18.144686 18.031013 17.907671 17.799976 17.720768 17.579712 17.413345 16.988613 16.569977 16.142471 15.6002245 15.075299 14.5392275 13.938235 13.810105 13.79747 13.598504 13.147804 12.635533 11.974093 11.922515 11.64652 11.420565 11.071459 10.701869 10.545096 10.604291
23.247797 23.276785 23.39185 23.474075 23.525877 23.29638 22.95417 22.689695 22.560146 22.477392 22.244564 22.139978 22.015524 21.879934 21.751139 21.678524 21.718033 21.668947 21.667585 21.801592 21.926607 21.609018 21.41042 21.3565 21.097946 20.745491 20.445738 20.292309 20.154808 19.909609 19.5229 19.117456 18.628944 18.155888 18.031286 17.835022 17.695412 17.55672 17.41473 17.220081 16.739273 16.244717 15.743459 15.196719 14.704989 14.273185 13.836197 13.625369 13.918908 13.605189 13.0965805 12.620766 12.085776 11.790813 11.481714 11.169376 10.913528 10.579704 10.507875 10.609595
23.105326 23.208527 23.220875 23.120703 23.107176 23.186811 22.90319 -999999.0 -999999.0 22.451283 22.222343 22.114191 22.089941 22.098158 21.977617 21.862246 21.694115 21.646704 21.5328 21.376564 21.39563 21.262106 21.087822 20.969528 20.814367 20.49164 20.187187 20.207438 20.1999 19.91694 19.507729 19.177935 18.817217 18.53751 18.366064 18.03917 17.711042 17.431463 17.218836 16.954067 16.395752 15.859459 15.449764 14.94387 14.495222 14.151261 13.85307 13.793124 13.914214 13.533185 13.0955925 12.693987 12.160338 11.845247 11.56771 11.188251 10.909386 10.659918 10.663387 10.686153
23.015942 23.165382 23.155863 22.937208 22.844666 22.82366 22.729753 22.568094 22.381355 22.368332 22.269793 22.20715 22.169796 22.195803 22.139948 22.014843 21.816198 21.803751 21.559387 21.310452 21.256948 21.289015 20.97364 20.701723 20.580893 20.336893 20.071005 20.18332 20.190763 19.826155 19.415916 19.237516 19.061611 18.776798 18.332272 17.970484 17.611317 17.346725 16.985477 16.600391 16.022686 15.534012 15.09548 14.692693 14.303376 14.0648155 14.158506 13.835399 13.750341 13.406543 13.02484 12.591805 12.062133 11.877923 11.62654 11.221375 10.899406 10.721866 10.652205 10.596705
23.08799 23.005007 22.930212 22.792065 22.674692 22.561312 22.497986 22.308329 22.190248 22.254774 22.277277 22.287155 22.289888 22.213976 22.0773 22.030174 22.008812 22.040546 21.83001 21.47666 21.29616 21.249075 20.88405 20.605873 20.56772 20.46701 20.318462 20.113102 20.113379 19.759415 19.425385 19.309622 19.330515 19.269913 18.566694 17.809032 17.319359 17.13882 16.707916 16.19968 16.100222 15.629017 15.131417 14.671926 14.179921 13.930231 13.916398 13.494957 13.274407 12.95994 12.553669 12.114166 11.776002 11.922617 11.7126875 11.261592 10.8345995 10.749634 10.389261 9.940035
23.370703 23.094921 22.764322 22.560883 22.457289 22.358047 22.215673 22.08946 22.034834 22.075325 22.072145 22.08484 22.184055 22.191278 22.12163 22.087847 22.2284 22.330952 22.142464 21.751593 21.389656 21.214634 20.84521 20.698202 20.982859 20.929426 20.543045 20.334326 20.139198 19.811049 19.560572 19.52058 19.534986 19.52173 18.95821 18.01461 17.274696 16.844347 16.449396 15.938659 15.8385105 15.616294 15.252062 14.663408 14.108862 13.567561 13.188708 12.837256 12.641742 12.477283 12.20596 11.871192 11.64978 12.138561 11.725878 11.154347 10.610196 10.503892 10.243905 9.675767
23.007689 22.943493 22.758757 22.632086 22.385206 22.2808 22.147612 21.967354 21.877327 21.832626 21.791973 21.798704 21.858398 21.87657 21.893108 22.011375 22.253532 22.502298 22.384333 22.085993 21.785057 21.574638 21.272127 21.041084 21.07717 20.88871 20.549309 20.348728 20.0741 19.762354 19.36658 19.06667 18.741594 19.299845 18.656229 18.019644 17.449545 16.827932 16.350431 15.894871 15.655143 15.368753 14.936412 14.357159 13.768709 13.170251 12.599452 12.113571 11.981552 11.980656 11.972011 11.850775 11.982714 12.131165 11.601468 11.109284 10.656252 10.326282 10.011388 9.705863
22.322042 22.341728 22.432465 22.442455 22.34361 22.238485 22.030758 21.890972 21.783873 21.743975 21.650295 21.654472 21.70163 21.717678 21.697376 21.702232 21.911417 22.286552 22.393791 22.207544 21.972986 21.737076 21.466454 21.239689 21.080368 20.891678 20.638414 20.355114 20.087301 19.771252 19.378492 18.93098 18.49992 18.17606 18.001938 17.656572 17.298618 16.8246 16.3015 15.789738 15.441498 15.11298 14.6733675 14.028371 13.386644 12.795206 12.237472 11.856014 11.713143 11.716881 11.776591 11.742733 11.793391 11.591914 11.41146 11.054315 10.685711 10.254257 9.806646 9.546982
22.038433 21.937128 21.965403 21.955992 21.91032 21.959974 21.939337 21.894913 21.827227 21.860464 21.77633 21.688625 21.790525 21.789036 21.720516 21.66861 21.7754 21.914001 21.998922 22.112528 22.032707 21.799683 21.661587 21.501368 21.251125 21.054186 20.813103 20.465073 20.244892 19.999193 19.623985 19.084969 18.533306 18.155113 17.80626 17.402472 16.981682 16.723429 16.345274 15.803763 15.418604 15.015512 14.626874 14.081269 13.501644 12.928466 12.11612 11.833497 11.646492 11.576342 11.623968 11.655774 11.704467 11.526921 11.452349 11.191434 10.239161 9.732607 9.66532 9.593135
21.75988 21.787092 21.784988 21.678116 21.611141 21.584198 21.613354 21.702633 21.731203 21.842018 21.921432 21.914616 21.852615 21.768785 21.796707 21.758278 21.677984 21.698582 21.739782 21.793024 21.76223 21.692833 21.745173 21.69494 21.493246 21.161394 20.818491 20.559444 20.286713 20.020584 19.627472 19.116993 18.658255 18.254946 17.797798 17.283012 16.807095 16.647621 16.402628 15.881832 15.409284 15.037612 14.508261 13.790354 13.20484 12.633146 12.167564 11.829676 11.775544 11.501709 11.476846 11.504901 11.541133 11.397638 11.257425 10.653198 -999999.0 9.64671 9.707951 9.455192
21.482334 21.455715 21.499693 21.46374 21.437902 21.370882 21.38752 21.529112 21.62805 21.70123 21.83842 22.055338 22.038754 21.876978 21.865196 21.833866 21.74413 21.698532 21.723684 21.644032 21.5458 21.698372 21.805618 21.716177 21.617638 21.4537 21.08278 20.727545 20.307375 19.911366 19.492794 19.065985 18.714262 18.367287 17.792196 17.143377 16.591986 16.37575 16.22288 15.962539 15.439697 14.867393 14.228748 13.389598 12.637484 12.197396 11.835988 11.496333 11.599075 11.4817295 11.20607 11.281169 11.281829 10.844395 10.601942 10.241301 9.782242 -999999.0 9.840456 9.372495
21.204283 21.151917 21.189686 21.258137 21.254253 21.261814 21.324425 21.350471 21.408482 21.558647 21.68814 21.862555 21.952717 21.887415 21.794197 21.69289 21.70419 21.832157 21.818073 21.542177 21.399155 21.570982 21.885426 21.953629 21.864542 21.778585 21.330074 20.806726 20.302408 19.835236 19.373358 19.12084 18.720543 18.299831 17.777374 17.069319 16.42803 16.039957 15.9426565 15.841432 15.523381 15.0718355 14.120107 12.968373 12.36475 11.961842 11.55807 11.376659 11.399276 11.250989 10.968531 10.996054 10.951701 10.861012 10.457646 10.255565 9.86933 9.758476 9.521804 9.278591
20.984442 21.004414 20.998993 21.005564 21.014523 21.12305 21.184841 21.151323 21.217804 21.256962 21.33614 21.568727 21.728731 21.685986 21.59908 21.519411 21.48088 21.601877 21.76451 21.458853 21.218315 21.274506 21.519112 21.874308 22.150131 22.036602 21.32352 20.696636 20.180338 19.745312 19.22391 18.885313 18.387154 18.02428 17.704443 17.175163 16.625917 16.11746 15.754781 15.398493 15.342281 15.077804 14.353806 13.300693 12.624043 12.077492 11.5828085 11.319282 11.255529 11.047597 10.701736 10.754519 10.651992 10.630738 10.479571 10.053232 9.857231 9.824545 9.432933 8.980274
20.844353 20.886545 20.874033 20.75332 20.740993 20.706345 20.684727 20.672865 20.921638 20.910812 20.869158 20.994066 21.290491 21.419674 21.3595 21.381468 21.386723 21.41993 21.563046 21.485624 21.072575 20.94329 21.033794 21.211094 21.45252 21.436306 21.042763 20.57073 20.161718 19.7752 19.277615 18.749165 18.234205 17.749125 17.4709 17.155842 16.72531 16.40153 15.896304 15.136639 14.509113 14.129313 14.322174 13.5182085 12.79756 12.254115 11.71425 11.273567 10.95466 10.661013 10.529125 10.609663 10.388104 10.298005 10.224931 9.907781 9.704975 9.561765 9.125228 8.897055
20.723267 20.836212 20.844906 20.6783 20.588905 20.430365 20.201437 20.178604 20.37009 20.525793 20.556496 20.618952 20.937508 21.200415 21.19698 21.196205 21.238605 21.35871 21.394703 21.377373 21.040756 20.599415 20.59549 20.737312 20.817442 20.91302 20.752714 20.516424 20.20047 19.787933 19.303055 18.850943 18.441666 17.901878 17.504301 17.143816 16.835632 16.606693 16.157515 15.280838 14.39146 13.6439905 13.371993 13.228839 12.731534 12.3109665 11.713632 11.192957 10.76808 10.6442795 10.5007715 10.740332 10.417606 9.866774 10.13643 10.119228 9.720818 9.37464 8.883808 8.350543
20.708921 20.796955 20.744064 20.654936 20.654345 20.430246 20.126308 19.986923 20.200933 20.37644 20.681068 20.60238 20.666477 20.924644 21.053381 21.020344 21.085785 21.113667 21.059692 20.986938 20.785107 20.365873 20.221653 20.199997 20.288527 20.67171 20.783228 20.734928 20.560507 20.14806 19.636263 19.174013 18.740562 18.221561 17.736958 17.287703 16.895649 16.659155 16.381218 15.615363 14.55233 13.683154 13.298422 13.004198 12.775571 12.562737 11.933106 11.165758 11.014607 10.729093 10.539391 11.425669 10.8219795 10.101245 9.988296 10.273807 10.432968 9.033013 8.750623 8.316298
20.560703 20.659601 20.587763 20.568222 20.613693 20.389566 20.058681 19.900703 20.114702 20.426676 20.566952 20.652308 20.603916 20.667347 20.725618 20.860737 20.867737 20.778461 20.651295 20.479082 20.363161 20.292349 20.157423 20.004099 19.971954 20.15479 20.436552 20.588564 20.411522 20.14512 19.764578 19.290356 18.833723 18.333376 17.845457 17.328613 16.905596 16.600786 16.47727 15.816219 14.917728 14.098475 13.592305 13.243694 12.834691 12.363297 11.783147 11.56831 11.387098 11.423421 11.183522 11.23542 10.614454 9.913445 9.88146 9.972035 9.801136 9.12205 8.66334 8.323357
20.328886 20.404015 20.457499 20.53 20.392372 20.048315 19.658875 19.692703 19.926128 20.137922 20.31707 20.397469 20.4319 20.46224 20.473152 20.547794 20.469767 20.331371 20.178022 20.057182 19.972542 20.051674 20.160454 20.156889 20.105179 19.950623 20.068733 20.29835 20.117031 19.85295 19.697514 19.342438 18.893456 18.470661 18.099415 17.484762 16.796816 16.29009 16.169378 15.840954 15.146096 14.510698 13.83503 13.444515 13.250201 12.6825 12.134879 11.752175 11.407958 11.229243 11.125427 10.948526 10.3748865 9.827554 9.6358595 9.685504 9.492032 9.116413 8.632376 8.255558
20.196909 20.319588 20.409758 20.276112 20.13223 19.898994 19.612768 19.597147 19.66116 19.869692 19.991293 19.994467 20.020548 20.08572 20.174576 20.144373 19.86652 19.641905 19.575335 19.56204 19.628813 19.55342 19.707582 19.819883 19.85612 19.835741 19.953426 19.942083 19.902576 19.788536 19.626923 19.367044 18.994686 18.702585 18.403038 17.610147 16.886724 16.220783 15.970652 15.626702 15.030007 14.48798 14.088238 13.659156 13.09979 12.469692 12.134286 11.863317 11.431196 11.119098 10.979284 10.637853 10.223692 9.762901 9.395216 9.621069 9.484168 8.980116 8.935174 8.131516
20.11718 20.255987 20.234762 20.130808 19.918442 19.73934 19.566513 19.458664 19.462866 19.62704 19.754139 19.705482 19.627405 19.67233 19.731855 19.545948 19.150272 19.083483 19.20263 19.17092 19.162836 19.013523 19.148745 19.259275 19.274775 19.334536 19.45478 19.53802 19.591682 19.65234 19.48502 19.27648 19.000668 18.718681 18.243708 17.544098 16.991968 16.307207 15.891017 15.433074 15.050352 14.888079 14.327334 13.934619 13.516838 12.770946 12.248991 11.703272 11.290974 11.086632 10.885157 10.445421 10.172569 9.846849 9.524339 9.4968 9.2696495 9.017027 8.581356 -999999.0
19.952297 20.024267 19.935564 19.862644 19.743937 19.425108 19.381323 19.375826 19.431234 19.480814 19.487967 19.338665 19.406672 19.45528 19.287416 18.922525 18.602486 18.565342 18.82515 18.945717 18.934282 18.904139 18.96501 18.910929 18.904428 18.99444 19.069246 19.126335 19.199644 19.166342 19.016573 18.785072 18.564878 18.324772 17.989964 17.560558 17.000158 16.4169 16.129995 15.753847 15.46808 15.321811 14.640654 14.1766405 13.578736 12.846372 12.170587 11.663589 10.8490095 10.708715 10.6865 10.355721 10.170457 9.88709 9.52106 9.255488 8.989569 8.766491 -999999.0 -999999.0
20.387253 19.78893 19.833307 19.829855 19.786503 19.447866 19.332827 19.3738 19.283525 19.265738 19.298279 19.321726 19.282816 19.072681 18.6747 18.266733 18.261805 18.329214 18.36177 18.50639 18.690744 18.714485 18.754856 18.59256 18.573997 18.6332 18.699472 18.794254 18.788565 18.761883 18.675234 18.462372 18.25476 18.059875 17.871706 17.514793 17.02268 16.430637 15.954326 15.632743 15.4625 15.548502 14.893935 14.295518 13.595893 12.94448 12.160485 11.432847 10.579629 10.340824 10.376337 10.138209 10.131228 9.9056015 9.353601 8.9952 8.867734 -999999.0 -999999.0 -999999.0
20.596207 20.795752 19.905647 19.858133 19.78262 19.490547 19.143026 18.963234 19.06399 19.019464 18.886932 18.896584 18.757387 18.482594 18.001764 17.788786 17.94481 18.195639 18.266983 18.241316 18.234192 18.220192 18.226633 18.235626 18.220592 18.274042 18.49116 18.641142 18.492188 18.39247 18.328903 18.164272 17.998299 17.776957 17.547035 17.208525 16.877052 16.409678 16.114092 15.856468 15.457074 15.284864 14.670237 14.054061 13.474905 12.926103 12.291583 11.254906 10.37425 10.0288315 10.032051 10.043027 9.662997 9.63201 9.092587 8.899513 8.816367 8.627963 -999999.0 -999999.0
