data/TNO-HT-ATES/HT-ATES_ooz2/ooz2__temp_start_prod_P50_basecase_80-45-40.asc
ncols  140
nrows  163
xllcorner  0.0
yllcorner  300000.0
cellsize  2000.0
NODATA_value  -999999.0
[rows 56 to 83 of 163, columns 63 to 125 of 140]
78.695915 77.32741 75.345924 74.84926 75.19423 75.994736 76.46124 76.91517 77.47148 78.119026 78.75947 79.13624 79.351555 79.45681 79.510895 79.54862 79.56926 79.60331 79.59808 79.60455 79.600914 79.5884 79.56612 79.51998 79.46979 79.432495 79.36067 79.260345 79.126976 78.90775 79.04918 79.27899 79.43033 79.54178 79.61786 79.683975 79.71365 79.71661 79.67547 79.70336 79.70408 79.676575 79.69094 79.73265 79.698814 79.59611 79.51099 79.42794 0.0 0.0 0.0 0.0 0.0 0.0 0.0 0.0 0.0 0.0 0.0 0.0 -999999.0 -999999.0 -999999.0
78.95207 78.3321 77.559555 77.30432 77.544014 77.08486 76.959404 76.92613 76.81807 77.27159 78.29421 78.847305 79.156746 79.350044 79.464005 79.51296 79.543175 79.56349 79.56398 79.56918 79.57426 79.56709 79.5403 79.497185 79.44972 79.36051 79.26709 79.145584 79.01814 78.846725 79.030525 79.28598 79.44436 79.542 79.589615 79.62958 79.66607 79.634735 79.60869 79.621124 79.62201 79.64696 79.66556 79.71032 79.69175 79.66774 79.59335 0.0 0.0 0.0 0.0 0.0 0.0 0.0 0.0 0.0 0.0 0.0 0.0 0.0 -999999.0 -999999.0 -999999.0
79.048515 78.65949 78.19079 77.74332 77.388794 76.28619 76.06857 75.92476 75.62681 76.26193 77.79464 78.57182 78.95335 79.241035 79.37813 79.46298 79.50251 79.51979 79.51774 79.53188 79.53729 79.53792 79.497116 79.417404 79.35295 79.29694 79.2297 79.12623 79.083305 79.05516 79.19829 79.35377 79.48256 79.55719 79.59284 79.61928 79.64608 79.60749 79.562546 79.57223 79.56917 79.59513 79.645905 79.67585 79.69068 0.0 0.0 0.0 0.0 0.0 0.0 0.0 0.0 0.0 0.0 0.0 0.0 0.0 0.0 0.0 -999999.0 -999999.0 -999999.0
79.15045 78.834 78.44626 77.30755 73.83917 0.0 0.0 73.28319 74.36197 76.15796 77.77526 78.33399 78.78673 79.141785 79.310165 79.39112 79.43691 79.4659 79.4803 79.49457 79.51582 79.51566 79.46687 79.310844 79.22377 79.21858 79.194496 79.20274 79.22273 79.28827 79.38002 79.447914 79.52519 79.57725 79.60287 79.620285 79.65199 79.63147 79.59863 79.56925 79.58248 79.57594 79.55268 79.56489 0.0 0.0 0.0 0.0 0.0 0.0 0.0 0.0 0.0 0.0 0.0 0.0 0.0 0.0 0.0 -999999.0 -999999.0 -999999.0 -999999.0
79.23212 78.85739 78.535934 76.66407 -999999.0 -999999.0 0.0 0.0 74.84959 76.58813 77.830345 78.21247 78.62094 78.96581 79.23911 79.32193 79.35257 79.39732 79.43836 79.49636 79.499214 79.51871 79.52222 79.40471 79.10886 79.05427 79.22641 79.31264 79.37372 79.43093 79.486305 79.529434 79.55964 79.59426 79.60296 79.61612 79.65784 79.673195 79.665764 79.62884 79.55561 79.56187 79.53065 79.538704 0.0 0.0 0.0 0.0 0.0 0.0 0.0 0.0 0.0 0.0 0.0 0.0 0.0 0.0 0.0 -999999.0 -999999.0 -999999.0 -999999.0
79.204956 78.82089 78.39279 76.964096 0.0 0.0 72.40545 75.65594 77.1246 77.8086 78.16146 78.19517 78.473595 78.82214 79.0402 79.17021 79.23839 79.29894 79.370155 79.43164 79.472275 79.49936 79.52918 79.52185 79.21246 79.17942 79.3517 79.44035 79.52228 79.57175 79.602325 79.59896 79.61142 79.608765 79.606094 79.61625 79.64073 79.68941 79.67176 79.6103 79.569305 79.54127 79.6466 79.62727 0.0 0.0 0.0 0.0 0.0 0.0 0.0 0.0 0.0 0.0 0.0 0.0 0.0 0.0 0.0 -999999.0 -999999.0 -999999.0 -999999.0
79.15654 78.91728 78.56594 77.68735 75.828575 76.1855 77.37646 78.0334 78.33656 78.630165 78.39611 78.180725 78.29182 78.67038 78.778435 78.91585 79.1021 79.16746 79.283745 79.36168 79.435 79.50776 79.5316 79.60012 79.420395 79.42059 79.52017 79.568214 79.63531 79.693794 79.694626 79.65606 79.65177 79.621925 79.58767 79.56974 79.57202 79.57935 79.56905 79.50254 79.46406 79.44464 79.47692 79.487854 0.0 0.0 0.0 0.0 0.0 0.0 0.0 0.0 0.0 0.0 0.0 0.0 0.0 0.0 0.0 -999999.0 -999999.0 -999999.0 -999999.0
79.16396 79.07909 78.83813 78.45068 77.84578 77.83027 78.19703 78.49201 78.657364 78.76398 78.60373 78.34511 78.313736 78.50451 78.626686 78.748436 78.910545 79.04047 79.19478 79.314316 79.41033 79.51021 79.57484 79.61406 79.59802 79.607185 79.653854 79.65297 79.707596 79.74119 79.74532 79.697075 79.66902 79.635216 79.57278 79.52674 79.53294 79.48227 79.289444 79.20142 79.22782 79.28769 79.28014 79.23546 0.0 0.0 0.0 0.0 0.0 0.0 0.0 0.0 0.0 0.0 0.0 0.0 0.0 0.0 0.0 0.0 -999999.0 -999999.0 -999999.0
79.26673 79.26821 79.09158 78.86152 78.64871 78.369 78.355576 78.459724 78.53781 78.58625 78.57882 78.53806 78.48872 78.432724 78.46747 78.60513 78.79887 78.939964 79.12785 79.28551 79.42227 79.53043 79.59517 79.61909 79.6252 79.58998 79.594795 79.63317 79.69539 79.74541 79.7611 79.729485 79.692604 79.64303 79.580475 79.51995 79.50916 79.425354 79.13667 78.966034 79.06665 79.090454 79.02489 0.0 0.0 0.0 0.0 0.0 0.0 0.0 0.0 0.0 0.0 0.0 0.0 0.0 0.0 0.0 0.0 0.0 0.0 -999999.0 0.0
79.36949 79.371346 79.26012 79.103424 79.02658 78.79911 78.62672 78.630325 78.55555 78.37734 78.55559 78.63446 78.58604 78.36098 78.40041 78.2858 78.61446 78.84452 79.06381 79.259605 79.4347 79.570076 79.639465 79.64414 79.63461 79.586174 79.55439 79.62445 79.6743 79.71118 79.76098 79.73118 79.69672 79.64815 79.59494 79.54416 79.52767 79.462845 79.27795 79.20722 79.02786 79.00588 0.0 0.0 0.0 0.0 0.0 0.0 0.0 0.0 0.0 0.0 0.0 0.0 0.0 0.0 0.0 0.0 0.0 0.0 -999999.0 -999999.0 -999999.0
79.311745 79.38239 79.31393 79.221855 79.09099 79.065994 78.92326 78.83052 78.793365 78.750114 78.66721 78.58594 78.3864 77.9531 77.433105 77.31561 77.92815 78.59088 78.97527 79.23592 79.42638 79.57971 79.658875 79.67715 79.64549 79.522285 79.440285 79.57135 79.647835 79.68165 79.73191 79.72316 79.67593 79.6541 79.6012 79.57082 79.5222 79.46519 79.3769 79.370514 79.36001 79.37576 0.0 0.0 0.0 0.0 0.0 0.0 0.0 0.0 0.0 0.0 0.0 0.0 0.0 0.0 0.0 0.0 0.0 0.0 -999999.0 -999999.0 -999999.0
79.28697 79.314896 79.26557 79.21522 79.20832 79.18985 79.19012 79.07092 78.96772 78.88325 78.7282 78.54889 78.1004 76.99954 74.51239 74.38831 76.580795 78.19949 78.87026 79.211876 79.410774 79.55599 79.67124 79.73386 79.6643 79.57938 79.52025 79.58345 79.64077 79.652824 79.70249 79.700226 79.664085 79.662 79.6053 79.579994 79.52863 79.45436 79.43098 79.389984 79.38702 0.0 0.0 0.0 0.0 0.0 0.0 0.0 0.0 0.0 0.0 0.0 0.0 -999999.0 0.0 0.0 0.0 0.0 0.0 0.0 -999999.0 -999999.0 -999999.0
79.22427 79.2536 79.294464 79.26917 79.24899 79.273415 79.29938 79.2148 79.07978 78.94084 78.78188 78.44991 77.83317 75.941246 0.0 0.0 75.236275 78.09708 78.832466 79.13839 79.306885 79.505196 79.61398 79.68902 79.64729 79.614365 79.57927 79.59807 79.64328 79.63689 79.68904 79.68077 79.67373 79.6575 79.61585 79.5908 79.53235 79.46732 79.40101 79.32998 79.26922 0.0 0.0 0.0 0.0 0.0 0.0 0.0 0.0 0.0 0.0 0.0 0.0 0.0 -999999.0 0.0 0.0 0.0 0.0 0.0 -999999.0 -999999.0 -999999.0
79.179085 79.29081 79.35496 79.33831 79.3271 79.39193 79.37856 79.35571 79.21953 79.0635 78.84561 78.38676 77.68898 76.11737 72.82798 0.0 76.544 78.361336 78.88727 79.07728 79.26821 79.29628 79.4342 79.551384 79.58724 79.58905 79.58331 79.59646 79.62706 79.62943 79.639015 79.641785 79.65918 79.599304 79.571434 79.540535 79.501114 79.48125 79.38964 79.3924 0.0 0.0 0.0 0.0 0.0 0.0 0.0 0.0 0.0 0.0 0.0 0.0 0.0 0.0 0.0 0.0 0.0 0.0 0.0 -999999.0 -999999.0 -999999.0 -999999.0
79.19681 79.370384 79.433136 79.43988 79.426506 79.44939 79.480286 79.47187 79.369484 79.23002 78.96157 78.53566 77.95532 77.318794 77.25597 77.443115 78.17384 78.78976 79.06801 79.30563 79.2325 78.99763 78.904976 79.409065 79.55417 79.60804 79.615715 79.60557 79.602165 79.617615 79.61819 79.624466 79.63581 79.57654 79.5176 79.44523 79.27108 79.51548 79.568306 79.544846 79.405624 0.0 0.0 0.0 0.0 0.0 0.0 0.0 0.0 0.0 0.0 0.0 0.0 0.0 0.0 0.0 0.0 0.0 0.0 -999999.0 -999999.0 -999999.0 -999999.0
79.243706 79.383415 79.45761 79.48259 79.505585 79.526855 79.54287 79.54184 79.459816 79.345955 79.0968 78.87187 78.65415 78.537315 78.62066 78.74673 78.89613 79.112335 79.31485 79.43922 79.382744 79.27912 79.2771 79.410416 79.533295 79.61392 79.62126 79.59877 79.60616 79.61654 79.614845 79.59571 79.52041 79.481094 79.42615 79.257195 79.08086 78.69208 78.542244 79.514786 79.45654 0.0 0.0 0.0 0.0 0.0 0.0 0.0 0.0 0.0 0.0 0.0 0.0 0.0 0.0 0.0 0.0 0.0 -999999.0 -999999.0 -999999.0 -999999.0 -999999.0
79.24872 79.398476 79.484665 79.53274 79.56333 79.584274 79.59664 79.57892 79.531784 79.41993 79.2815 79.111824 78.997635 78.95189 79.02362 79.12177 79.23594 79.35513 79.4245 79.58437 79.59027 79.54607 79.50252 79.511 79.56895 79.62251 79.63345 79.627304 79.58889 79.5642 79.56518 79.5506 79.48465 79.46453 79.40972 79.18758 78.82255 78.1511 77.77163 78.42378 78.686714 0.0 0.0 0.0 0.0 0.0 0.0 0.0 0.0 0.0 0.0 0.0 0.0 0.0 0.0 0.0 0.0 0.0 -999999.0 -999999.0 -999999.0 -999999.0 -999999.0
79.259995 79.4038 79.52169 79.56913 79.60621 79.62685 79.63436 79.63023 79.58169 79.514404 79.37106 79.2469 79.177536 79.250084 79.310425 79.351006 79.426025 79.50789 79.56731 79.66836 79.6837 79.67181 79.62322 79.61332 79.61388 79.61108 79.615974 79.617905 79.56931 79.57194 79.552376 79.52197 79.45215 79.463066 79.39028 79.19372 78.84109 78.13013 77.76656 78.13362 78.55885 78.33107 78.68198 0.0 0.0 0.0 0.0 0.0 0.0 0.0 0.0 0.0 0.0 0.0 0.0 0.0 0.0 0.0 -999999.0 -999999.0 -999999.0 -999999.0 -999999.0
79.28019 79.41167 79.5433 79.61841 79.66661 79.66263 79.681175 79.65586 79.622955 79.5639 79.45814 79.35533 79.302086 79.359695 79.411804 79.45447 79.51167 79.570724 79.61162 79.66012 79.70214 79.66745 79.64109 79.65149 79.64795 79.64292 79.62989 79.60211 79.594826 79.5492 79.558174 79.51421 79.50937 79.437485 79.40292 79.125435 79.109215 78.632454 78.24234 78.07497 78.1902 78.72383 0.0 0.0 0.0 0.0 0.0 0.0 0.0 0.0 0.0 0.0 0.0 0.0 0.0 0.0 0.0 0.0 -999999.0 -999999.0 -999999.0 -999999.0 -999999.0
79.29176 79.45147 79.58261 79.6512 79.69318 79.7043 79.70386 79.705444 79.65547 79.59501 79.54517 79.48313 79.40196 79.43665 79.49294 79.53347 79.54881 79.60051 79.59714 79.64684 79.66558 79.682976 79.667 79.682144 79.62507 79.61432 79.612305 79.59724 79.59171 79.580055 79.57726 79.5756 79.53711 79.480225 79.27731 79.27791 79.0561 78.99067 78.73018 78.7642 78.93908 79.258156 0.0 0.0 0.0 0.0 0.0 0.0 0.0 0.0 0.0 0.0 0.0 0.0 0.0 0.0 0.0 -999999.0 -999999.0 -999999.0 -999999.0 -999999.0 -999999.0
79.338196 79.49628 79.594246 79.66387 79.69906 79.71793 79.73313 79.72689 79.68893 79.664375 79.63331 79.57016 79.555176 79.55493 79.56457 79.58248 79.570496 79.59887 79.60306 79.62342 79.674545 79.651566 79.669785 79.67658 79.56116 79.598915 79.61071 79.60248 79.591034 79.51483 79.48559 79.52893 79.53029 79.42335 79.411476 79.41357 79.09783 78.61571 78.808556 79.193504 79.293076 77.989235 78.14199 0.0 0.0 0.0 0.0 0.0 0.0 0.0 0.0 0.0 0.0 0.0 0.0 0.0 0.0 -999999.0 -999999.0 -999999.0 -999999.0 -999999.0 -999999.0
79.38937 79.50007 79.590645 79.660095 79.7079 79.72211 79.73227 79.75259 79.72381 79.70358 79.69158 79.653694 79.61801 79.60507 79.59466 79.563225 79.579865 79.56318 79.56395 79.56957 79.624374 79.61102 79.64136 79.61732 79.65775 79.64473 79.64497 79.59713 79.59169 79.53328 79.45359 79.51188 79.47275 79.42153 79.49245 79.518456 79.38167 79.35477 79.46891 79.3513 79.098114 77.53039 78.35512 0.0 0.0 0.0 0.0 0.0 0.0 0.0 0.0 0.0 0.0 0.0 0.0 0.0 -999999.0 -999999.0 -999999.0 -999999.0 -999999.0 -999999.0 -999999.0
79.45067 79.526566 79.62868 79.6768 79.705696 79.72113 79.73937 79.74958 79.72684 79.72582 79.73775 79.70335 79.635925 79.60033 79.59318 79.54239 79.53066 79.52266 79.52495 79.51241 79.551796 79.55705 79.56641 79.57886 79.59895 79.60479 79.563736 79.590324 79.582405 79.54964 79.53659 79.53179 79.44925 79.49087 79.53094 79.579636 79.53283 79.56839 79.58938 79.42584 79.14405 78.86149 78.84686 0.0 0.0 0.0 0.0 0.0 0.0 0.0 0.0 0.0 0.0 0.0 0.0 -999999.0 -999999.0 -999999.0 -999999.0 -999999.0 -999999.0 -999999.0 -999999.0
79.4564 79.53183 79.601974 79.65128 79.67062 79.69848 79.69535 79.73578 79.73586 79.73101 79.70734 79.6795 79.65824 79.65089 79.57371 79.49402 79.496925 79.45011 79.46441 79.46555 79.49016 79.50955 79.51343 79.532974 79.50928 79.53776 79.53297 79.5266 79.50372 79.501564 79.49848 79.40995 79.4674 79.4857 79.49295 79.557 79.52768 79.56838 79.60704 79.42971 79.18446 79.12331 0.0 0.0 0.0 0.0 0.0 0.0 0.0 0.0 0.0 0.0 0.0 0.0 -999999.0 -999999.0 -999999.0 -999999.0 -999999.0 -999999.0 -999999.0 -999999.0 -999999.0
79.44498 79.520035 79.59795 79.645744 79.65333 79.64204 79.65344 79.65512 79.662155 79.68742 79.70065 79.704544 79.66806 79.641205 79.5599 79.469864 79.397545 79.35064 79.303406 79.46604 79.42412 79.45972 79.46054 79.4698 79.482895 79.4743 79.46618 79.435394 79.41649 79.40919 79.43862 79.36684 79.43139 79.45586 79.43821 79.42867 79.34311 79.383286 79.426254 79.37704 79.2017 79.190094 0.0 0.0 0.0 0.0 0.0 0.0 0.0 0.0 0.0 0.0 0.0 0.0 0.0 -999999.0 -999999.0 -999999.0 -999999.0 -999999.0 -999999.0 -999999.0 -999999.0
79.43822 79.50831 79.56211 79.59811 79.59809 79.60454 79.53628 79.46941 79.42743 79.530014 79.657166 79.71617 79.66151 79.57923 79.48171 79.35315 79.29246 79.16502 79.15983 79.36136 79.404106 79.40002 79.42086 79.43438 79.41429 79.43433 79.40249 79.28105 79.21316 79.19759 79.12408 79.3068 79.34888 79.382614 79.27606 79.252 79.029526 79.04591 79.169716 79.207985 79.292274 79.25615 79.124176 0.0 0.0 0.0 0.0 0.0 0.0 0.0 0.0 0.0 0.0 0.0 0.0 -999999.0 -999999.0 -999999.0 -999999.0 -999999.0 -999999.0 -999999.0 -999999.0
78.427605 79.495865 79.515465 79.54549 79.5697 79.55953 79.600716 79.305115 78.72473 79.244705 79.59631 79.69011 79.637505 79.50648 79.32501 79.15541 78.99143 78.946175 79.04974 79.12885 79.19465 79.31324 79.37486 79.40978 79.44717 79.30579 79.2842 79.07508 78.98483 78.95621 78.88512 79.18114 79.23898 79.23081 79.061714 78.97716 78.81839 78.23109 78.386345 78.9638 79.18881 79.126724 78.91769 0.0 0.0 0.0 0.0 0.0 0.0 0.0 0.0 0.0 0.0 0.0 -999999.0 -999999.0 -999999.0 -999999.0 -999999.0 -999999.0 -999999.0 -999999.0 -999999.0
77.295006 78.52879 79.28449 79.513245 79.54899 79.539635 79.64021 79.61508 79.16895 79.40924 79.548225 79.56734 79.424805 79.222244 78.95002 78.77841 78.66097 78.536385 78.72593 78.85941 78.991455 79.16545 79.37129 79.21958 79.2396 79.13155 78.91898 78.90085 78.86863 78.87689 78.877144 79.13231 79.20131 78.99886 78.91621 78.866585 79.01315 78.70446 76.535194 78.73683 78.63426 78.44706 0.0 0.0 0.0 0.0 0.0 0.0 0.0 0.0 0.0 0.0 -999999.0 -999999.0 -999999.0 -999999.0 -999999.0 -999999.0 -999999.0 -999999.0 -999999.0 -999999.0 -999999.0
