data/TNO-HT-ATES/HT-ATES_ooz2/ooz2__porosity_basecase_80-45-40.asc
ncols  140
nrows  163
xllcorner  0.0
yllcorner  300000.0
cellsize  2000.0
NODATA_value  -999999.0
[rows 27 to 53 of 163, columns 60 to 119 of 140]
0.36215007 0.3622 0.3624 0.3625 0.3624 0.3624 0.3623 -999999.0 -999999.0 -999999.0 -999999.0 -999999.0 -999999.0 -999999.0 -999999.0 -999999.0 -999999.0 -999999.0 -999999.0 -999999.0 -999999.0 -999999.0 -999999.0 -999999.0 -999999.0 -999999.0 -999999.0 -999999.0 -999999.0 -999999.0 -999999.0 -999999.0 -999999.0 -999999.0 -999999.0 -999999.0 -999999.0 -999999.0 -999999.0 0.3789 0.37945002 0.37997505 0.38050002 0.3811 0.381675 0.38222504 0.38285 0.38349998 0.37997502 0.3805501 0.38407505 0.38452506 0.38495007 0.3854 0.385825 0.38635007 0.387075 0.3881 0.38895 0.38892502
0.3623 0.3624 0.3626 0.36270002 0.36270002 0.36275008 0.36277503 0.36275008 -999999.0 -999999.0 -999999.0 -999999.0 -999999.0 -999999.0 -999999.0 -999999.0 -999999.0 -999999.0 -999999.0 -999999.0 -999999.0 -999999.0 -999999.0 -999999.0 -999999.0 -999999.0 -999999.0 -999999.0 -999999.0 -999999.0 -999999.0 -999999.0 -999999.0 -999999.0 -999999.0 -999999.0 -999999.0 -999999.0 0.37837505 0.379 0.37964997 0.38019997 0.38077503 0.381375 0.38195 0.38250002 0.3831 0.3838 0.38447505 0.38177502 0.38450003 0.38522503 0.3858 0.38642502 0.38699996 0.38760003 0.38827503 0.38902503 0.38967502 0.39025003
0.3624 0.3626 0.36270002 0.3628 0.3629501 0.36299998 0.3631 0.36315006 0.3632 -999999.0 -999999.0 -999999.0 -999999.0 -999999.0 -999999.0 -999999.0 -999999.0 -999999.0 -999999.0 -999999.0 -999999.0 -999999.0 -999999.0 -999999.0 -999999.0 -999999.0 -999999.0 -999999.0 -999999.0 -999999.0 -999999.0 -999999.0 -999999.0 -999999.0 -999999.0 -999999.0 -999999.0 -999999.0 0.37854996 0.37925 0.3799 0.38047504 0.38102502 0.38164997 0.3822 0.3828 0.38337502 0.38389996 0.384775 0.38357502 0.38505006 0.3857 0.38664997 0.3875 0.38822502 0.38875008 0.38932502 0.389925 0.3905 0.3911
0.3625 0.3626 0.3628 0.3629 0.3631 0.3632 0.3634 0.3635 0.36369997 0.3638 -999999.0 -999999.0 -999999.0 -999999.0 -999999.0 -999999.0 -999999.0 -999999.0 0.36065006 0.36055005 0.36092505 -999999.0 -999999.0 -999999.0 -999999.0 -999999.0 -999999.0 -999999.0 -999999.0 -999999.0 -999999.0 -999999.0 -999999.0 -999999.0 -999999.0 -999999.0 -999999.0 0.378 0.37874997 0.379525 0.3802 0.380725 0.3813 0.3819 0.3825 0.383025 0.3836 0.38410002 0.38502496 0.38462505 0.3844 0.38572496 0.38704997 0.38832498 0.389175 0.38975006 0.3902 0.39055002 0.391425 0.392375
0.3625 0.3627 0.36284998 0.363 0.3632 0.3634 0.3636 0.36387503 0.36409998 0.3643 -999999.0 -999999.0 -999999.0 -999999.0 -999999.0 -999999.0 -999999.0 0.3618 0.3615 0.3615 0.36182502 0.3624 -999999.0 -999999.0 -999999.0 -999999.0 -999999.0 -999999.0 -999999.0 -999999.0 -999999.0 -999999.0 -999999.0 -999999.0 -999999.0 -999999.0 -999999.0 0.378275 0.37905 0.3798 0.38042504 0.381 0.3816 0.38215 0.3827 0.38327503 0.3838 0.38429996 0.3849 0.38515007 0.38520002 0.3853 0.385 0.38862503 0.38995007 0.39065006 0.39070004 0.3909 0.39169994 0.39325
0.3626 0.3627 0.3629 0.3631 0.36330003 0.3636 0.3638 0.36409998 0.3644 0.36470002 0.365 -999999.0 -999999.0 -999999.0 -999999.0 -999999.0 0.3629 0.36255002 0.3624 0.3624 0.362675 0.36307502 0.363675 -999999.0 -999999.0 -999999.0 -999999.0 -999999.0 -999999.0 -999999.0 -999999.0 -999999.0 -999999.0 -999999.0 -999999.0 -999999.0 -999999.0 0.37867498 0.3794 0.38005 0.3807 0.3813 0.38184997 0.38234997 0.3829 0.3835 0.384025 0.3846 0.38517502 0.385625 0.386 0.38630003 0.38544998 0.38695002 0.3900248 0.39069992 0.39004993 0.39047498 0.39104995 0.39247495
0.3625 0.3627 0.3629 0.3631 0.3634 0.36369997 0.36399996 0.3643 0.3646 0.365 0.36539996 0.36580002 0.36539996 0.36492503 0.364475 0.36399996 0.363525 0.3632 0.3631 0.3632 0.36342505 0.363775 0.36422503 -999999.0 -999999.0 -999999.0 -999999.0 -999999.0 -999999.0 -999999.0 -999999.0 -999999.0 -999999.0 -999999.0 -999999.0 -999999.0 -999999.0 0.37895 0.37967503 0.3803 0.38097504 0.38154998 0.3821 0.38254997 0.383175 0.383825 0.384425 0.385 0.38559997 0.38617504 0.3867 0.38712502 0.38745004 0.38687503 0.38862503 0.38809997 0.38882497 0.3898 0.39022496 0.39154994
0.3625 0.3627 0.3629 0.36315 0.3634 0.36369997 0.36404997 0.3644 0.36470002 0.3651 0.3655 0.3657 0.3655 0.3652 0.36479998 0.3644 0.364025 0.3638 0.3638 0.3639 0.36409998 0.364425 0.364825 0.36537498 -999999.0 -999999.0 -999999.0 -999999.0 -999999.0 -999999.0 -999999.0 -999999.0 0.374225 -999999.0 -999999.0 -999999.0 0.378375 0.37914997 0.37990004 0.38055 0.38119996 0.3818 0.3823 0.38262504 0.3835 0.384225 0.3849 0.3855 0.386025 0.3866 0.38722503 0.387825 0.38832498 0.38744998 0.38882506 0.38842502 0.38867503 0.38952503 0.38934994 0.39100003
0.3625 0.3627 0.3629 0.36315 0.36345002 0.36374998 0.36409998 0.36444998 0.36479998 0.3651 0.36539996 0.3655 0.3655 0.36529997 0.3651 0.36479998 0.3645 0.3643 0.36425006 0.3644 0.36470002 0.365 0.365325 0.36580002 0.3664 0.3671 0.368 0.36897498 0.37004998 0.3712 0.372325 0.373425 0.3745 0.37565002 -999999.0 -999999.0 0.37869996 0.3794 0.3801 0.3808 0.3815 0.3821 0.38262504 0.38325 0.38397503 0.384725 0.385475 0.386 0.38657498 0.3871 0.3877 0.38837498 0.38907498 0.38977504 0.3883 0.38955006 0.38960004 0.389275 0.39009988 0.39102504
0.36244997 0.3626 0.3628 0.36304998 0.3634 0.36374998 0.36409998 0.36444998 0.36479998 0.3651 0.36529997 0.36539996 0.36539996 0.36539996 0.36529997 0.3651 0.364825 0.36470002 0.36470002 0.3649 0.365275 0.3655 0.3657 0.3661 0.36667502 0.3674 0.3683 0.36929998 0.37037504 0.37149996 0.3726 0.37367502 0.37474996 0.37589997 0.37707502 0.37812504 0.37897503 0.3797 0.3804 0.3811 0.3818 0.38244998 0.3831 0.3838 0.38454998 0.3853 0.386 0.38662502 0.3871 0.38757503 0.38809997 0.38880002 0.389625 0.390575 0.38850003 0.39075005 0.39065006 0.39075005 0.3902248 0.39125
0.3623 0.3624 0.3626 0.3628 0.3632 0.36362496 0.36399996 0.36437497 0.36470002 0.365 0.36525 0.36529997 0.36539996 0.36539996 0.36539996 0.36529997 0.3651 0.3649 0.365 0.3652 0.36539996 0.3657 0.3659 0.3663 0.36685 0.36762503 0.36854997 0.36957502 0.370675 0.3718 0.3729 0.37395 0.375025 0.376125 0.37725 0.3783 0.3792 0.37990004 0.380625 0.38134998 0.38204998 0.38274997 0.383475 0.38424996 0.38507503 0.38584995 0.38657498 0.38727504 0.387625 0.38802502 0.38857502 0.389275 0.39034998 0.39180005 0.38885006 0.39205006 0.391925 0.3917 0.3904249 0.39147502
0.3621 0.36220002 0.36237496 0.3626 0.363 0.36345002 0.36382496 0.3642 0.3645 0.3649 0.3652 0.36529997 0.36539996 0.36539996 0.36539996 0.36539996 0.3652 0.3651 0.3652 0.36529997 0.36557502 0.36580002 0.366 0.3663 0.36694998 0.36785 0.36882502 0.369875 0.37097502 0.37207502 0.3732 0.374225 0.37524998 0.37635 0.3774 0.37844998 0.37935 0.3801 0.3808 0.38154998 0.3823 0.383 0.38375 0.384575 0.38544998 0.38630003 0.38704997 0.387675 0.388075 0.38842502 0.389225 0.3903 0.3919 0.39347506 0.393375 0.393 0.3931 0.39195004 -999999.0 0.39145
0.3619 0.362 0.3621 0.3623 0.36275 0.3632 0.3636 0.36399996 0.3644 0.36479998 0.3651 0.36529997 0.36539996 0.36539996 0.3655 0.36539996 0.36529997 0.36529997 0.36529997 0.3655 0.3657 0.3659 0.3661 0.36637503 0.36714998 0.36812502 0.36914998 0.37020004 0.37127504 0.372375 0.37344995 0.3745 0.37554997 0.37655 0.37755 0.37855 0.37945 0.38024998 0.381 0.38175 0.38247502 0.383175 0.38394994 0.38479996 0.38572502 0.38667503 0.38750002 0.388125 0.38850003 0.38875005 0.38985 0.39160004 0.3922251 -999999.0 0.39454997 0.3946 0.3944 0.39430004 -999999.0 0.39227507
0.3617 0.3619 0.362 0.36220002 0.3626 0.363 0.3634 0.36387497 0.3643 0.3646 0.3649 0.3652 0.36529997 0.36547497 0.3656 0.3655 0.36539996 0.365325 0.3655 0.3657 0.3659 0.3661 0.366425 0.36687502 0.36757502 0.3685 0.3695 0.370525 0.3716 0.37267503 0.37375 0.3748 0.37579998 0.3768 0.37774998 0.37869996 0.3796 0.3804 0.381125 0.3819 0.3826 0.3833 0.38404998 0.384925 0.385925 0.38699996 0.388 0.38880002 0.3891 0.38919997 0.39075 0.39244998 0.393475 0.3936 0.394075 0.39377496 0.39362496 0.39442497 0.39430004 0.39427507
0.3615 0.3618 0.36194998 0.36220002 0.3625 0.3629 0.36330003 0.3638 0.3642 0.3645 0.36474997 0.365 0.3651 0.36529997 0.3655 0.3655 0.3655 0.3655 0.3656 0.365875 0.3661 0.366425 0.36687502 0.3674 0.3681 0.36897498 0.36995 0.37097502 0.372 0.37304997 0.37405 0.37504998 0.37605 0.37704998 0.37804997 0.37897503 0.3798 0.38055 0.38124996 0.38199997 0.3827 0.3834 0.384175 0.38505 0.38612503 0.38735 0.38857502 0.38942504 0.3884 0.38882497 0.39197502 0.3926 0.39325 0.39324996 0.39292496 0.39184996 0.39217496 0.393475 0.3942 0.39467502
0.36132497 0.3616 0.3618 0.3621 0.3624 0.36272496 0.36315 0.3636 0.36404997 0.3645 0.36479998 0.3649 0.3649 0.3652 0.36539996 0.3655 0.365525 0.3656 0.3656 0.36575 0.36619997 0.3667 0.3673 0.3678 0.3684 0.36912504 0.37035 0.37145 0.37245 0.3734 0.3744 0.37535 0.37630004 0.3773 0.37835002 0.3793 0.38005 0.3807 0.3814 0.38212502 0.38280004 0.3835 0.38424996 0.38505 0.3862 0.38754997 0.3889 0.3898 0.3886 0.388975 0.3923 0.3928 0.3931 0.39289996 0.39235005 0.39155006 0.39197502 0.39325 0.39424998 0.3949
0.3611 0.3614 0.3616 0.36182496 0.362175 0.362525 0.36294997 0.3634 0.3639 0.3644 0.36479998 0.365 0.3651 0.36529997 0.36539996 0.3655 0.3656 0.3657 0.36580002 0.36580002 0.36637503 0.367 0.3676 0.3682 0.36887503 0.3697 0.370675 0.3717 0.37270004 0.3736 0.3746 0.37554997 0.376525 0.37755 0.3786 0.37954998 0.3803 0.38095 0.381625 0.3823 0.382975 0.3836 0.3842 0.38492498 0.38605 0.38764998 0.38914996 0.390275 0.3893 0.39249998 0.392875 0.39325008 0.39320004 0.39295003 0.3926 0.39245006 0.392875 0.39377502 0.39462504 0.3953
0.3609 0.3611 0.3613 0.36152497 0.3619 0.36225 0.3627 0.3632 0.3638 0.3644 0.36479998 0.3651 0.36529997 0.36539996 0.365425 0.3655 0.3657 0.3659 0.3661 0.3663 0.36675 0.3673 0.36787504 0.368575 0.36929998 0.37015 0.37094998 0.37187505 0.37285 0.37377504 0.3747 0.37567502 0.37667504 0.3777 0.37869996 0.3797 0.38055 0.381275 0.38195 0.3826 0.383175 0.3837 0.384225 0.3847 0.38575 0.38754997 0.38934997 0.3906 0.38995007 0.390025 0.39314997 0.3936 0.3936 0.3936 0.39315006 0.3933 0.3938 0.394575 0.39527503 0.395825
0.36067498 0.3609 0.361 0.3612 0.3615 0.36194998 0.3625 0.36307496 0.36364996 0.36425 0.36477494 0.3651 0.36539996 0.3655 0.3655 0.3656 0.3659 0.36619997 0.366475 0.36677504 0.3672 0.3677 0.36822504 0.36894998 0.36967504 0.3704 0.37122503 0.3721 0.37304997 0.37385 0.37485 0.375775 0.37675 0.37774998 0.3788 0.37990004 0.38085002 0.381625 0.38232502 0.3829 0.3835 0.38402504 0.3845 0.385 0.386025 0.38764998 0.38934997 0.39070004 0.39162505 0.39014995 0.3911 0.39334995 0.39395 0.3946 0.395325 0.396025 0.396625 0.3971 0.39592505 0.396525
0.36050004 0.3606 0.360725 0.3609 0.3612 0.3617 0.3623 0.36287495 0.363475 0.36404997 0.36457497 0.365 0.36529997 0.3655 0.3656 0.36580002 0.3661 0.36649996 0.366825 0.3672 0.3676 0.3681 0.36862504 0.36929998 0.37 0.3707 0.37149996 0.372375 0.373275 0.374125 0.37497503 0.37585 0.37672496 0.3777 0.3788 0.37995 0.3811 0.382025 0.38280004 0.3834 0.3839 0.38449997 0.38502502 0.385625 0.38657498 0.38795 0.38954997 0.3909 0.39210004 0.393325 0.39125 0.3923 0.39354998 0.39464998 0.3956 0.39629996 0.3968 0.39722502 0.397525 0.39745003
0.36027497 0.3604 0.3604 0.3606 0.361 0.3615 0.36204997 0.36265 0.36330003 0.36385 0.3644 0.3649 0.36529997 0.3655 0.36567503 0.3659 0.3663 0.3668 0.3672 0.3675 0.368 0.3685 0.36899996 0.36957502 0.37020004 0.371 0.3718 0.37265 0.3735 0.3743 0.37510002 0.37585 0.37665 0.37755 0.37869996 0.38 0.38132504 0.38247502 0.3833 0.3839 0.38442498 0.38502502 0.38559997 0.3862 0.38704997 0.38827503 0.38970003 0.391175 0.392625 0.39397502 0.3948 0.391875 0.39274997 0.39432496 0.39552498 0.39622495 0.3968 0.39734998 0.397825 0.3982
0.36009997 0.36009997 0.36009997 -999999.0 -999999.0 -999999.0 0.3619 0.3625 0.3631 0.36369997 0.3643 0.36479998 0.3652 0.3655 0.3657 0.36604998 0.36649996 0.367 0.3674 0.36782503 0.3683 0.36877504 0.36929998 0.36984998 0.3705 0.3713 0.37207502 0.37287503 0.3737 0.37444997 0.37524998 0.376 0.37670004 0.3774 0.37855 0.38005 0.38154998 0.38285 0.38375 0.38442498 0.385 0.38547504 0.386 0.3866 0.387475 0.38854998 0.38985 0.39145 0.39294997 0.39405 0.39487496 0.395025 0.39204997 0.3923 0.3928 0.394224 0.3969 0.3975 0.39809996 0.3986
0.3599 0.3599 0.3599 -999999.0 -999999.0 -999999.0 -999999.0 0.3624 0.363 0.36364996 0.3642 0.36470002 0.3651 0.3655 0.36580002 0.36615002 0.3666 0.3671 0.3676 0.3681 0.368525 0.36899996 0.36955 0.3701 0.370775 0.37154996 0.372325 0.3731 0.3739 0.3747 0.37545 0.3762 0.37690002 0.37760004 0.378725 0.38015 0.38164997 0.38294998 0.384 0.3848 0.38542503 0.38587502 0.386375 0.38694996 0.387775 0.38885 0.39012498 0.39164996 0.39289996 0.39402497 0.39472497 0.39509997 0.3954 0.395175 0.3927 0.39345002 0.395074 0.39772502 0.3983 0.39880002
0.36 0.36 0.3598 -999999.0 -999999.0 -999999.0 -999999.0 -999999.0 0.363 0.3636 0.36415 0.36465 0.3651 0.36544997 0.36580002 0.36619997 0.36672503 0.36724997 0.367775 0.3683 0.36877504 0.3692 0.3697 0.37032503 0.371 0.371775 0.372575 0.37337503 0.374125 0.37492502 0.375725 0.3765 0.3773 0.378075 0.3791 0.38035 0.38175 0.38305 0.38414997 0.3851 0.38577503 0.38617504 0.3866 0.38715 0.38795 0.38902503 0.39034998 0.39174998 0.39294997 0.39395 0.3947 0.395 0.39504996 0.3947 0.39410004 0.394 0.3945 0.3953 0.39849997 0.39902502
0.3602 0.3603 -999999.0 -999999.0 -999999.0 -999999.0 -999999.0 -999999.0 0.3631 0.3636 0.36415 0.36470002 0.3651 0.3655 0.36580002 0.3663 0.3668 0.3674 0.3679 0.3684 0.3689 0.36940002 0.36992502 0.3706 0.3713 0.372 0.37287503 0.3737 0.374525 0.37532502 0.376125 0.376925 0.3777 0.3785 0.37942502 0.380625 0.38195 0.38324997 0.3844 0.38535002 0.38605 0.38639998 0.38672498 0.3872 0.388 0.3891 0.39045 0.39185 0.393 0.394 0.3947 0.3949 0.39457497 0.393875 0.39332497 0.39317504 0.39435 0.39554998 0.39649996 0.3987492
0.36055005 0.3608 -999999.0 -999999.0 -999999.0 -999999.0 -999999.0 -999999.0 0.3632 0.36369997 0.3642 0.36479998 0.36522502 0.3656 0.3659 0.3663 0.3669 0.3675 0.368 0.3685 0.36899996 0.36955 0.37015 0.3708 0.37154996 0.37229997 0.37312505 0.374 0.37485 0.3757 0.37655 0.3773 0.3781 0.37884998 0.37974998 0.38085002 0.3821 0.38334998 0.38444996 0.3856 0.3862 0.3865 0.3867 0.38715 0.3879 0.38897496 0.39045 0.39194998 0.39305 0.39410004 0.3949 0.39509997 0.39462504 0.39377502 0.39355004 0.39402503 0.395025 0.39612502 0.39705008 0.3977
0.3609 0.3612 0.3615 -999999.0 -999999.0 -999999.0 -999999.0 0.363 0.3634 0.3638 0.3644 0.3649 0.36534998 0.3657 0.366 0.3664 0.3669 0.36755 0.3681 0.36854997 0.3691 0.3697 0.37035 0.371025 0.37174997 0.37254998 0.37332502 0.3742 0.37512505 0.37602502 0.37690002 0.3777 0.37844998 0.379175 0.38 0.38095 0.38215 0.38334998 0.3846 0.3857 0.3863 0.3865 0.3867 0.3869 0.38752496 0.38872495 0.39027494 0.39185 0.39297497 0.394075 0.39504996 0.3954 0.39512503 0.39472502 0.39475003 0.39530003 0.39612502 0.39705008 0.39787498 0.398525
