data/TNO-HT-ATES/HT-ATES_ooz2/ooz2__h_P50_basecase_80-45-40.asc
ncols  140
nrows  163
xllcorner  0.0
yllcorner  300000.0
cellsize  2000.0
NODATA_value  -999999.0
[rows 84 to 111 of 163, columns 63 to 125 of 140]
6.1899996 12.369999 26.835 46.52 60.9325 64.924995 37.5525 49.37 67.72 59.947502 49.935 34.9725 23.2075 18.4625 14.994999 13.5975 14.4675 16.345 17.5825 19.23 23.2175 25.9975 25.15 26.43 25.865 23.6075 20.025 22.474998 22.8225 20.365 26.855 30.4675 27.755 26.904999 17.7425 19.81 28.557499 32.055 25.1475 24.9725 22.7225 21.73 27.567501 51.525 51.539997 47.3425 30.465 31.8275 47.2725 37.14 31.4875 14.282499 12.98 2.0525 -999999.0 -999999.0 -999999.0 -999999.0 -999999.0 -999999.0 -999999.0 -999999.0 -999999.0
5.8975 10.512501 29.099998 53.3125 62.4925 69.8725 71.46 65.332504 34.28 69.54 52.1475 26.769999 11.702499 8.67 7.2524996 5.7025 5.5550003 15.440001 16.5975 19.23 22.379997 23.4025 25.249998 25.437498 23.81 22.0875 19.849998 18.5625 20.554998 27.3675 30.769999 34.23 30.152498 26.2 14.1325 12.08 23.9975 35.134995 36.3125 30.7375 23.7575 18.1975 25.095 34.6175 41.01 42.582497 40.325 44.98 46.5625 34.302498 25.5275 23.6475 16.682499 -999999.0 -999999.0 -999999.0 -999999.0 -999999.0 -999999.0 -999999.0 -999999.0 -999999.0 -999999.0
14.58 23.5 41.989998 56.9375 59.39 59.805 54.8675 85.4025 49.8675 32.7325 51.035 41.025 24.89 4.7025003 1.4499999 -999999.0 -999999.0 7.4999995 12.372499 17.1325 21.015001 22.717499 24.664999 24.295 21.83 19.6025 18.3825 19.527498 24.86 36.207497 37.1475 37.7675 33.915 34.37 29.512499 25.2 28.0175 38.6125 35.095 32.335 27.044998 23.187498 23.794998 27.297499 33.85 38.4525 41.5975 44.0125 40.6425 22.072498 21.5175 17.329998 16.085 -999999.0 -999999.0 -999999.0 -999999.0 -999999.0 -999999.0 -999999.0 -999999.0 -999999.0 -999999.0
21.679998 30.107498 40.519997 49.5625 53.4375 52.6625 46.35 44.332497 41.962498 30.224998 29.205 41.237503 32.542496 18.305 -999999.0 -999999.0 -999999.0 2.9599998 11.2175 16.685001 21.375 25.07 27.062498 24.385 20.7 17.2425 14.5525 17.749998 25.207499 30.7575 41.885002 43.36 38.53 35.0075 39.679996 36.434998 34.17 32.8675 37.0 36.035 32.819996 29.91 28.825 30.97 32.76 34.882496 41.059998 43.139996 4.4824996 -999999.0 12.91 10.327499 2.46 -999999.0 -999999.0 -999999.0 -999999.0 -999999.0 -999999.0 -999999.0 -999999.0 -999999.0 -999999.0
26.162498 29.164999 36.62 42.147503 45.105 44.417496 40.1125 35.825 34.55 34.235 26.7925 33.2025 29.74 22.345001 12.2075 -999999.0 -999999.0 1.635 9.76 17.625 25.184998 30.517498 32.137497 28.5825 21.224998 19.615 18.1325 20.972498 26.98 30.592499 47.76 45.972496 39.655 33.0475 27.47 26.9575 31.102499 35.8225 40.5725 41.464996 38.545 35.36 33.65 35.212498 37.495 38.8825 30.87 29.642498 -999999.0 28.092499 23.1525 11.327499 8.639999 -999999.0 -999999.0 -999999.0 -999999.0 -999999.0 -999999.0 -999999.0 -999999.0 -999999.0 -999999.0
32.0925 35.1975 40.237503 37.0025 37.637497 35.61 33.454998 30.6 27.095 26.782501 28.96 38.3825 22.97 18.4725 12.0525 -999999.0 -999999.0 1.5024998 11.47 22.2375 31.962496 38.4225 39.195 34.887497 24.6675 25.349998 29.557499 30.5325 40.739998 41.975 59.204998 52.5775 42.2825 31.169998 23.179998 25.98 33.1725 40.61 44.152496 46.309998 44.1 39.51 38.464996 38.204998 34.357502 32.345 32.9175 34.9925 26.092499 16.974998 14.495001 3.545 4.4900002 -999999.0 -999999.0 -999999.0 -999999.0 -999999.0 -999999.0 -999999.0 -999999.0 -999999.0 -999999.0
47.179996 49.7575 51.43 54.115 32.955 31.637499 30.6125 28.1975 19.7575 18.807499 25.3275 31.1775 39.675 18.914999 15.109999 13.1175 -999999.0 4.375 16.095 30.842499 40.024998 45.925 49.1675 53.019997 46.345 41.9375 44.019997 49.962498 57.792496 65.3725 84.24 63.2825 42.865 28.204998 25.732498 28.43 34.7275 44.455 44.179996 45.8475 44.5 38.314995 33.1725 39.855 45.18 46.2325 43.1625 28.9875 18.23 16.7025 22.707499 13.684999 3.5525 -999999.0 1.0375 -999999.0 -999999.0 -999999.0 -999999.0 -999999.0 -999999.0 -999999.0 -999999.0
45.225 60.4975 58.677498 59.749996 58.829998 29.619999 29.2325 26.8675 17.412498 19.48 23.5525 31.137499 34.409996 22.227499 15.9975 12.789999 1.1225 8.249999 20.547499 35.767498 40.5075 47.429996 52.2275 60.58 64.8525 57.954998 57.082497 59.869995 68.159996 79.94499 90.057495 63.4375 40.7725 27.744999 28.8975 30.7025 33.477497 36.605 41.602497 43.9725 41.444996 35.464996 27.8975 46.555 62.415 56.902496 38.445 25.085 18.21 6.8424997 9.315001 9.4275 3.585 0.375 -999999.0 -999999.0 -999999.0 -999999.0 -999999.0 -999999.0 -999999.0 -999999.0 -999999.0
48.4675 49.69 55.8675 61.079998 60.2325 60.8275 27.164999 24.575 21.439999 22.275 25.614998 31.179998 28.432499 28.98 14.6425 11.737499 6.8174996 6.5499997 11.842501 12.3925 30.1325 41.775 47.2575 54.3775 65.3475 72.105 68.465 61.4425 54.995 60.3725 64.515 50.9825 33.769997 33.1775 34.32 35.502502 33.985 32.3825 40.7475 43.387497 36.607502 30.669998 26.055 57.6875 63.457497 36.807503 26.984999 33.2625 22.08 9.94 11.07 5.45 3.6074998 1.165 -999999.0 -999999.0 -999999.0 -999999.0 -999999.0 -999999.0 -999999.0 -999999.0 -999999.0
53.125 55.3125 56.8825 52.0575 37.145 42.0625 25.519999 24.275 21.864998 22.215 25.5325 31.6 34.877502 23.3975 21.515 11.827499 9.4075 10.5875 2.7475 6.1724997 19.655 35.9125 42.109997 38.0125 59.052498 74.1225 65.3075 48.087498 35.28 37.614998 40.0975 35.795 35.29 38.4325 41.325 43.1075 43.645 44.12 37.552498 38.4775 40.032497 25.3375 33.245 64.7825 50.3825 24.974998 6.6900005 38.71 38.847496 24.6125 14.017499 11.032499 10.5075 8.682501 7.2650003 -999999.0 -999999.0 -999999.0 -999999.0 -999999.0 -999999.0 -999999.0 -999999.0
56.8575 59.957497 64.56 63.969994 50.85 47.532497 23.5425 23.2325 20.4875 21.9475 27.474998 31.244999 31.925 32.012497 21.3425 14.9075 15.214999 17.342499 22.3675 0.90749997 7.44 17.3675 44.21 37.045 55.459995 62.695 51.62 39.7075 33.2 24.695 22.22 26.0775 35.505 43.587498 45.99 46.472496 43.1 40.6425 37.942497 34.992496 34.8475 41.6 48.3825 46.25 45.305 32.4225 29.992498 42.9125 40.295002 22.3225 13.3525 8.5875 10.66 10.622499 -999999.0 -999999.0 -999999.0 -999999.0 -999999.0 -999999.0 -999999.0 -999999.0 -999999.0
71.45 61.342495 63.004997 60.7 54.497498 51.609997 51.2025 20.369999 20.105 24.6025 30.8625 36.2975 30.224998 20.179998 11.372499 8.5475 16.4275 21.827497 27.475 31.8325 0.78999996 6.0925 27.425 58.944996 67.345 62.2525 41.155 27.895 34.909996 27.1775 29.7975 37.0675 48.722496 47.8325 43.09 38.7725 35.645 35.364998 35.7925 37.704998 -999999.0 -999999.0 40.765 52.782497 47.914997 40.2975 37.905 46.239998 36.8775 20.192501 15.382501 10.6725 1.4549999 -999999.0 -999999.0 -999999.0 -999999.0 -999999.0 -999999.0 -999999.0 -999999.0 -999999.0 -999999.0
75.4075 74.237495 60.175 56.9975 52.732502 53.37 55.285 20.224998 25.414999 31.09 37.2875 41.295002 43.204998 30.9725 3.9799995 0.6875 17.8475 25.055 32.605 35.042503 43.954998 2.67 28.130001 55.395 60.415 56.3025 44.8 36.1175 39.6825 40.012497 43.219997 50.33 52.392498 44.57 35.25 27.7975 28.5225 30.944998 34.765 36.977497 -999999.0 -999999.0 39.594997 44.2275 45.142498 42.512497 41.2975 41.6175 40.469994 34.454998 28.544998 19.535 -999999.0 -999999.0 -999999.0 -999999.0 -999999.0 -999999.0 -999999.0 -999999.0 -999999.0 -999999.0 -999999.0
79.265 78.46 59.6075 56.915 54.28 56.267498 58.7275 35.8525 34.1475 41.094997 44.337494 45.149998 48.677498 36.585 29.3875 8.699999 14.78 25.984999 32.7125 39.095 44.54 36.6975 21.317501 45.53 49.4925 39.789997 30.76 26.207499 30.794998 38.2475 46.155 41.719997 58.1075 42.562496 30.1375 20.4225 25.025002 27.2575 26.865 37.6275 39.73 -999999.0 -999999.0 -999999.0 -999999.0 -999999.0 46.08 45.6875 45.637497 -999999.0 31.789999 -999999.0 -999999.0 -999999.0 -999999.0 -999999.0 -999999.0 -999999.0 -999999.0 -999999.0 -999999.0 -999999.0 -999999.0
82.6625 82.035 81.1525 64.337494 59.489998 60.687496 62.902496 65.48499 46.405 52.127502 55.304996 57.062496 47.445 52.775 18.58 14.6449995 17.742498 22.08 34.3125 39.059998 44.067497 38.8225 32.567497 50.2825 50.172497 31.07 26.55 21.67 28.39 40.18 43.7725 50.18 49.347496 46.07 35.855 24.775 23.0725 -999999.0 -999999.0 -999999.0 36.324997 -999999.0 -999999.0 -999999.0 -999999.0 -999999.0 -999999.0 -999999.0 43.6375 -999999.0 -999999.0 -999999.0 -999999.0 -999999.0 -999999.0 -999999.0 -999999.0 -999999.0 -999999.0 -999999.0 -999999.0 -999999.0 -999999.0
85.5325 84.9525 83.715 80.229996 76.2 65.0175 67.284996 70.0275 73.305 62.67 64.0925 63.872498 57.0375 43.664997 51.015 52.637497 18.0775 21.787498 26.2825 36.547497 49.8425 47.6 31.399998 62.1 63.534996 53.8275 41.122505 31.107498 31.1325 34.215 38.19 45.8975 47.6075 54.782497 -999999.0 -999999.0 -999999.0 -999999.0 -999999.0 -999999.0 -999999.0 -999999.0 -999999.0 -999999.0 -999999.0 -999999.0 -999999.0 -999999.0 -999999.0 -999999.0 -999999.0 -999999.0 -999999.0 -999999.0 -999999.0 -999999.0 -999999.0 -999999.0 -999999.0 -999999.0 -999999.0 -999999.0 -999999.0
88.74999 88.56 85.8625 81.24 76.89 76.405 73.225 74.542496 78.3725 69.3125 68.369995 61.565 53.2775 50.697502 38.8 61.122498 88.862495 23.72 23.5425 26.314999 31.6875 29.0525 21.3675 16.25 60.657497 51.492496 41.627495 35.8075 30.484999 27.6325 26.8575 43.4575 45.3425 46.802498 -999999.0 -999999.0 -999999.0 -999999.0 -999999.0 -999999.0 -999999.0 -999999.0 -999999.0 -999999.0 -999999.0 -999999.0 -999999.0 -999999.0 -999999.0 -999999.0 -999999.0 -999999.0 -999999.0 -999999.0 -999999.0 -999999.0 -999999.0 -999999.0 -999999.0 -999999.0 -999999.0 -999999.0 -999999.0
93.5175 88.9925 87.0325 83.8725 79.5 79.087494 82.40749 85.729996 83.8225 89.042496 71.0075 66.27 64.1775 54.029995 41.19 54.309998 69.41 22.825 21.645 20.77 13.344999 12.349999 11.737499 13.6425 13.2699995 44.3425 39.9925 35.657497 35.997498 31.622501 20.517502 34.197502 34.9225 31.814999 21.227499 -999999.0 -999999.0 -999999.0 -999999.0 -999999.0 -999999.0 -999999.0 -999999.0 -999999.0 -999999.0 -999999.0 -999999.0 -999999.0 -999999.0 -999999.0 -999999.0 -999999.0 -999999.0 -999999.0 -999999.0 -999999.0 -999999.0 -999999.0 -999999.0 -999999.0 -999999.0 -999999.0 -999999.0
97.055 94.799995 91.455 87.097496 83.515 84.295 86.425 87.325 88.55 89.149994 94.8325 69.31999 75.0475 67.034996 38.2575 64.81249 67.5025 47.864998 25.485 27.809998 22.8375 17.7025 14.7825 15.01 24.8625 14.8025 31.865002 28.849998 28.352499 28.715 16.765 21.7025 28.1075 18.6425 15.959999 -999999.0 -999999.0 -999999.0 -999999.0 -999999.0 -999999.0 -999999.0 -999999.0 -999999.0 -999999.0 -999999.0 -999999.0 -999999.0 -999999.0 -999999.0 -999999.0 -999999.0 -999999.0 -999999.0 -999999.0 -999999.0 -999999.0 -999999.0 -999999.0 -999999.0 -999999.0 -999999.0 -999999.0
128.7725 99.064995 95.354996 90.27 86.417496 87.625 89.92 90.6525 90.445 88.9775 86.4575 87.235 74.1475 73.770004 53.062496 62.6525 38.27 39.387497 38.4625 14.5025 17.4625 24.235 29.345001 18.485 20.872501 17.0775 22.4 23.535 21.994999 18.24 22.567501 10.38 30.6125 24.2575 13.607499 -999999.0 -999999.0 -999999.0 -999999.0 -999999.0 -999999.0 -999999.0 -999999.0 -999999.0 -999999.0 -999999.0 -999999.0 -999999.0 -999999.0 -999999.0 -999999.0 -999999.0 -999999.0 -999999.0 -999999.0 -999999.0 -999999.0 -999999.0 -999999.0 -999999.0 -999999.0 -999999.0 -999999.0
127.8125 100.415 96.774994 92.1325 86.1325 90.0525 93.795 96.045 92.432495 87.76999 81.5825 82.392494 82.9825 81.28 122.524994 119.00749 100.55499 28.75 33.325 18.9825 18.775 20.852499 26.035 14.719999 21.63 12.224999 5.93 24.5975 13.085 17.555 20.32 32.945 41.434998 34.177498 -999999.0 -999999.0 -999999.0 -999999.0 -999999.0 -999999.0 -999999.0 -999999.0 -999999.0 -999999.0 -999999.0 -999999.0 -999999.0 -999999.0 -999999.0 -999999.0 -999999.0 -999999.0 -999999.0 -999999.0 -999999.0 -999999.0 -999999.0 -999999.0 -999999.0 -999999.0 -999999.0 -999999.0 -999999.0
127.1225 104.0275 93.112495 91.112495 88.2675 92.0675 95.814995 95.58 90.869995 85.17249 76.045 71.01499 85.98249 91.30499 90.7775 93.8925 82.5625 74.432495 30.852499 34.14 27.9175 28.73 27.4925 26.380001 16.785 -999999.0 10.0075 13.617499 7.0299997 11.414999 21.1525 35.149998 37.0725 26.5325 10.8 4.8774996 -999999.0 -999999.0 -999999.0 -999999.0 -999999.0 -999999.0 -999999.0 -999999.0 -999999.0 -999999.0 -999999.0 -999999.0 -999999.0 -999999.0 -999999.0 -999999.0 -999999.0 -999999.0 -999999.0 -999999.0 -999999.0 -999999.0 -999999.0 -999999.0 -999999.0 -999999.0 -999999.0
129.1825 114.67999 87.5 84.8525 85.884995 91.125 96.7625 95.6225 86.2025 70.44 46.984997 50.5425 72.072495 80.957504 75.555 78.4525 72.58501 64.4375 59.914997 35.46 31.412498 33.155 35.887497 29.717499 16.515 -999999.0 -999999.0 -999999.0 -999999.0 10.49 21.15 31.107498 28.255 13.62 -999999.0 -999999.0 -999999.0 -999999.0 -999999.0 -999999.0 -999999.0 -999999.0 -999999.0 -999999.0 -999999.0 -999999.0 -999999.0 -999999.0 -999999.0 -999999.0 -999999.0 -999999.0 -999999.0 -999999.0 -999999.0 -999999.0 -999999.0 -999999.0 -999999.0 -999999.0 -999999.0 -999999.0 -999999.0
123.9225 110.1 82.3075 75.19 81.087494 88.41 96.3975 80.17 75.375 59.0725 42.917503 38.0225 51.15 55.817497 58.3825 72.259995 68.755 66.5275 62.539997 40.2875 19.0125 29.392498 45.44 36.5725 -999999.0 -999999.0 -999999.0 -999999.0 -999999.0 2.4299998 13.35 17.48 22.802498 -999999.0 -999999.0 -999999.0 -999999.0 -999999.0 -999999.0 -999999.0 -999999.0 -999999.0 -999999.0 -999999.0 -999999.0 -999999.0 -999999.0 -999999.0 -999999.0 -999999.0 -999999.0 -999999.0 -999999.0 -999999.0 -999999.0 -999999.0 -999999.0 -999999.0 -999999.0 -999999.0 -999999.0 -999999.0 -999999.0
113.557495 108.5 85.55499 71.945 80.8275 86.46999 86.82 80.11749 64.85 54.735 43.9875 39.91 46.28 51.082497 51.29 50.3825 64.332504 65.869995 61.119995 43.657497 31.079998 43.372498 38.405 21.032497 -999999.0 -999999.0 -999999.0 -999999.0 -999999.0 -999999.0 -999999.0 -999999.0 -999999.0 -999999.0 -999999.0 -999999.0 -999999.0 -999999.0 -999999.0 -999999.0 -999999.0 -999999.0 -999999.0 -999999.0 -999999.0 -999999.0 -999999.0 -999999.0 -999999.0 -999999.0 -999999.0 -999999.0 -999999.0 -999999.0 -999999.0 -999999.0 -999999.0 -999999.0 -999999.0 -999999.0 -999999.0 -999999.0 -999999.0
112.7275 120.1575 96.42 89.1625 89.71 86.98499 78.310005 50.3975 54.4475 50.329998 47.565 47.135 52.6475 50.335 47.445 42.9575 36.81 56.472496 47.7625 37.017498 44.17 40.1275 36.95 30.982498 -999999.0 -999999.0 -999999.0 -999999.0 -999999.0 -999999.0 -999999.0 -999999.0 -999999.0 -999999.0 -999999.0 -999999.0 -999999.0 -999999.0 -999999.0 -999999.0 -999999.0 -999999.0 -999999.0 -999999.0 -999999.0 -999999.0 -999999.0 -999999.0 -999999.0 -999999.0 -999999.0 -999999.0 -999999.0 -999999.0 -999999.0 -999999.0 -999999.0 -999999.0 -999999.0 -999999.0 -999999.0 -999999.0 -999999.0
115.8325 102.517494 99.6625 97.142494 98.3175 90.5475 74.63999 54.8025 49.21 46.7025 48.31 50.8625 54.675 52.7075 46.905 38.0375 27.6425 46.2625 37.36 28.324999 26.689999 39.85 50.197502 32.784996 -999999.0 -999999.0 -999999.0 -999999.0 -999999.0 -999999.0 -999999.0 -999999.0 -999999.0 -999999.0 -999999.0 -999999.0 -999999.0 -999999.0 -999999.0 -999999.0 -999999.0 -999999.0 -999999.0 -999999.0 -999999.0 -999999.0 -999999.0 -999999.0 -999999.0 -999999.0 -999999.0 -999999.0 -999999.0 -999999.0 -999999.0 -999999.0 -999999.0 -999999.0 -999999.0 -999999.0 -999999.0 -999999.0 -999999.0
114.11749 90.682495 83.28999 88.58 89.6 85.25 71.1475 54.53 48.0225 42.4525 47.465 51.1475 55.222496 55.687496 49.0125 35.6075 24.5225 25.447498 31.319998 21.515 10.3625 4.7775 19.5075 46.555 46.9 -999999.0 -999999.0 -999999.0 -999999.0 -999999.0 -999999.0 -999999.0 -999999.0 -999999.0 -999999.0 -999999.0 -999999.0 -999999.0 -999999.0 -999999.0 -999999.0 -999999.0 -999999.0 -999999.0 -999999.0 -999999.0 -999999.0 -999999.0 -999999.0 -999999.0 -999999.0 -999999.0 -999999.0 -999999.0 -999999.0 -999999.0 -999999.0 -999999.0 -999999.0 -999999.0 -999999.0 -999999.0 -999999.0
