data/TNO-HT-ATES/HT-ATES_ooz2/ooz2__flowr_sodm_P50_basecase_80-45-40.asc
ncols  140
nrows  163
xllcorner  0.0
yllcorner  300000.0
cellsize  2000.0
NODATA_value  -999999.0
[rows 56 to 83 of 163, columns 62 to 123 of 140]
427.034 320.177 193.23906 118.415955 107.49767 112.62386 129.95262 145.44214 160.84123 186.10898 235.32024 321.38092 408.46716 479.07272 516.1264 542.5384 564.94403 572.0999 595.1546 601.1026 591.7668 608.079 589.9811 541.32605 521.51276 491.67667 497.41455 453.66238 415.00555 363.91617 315.9452 336.52402 397.6639 450.75418 517.98254 571.49445 622.99713 646.1456 627.8961 580.0835 545.25165 544.6039 507.15076 468.08405 432.2153 418.552 401.35083 342.24643 268.0486 0.0 0.0 0.0 0.0 0.0 0.0 0.0 0.0 0.0 0.0 0.0 0.0 -999999.0
453.16837 364.7615 262.1689 197.37175 181.87328 189.10371 167.21556 161.26646 167.35922 160.13797 176.7741 250.2795 344.69162 407.3178 466.85706 523.1892 537.9952 565.0005 576.13495 576.83435 559.4273 580.011 564.856 478.94974 483.73602 465.551 459.12076 421.6082 383.5407 330.80118 297.4719 333.04395 390.53632 457.7611 510.26236 579.32684 599.1336 571.1677 507.96243 448.68533 465.27563 454.00192 429.278 427.7105 411.50113 384.16583 395.98654 360.67218 0.0 0.0 0.0 0.0 0.0 0.0 0.0 0.0 0.0 0.0 0.0 0.0 0.0 -999999.0
465.64133 384.05212 305.9162 247.19498 207.47226 180.1386 138.0352 130.68379 134.20625 122.495316 137.42174 209.0747 288.22876 356.9076 412.17615 467.44382 519.0234 539.487 546.67474 552.45636 544.73425 562.16705 542.0583 502.92392 452.0901 422.6764 434.8727 409.8437 377.95264 339.39346 330.70044 356.96487 423.92184 484.25424 549.0755 591.5405 592.28546 574.6485 495.75278 418.45923 423.48822 404.3167 391.55072 359.84082 360.94424 346.03024 0.0 0.0 0.0 0.0 0.0 0.0 0.0 0.0 0.0 0.0 0.0 0.0 0.0 0.0 0.0 -999999.0
517.4446 413.32867 337.87723 268.7976 177.65335 85.11745 51.110836 55.648514 85.20225 98.75717 141.06502 208.24107 255.57397 323.48892 396.7562 453.38626 501.06683 516.43506 529.9255 523.8889 524.56335 547.7437 542.1918 510.4658 426.2812 384.66965 404.1763 411.50412 396.64374 386.9291 382.94388 390.03598 446.36536 526.299 572.1191 652.19086 631.30664 575.9199 530.0467 459.05118 417.76303 386.6731 365.3528 333.47845 332.04382 0.0 0.0 0.0 0.0 0.0 0.0 0.0 0.0 0.0 0.0 0.0 0.0 0.0 0.0 0.0 -999999.0 -999999.0
580.82635 432.76688 334.455 279.91174 148.63344 -999999.0 -999999.0 13.116508 56.723293 107.20663 150.52098 211.89532 242.20189 292.95706 360.04245 434.36212 459.86615 478.75873 492.70807 511.15363 533.6349 563.50256 572.0058 551.8484 466.78217 346.48465 365.45145 413.79556 439.53738 439.42538 445.44675 461.81363 521.0952 576.5946 601.60736 653.7991 607.5426 570.02106 569.34076 573.2172 524.8721 478.46844 434.96024 405.7789 365.62628 0.0 0.0 0.0 0.0 0.0 0.0 0.0 0.0 0.0 0.0 0.0 0.0 0.0 0.0 0.0 -999999.0 -999999.0
523.7302 427.25882 328.6864 261.3768 163.80699 45.788734 42.729298 71.14634 123.53315 175.55626 215.29388 242.17374 240.3261 268.60904 321.95096 382.78766 410.24176 439.01462 451.03403 474.7241 498.53064 508.4218 564.19037 569.32874 550.8814 390.46265 401.10846 465.2034 489.50314 516.20123 572.95074 576.069 551.1155 586.39594 582.0267 578.51404 547.08563 538.5651 595.6663 583.4724 501.91458 470.84497 423.97385 385.73508 456.0631 0.0 0.0 0.0 0.0 0.0 0.0 0.0 0.0 0.0 0.0 0.0 0.0 0.0 0.0 0.0 -999999.0 -999999.0
470.89438 414.6063 345.65787 283.73035 200.3317 125.127884 135.22356 177.99898 226.38907 259.36945 298.81375 265.072 241.44817 247.00542 295.0618 322.57907 354.43307 393.50824 412.6366 436.13843 471.4007 491.87357 539.8557 576.39514 600.56683 493.7034 530.0892 551.2923 587.49615 619.76245 715.23267 717.7972 679.9597 621.3848 580.0105 560.0809 518.6127 478.78418 439.88925 437.83493 408.41376 396.67773 375.72708 381.62427 390.7081 0.0 0.0 0.0 0.0 0.0 0.0 0.0 0.0 0.0 0.0 0.0 0.0 0.0 0.0 0.0 -999999.0 -999999.0
422.9774 409.60876 389.3098 328.5548 267.96606 209.82275 204.62737 243.31212 276.20816 297.58496 319.16205 289.42883 258.1479 249.36688 272.88766 291.45947 317.4964 351.00974 371.1521 418.34955 450.38812 486.63107 537.7488 585.75116 652.24854 632.06793 684.275 698.97046 722.76294 795.3976 872.99005 809.7027 715.41595 634.53864 626.34265 594.78534 538.06006 471.8398 423.17728 285.9036 276.0322 288.30658 277.12064 262.40805 248.76205 0.0 0.0 0.0 0.0 0.0 0.0 0.0 0.0 0.0 0.0 0.0 0.0 0.0 0.0 0.0 0.0 -999999.0
416.66577 449.5549 454.45157 391.58423 348.64636 297.92126 258.1251 256.90967 273.2547 273.37137 284.66156 283.1195 279.334 270.95847 269.40244 276.87894 288.31488 309.50714 351.4003 396.18918 445.00412 497.47385 488.31165 613.617 646.3469 657.218 683.0814 666.5733 710.80695 736.0258 778.1286 942.38025 749.2128 606.9344 599.50775 607.6601 534.5132 484.72766 421.98502 276.8584 236.08972 241.21289 225.08931 204.38959 0.0 0.0 0.0 0.0 0.0 0.0 0.0 0.0 0.0 0.0 0.0 0.0 0.0 0.0 0.0 0.0 0.0 0.0
483.203 487.8302 490.91205 458.08862 411.39124 372.2699 323.93353 296.02258 292.23776 278.3865 255.92734 280.289 300.2837 283.63342 263.97256 267.77072 252.4385 290.762 336.27747 383.39868 437.7374 525.5169 594.89136 670.7791 673.66675 637.03503 624.7883 640.1948 666.04297 737.75104 824.309 809.46954 762.31067 676.2633 631.8579 594.4009 544.61523 505.72833 464.5677 353.5915 301.5476 219.2007 188.25407 0.0 0.0 0.0 0.0 0.0 0.0 0.0 0.0 0.0 0.0 0.0 0.0 0.0 0.0 0.0 0.0 0.0 0.0 -999999.0
440.42233 480.6586 494.78946 462.45898 425.64508 406.46478 380.5584 359.26053 327.8574 318.9244 304.23035 292.3151 288.99335 261.95203 221.69862 184.14502 177.64476 217.65692 285.1881 365.5288 439.41925 525.99023 604.5966 672.1289 709.0655 668.2202 586.00757 537.61725 654.64624 768.1344 801.0401 784.3264 761.95404 700.1819 648.73834 609.3502 566.7232 501.69376 469.03802 391.15164 341.95914 293.03256 289.37772 0.0 0.0 0.0 0.0 0.0 0.0 0.0 0.0 0.0 0.0 0.0 0.0 0.0 0.0 0.0 0.0 0.0 0.0 -999999.0
431.14874 471.58347 480.37906 460.26614 438.5755 422.73575 413.97943 424.8317 387.2244 359.6142 321.079 302.26227 280.74942 237.17636 163.08755 97.28041 95.75086 146.78699 239.78159 342.1203 430.5939 500.86575 587.0389 692.97327 713.4886 684.7745 620.8523 577.54315 692.98737 752.4985 788.62915 750.84143 741.12 682.8391 641.9476 611.636 570.19037 483.27103 442.45276 414.92123 350.62808 309.4614 0.0 0.0 0.0 0.0 0.0 0.0 0.0 0.0 0.0 0.0 0.0 0.0 -999999.0 0.0 0.0 0.0 0.0 0.0 0.0 -999999.0
416.32465 444.823 452.26282 478.0699 462.99887 437.66272 447.235 462.88858 431.135 386.53418 338.35245 314.57822 262.53073 208.75955 126.608185 50.15163 34.426445 111.020515 231.1638 329.1169 405.0898 468.92035 562.4831 636.3915 678.2908 653.229 602.2017 677.49365 699.83215 748.0784 708.80334 718.98865 725.7198 697.2185 621.5014 590.9098 543.48505 485.67645 442.10843 373.7364 326.19913 266.5405 0.0 0.0 0.0 0.0 0.0 0.0 0.0 0.0 0.0 0.0 0.0 0.0 0.0 -999999.0 0.0 0.0 0.0 0.0 0.0 -999999.0
390.4347 428.592 470.44284 497.19794 483.68436 481.7054 502.86948 498.6523 483.49182 434.79028 379.2471 324.68002 255.71382 195.81102 135.18814 73.806465 44.112476 146.50801 254.07074 336.55933 391.75214 452.8305 457.02795 518.64124 577.0278 618.9075 596.9971 678.62225 677.6521 738.0174 705.0756 717.8295 753.4979 631.43427 556.98737 556.6415 521.1386 530.10333 439.94287 381.336 356.14206 0.0 0.0 0.0 0.0 0.0 0.0 0.0 0.0 0.0 0.0 0.0 0.0 0.0 0.0 0.0 0.0 0.0 0.0 0.0 -999999.0 -999999.0
360.03568 431.72974 496.50342 528.5571 535.1319 551.9126 563.686 566.21173 541.1214 482.83975 436.66504 360.96832 274.91214 215.62901 174.49815 169.57005 177.10207 234.45554 316.36624 387.76242 474.81232 441.33282 367.1213 342.95862 540.0472 634.29486 677.90686 696.8594 673.49603 691.54034 715.88007 706.6981 708.70593 659.6478 604.5242 553.88544 509.6606 385.80814 495.69302 476.68436 439.56177 269.60266 0.0 0.0 0.0 0.0 0.0 0.0 0.0 0.0 0.0 0.0 0.0 0.0 0.0 0.0 0.0 0.0 0.0 0.0 -999999.0 -999999.0
397.23862 438.2253 496.35803 540.8613 570.5662 598.1067 617.83246 607.99365 590.8701 539.3594 475.62808 393.71402 339.51138 297.41348 273.66238 277.81628 297.72614 328.64447 383.75864 484.30826 574.0094 513.3747 479.5396 454.7051 542.5399 620.896 702.0196 707.4946 681.4 719.5986 719.2693 704.00195 707.655 623.424 574.3822 516.8601 436.08755 325.32367 221.31775 179.8512 388.26822 333.4063 0.0 0.0 0.0 0.0 0.0 0.0 0.0 0.0 0.0 0.0 0.0 0.0 0.0 0.0 0.0 0.0 0.0 -999999.0 -999999.0 -999999.0
411.15686 447.28372 510.07138 566.57764 588.6533 632.37 663.9931 666.40295 634.83765 547.7551 520.42206 454.90445 403.41327 362.16122 350.00116 359.8345 398.03705 425.85785 491.906 547.8171 680.6225 706.70245 665.6242 619.7919 593.5544 619.9455 727.95215 786.8052 719.875 719.93555 738.6093 724.4382 673.451 587.0311 596.29175 531.1618 420.50912 269.77774 163.99643 127.54759 151.95503 158.83897 0.0 0.0 0.0 0.0 0.0 0.0 0.0 0.0 0.0 0.0 0.0 0.0 0.0 0.0 0.0 0.0 0.0 -999999.0 -999999.0 -999999.0
397.1052 449.08466 513.3268 578.2698 624.1751 669.7111 706.2649 682.97534 675.4472 612.37946 565.4091 499.9162 445.7394 414.2933 446.86276 461.63327 503.10007 541.5524 610.7129 669.05566 760.84686 814.23206 772.586 714.516 697.3568 745.3986 827.8332 835.365 797.8787 793.4182 781.6327 735.6897 658.21967 561.9217 556.72394 513.01825 421.01553 289.74332 163.3224 128.22197 134.34122 133.14606 115.35593 122.2839 0.0 0.0 0.0 0.0 0.0 0.0 0.0 0.0 0.0 0.0 0.0 0.0 0.0 0.0 0.0 -999999.0 -999999.0 -999999.0
391.779 445.5618 513.45276 594.0009 601.13824 696.2432 720.1777 715.8416 689.8131 649.7119 598.60187 568.60504 499.6393 488.85385 515.4814 522.8395 553.96545 601.9538 645.46924 709.8387 775.26306 806.383 747.8918 740.7441 749.04926 867.8487 850.5873 803.365 804.67365 799.00714 767.69885 777.6923 702.00354 623.5233 564.9975 516.9817 377.80768 349.66116 217.47919 166.95634 135.06866 121.58127 111.84276 0.0 0.0 0.0 0.0 0.0 0.0 0.0 0.0 0.0 0.0 0.0 0.0 0.0 0.0 0.0 0.0 -999999.0 -999999.0 -999999.0
376.787 446.16602 535.78546 612.64764 670.7818 732.51416 745.3507 739.08124 716.59375 736.61426 663.0249 617.60614 579.0949 575.491 597.38275 639.4634 649.44257 644.28925 673.0687 689.86646 676.0113 768.1507 786.44794 795.35266 770.3376 849.7588 832.2818 830.88055 800.6904 815.41266 809.4565 807.4542 741.2171 655.5947 624.62854 495.80536 445.42258 326.84003 279.76468 219.27129 183.7075 161.02393 183.0019 0.0 0.0 0.0 0.0 0.0 0.0 0.0 0.0 0.0 0.0 0.0 0.0 0.0 0.0 0.0 -999999.0 -999999.0 -999999.0 -999999.0
387.37973 457.48868 537.79626 623.7856 686.30505 734.46136 755.5006 764.0319 735.7208 765.8144 760.6292 747.7102 659.0333 654.10974 678.1487 666.3505 666.3977 661.1878 686.6811 706.5534 704.88385 779.697 758.35126 778.1966 870.34344 700.0047 798.7264 876.87427 824.2873 800.77844 742.68933 716.63605 751.1479 723.18414 591.9647 524.4041 513.2217 352.53897 257.65488 260.19525 259.7272 204.28207 82.990845 78.7716 0.0 0.0 0.0 0.0 0.0 0.0 0.0 0.0 0.0 0.0 0.0 0.0 0.0 0.0 -999999.0 -999999.0 -999999.0 -999999.0
400.50507 477.2217 537.6378 620.4362 686.0241 717.11096 832.58453 832.8109 759.94214 794.1393 845.97375 805.53455 800.00073 708.3687 691.7139 705.0597 618.3773 719.8987 701.3652 661.3064 672.2132 732.5176 703.3363 771.0086 846.8805 854.2788 906.4916 874.39294 811.6275 821.8948 744.8776 700.7962 739.32434 677.7882 609.09784 606.94995 580.30005 451.5109 409.44888 415.46277 304.60846 198.61842 86.32312 90.5554 0.0 0.0 0.0 0.0 0.0 0.0 0.0 0.0 0.0 0.0 0.0 0.0 0.0 -999999.0 -999999.0 -999999.0 -999999.0 -999999.0
438.85852 492.35754 545.99646 611.00714 675.4513 778.00543 813.1589 794.4821 792.61096 859.8432 898.9029 894.6897 832.7666 724.4439 688.3249 705.90936 625.17206 654.841 659.2141 647.98755 612.75415 633.3383 645.8567 724.3017 736.8739 814.89496 854.6646 794.6229 767.57587 762.4597 779.90173 762.18036 760.84406 658.8419 627.3744 636.5755 633.9618 546.64844 519.55536 458.96558 336.06955 212.97218 152.72572 117.65203 0.0 0.0 0.0 0.0 0.0 0.0 0.0 0.0 0.0 0.0 0.0 0.0 -999999.0 -999999.0 -999999.0 -999999.0 -999999.0 -999999.0
447.1079 485.49216 533.75433 578.8316 637.2749 712.27155 765.54126 790.7323 779.47546 840.57806 902.77936 864.89545 844.04816 743.9409 767.4573 698.41986 591.89874 583.0585 578.94293 572.23773 561.61615 535.7638 585.5647 657.49915 651.2467 743.77106 772.0267 754.81256 661.5142 629.8003 689.05237 689.4751 633.8586 617.78296 610.5446 613.9047 631.9098 511.2702 477.3914 471.8755 350.00305 215.62968 184.05463 0.0 0.0 0.0 0.0 0.0 0.0 0.0 0.0 0.0 0.0 0.0 0.0 -999999.0 -999999.0 -999999.0 -999999.0 -999999.0 -999999.0 -999999.0
417.18765 467.18335 520.4252 533.7746 672.1799 710.7525 710.1967 664.4585 691.0823 770.29425 827.9903 811.41113 809.6056 811.1962 765.72675 656.31256 567.3678 528.1923 511.96643 481.44058 573.2008 543.5741 583.8255 609.3157 633.244 685.057 703.173 664.55536 556.82465 546.3499 595.944 591.92737 555.6715 600.77344 589.6044 557.89386 516.9771 423.21353 381.1119 379.39352 341.27963 236.8137 200.14362 0.0 0.0 0.0 0.0 0.0 0.0 0.0 0.0 0.0 0.0 0.0 0.0 0.0 -999999.0 -999999.0 -999999.0 -999999.0 -999999.0 -999999.0
435.91843 458.05746 499.9634 584.52625 630.8312 644.37744 686.073 578.299 514.4147 518.48615 573.0089 707.51447 792.67163 764.56287 694.98444 594.1298 486.66846 458.7025 424.2854 419.57812 503.10742 511.70615 546.09314 565.25055 596.24176 604.094 669.77075 613.8053 513.9143 467.1306 500.46808 458.95496 497.26956 532.79114 501.9697 463.34424 424.349 330.49353 280.2722 277.82413 278.15475 244.82074 194.98285 139.4093 0.0 0.0 0.0 0.0 0.0 0.0 0.0 0.0 0.0 0.0 0.0 0.0 -999999.0 -999999.0 -999999.0 -999999.0 -999999.0 -999999.0
207.98248 279.87567 546.0681 578.03406 598.7881 619.9861 636.1037 613.514 423.96368 281.84903 398.95056 585.46576 728.4931 679.79614 570.28784 439.43878 404.4953 363.75916 355.0837 373.68384 408.09702 423.95206 474.5732 528.1508 568.17706 602.91345 515.3318 536.367 434.80865 381.60468 371.4457 398.87354 492.91693 462.11096 446.8448 377.4049 338.55563 273.31308 181.18985 170.80635 220.61282 217.54681 156.54625 120.59631 0.0 0.0 0.0 0.0 0.0 0.0 0.0 0.0 0.0 0.0 0.0 -999999.0 -999999.0 -999999.0 -999999.0 -999999.0 -999999.0 -999999.0
138.15541 188.05899 283.64487 527.17804 573.22534 615.22784 613.9089 657.8768 641.45483 387.28284 487.7085 633.57544 566.7023 493.35272 392.1201 306.46268 299.88483 296.18698 269.8766 296.6977 326.0197 361.6448 415.78113 501.8202 433.31268 446.73633 422.25906 371.0309 371.32205 349.62405 352.35266 394.26733 460.35287 422.68915 370.67828 327.05832 306.5028 297.35284 226.2508 91.33687 197.52026 146.67796 114.528824 0.0 0.0 0.0 0.0 0.0 0.0 0.0 0.0 0.0 0.0 -999999.0 -999999.0 -999999.0 -999999.0 -999999.0 -999999.0 -999999.0 -999999.0 -999999.0
