data/TNO-HT-ATES/HT-ATES_ooz2/ooz2__temp_end_prod_P50_basecase_80-45-40.asc
ncols  140
nrows  163
xllcorner  0.0
yllcorner  300000.0
cellsize  2000.0
NODATA_value  -999999.0
[rows 28 to 55 of 163, columns 63 to 125 of 140]
51.213448 50.43722 49.128403 0.0 0.0 -999999.0 -999999.0 -999999.0 -999999.0 -999999.0 -999999.0 -999999.0 -999999.0 -999999.0 -999999.0 -999999.0 -999999.0 -999999.0 -999999.0 -999999.0 -999999.0 -999999.0 -999999.0 -999999.0 -999999.0 -999999.0 -999999.0 -999999.0 -999999.0 -999999.0 -999999.0 -999999.0 -999999.0 -999999.0 -999999.0 0.0 0.0 46.752216 48.18956 49.42013 50.56632 51.342342 51.922783 52.444565 52.74618 52.81501 52.906895 52.261166 52.459785 52.47897 52.485603 52.434895 52.244617 51.848915 51.030293 49.987328 48.86368 49.25954 49.953964 50.208412 -999999.0 0.0 0.0
51.273098 50.64073 49.629513 48.27129 0.0 0.0 -999999.0 -999999.0 -999999.0 -999999.0 -999999.0 -999999.0 -999999.0 -999999.0 -999999.0 -999999.0 -999999.0 -999999.0 -999999.0 -999999.0 -999999.0 -999999.0 -999999.0 -999999.0 -999999.0 -999999.0 -999999.0 -999999.0 -999999.0 -999999.0 -999999.0 -999999.0 -999999.0 -999999.0 -999999.0 0.0 0.0 47.25617 48.888824 50.29362 51.29036 51.89386 52.33269 52.730503 52.994644 52.865486 51.95605 52.906994 52.22703 52.19061 52.020695 51.90029 51.674206 51.13895 49.98564 49.547817 49.52031 50.340584 51.36227 51.970097 -999999.0 49.6542 0.0
51.19791 50.550247 49.67055 48.643345 0.0 0.0 0.0 -999999.0 -999999.0 -999999.0 -999999.0 -999999.0 -999999.0 -999999.0 -999999.0 0.0 0.0 0.0 -999999.0 -999999.0 -999999.0 -999999.0 -999999.0 -999999.0 -999999.0 -999999.0 -999999.0 -999999.0 -999999.0 -999999.0 -999999.0 -999999.0 -999999.0 -999999.0 -999999.0 0.0 0.0 47.68957 49.555874 50.90822 51.632427 52.059887 52.40241 52.615547 52.748535 52.68418 50.491203 49.578686 52.076237 51.69756 51.730022 51.497326 51.137054 50.463165 49.498608 48.96394 49.403664 50.48074 50.957268 51.795162 -999999.0 50.809135 50.5266
51.242455 50.613693 49.83432 49.038315 48.090775 0.0 0.0 -999999.0 -999999.0 -999999.0 -999999.0 -999999.0 -999999.0 -999999.0 0.0 0.0 0.0 0.0 0.0 -999999.0 -999999.0 -999999.0 -999999.0 -999999.0 -999999.0 -999999.0 -999999.0 -999999.0 -999999.0 -999999.0 -999999.0 -999999.0 -999999.0 -999999.0 0.0 0.0 46.524567 48.550854 49.980606 51.006622 51.601097 51.95106 52.20863 52.241978 52.06682 51.710915 50.46708 49.528793 49.807 51.63374 51.202946 51.172367 50.68868 50.581425 50.33793 49.35605 49.02902 49.999825 50.900566 51.681347 -999999.0 51.30738 51.057793
51.421608 50.851475 50.25383 49.480953 48.52458 47.59532 0.0 0.0 -999999.0 -999999.0 -999999.0 -999999.0 -999999.0 0.0 0.0 47.744396 47.8155 0.0 0.0 0.0 -999999.0 -999999.0 -999999.0 -999999.0 -999999.0 -999999.0 -999999.0 -999999.0 -999999.0 -999999.0 -999999.0 -999999.0 -999999.0 -999999.0 0.0 0.0 47.659695 49.25971 50.31675 50.949585 51.31085 51.710297 51.874386 51.75074 51.481 50.941322 50.207478 49.484062 48.787605 50.533276 51.203808 51.2419 51.549244 51.861893 51.321598 49.886257 50.045795 50.914257 50.96064 51.11237 51.889915 51.867695 50.643875
51.65803 51.154453 50.643646 49.965107 48.995728 48.254726 47.22113 0.0 0.0 0.0 0.0 0.0 0.0 0.0 48.133068 48.496906 48.31683 47.49767 0.0 0.0 -999999.0 -999999.0 -999999.0 -999999.0 -999999.0 -999999.0 -999999.0 -999999.0 -999999.0 -999999.0 -999999.0 -999999.0 -999999.0 -999999.0 0.0 46.434654 48.58726 49.834408 50.5533 50.844944 50.993164 51.386597 51.538666 51.424213 51.107723 50.493847 49.73669 49.021774 48.441917 47.482708 49.757053 52.438274 52.924484 52.499493 51.941807 50.882305 51.036453 51.217007 51.4325 51.610043 51.562763 51.325394 50.08552
51.928642 51.47052 51.02962 50.54151 49.908283 49.61175 48.602077 47.739487 0.0 0.0 0.0 0.0 0.0 48.171265 48.968952 48.96567 48.429535 47.649063 0.0 0.0 0.0 -999999.0 -999999.0 -999999.0 -999999.0 -999999.0 -999999.0 -999999.0 -999999.0 0.0 -999999.0 -999999.0 -999999.0 0.0 0.0 47.93356 49.511684 50.436714 50.830627 50.864563 50.250908 51.235016 51.365025 51.274715 50.94532 50.320965 49.376568 48.610607 48.74582 48.995693 48.321472 52.356945 52.535355 52.44582 52.012466 50.417103 51.485283 51.478428 51.547745 51.540863 51.35512 50.84604 49.816017
52.246468 51.804287 51.4676 51.12821 50.736214 50.798466 49.81858 49.247578 48.810047 48.343685 48.119473 48.19317 48.474808 49.26861 49.88015 49.86678 49.45711 48.753704 47.731747 0.0 0.0 0.0 0.0 0.0 0.0 0.0 0.0 0.0 0.0 0.0 0.0 -999999.0 -999999.0 0.0 47.457184 49.285484 50.42665 51.121887 51.359 51.373436 51.31244 51.391857 51.446198 51.428696 51.00782 50.13929 49.241455 48.476856 48.469948 48.751583 48.047504 48.47029 52.20955 52.19314 51.52343 51.39946 51.371944 51.62116 51.6828 51.47348 0.0 0.0 49.148647
52.32255 52.23726 51.933285 51.682 51.339943 51.20994 50.94278 50.624916 50.17791 49.76973 49.66865 49.672607 50.186848 50.616512 50.640537 50.48032 50.07049 49.459988 48.167976 0.0 0.0 0.0 0.0 0.0 47.69585 47.938534 47.611156 47.671757 47.560623 47.396885 46.552635 0.0 0.0 47.178913 49.03412 50.36797 51.1677 51.611233 51.77588 51.735184 51.722992 51.594913 51.514286 51.393353 50.816532 50.24454 49.269165 48.22346 47.623184 47.781696 46.885876 47.927025 51.818283 51.76057 51.57215 50.735287 51.37202 51.556557 51.53528 51.39236 0.0 0.0 0.0
52.120907 52.201355 52.237846 52.11446 51.88459 51.782867 51.68813 51.50114 51.226288 50.92644 50.7449 50.7418 51.122677 51.47595 51.487026 51.23394 50.816902 50.089634 48.813488 47.30272 0.0 0.0 47.2698 48.325146 49.27478 49.69838 49.615032 49.53945 49.639442 49.81973 49.153008 48.805805 48.81976 49.411446 50.403236 51.165916 51.706432 51.941875 52.024696 52.00673 51.946133 51.759212 51.58046 51.447517 51.10071 50.447605 49.289852 47.608467 0.0 46.452694 0.0 47.296474 51.002884 50.460384 50.53547 47.252613 50.981213 51.391777 51.358818 0.0 0.0 48.64134 0.0
52.121574 52.086647 52.310165 52.263668 52.11306 52.123634 52.2078 52.24794 52.141163 51.929314 51.544216 51.44132 51.78875 52.106384 52.213593 52.00363 51.56446 50.779957 49.58779 47.796223 0.0 0.0 48.496662 49.89155 50.65863 50.954315 51.043285 51.01357 51.0755 51.138218 50.96808 50.928436 50.83002 51.01964 51.405674 51.80573 52.090878 52.188797 52.223534 52.163284 52.033215 51.835724 51.635162 51.16102 50.968258 50.60567 49.233627 47.769917 46.45726 47.18188 0.0 0.0 49.479084 0.0 0.0 -999999.0 49.297943 51.14486 51.25265 0.0 0.0 0.0 0.0
51.800564 52.115143 52.1492 52.23399 52.37875 52.425335 52.49997 53.358395 52.50095 52.54621 52.328438 52.125477 52.29391 52.601555 52.711918 52.640293 52.31831 51.71516 50.703224 49.09483 0.0 48.21506 50.111702 51.13123 51.71798 51.98008 52.10383 52.096966 52.12881 52.166653 52.125923 52.106342 52.033604 52.018085 52.100952 52.265083 52.42431 52.46127 52.421658 52.314003 52.152893 51.928993 51.725166 51.557182 51.099697 50.750397 49.91497 49.84462 49.978046 0.0 -999999.0 48.161736 49.220783 50.092087 50.61726 -999999.0 50.56246 51.052242 50.91276 51.12618 50.75205 0.0 0.0
52.090355 52.193016 53.020832 53.18755 53.41915 53.381546 53.428097 52.577507 52.728813 52.71286 52.79792 52.750298 52.76695 53.01669 53.269054 53.224045 53.044254 52.643703 51.941982 51.048912 50.53601 50.87129 51.612152 52.291706 52.61207 52.786674 52.856762 52.872738 52.90066 52.86467 52.82672 52.772106 52.710403 52.592293 52.555077 52.64426 52.6402 52.662937 52.6349 52.51448 52.30355 52.055492 51.794994 51.260857 51.334064 51.144253 50.968132 51.256073 51.02027 50.66479 47.960804 0.0 47.214542 50.273808 50.94876 51.036713 51.087204 50.957844 50.400867 50.84707 49.831024 0.0 0.0
53.27143 53.159763 53.10202 53.16702 53.52869 53.483116 53.443836 52.45666 52.663197 52.774128 52.900368 53.24509 53.353695 53.466732 53.652252 53.67971 53.621895 53.362644 52.942017 52.484535 52.342354 52.41138 52.618702 52.8097 53.116222 53.271603 53.39674 53.390175 53.390804 53.357033 53.23525 53.13885 53.067856 52.989418 52.928467 52.88776 52.833733 52.86836 52.78425 52.672054 52.487396 52.228565 51.94642 51.2551 51.46604 51.09825 51.181725 51.28114 51.12009 50.51759 49.64266 48.941917 48.814007 50.532528 50.8715 50.908813 50.69604 50.62783 50.356083 50.379353 50.39509 0.0 0.0
53.411926 53.265087 53.15726 53.18877 53.186653 53.340046 53.329613 52.535557 52.66685 52.67778 53.10128 53.436172 53.650314 53.81533 53.886456 53.86801 53.794968 53.696617 53.560246 53.397766 53.10554 52.931686 52.71642 53.216354 53.470448 53.650894 53.758102 53.705597 53.68855 53.66274 53.45876 53.409924 53.305695 53.24196 53.174137 53.09166 53.03734 52.977623 52.936382 52.83143 52.7026 52.628822 52.201084 51.526894 51.50249 50.84127 51.13173 51.368607 51.028233 50.54536 50.1933 49.999924 49.817513 50.542618 50.646854 50.590195 50.59383 0.0 0.0 50.204376 0.0 0.0 0.0
53.405724 53.24089 53.094963 53.0608 53.084187 53.307953 53.478024 52.684402 52.824352 53.967907 53.313805 53.665836 53.79421 53.834126 53.915318 53.847565 53.895226 53.818115 53.72752 53.661953 53.56898 53.525227 53.431522 53.539528 53.722683 53.817806 53.876625 53.85488 53.813023 53.747726 53.6032 53.50503 53.437973 53.41758 53.32741 53.199196 53.196808 53.12571 53.059998 52.9875 52.914852 52.727036 51.805386 51.5523 51.413254 51.08681 51.312405 51.10612 50.84275 50.451073 50.307083 50.441532 50.385574 50.574413 50.53022 50.575924 50.55129 0.0 0.0 49.078163 49.83629 0.0 0.0
53.126743 53.080063 52.88158 52.798515 52.962227 52.516735 53.73146 52.965767 53.885242 54.049244 53.443855 53.677032 53.8089 53.850094 53.947594 53.976467 53.94795 53.93938 53.880478 53.78148 53.827805 53.83981 53.79048 53.79547 53.885395 53.99127 53.97241 53.961 53.82675 53.81148 53.692863 53.630108 53.5659 53.461998 53.386166 53.277344 53.23984 53.204666 53.13349 53.07712 53.04984 52.868393 51.867718 51.70011 51.270267 51.266712 51.703022 50.684395 50.152477 49.9206 50.28254 50.392574 50.473324 50.55775 50.51266 50.511223 0.0 0.0 0.0 50.49346 49.302406 0.0 0.0
52.491817 52.239555 52.269386 52.27325 52.700542 52.43587 53.685345 53.913055 53.84954 53.8514 53.34601 53.687553 53.846375 53.886646 53.97984 54.06865 54.01567 54.06276 53.96202 53.91835 54.034496 54.006447 53.97015 53.98067 54.047764 54.071297 53.961308 53.858643 53.798088 53.811783 53.740402 53.633526 53.549004 53.37558 53.360806 53.285202 53.255924 53.208065 53.178356 53.138775 53.06441 52.872116 51.842903 51.754436 51.527565 51.394577 51.71798 51.44398 49.786526 49.474495 49.520325 49.776653 0.0 0.0 0.0 0.0 0.0 0.0 0.0 0.0 0.0 0.0 0.0
51.07348 50.121128 50.283554 50.934246 51.88342 52.022335 53.34022 53.675365 53.821503 53.0606 53.36056 53.723034 53.92307 53.959164 54.03662 54.122692 54.165497 54.134827 54.108753 54.080563 54.12214 54.05419 54.09096 54.083755 54.09821 54.053455 54.063965 53.886753 53.86771 53.823227 53.7938 53.643578 53.42241 53.370804 53.29135 53.31376 53.204697 53.176434 53.18018 53.12009 52.976204 52.799255 51.801067 51.705204 51.62106 51.362915 51.147293 51.753437 51.126434 50.095215 49.475433 49.52243 0.0 0.0 0.0 0.0 0.0 0.0 0.0 0.0 51.263134 0.0 0.0
48.464394 0.0 0.0 48.196365 50.40578 51.98264 52.923584 53.456272 53.70672 53.069126 53.380943 53.770958 54.106136 53.964245 54.000107 54.12484 54.204372 54.21129 54.197884 54.12255 54.283817 54.115616 54.086758 54.03157 54.071243 54.098625 54.025455 53.982845 53.922813 53.828014 53.75489 53.601414 53.450726 53.32472 53.275417 53.219822 53.16524 53.15109 52.413998 53.040977 52.900013 52.754147 51.792793 51.70151 51.50915 51.37505 0.0 0.0 51.331406 50.875134 49.71089 49.358776 0.0 0.0 0.0 0.0 0.0 0.0 0.0 0.0 51.09573 50.971046 0.0
-999999.0 -999999.0 -999999.0 -999999.0 48.00527 50.83398 52.357887 53.104202 53.447342 52.900852 53.314297 53.712437 53.87841 53.91332 53.96916 54.061115 54.220642 54.204018 54.214764 54.21113 54.16056 54.09587 54.08862 54.005333 54.0437 54.08457 54.03613 53.882416 53.906982 53.805252 53.752575 53.410072 53.314396 53.189808 53.116753 53.154858 52.942715 52.953133 53.053707 52.959396 52.843945 51.91505 51.78423 51.745342 51.609795 51.436134 0.0 0.0 0.0 51.099377 51.099495 51.445347 50.869602 0.0 0.0 0.0 0.0 0.0 0.0 0.0 0.0 0.0 0.0
-999999.0 -999999.0 -999999.0 -999999.0 0.0 49.496387 51.506153 52.504623 53.127213 52.755836 53.241074 53.61783 53.816715 53.895958 53.96965 54.06207 54.16701 54.206375 54.18122 54.18364 54.14961 54.068832 53.93237 53.946796 54.025146 54.04363 54.183876 53.93428 53.85377 53.874798 53.571537 53.421593 53.33397 53.21222 53.05217 52.98458 52.81552 52.82155 52.889843 52.802544 52.773685 51.923676 51.728207 51.69223 51.63326 51.504032 51.06765 50.70843 50.50956 50.264748 50.529602 51.022785 50.87958 50.568184 0.0 0.0 0.0 0.0 0.0 0.0 0.0 0.0 0.0
-999999.0 -999999.0 -999999.0 -999999.0 -999999.0 47.96433 50.56551 51.749203 52.711407 52.535873 53.07648 53.49947 53.7655 53.88591 53.99903 54.033295 54.147797 54.197403 54.16403 54.127865 54.129135 53.99954 53.897514 53.92021 53.926098 53.948326 53.90683 53.86161 53.827385 53.809357 53.59879 53.357265 53.25547 53.04951 52.92315 52.900715 52.763042 52.753716 52.849842 52.79955 52.577755 51.773117 51.94302 51.664486 51.447422 51.117706 50.807568 50.41961 50.071457 50.186592 50.612194 51.16116 51.254356 50.64946 0.0 0.0 0.0 0.0 0.0 0.0 0.0 0.0 0.0
-999999.0 -999999.0 -999999.0 -999999.0 -999999.0 0.0 49.66391 51.302067 51.739243 52.390564 52.87442 53.26792 53.646812 53.810303 53.90503 54.009457 54.141098 54.195755 54.146122 54.10102 54.089447 53.942165 53.841885 53.85465 53.844467 53.803505 53.769806 53.74693 53.43725 53.677155 53.55356 53.392384 53.193092 53.02514 52.88574 52.848892 52.7202 52.638947 52.822575 52.598797 52.55985 51.729233 52.299282 51.32922 51.23813 51.05903 50.48479 49.333176 49.203327 50.070423 51.121193 51.29203 51.083046 50.689217 0.0 0.0 0.0 0.0 0.0 0.0 0.0 0.0 0.0
-999999.0 -999999.0 -999999.0 -999999.0 -999999.0 0.0 49.161983 50.513985 51.531956 52.178295 52.75666 53.23789 53.509846 53.71837 53.854164 53.98116 54.094193 54.23517 54.1933 54.07043 54.050564 53.92678 53.870686 53.82763 53.793816 53.671566 53.56983 53.370396 53.338585 53.370834 53.404816 53.28848 53.12765 53.053158 52.851902 52.836506 52.718937 52.659386 52.689922 52.658836 52.67448 52.46208 52.302647 51.335262 51.433292 51.002213 49.804287 46.46185 46.7669 49.57198 50.92725 51.35494 50.685635 0.0 0.0 0.0 0.0 0.0 0.0 0.0 0.0 0.0 0.0
-999999.0 -999999.0 -999999.0 -999999.0 0.0 0.0 48.876 50.81252 51.290096 52.04258 52.69319 53.14509 53.457718 53.603176 53.80122 53.935745 54.010838 54.11139 54.103157 54.046013 53.92629 53.847942 53.766632 53.684917 53.64638 53.532974 53.21061 53.16339 53.17179 53.08696 53.146893 53.039783 52.99753 52.994823 52.938526 52.841385 52.737255 52.68717 52.73264 52.63724 52.765278 52.540085 52.386784 51.393116 51.42861 50.953125 49.948406 46.065758 47.046387 49.61288 50.496826 50.723114 0.0 0.0 0.0 0.0 0.0 0.0 0.0 0.0 0.0 -999999.0 -999999.0
48.903893 0.0 -999999.0 -999999.0 0.0 0.0 48.759666 50.46292 51.774704 52.592182 52.519592 53.095757 53.433258 53.568005 53.72616 53.844 53.94942 54.015423 53.99862 53.991634 53.86244 53.77569 53.68987 53.55657 53.482815 53.387234 53.07189 52.983963 52.8394 52.755737 52.773365 52.75924 52.787853 52.9389 52.972744 52.811783 52.769577 52.926258 52.75156 52.69592 52.839554 52.641525 52.468918 51.41389 51.514713 51.007736 50.649956 49.99032 49.998634 0.0 0.0 0.0 0.0 0.0 0.0 0.0 0.0 0.0 0.0 0.0 -999999.0 -999999.0 -999999.0
51.625942 47.89055 0.0 0.0 0.0 47.790337 48.79075 50.19278 51.265232 51.533848 52.30669 52.992874 53.34416 53.56726 53.656693 53.77555 53.842102 53.88633 53.913033 53.922066 53.755676 53.717503 53.68594 53.517044 53.30461 53.044964 52.87248 52.652866 52.385075 52.2263 52.172867 52.30852 52.518616 52.821037 52.927902 52.861324 52.884483 52.75698 52.8229 52.86987 52.887894 52.86982 51.845486 51.71216 51.508526 51.133083 50.883846 50.73194 0.0 50.12461 0.0 0.0 0.0 0.0 0.0 0.0 0.0 0.0 0.0 0.0 -999999.0 -999999.0 -999999.0
