data/TNO-HT-ATES/HT-ATES_ooz2/ooz2__temp_end_prod_P50_basecase_80-45-40.asc
ncols  140
nrows  163
xllcorner  0.0
yllcorner  300000.0
cellsize  2000.0
NODATA_value  -999999.0
[rows 56 to 83 of 163, columns 63 to 125 of 140]
52.628166 50.701736 48.895058 48.54641 48.710487 49.02544 49.358128 49.666138 50.134693 50.87967 51.904846 52.61651 53.103214 53.378613 53.55812 53.68061 53.72185 53.79232 53.816414 53.82554 53.753487 53.69214 53.62462 53.421757 53.17604 52.954887 52.67756 52.317127 51.90816 51.3556 51.592667 52.113445 52.51231 52.75413 52.877167 52.88564 52.85047 52.833748 52.880775 52.90028 52.842445 52.766754 51.788563 51.718254 51.403454 51.06273 50.97195 50.942497 0.0 0.0 0.0 0.0 0.0 0.0 0.0 0.0 0.0 0.0 0.0 0.0 -999999.0 -999999.0 -999999.0
53.218697 51.945065 50.897797 50.555656 50.3753 49.879223 49.709507 50.011623 49.85661 49.887096 50.99636 52.031605 52.680904 53.17593 53.459442 53.59619 53.68123 53.678806 53.699593 53.73713 53.70816 53.70096 53.67424 53.347702 53.105377 52.752243 52.451946 52.037952 51.690216 51.206738 51.565063 52.167774 52.550167 52.738014 52.764145 52.826767 52.8587 52.867466 52.819683 52.762093 52.706615 51.857273 51.74583 51.646477 51.535046 51.17892 51.006466 0.0 0.0 0.0 0.0 0.0 0.0 0.0 0.0 0.0 0.0 0.0 0.0 0.0 -999999.0 -999999.0 -999999.0
53.421185 52.499615 51.67139 51.035065 50.19096 49.208202 49.02175 49.085617 48.808746 49.235302 50.380436 51.44953 52.22609 52.95246 53.324097 53.441227 53.566784 53.566925 53.60274 53.64743 53.6083 53.574627 53.41375 53.108433 52.906265 52.578037 52.3489 52.00182 51.829765 51.7185 51.977436 52.304466 52.522194 52.6523 52.69884 52.74541 52.73552 52.73614 52.639248 52.621414 52.556965 51.715004 51.77407 51.655144 50.94181 0.0 0.0 0.0 0.0 0.0 0.0 0.0 0.0 0.0 0.0 0.0 0.0 0.0 0.0 0.0 -999999.0 -999999.0 -999999.0
53.623898 52.88528 52.20412 50.108448 47.872803 0.0 0.0 47.532063 48.12189 49.194347 50.76896 51.056526 51.87374 52.645054 53.02322 53.185467 53.283714 53.35897 53.417763 53.48649 53.499733 53.460632 53.274765 52.81827 52.557552 52.40249 52.26068 52.22956 52.21556 52.268536 52.472958 52.580826 52.604435 52.624836 52.50898 52.597504 52.675114 52.66209 52.633743 52.540443 51.717854 51.64241 51.55511 51.274765 0.0 0.0 0.0 0.0 0.0 0.0 0.0 0.0 0.0 0.0 0.0 0.0 0.0 0.0 0.0 -999999.0 -999999.0 -999999.0 -999999.0
53.82436 52.831642 52.245193 49.51966 -999999.0 -999999.0 0.0 0.0 48.24357 49.56176 50.86894 51.386887 51.48371 52.278835 52.84583 53.05823 53.09378 53.19145 53.322998 53.35568 53.32542 53.367405 53.292324 53.04125 52.239174 52.11267 52.35455 52.50435 52.59933 52.70142 52.801517 52.771084 52.723236 52.65167 52.481575 52.575356 52.633995 52.554577 52.365128 52.258762 52.11411 52.03507 51.868404 51.15325 0.0 0.0 0.0 0.0 0.0 0.0 0.0 0.0 0.0 0.0 0.0 0.0 0.0 0.0 0.0 -999999.0 -999999.0 -999999.0 -999999.0
53.677395 52.720947 51.903408 50.122364 0.0 0.0 47.246643 48.858883 50.112034 50.877163 51.34533 50.939953 51.3252 51.930737 52.35725 52.671383 52.80714 52.93667 53.089638 53.229015 53.348476 53.303627 53.336414 53.291832 52.51934 52.33278 52.648407 52.883926 53.050426 53.107384 53.090664 53.02938 52.84848 52.746666 52.636368 52.593742 52.57771 52.416348 52.2146 52.15306 51.99679 51.936615 51.43172 51.096592 0.0 0.0 0.0 0.0 0.0 0.0 0.0 0.0 0.0 0.0 0.0 0.0 0.0 0.0 0.0 -999999.0 -999999.0 -999999.0 -999999.0
53.54957 52.93341 52.18633 50.8608 49.017624 49.02574 50.046925 51.213783 51.86793 52.205833 51.24087 50.935432 51.082645 51.668537 51.889523 52.12558 52.481194 52.629036 52.86921 53.073627 53.199554 53.30001 53.361088 53.475334 52.964497 52.89183 53.03913 53.20018 53.397774 53.33612 53.22969 53.087467 52.9535 52.786007 52.608486 52.42907 52.369423 52.566006 52.372955 52.034103 51.835613 51.699326 51.650913 51.60666 0.0 0.0 0.0 0.0 0.0 0.0 0.0 0.0 0.0 0.0 0.0 0.0 0.0 0.0 0.0 -999999.0 -999999.0 -999999.0 -999999.0
53.54652 53.286392 52.719013 51.836334 50.99532 50.525204 50.993523 51.387585 52.273315 51.938602 51.543755 51.16195 51.1014 51.4912 51.550823 51.85142 52.162216 52.377193 52.690094 52.929 53.142796 53.367706 53.517834 53.48954 53.456036 53.25853 53.33844 53.284283 53.39297 53.41668 53.422127 53.307106 53.05955 52.714417 52.4286 52.236843 52.227505 52.14855 51.760033 51.390205 51.36036 51.33058 50.7872 50.58701 0.0 0.0 0.0 0.0 0.0 0.0 0.0 0.0 0.0 0.0 0.0 0.0 0.0 0.0 0.0 0.0 -999999.0 -999999.0 -999999.0
53.802 53.785522 52.670723 52.148815 52.255707 51.215588 51.185123 51.31432 51.465546 51.53547 51.484 51.409153 51.876045 51.782776 51.335064 51.512516 51.92949 52.201195 52.56208 52.89601 53.1902 53.71683 53.607384 53.58558 53.48376 53.18431 53.20109 53.180416 53.234142 53.274483 53.24156 53.190353 53.23179 52.873997 52.406017 52.23652 52.13546 51.915905 51.258034 50.765984 50.90279 50.77503 50.254765 0.0 0.0 0.0 0.0 0.0 0.0 0.0 0.0 0.0 0.0 0.0 0.0 0.0 0.0 0.0 0.0 0.0 0.0 -999999.0 0.0
54.034187 54.04802 52.94047 52.602592 53.09141 52.503258 52.156643 52.1172 51.43457 51.15513 51.423145 51.586952 52.05575 51.64109 51.75552 51.051006 51.56547 51.998318 52.414387 52.846672 53.259525 53.618 53.68032 53.66822 53.619286 53.324192 53.083828 53.159313 53.210796 53.033806 53.108913 53.085716 53.012665 52.747597 52.51248 52.27527 52.11466 51.865627 51.488964 51.25109 50.70305 50.295834 0.0 0.0 0.0 0.0 0.0 0.0 0.0 0.0 0.0 0.0 0.0 0.0 0.0 0.0 0.0 0.0 0.0 0.0 -999999.0 -999999.0 -999999.0
53.046257 53.96816 53.8215 53.549095 52.522106 53.141434 52.13956 52.05221 51.931225 51.793446 51.64463 51.530117 51.176743 51.02166 50.40076 49.892536 50.541058 51.50894 52.232983 52.80416 53.2838 53.649094 53.849045 53.816658 53.60506 53.252625 52.934895 53.08673 52.98418 52.987206 53.06226 52.923973 52.839275 52.6706 52.490486 52.318935 52.11442 51.84987 51.63441 51.544228 50.929516 50.810493 0.0 0.0 0.0 0.0 0.0 0.0 0.0 0.0 0.0 0.0 0.0 0.0 0.0 0.0 0.0 0.0 0.0 0.0 -999999.0 -999999.0 -999999.0
52.91069 52.991055 52.883556 52.749905 53.464626 53.41393 53.432045 52.535122 52.296116 52.14063 51.780457 51.42256 50.774536 49.561188 47.909233 47.85782 49.21712 50.9238 52.066273 52.782524 53.228027 53.579834 53.92035 54.199673 53.72237 53.360508 53.204517 53.992165 54.00732 52.90502 53.02708 52.88221 52.768265 52.697746 52.496452 52.35169 52.186165 51.910374 51.76055 51.54547 50.82098 0.0 0.0 0.0 0.0 0.0 0.0 0.0 0.0 0.0 0.0 0.0 0.0 -999999.0 0.0 0.0 0.0 0.0 0.0 0.0 -999999.0 -999999.0 -999999.0
52.72722 52.81839 52.89809 52.856945 53.54041 53.61544 53.711323 52.79791 52.56583 52.241325 51.887257 51.257317 50.413414 48.722538 0.0 0.0 48.43375 50.766056 52.02264 52.62919 52.97075 53.470394 53.75471 53.963898 53.771008 53.582 53.170456 54.046944 53.99425 53.064617 53.067368 52.85387 52.715298 52.695274 52.533848 52.403156 52.259853 51.972187 51.731037 51.426914 50.58804 0.0 0.0 0.0 0.0 0.0 0.0 0.0 0.0 0.0 0.0 0.0 0.0 0.0 -999999.0 0.0 0.0 0.0 0.0 0.0 -999999.0 -999999.0 -999999.0
52.605354 52.871635 53.04932 53.068413 52.98095 53.922997 53.130444 53.08877 52.826862 52.446537 51.989555 51.14363 50.221684 48.848038 47.28295 0.0 49.17196 51.09684 52.082314 52.490925 52.868496 52.92529 53.292377 53.597954 53.605526 53.54917 53.20444 53.140343 54.027542 53.037422 52.990437 52.71127 52.918613 52.615906 52.354034 52.307507 52.050552 52.080845 51.758644 51.44617 0.0 0.0 0.0 0.0 0.0 0.0 0.0 0.0 0.0 0.0 0.0 0.0 0.0 0.0 0.0 0.0 0.0 0.0 0.0 -999999.0 -999999.0 -999999.0 -999999.0
52.61358 53.011776 53.217587 53.218376 53.19372 53.234425 53.366306 53.35244 53.106853 52.78659 52.152912 51.323112 50.491215 49.796017 49.77646 49.984108 50.841984 51.83738 52.405727 52.91597 52.74468 52.94454 52.69856 53.121357 53.369606 54.303402 54.20883 53.183872 53.06211 52.975502 52.91727 52.76415 52.711155 52.50782 52.2229 51.970345 51.608715 52.03195 52.07849 51.737015 50.83483 0.0 0.0 0.0 0.0 0.0 0.0 0.0 0.0 0.0 0.0 0.0 0.0 0.0 0.0 0.0 0.0 0.0 0.0 -999999.0 -999999.0 -999999.0 -999999.0
52.690994 53.012062 53.223255 53.242825 53.3135 53.396503 53.492027 53.467663 53.250557 52.96584 52.380955 51.9632 51.51395 51.276913 51.472378 51.788097 52.10332 52.52039 53.610214 54.03294 53.03878 53.583637 53.539463 53.095432 53.302315 54.28277 54.262756 53.137012 53.970016 53.83269 53.727077 53.56034 52.430958 52.23503 52.04756 51.61934 51.1634 50.15606 49.711304 51.892418 50.883217 0.0 0.0 0.0 0.0 0.0 0.0 0.0 0.0 0.0 0.0 0.0 0.0 0.0 0.0 0.0 0.0 0.0 -999999.0 -999999.0 -999999.0 -999999.0 -999999.0
52.665005 53.010925 53.24307 53.34846 53.380432 53.42663 53.529636 53.512486 53.471146 53.183655 52.769714 52.401237 52.161804 52.16231 52.34553 52.505478 52.79915 52.94499 53.08463 54.34617 54.385536 54.25916 54.180744 53.300022 53.435513 54.33025 54.259926 54.172768 53.945984 53.77467 53.603634 53.425114 53.161697 52.984215 52.73295 51.492134 50.646633 49.12644 48.322964 49.293274 49.701275 0.0 0.0 0.0 0.0 0.0 0.0 0.0 0.0 0.0 0.0 0.0 0.0 0.0 0.0 0.0 0.0 0.0 -999999.0 -999999.0 -999999.0 -999999.0 -999999.0
52.676502 53.016315 53.28263 53.40322 53.469994 53.52126 53.60773 53.61118 53.50579 53.30933 52.98786 52.685513 52.542282 53.33901 53.52841 53.664413 53.902264 54.12234 54.217716 54.53497 53.53338 54.521515 54.46835 54.44357 54.42366 54.30153 54.262684 54.121243 53.88571 53.700962 53.5372 53.424656 53.131184 53.022377 52.77285 51.602745 50.763668 49.142635 48.31983 48.74047 49.433445 49.037655 49.5824 0.0 0.0 0.0 0.0 0.0 0.0 0.0 0.0 0.0 0.0 0.0 0.0 0.0 0.0 0.0 -999999.0 -999999.0 -999999.0 -999999.0 -999999.0
52.71253 53.088646 53.33268 53.62746 53.603554 53.60219 53.713993 53.703255 53.592945 53.416256 53.063885 52.823097 53.405815 53.58956 53.758694 53.877247 54.061478 54.21245 54.315624 53.4649 54.5638 53.517593 53.44496 54.487526 54.32234 54.303936 54.252968 54.111732 53.87514 53.74172 53.535797 53.47794 53.2988 52.98995 52.01853 51.5542 51.34978 50.178764 49.23827 48.78531 48.901653 49.548393 0.0 0.0 0.0 0.0 0.0 0.0 0.0 0.0 0.0 0.0 0.0 0.0 0.0 0.0 0.0 0.0 -999999.0 -999999.0 -999999.0 -999999.0 -999999.0
52.753784 53.127903 53.382484 53.524487 53.629036 53.67775 53.750835 53.792168 53.52896 53.368546 53.238873 53.90919 53.65846 53.72223 53.858395 53.954372 53.127224 54.19609 53.239998 53.539288 53.461723 54.5101 54.44982 54.499184 54.29726 54.161858 54.063805 54.005524 53.863934 53.68957 53.627453 53.587234 53.405067 53.03165 52.358128 51.742043 51.276085 50.954094 50.27952 50.145924 50.23004 50.996292 0.0 0.0 0.0 0.0 0.0 0.0 0.0 0.0 0.0 0.0 0.0 0.0 0.0 0.0 0.0 -999999.0 -999999.0 -999999.0 -999999.0 -999999.0 -999999.0
52.824604 53.158928 53.367477 53.52255 53.61731 53.67673 53.72108 53.797054 53.543083 53.379208 54.284737 53.185066 53.972775 53.90416 53.975605 54.009975 53.050533 54.08324 54.07528 54.17894 54.298737 53.30437 54.384792 54.323967 54.05005 54.027454 53.918552 53.94295 53.82811 53.693108 53.460445 53.55678 53.39801 52.826904 52.644867 51.93722 51.264744 50.136246 50.43648 51.215675 51.083187 48.394016 48.50776 0.0 0.0 0.0 0.0 0.0 0.0 0.0 0.0 0.0 0.0 0.0 0.0 0.0 0.0 -999999.0 -999999.0 -999999.0 -999999.0 -999999.0 -999999.0
52.91901 53.196487 53.38466 53.531258 53.60255 53.470245 53.53672 53.786682 53.58104 53.293938 54.3425 54.15318 54.092453 53.97885 53.918297 53.095013 53.835773 53.81685 53.829857 53.884357 54.04758 53.155952 54.129627 54.056877 54.14629 54.004215 54.013824 53.983032 53.827923 53.64135 53.368736 53.429718 53.109188 52.86755 52.03725 52.10521 51.81957 51.716366 52.033 51.68771 50.727238 47.9193 48.85855 0.0 0.0 0.0 0.0 0.0 0.0 0.0 0.0 0.0 0.0 0.0 0.0 0.0 -999999.0 -999999.0 -999999.0 -999999.0 -999999.0 -999999.0 -999999.0
53.06299 53.260174 53.403957 53.49668 53.45608 53.50781 53.55257 53.629642 53.4433 53.297867 54.29118 54.16843 53.095615 52.947098 53.775055 52.821957 53.632027 53.5809 53.600876 52.74385 52.91634 52.896484 53.805176 53.85002 53.81271 53.71859 53.78729 53.802734 53.745113 53.611977 53.46447 53.440144 53.07893 52.993176 52.13057 52.23078 52.182316 52.227913 52.35786 52.206997 50.79546 50.085514 49.793068 0.0 0.0 0.0 0.0 0.0 0.0 0.0 0.0 0.0 0.0 0.0 0.0 -999999.0 -999999.0 -999999.0 -999999.0 -999999.0 -999999.0 -999999.0 -999999.0
53.085922 53.26914 53.41434 53.49472 53.359993 53.410404 53.327663 53.48243 53.47953 53.21117 53.094498 52.901062 53.00872 53.756405 53.609425 52.581398 53.368584 53.2813 53.297653 53.324608 52.79074 52.687485 53.523186 53.579918 53.47947 53.412636 53.45856 53.57986 53.498592 53.40168 53.35812 53.066505 53.04635 52.98653 52.03327 52.06203 52.206757 52.32247 52.45991 51.973118 50.945087 50.641705 0.0 0.0 0.0 0.0 0.0 0.0 0.0 0.0 0.0 0.0 0.0 0.0 -999999.0 -999999.0 -999999.0 -999999.0 -999999.0 -999999.0 -999999.0 -999999.0 -999999.0
52.990753 53.223778 53.469498 53.266132 53.17925 53.15493 53.20669 53.140743 53.087166 52.97182 53.018177 52.90761 52.681263 53.634617 53.46436 52.375587 52.97614 52.861195 52.090446 53.1982 52.394577 53.22245 53.244404 53.289764 53.259903 53.217514 53.183437 53.16906 53.079117 53.027084 53.082607 52.82483 52.86717 52.82294 51.940933 51.94814 51.829967 51.921013 52.00338 51.734436 50.879517 50.73675 0.0 0.0 0.0 0.0 0.0 0.0 0.0 0.0 0.0 0.0 0.0 0.0 0.0 -999999.0 -999999.0 -999999.0 -999999.0 -999999.0 -999999.0 -999999.0 -999999.0
52.986553 53.143406 53.19143 53.147026 53.05582 52.92297 52.75778 52.682438 52.40545 52.588642 52.841965 52.807037 52.601967 52.39313 52.273987 52.120888 52.50324 51.638306 51.650333 52.74698 52.859055 52.916286 53.0196 53.10129 53.047195 53.08345 52.86231 52.625046 52.408897 52.351078 52.005306 52.477566 52.574898 52.53104 51.630863 51.55737 51.114235 51.07849 51.287605 51.322536 51.025394 50.93206 50.354515 0.0 0.0 0.0 0.0 0.0 0.0 0.0 0.0 0.0 0.0 0.0 0.0 -999999.0 -999999.0 -999999.0 -999999.0 -999999.0 -999999.0 -999999.0 -999999.0
51.33042 52.905632 52.905346 52.959515 52.934105 52.775402 52.83405 52.135925 50.731937 51.831223 52.586136 52.609447 52.413307 52.258995 52.019016 51.577538 51.22758 51.498478 51.318478 51.461708 51.66665 51.93071 52.77349 52.89912 53.0476 52.654198 52.529728 51.953037 51.667408 51.520294 51.393223 52.04252 52.186127 52.07198 51.116634 50.946434 50.60445 49.435406 49.559685 50.706696 50.853775 50.79155 49.94962 0.0 0.0 0.0 0.0 0.0 0.0 0.0 0.0 0.0 0.0 0.0 -999999.0 -999999.0 -999999.0 -999999.0 -999999.0 -999999.0 -999999.0 -999999.0 -999999.0
49.731583 51.49853 53.302906 52.807755 52.786316 52.68114 52.818596 52.69124 51.69256 52.145943 52.244232 52.39041 52.088215 51.723457 51.154243 50.74908 50.455513 50.191074 50.57211 50.813007 51.167496 52.00563 52.56505 52.257824 52.32177 52.082855 51.497307 51.403652 51.268826 51.29686 51.337006 51.86811 51.971375 51.039413 50.83588 50.750156 51.087833 50.264973 46.880283 50.11962 49.72528 49.204517 0.0 0.0 0.0 0.0 0.0 0.0 0.0 0.0 0.0 0.0 -999999.0 -999999.0 -999999.0 -999999.0 -999999.0 -999999.0 -999999.0 -999999.0 -999999.0 -999999.0 -999999.0
