data/TNO-HT-ATES/HT-ATES_ooz2/ooz2__h_P50_basecase_80-45-40.asc
ncols  140
nrows  163
xllcorner  0.0
yllcorner  300000.0
cellsize  2000.0
NODATA_value  -999999.0
[rows 84 to 111 of 163, columns 0 to 62 of 140]
-999999.0 -999999.0 -999999.0 -999999.0 -999999.0 -999999.0 -999999.0 -999999.0 -999999.0 -999999.0 -999999.0 -999999.0 -999999.0 -999999.0 -999999.0 -999999.0 -999999.0 -999999.0 -999999.0 -999999.0 -999999.0 -999999.0 -999999.0 -999999.0 -999999.0 -999999.0 -999999.0 -999999.0 -999999.0 -999999.0 -999999.0 -999999.0 -999999.0 -999999.0 -999999.0 -999999.0 -999999.0 -999999.0 -999999.0 45.029995 42.225 38.2 34.409996 30.864998 28.5075 27.8275 28.0475 29.8025 33.9775 39.4475 45.184998 -999999.0 5.8475 9.1275 10.5075 10.622499 10.52 12.6675 10.0125 7.5575004 4.4925003 2.6075 3.1499999
-999999.0 -999999.0 -999999.0 -999999.0 -999999.0 -999999.0 -999999.0 -999999.0 -999999.0 -999999.0 -999999.0 -999999.0 -999999.0 -999999.0 -999999.0 -999999.0 -999999.0 -999999.0 -999999.0 -999999.0 -999999.0 -999999.0 -999999.0 -999999.0 -999999.0 -999999.0 -999999.0 -999999.0 -999999.0 -999999.0 -999999.0 -999999.0 -999999.0 -999999.0 -999999.0 -999999.0 -999999.0 -999999.0 45.6525 44.725 40.0375 36.92 35.0925 32.447502 30.199999 29.052498 29.284998 31.3325 34.027496 37.46 41.397495 44.2275 1.615 6.1724997 9.9825 11.672499 11.415 9.0825 8.235 7.01 3.9125 -999999.0 1.3725
-999999.0 -999999.0 -999999.0 -999999.0 -999999.0 -999999.0 -999999.0 -999999.0 -999999.0 -999999.0 -999999.0 -999999.0 -999999.0 -999999.0 -999999.0 -999999.0 -999999.0 -999999.0 -999999.0 -999999.0 -999999.0 -999999.0 -999999.0 -999999.0 -999999.0 -999999.0 -999999.0 -999999.0 -999999.0 -999999.0 -999999.0 -999999.0 -999999.0 -999999.0 -999999.0 -999999.0 -999999.0 35.782497 42.1975 39.9675 32.122498 32.245 34.44 32.5375 29.74 28.672499 31.279999 31.432499 33.235 37.475 38.7275 39.0875 -999999.0 4.8450003 10.205 13.445 13.9725 13.7225 8.8025 11.0475 10.19 7.8424997 9.6475
-999999.0 -999999.0 -999999.0 -999999.0 -999999.0 -999999.0 -999999.0 -999999.0 -999999.0 -999999.0 -999999.0 -999999.0 -999999.0 -999999.0 -999999.0 -999999.0 -999999.0 -999999.0 -999999.0 -999999.0 -999999.0 -999999.0 -999999.0 -999999.0 -999999.0 -999999.0 -999999.0 -999999.0 -999999.0 -999999.0 -999999.0 -999999.0 -999999.0 -999999.0 -999999.0 -999999.0 39.045 35.5575 36.3975 34.8725 24.0625 22.997501 31.8375 30.9525 27.2125 23.802498 28.68 31.3575 32.2425 32.515 32.86 31.905 29.357498 6.875 12.51 16.4875 18.449999 18.967499 17.3375 19.912498 21.6425 20.6875 20.41
-999999.0 -999999.0 -999999.0 -999999.0 -999999.0 -999999.0 -999999.0 -999999.0 -999999.0 -999999.0 -999999.0 -999999.0 -999999.0 -999999.0 -999999.0 -999999.0 -999999.0 -999999.0 -999999.0 -999999.0 -999999.0 -999999.0 -999999.0 -999999.0 -999999.0 -999999.0 -999999.0 -999999.0 -999999.0 -999999.0 -999999.0 -999999.0 -999999.0 -999999.0 -999999.0 44.4325 37.699997 32.225 28.215 32.4675 27.3625 26.739998 30.349998 29.357498 27.4175 26.502499 27.3525 28.967499 28.854998 27.34 26.5675 25.32 25.3125 14.5075 18.8075 21.072498 22.602497 22.9575 22.0 21.215 22.0975 29.122498 27.185001
-999999.0 -999999.0 -999999.0 -999999.0 -999999.0 -999999.0 -999999.0 -999999.0 -999999.0 -999999.0 -999999.0 -999999.0 -999999.0 -999999.0 -999999.0 -999999.0 -999999.0 -999999.0 -999999.0 -999999.0 -999999.0 -999999.0 -999999.0 -999999.0 -999999.0 -999999.0 -999999.0 -999999.0 -999999.0 -999999.0 -999999.0 -999999.0 -999999.0 -999999.0 49.3575 42.48 38.385 35.0575 32.7375 31.044998 29.96 27.749998 27.285 27.64 24.9425 24.2275 25.045 25.1225 24.547499 24.98 23.857498 22.34 25.4575 32.527504 27.442501 25.885 25.5425 25.945 27.5975 27.9575 29.02 29.3975 32.559998
-999999.0 -999999.0 -999999.0 -999999.0 -999999.0 -999999.0 -999999.0 -999999.0 -999999.0 -999999.0 -999999.0 -999999.0 -999999.0 -999999.0 -999999.0 -999999.0 -999999.0 -999999.0 -999999.0 -999999.0 -999999.0 -999999.0 -999999.0 -999999.0 -999999.0 -999999.0 -999999.0 -999999.0 -999999.0 -999999.0 -999999.0 75.47 66.9425 53.649998 41.074997 43.22 48.497498 35.07 32.325 28.9925 26.012499 25.025 23.8825 23.534998 22.0675 20.9625 20.339998 23.547499 24.124998 22.5675 21.322498 22.3375 26.159998 28.992498 28.185 27.539999 28.09 29.5425 32.145 36.545 39.787502 43.272503 48.937504
-999999.0 -999999.0 -999999.0 -999999.0 -999999.0 -999999.0 -999999.0 -999999.0 -999999.0 -999999.0 -999999.0 -999999.0 -999999.0 -999999.0 -999999.0 -999999.0 -999999.0 -999999.0 -999999.0 -999999.0 -999999.0 -999999.0 -999999.0 -999999.0 -999999.0 -999999.0 -999999.0 -999999.0 -999999.0 -999999.0 77.259995 74.4275 66.605 53.692497 40.379997 35.354996 26.6425 37.07 33.534996 28.15 23.7375 21.735 20.337498 19.9225 18.1275 17.5975 18.48 22.3 23.255 22.8 23.072498 25.122501 28.699999 28.529999 29.21 30.609999 32.4225 35.739998 40.4025 45.619995 49.77 54.487495 58.639996
-999999.0 -999999.0 -999999.0 -999999.0 -999999.0 -999999.0 -999999.0 -999999.0 -999999.0 -999999.0 -999999.0 -999999.0 -999999.0 -999999.0 -999999.0 -999999.0 -999999.0 -999999.0 -999999.0 -999999.0 -999999.0 -999999.0 -999999.0 -999999.0 -999999.0 -999999.0 -999999.0 -999999.0 -999999.0 -999999.0 75.0 75.6075 67.2375 56.767498 48.02 36.765 28.1475 25.797499 27.970001 25.1275 20.432499 17.5075 15.289999 17.337498 12.285 14.3125 19.177502 22.0 23.734999 23.8175 26.2575 27.512499 30.912498 30.3675 32.5925 35.492496 39.0225 44.185 52.695 54.2725 56.925 59.2275 57.524998
-999999.0 -999999.0 -999999.0 -999999.0 -999999.0 -999999.0 -999999.0 -999999.0 -999999.0 -999999.0 -999999.0 -999999.0 -999999.0 -999999.0 -999999.0 -999999.0 -999999.0 -999999.0 -999999.0 -999999.0 -999999.0 -999999.0 -999999.0 -999999.0 -999999.0 -999999.0 -999999.0 -999999.0 -999999.0 -999999.0 70.847496 69.42249 64.7825 56.879997 48.1675 37.035 28.904999 22.554998 20.6125 17.322502 16.715 14.4275 9.96 8.7575 7.3124995 10.129999 16.9775 22.682499 27.114998 31.039999 34.024998 30.91 21.654999 29.48 36.575 43.567497 47.592495 52.714996 59.015 60.989998 61.949997 62.617496 61.649998
-999999.0 -999999.0 -999999.0 -999999.0 -999999.0 -999999.0 -999999.0 -999999.0 -999999.0 -999999.0 -999999.0 -999999.0 -999999.0 -999999.0 -999999.0 -999999.0 -999999.0 -999999.0 -999999.0 -999999.0 -999999.0 -999999.0 -999999.0 -999999.0 -999999.0 -999999.0 -999999.0 -999999.0 -999999.0 -999999.0 -999999.0 63.165 59.2875 53.069996 44.917496 32.08 27.419998 20.915 16.41 13.637499 11.014999 15.844999 10.797501 7.5274997 4.5024996 3.155 11.675 22.0 28.972498 37.3775 43.170002 42.8 31.6225 38.465 48.1825 54.1575 56.815 60.9525 65.2 66.99 67.534996 67.3375 67.14
-999999.0 -999999.0 -999999.0 -999999.0 -999999.0 -999999.0 -999999.0 -999999.0 -999999.0 -999999.0 -999999.0 -999999.0 -999999.0 -999999.0 -999999.0 -999999.0 -999999.0 -999999.0 -999999.0 -999999.0 -999999.0 -999999.0 -999999.0 -999999.0 -999999.0 -999999.0 -999999.0 -999999.0 -999999.0 -999999.0 -999999.0 58.582497 54.769997 49.374996 40.52 32.807495 25.9225 19.072498 15.3025 14.052501 17.2225 16.462502 20.05 15.452499 5.215 1.8125 9.0825 20.93 31.4725 42.69 50.457504 58.2725 48.939995 54.504997 63.5975 61.374996 65.395004 69.3675 70.752495 72.424995 73.0025 71.4725 72.192505
-999999.0 -999999.0 -999999.0 -999999.0 -999999.0 -999999.0 -999999.0 -999999.0 -999999.0 -999999.0 -999999.0 -999999.0 -999999.0 -999999.0 -999999.0 -999999.0 -999999.0 -999999.0 -999999.0 -999999.0 -999999.0 -999999.0 -999999.0 -999999.0 -999999.0 -999999.0 -999999.0 -999999.0 -999999.0 -999999.0 -999999.0 50.972496 47.645 43.642498 37.7475 31.67 24.329998 17.4075 12.947499 9.71 8.094999 14.077499 32.83 23.837498 12.487499 10.4025 15.6725 23.964998 33.8675 44.142498 52.529995 55.6475 51.21 51.247498 73.884995 71.6775 70.6875 72.182495 74.215 76.92 77.875 77.145 76.4225
-999999.0 -999999.0 -999999.0 -999999.0 -999999.0 -999999.0 -999999.0 -999999.0 -999999.0 -999999.0 -999999.0 -999999.0 -999999.0 -999999.0 -999999.0 -999999.0 -999999.0 -999999.0 -999999.0 -999999.0 -999999.0 -999999.0 -999999.0 -999999.0 -999999.0 -999999.0 -999999.0 -999999.0 -999999.0 -999999.0 -999999.0 -999999.0 38.532497 34.445 30.56 25.429998 20.017498 14.872499 9.6275 4.8849998 0.34499997 4.8199997 14.449999 18.7925 19.86 18.759998 21.7225 26.427502 34.6975 46.007496 50.78 50.454998 45.274998 37.39 33.3775 73.77 74.81 76.03999 79.509995 82.1375 83.28 81.7125 80.4875
-999999.0 -999999.0 -999999.0 -999999.0 -999999.0 -999999.0 -999999.0 -999999.0 -999999.0 -999999.0 -999999.0 -999999.0 -999999.0 -999999.0 -999999.0 -999999.0 -999999.0 -999999.0 -999999.0 -999999.0 -999999.0 -999999.0 -999999.0 -999999.0 -999999.0 -999999.0 -999999.0 -999999.0 39.015 37.267498 34.18 -999999.0 26.9875 23.720001 21.0375 18.23 14.485001 10.132501 5.8199997 2.4624999 1.345 4.3775 10.615 15.3475 18.759998 22.4075 26.342499 29.605 36.795 45.0275 48.604996 45.8975 38.04 32.532497 32.6825 50.7075 80.917496 83.89749 88.4225 89.755 88.59 85.605 84.162506
-999999.0 -999999.0 -999999.0 -999999.0 -999999.0 -999999.0 -999999.0 -999999.0 -999999.0 -999999.0 -999999.0 -999999.0 -999999.0 -999999.0 -999999.0 -999999.0 -999999.0 -999999.0 -999999.0 -999999.0 -999999.0 -999999.0 -999999.0 -999999.0 -999999.0 48.485 41.5975 35.052498 30.7375 27.3325 22.342499 17.4525 12.655001 12.0875 12.6475 12.0275 8.6675 5.3125 3.0624998 1.615 2.2225 5.5424995 10.787499 14.372499 18.21 21.95 26.87 31.947498 37.510002 42.2425 47.04 45.085 29.79 23.074999 33.315 65.66 96.0575 92.585 96.567505 97.1325 99.73 88.6175 86.700005
-999999.0 -999999.0 -999999.0 -999999.0 -999999.0 -999999.0 -999999.0 -999999.0 -999999.0 -999999.0 -999999.0 -999999.0 -999999.0 -999999.0 -999999.0 -999999.0 -999999.0 -999999.0 -999999.0 -999999.0 -999999.0 -999999.0 -999999.0 -999999.0 -999999.0 46.242496 37.0325 31.7675 28.2225 22.705 15.855 8.672501 -999999.0 3.04 6.5099998 6.8875 4.2875004 1.8000001 0.5075 -999999.0 2.04 6.45 11.34 14.567499 17.84 21.884998 27.279999 31.832499 35.8475 37.3 39.4625 34.77 22.425001 9.797501 27.927498 71.4125 115.21 102.119995 107.70249 106.49999 106.314995 108.185 88.322495
-999999.0 -999999.0 -999999.0 -999999.0 -999999.0 -999999.0 -999999.0 -999999.0 -999999.0 -999999.0 -999999.0 -999999.0 -999999.0 -999999.0 -999999.0 -999999.0 -999999.0 -999999.0 -999999.0 -999999.0 -999999.0 -999999.0 -999999.0 -999999.0 -999999.0 51.135 41.8975 37.445 32.395 26.4025 17.9825 7.8574996 -999999.0 -999999.0 0.23 1.44 0.7625 -999999.0 -999999.0 -999999.0 2.6799998 8.4575 13.06 15.78 17.552498 21.215 26.4575 32.372498 33.27 33.0225 29.312498 24.735 19.775 19.5225 27.182499 38.119995 118.715004 131.19 124.02999 117.4375 115.14 115.91 94.847496
-999999.0 -999999.0 -999999.0 -999999.0 -999999.0 -999999.0 -999999.0 -999999.0 -999999.0 -999999.0 -999999.0 -999999.0 -999999.0 -999999.0 -999999.0 -999999.0 -999999.0 -999999.0 -999999.0 -999999.0 -999999.0 -999999.0 -999999.0 -999999.0 -999999.0 56.3975 50.6 44.3475 40.1225 33.789997 23.5775 10.6975 -999999.0 -999999.0 -999999.0 -999999.0 -999999.0 -999999.0 -999999.0 0.9575 4.9174995 11.85 17.91 19.44 18.537498 21.085 27.7775 31.224998 29.1525 26.4425 22.0375 13.625 22.025 24.3675 26.939999 38.034996 112.957504 130.66751 127.9475 124.655 125.479996 127.8875 129.9475
-999999.0 -999999.0 -999999.0 -999999.0 -999999.0 -999999.0 -999999.0 -999999.0 -999999.0 -999999.0 -999999.0 -999999.0 -999999.0 -999999.0 -999999.0 -999999.0 -999999.0 -999999.0 -999999.0 -999999.0 -999999.0 -999999.0 -999999.0 -999999.0 71.962494 59.56 56.8075 56.177498 53.155 45.54 32.655 17.07 1.675 -999999.0 0.5875 2.745 3.3125 2.58 2.5075 3.4925 8.03 15.525001 22.7575 26.1875 26.7725 27.352499 30.9975 31.162498 25.505 17.032497 9.9725 20.09 24.672499 31.662498 40.019997 44.2225 56.5475 107.0025 114.027504 124.057495 135.0975 138.5275 138.0
-999999.0 -999999.0 -999999.0 -999999.0 -999999.0 -999999.0 -999999.0 -999999.0 -999999.0 -999999.0 -999999.0 -999999.0 -999999.0 -999999.0 -999999.0 -999999.0 -999999.0 -999999.0 -999999.0 21.3575 29.6225 30.872501 42.98 51.7325 61.18 68.087494 70.6025 69.229996 67.767494 58.89 46.64 30.785 14.575 11.98 13.8125 14.4225 12.627499 10.1 8.0525 7.1575003 11.657499 20.149998 27.925 36.414997 43.0925 43.387497 39.315 31.505001 24.244999 13.45 5.62 9.79 26.369999 37.729996 45.215 51.807495 58.88 62.7375 90.3725 124.3975 148.72751 152.89749 145.485
-999999.0 -999999.0 -999999.0 -999999.0 -999999.0 -999999.0 -999999.0 -999999.0 -999999.0 -999999.0 -999999.0 -999999.0 -999999.0 -999999.0 -999999.0 -999999.0 -999999.0 -999999.0 -999999.0 18.225 22.235 27.2925 33.899998 42.795 51.9475 60.8 66.84999 68.6 66.2875 65.81249 61.6425 51.6975 39.3475 33.802498 32.3175 30.605 26.607498 21.517502 16.9225 9.164999 16.3075 28.539997 35.839996 49.7725 61.9925 62.69 50.085 35.52 28.7225 21.527498 16.5175 17.835 29.13 39.8075 48.67 54.35 60.844997 17.3275 76.155 129.125 160.57999 171.2425 154.5
-999999.0 -999999.0 -999999.0 -999999.0 -999999.0 -999999.0 -999999.0 -999999.0 -999999.0 -999999.0 -999999.0 -999999.0 -999999.0 -999999.0 -999999.0 -999999.0 -999999.0 -999999.0 18.0125 16.679998 18.39 20.919998 27.099998 35.582497 45.7675 53.5725 61.109997 64.770004 64.63249 65.275 62.6825 61.909996 62.167496 56.8725 52.519997 48.079994 44.0575 40.047497 34.0875 28.8575 33.13 44.674995 54.312496 64.0325 72.70999 72.4675 62.727497 49.4675 40.295 34.427498 30.6225 26.529999 26.6325 40.594997 54.2925 63.895 69.384995 72.61 90.155 129.14499 151.775 156.3825 146.5825
-999999.0 -999999.0 -999999.0 -999999.0 -999999.0 -999999.0 -999999.0 -999999.0 -999999.0 -999999.0 -999999.0 -999999.0 -999999.0 -999999.0 -999999.0 -999999.0 -999999.0 -999999.0 -999999.0 19.2075 18.124998 18.807499 24.5625 31.832499 40.949997 48.13 56.0025 60.885 63.9125 64.912506 62.4225 62.32 67.8525 73.197495 70.05499 66.115 63.324997 61.25 54.1625 49.0275 53.21 63.5925 73.4075 79.6375 83.96999 82.235 73.34 61.3 49.37 44.402496 40.664997 40.645 45.2625 57.1175 69.4125 76.945 81.555 83.03 108.0125 129.53749 141.03749 140.815 135.62749
-999999.0 -999999.0 -999999.0 -999999.0 -999999.0 -999999.0 -999999.0 -999999.0 -999999.0 -999999.0 -999999.0 -999999.0 -999999.0 -999999.0 -999999.0 -999999.0 -999999.0 -999999.0 -999999.0 -999999.0 20.364998 21.2575 24.515 30.904999 38.1875 45.227497 51.712498 56.784996 62.479996 69.1725 65.924995 65.1075 71.0 76.865 82.01999 79.409996 76.5125 74.3125 69.5975 66.579994 69.72 77.682495 85.185 88.7725 91.22749 90.5725 81.17 62.0975 46.99 45.339996 44.6275 51.67 61.622498 71.06 80.572495 89.7225 94.417496 93.995 91.06999 128.05249 132.0525 129.58249 124.572495
-999999.0 -999999.0 -999999.0 -999999.0 -999999.0 -999999.0 -999999.0 -999999.0 -999999.0 -999999.0 -999999.0 -999999.0 -999999.0 -999999.0 -999999.0 -999999.0 -999999.0 -999999.0 -999999.0 14.2925 18.887499 21.2825 24.707499 30.6125 36.785 43.0925 48.289997 52.895 58.7175 65.645 68.05 69.604996 73.9625 78.545 83.84 87.4375 85.44499 84.0175 82.415 81.875 84.395 89.11 93.689995 96.2675 95.81749 96.34249 90.92 69.127495 48.5275 52.635 57.712498 66.587494 76.8425 83.5925 91.6275 99.30499 102.46 100.7175 99.127495 98.255 126.315 123.7275 120.1225
-999999.0 -999999.0 -999999.0 -999999.0 -999999.0 -999999.0 -999999.0 -999999.0 -999999.0 -999999.0 -999999.0 -999999.0 -999999.0 -999999.0 -999999.0 -999999.0 -999999.0 -999999.0 21.2025 18.029999 19.04 22.1975 26.144999 31.095 36.1825 41.125 45.809998 48.9775 53.1025 60.902496 66.8375 71.025 75.0775 79.4375 82.78249 86.6075 90.445 92.415 92.557495 90.979996 90.90749 92.47749 95.549995 95.759995 92.1875 94.604996 96.3325 86.537506 75.205 71.465004 73.8775 82.2625 92.69 94.3175 97.985 104.3375 108.99 102.024994 103.645004 97.7775 103.08499 123.965 124.38
-999999.0 -999999.0 -999999.0 -999999.0 -999999.0 -999999.0 -999999.0 -999999.0 -999999.0 -999999.0 -999999.0 -999999.0 -999999.0 -999999.0 -999999.0 -999999.0 -999999.0 -999999.0 12.647499 17.162498 19.575 23.337498 27.335001 31.425 35.74 40.357502 44.61 47.0825 50.7625 58.072502 64.572495 69.424995 71.9025 75.305 78.25751 80.67 85.509995 86.815 86.2425 85.055 85.02 85.5975 87.44249 86.442505 81.475006 84.5225 87.56249 96.3 95.1175 90.2625 88.63 91.575 96.3125 96.51 97.0125 107.415 110.49499 103.345 101.91249 98.5775 111.127495 133.5625 138.37999
