data/TNO-HT-ATES/HT-ATES_ooz2/ooz2__k_P50_basecase_80-45-40.asc
ncols  140
nrows  163
xllcorner  0.0
yllcorner  300000.0
cellsize  2000.0
NODATA_value  -999999.0
[rows 81 to 107 of 163, columns 60 to 119 of 140]
8457.8 8517.178 8664.189 8695.0205 8836.657 9459.781 9923.032 10226.879 10938.565 10791.365 10441.371 11371.627 11408.913 11352.278 11502.637 12326.43 13038.333 12816.12 12151.974 12900.269 12664.606 12406.481 13002.435 12585.851 12935.973 12774.158 13144.024 13487.83 14264.721 14168.422 13308.113 13160.157 14193.936 14050.288 13781.756 14394.875 14039.139 13993.8955 13879.892 13321.848 11821.331 10927.247 11204.66 9795.339 8885.477 7550.891 7760.345 8262.132 8293.412 7792.4883 7483.4336 7538.431 8016.654 8191.6626 8648.694 8226.134 8730.496 9464.082 -999999.0 -999999.0
8409.686 8655.688 8613.301 9556.986 9879.705 10241.154 10320.368 10485.352 11131.416 10921.0205 11085.923 11852.347 11799.299 11469.536 11976.275 12797.289 12820.806 11958.055 12728.977 13059.776 13480.967 13011.127 13241.852 12820.758 12722.795 13286.141 13542.369 13517.604 13633.869 14356.804 14238.076 13599.542 14022.798 15508.693 15909.719 14602.838 14625.505 14318.884 13965.628 13025.962 12043.807 11114.511 10856.935 9624.762 7733.1665 7548.5596 7585.1543 7593.306 8001.689 7479.67 7335.507 8052.551 8125.543 7676.2734 7698.59 8596.007 8120.9014 -999999.0 -999999.0 -999999.0
8369.824 9319.453 9291.971 9501.105 9395.373 10523.428 10554.785 10979.146 11289.402 11158.527 11620.049 11876.461 12261.862 13240.805 12056.453 12631.792 12274.585 11551.247 12768.496 13573.6 13485.642 13457.194 13678.139 13255.002 13774.723 13714.93 13463.55 13394.365 13570.777 14085.8125 14572.094 14308.584 14510.423 16102.002 16156.499 14474.532 14406.775 14077.343 13819.351 12641.817 12060.354 10746.593 11901.066 9775.604 9379.914 7558.622 7462.843 7386.6104 7380.06 7362.872 7458.574 8335.782 7945.6904 7531.185 7577.04 -999999.0 -999999.0 -999999.0 -999999.0 -999999.0
8524.295 9278.777 9384.684 9479.641 9722.593 9225.322 10847.246 12559.062 11412.349 11633.388 12189.828 11967.376 11929.926 12892.045 13151.523 13932.57 13234.391 13132.24 13124.47 13458.709 13732.855 14242.35 14061.223 13033.854 13473.106 13246.849 12933.457 13591.47 13795.5205 14755.238 14630.254 14227.806 14410.391 15697.642 14610.594 15349.83 14797.588 14262.029 14015.844 12711.541 12751.782 11683.727 10940.626 11044.266 8835.216 7776.4697 7830.0054 7716.828 7598.0264 7489.6045 7697.79 8452.869 8085.555 7969.736 8026.1465 8481.028 8413.599 -999999.0 -999999.0 -999999.0
9275.35 -999999.0 9408.89 10503.381 10638.945 10965.536 11681.467 12306.891 12443.52 12431.402 12519.8125 12823.735 13339.264 14219.942 14514.892 14425.243 13963.043 13395.543 13961.785 14892.402 14483.656 14134.986 13336.564 12643.028 13216.555 13420.833 12990.961 13064.433 14521.814 14738.369 14600.337 14713.387 13871.39 14815.306 14867.015 15640.619 15353.871 14386.27 13634.67 13385.909 13511.0625 12980.326 11037.461 10987.637 8644.044 7924.5435 7702.1113 7591.2324 7643.837 7153.4136 7284.4023 8088.772 7386.2627 8329.039 8198.62 8277.241 -999999.0 -999999.0 -999999.0 -999999.0
9316.196 9472.07 10308.975 10498.051 10822.478 11457.972 11596.748 12017.369 12555.149 13021.224 13504.723 13371.363 14003.027 14686.074 16133.512 15838.131 13899.329 13706.174 -999999.0 -999999.0 14045.805 13680.676 13162.123 12727.979 12699.219 13436.18 12066.856 13377.639 14387.584 14316.811 14433.967 14081.993 14616.986 14976.973 14653.164 14785.1875 13751.729 14172.497 13354.984 14073.405 13705.946 11897.496 10935.916 10893.446 8562.749 8434.23 7606.6035 7511.212 7809.753 7049.714 7139.7734 7541.695 7491.7583 8992.57 7489.461 7085.4585 -999999.0 -999999.0 -999999.0 -999999.0
9544.406 10299.431 10155.795 10263.997 10862.974 11234.287 12035.17 12474.653 12658.0625 13018.441 13102.105 13609.87 13836.755 15539.592 15815.666 15949.136 14242.993 -999999.0 -999999.0 -999999.0 13423.861 13203.113 14064.334 13913.142 13096.086 14072.203 14071.341 14332.827 15117.201 14478.527 15057.166 14442.488 14074.997 14543.44 13855.053 13966.687 13724.279 14940.402 13955.898 13312.142 11224.381 10396.013 10399.141 9739.539 8624.101 8454.407 7537.957 7997.876 7647.1924 7283.3184 6860.8965 7082.476 -999999.0 7130.761 7264.8374 6794.858 -999999.0 -999999.0 -999999.0 -999999.0
9995.137 9964.489 9323.589 9982.586 10843.76 11243.023 11655.5 12467.451 12146.203 12535.582 13147.73 13706.351 13724.072 15659.8545 15397.696 15571.15 15349.807 13688.416 -999999.0 -999999.0 13840.35 13792.945 15351.476 15104.692 14119.85 13806.437 14560.865 14627.25 15545.324 15089.287 16327.714 15511.058 14665.292 14409.606 13972.654 14176.926 13803.338 14143.065 14176.175 12835.049 10640.195 10358.223 10645.047 10356.1045 7754.737 7481.0596 7749.909 7394.2036 7478.0674 6765.1875 6818.329 -999999.0 7295.0015 6881.761 6830.0356 6244.9917 -999999.0 -999999.0 -999999.0 -999999.0
10100.447 9968.9795 10013.884 9709.845 10106.874 11066.118 11772.439 12612.492 12205.594 12432.898 12470.995 12598.953 13747.221 15231.812 16873.23 15410.113 15014.529 13968.791 -999999.0 -999999.0 13502.465 14465.153 15198.838 15057.199 13589.561 13159.416 15057.89 14940.635 15627.084 15356.939 16176.292 15301.841 14985.824 14091.447 14052.837 14575.468 14414.629 13665.098 13646.998 12897.859 10901.798 10679.088 10874.85 10539.8545 7804.048 7812.6396 7722.488 7403.9087 7409.1865 7014.1553 6988.4507 7416.8833 7095.868 5915.4805 6022.8813 5496.6377 -999999.0 -999999.0 -999999.0 -999999.0
10146.666 10065.789 9754.979 10024.569 10728.999 11411.537 11962.483 12232.532 12216.276 12120.514 12473.826 12494.651 13233.883 15029.947 16197.425 16432.305 15645.147 14147.02 14063.83 -999999.0 13745.466 14543.685 14188.057 14139.422 13783.301 13544.811 15731.2 15147.8545 15318.418 15575.867 15948.493 15882.122 15432.019 13799.371 14069.639 15158.511 15123.312 14220.267 13597.838 12918.074 11417.75 11337.378 11018.463 10540.915 7664.649 7541.1943 7555.1865 7382.767 7352.216 6984.0864 6882.714 6595.4907 6438.3467 5659.217 5770.3096 5726.696 -999999.0 5667.333 -999999.0 -999999.0
10683.666 10272.369 10143.574 10504.482 10852.448 10932.685 11778.073 12238.231 12554.164 12340.305 12655.688 12159.041 13116.17 14188.697 15427.654 16198.76 15756.638 15108.989 14634.008 14273.326 14146.622 14217.074 13211.883 13061.304 13880.421 14066.592 15954.59 15396.08 15416.433 15910.553 16157.883 15920.3545 14293.982 13279.397 14934.412 16090.136 14241.029 13237.157 11420.254 11230.021 10777.296 10674.857 9845.394 9775.741 9322.092 8673.77 7509.8467 7367.784 7268.3716 6782.599 6748.45 6453.6904 6328.3984 5817.427 6176.249 5627.034 5584.8823 -999999.0 -999999.0 -999999.0
10260.525 10723.157 10513.68 10598.167 11245.987 12444.052 13410.321 14438.268 14332.545 13758.635 12724.182 11951.554 12781.691 13850.736 14041.608 15366.758 15101.444 13625.185 14692.924 14626.973 14865.9 13901.318 12311.637 12711.506 13696.711 14257.949 14492.654 14323.156 14593.6875 14828.089 15343.051 16278.469 14074.499 13711.373 15282.685 17417.238 14838.934 13371.552 11498.306 11135.25 10896.701 10739.354 10704.137 9684.423 9279.927 8218.848 7419.716 6900.743 7089.332 6740.827 6804.625 6230.962 6081.1113 5722.244 5862.2524 5565.6836 5792.881 -999999.0 -999999.0 -999999.0
9890.557 10573.086 10704.92 11942.613 12526.926 13523.127 14976.841 17772.723 15059.905 14025.014 13755.523 12949.053 12904.615 14366.594 14578.426 14194.649 14202.508 13365.298 14310.642 13203.212 13280.271 12477.054 11996.2295 11802.603 13530.722 13762.113 12608.462 12305.747 11992.039 12776.338 13493.291 14785.666 13465.9 13994.068 14448.694 14174.535 12902.564 11945.0 11187.655 11052.288 11473.623 10990.447 10685.219 9114.306 7714.292 7182.702 6937.181 6728.7583 6717.799 6816.2812 6543.9385 6126.665 5816.309 5775.759 5422.4897 5417.9165 5844.37 5802.5405 -999999.0 -999999.0
8991.689 11687.796 12512.278 12961.404 13057.418 14192.477 15206.813 15592.004 15429.829 14584.816 14478.148 14407.364 15721.816 14499.731 14641.793 13915.926 12442.409 12002.392 13287.508 13119.703 13206.83 12716.782 13176.078 12632.723 12679.089 12593.035 11725.012 12120.778 12431.896 12887.891 12071.684 12273.975 12889.031 13277.214 13053.497 12608.274 12144.224 11995.842 11398.075 11409.4 10713.18 10212.342 9930.4375 9117.824 7323.0054 7668.2793 6729.014 6612.1377 6640.2627 6629.572 6178.0146 6250.953 5935.654 5456.313 5351.955 5791.6045 5756.8047 -999999.0 -999999.0 -999999.0
10457.553 11393.065 12437.627 12640.798 13472.973 14075.023 15190.107 15619.251 16363.214 15449.722 16615.426 17344.754 17652.816 16316.01 15328.987 14375.68 14348.203 13370.196 13233.934 12446.84 12900.735 14231.267 12990.527 13256.153 12866.404 13037.192 11780.142 12054.922 11780.593 11571.15 11333.726 11797.787 12557.281 12079.262 12248.524 12515.003 11814.995 12062.0 11343.854 11266.589 11459.272 11435.498 10348.58 -999999.0 -999999.0 7385.9976 7008.6533 6618.39 6809.3105 6569.607 6482.3657 6442.715 6404.0337 5468.7466 5358.6094 5681.852 -999999.0 -999999.0 -999999.0 -999999.0
11157.843 11909.724 11865.359 12847.816 13489.995 14746.703 15752.219 17585.805 16917.086 17148.299 17558.635 17834.63 17163.42 17599.777 15846.006 14666.148 15804.218 14335.45 13618.247 11963.391 13394.8125 13522.739 13026.863 14430.436 12872.07 11489.471 11231.139 11841.989 11433.744 11135.041 11639.053 12073.744 12444.5205 11565.381 12625.543 13666.388 10886.84 12137.083 10962.9 11351.807 10260.011 10028.863 10366.412 -999999.0 -999999.0 8265.796 7803.562 6995.516 6970.2617 6633.5195 6362.7324 6577.8076 6913.039 5877.929 5582.814 -999999.0 -999999.0 -999999.0 -999999.0 -999999.0
11958.604 12398.406 12457.191 12403.334 13307.234 16092.144 16768.49 17862.066 17130.14 17349.348 18214.19 18007.973 16945.592 16845.055 16652.682 15095.191 15352.025 14716.373 13776.137 13195.527 13806.302 14001.029 12513.502 13947.617 14274.175 12811.21 13067.114 12837.496 12060.117 11610.63 10556.391 10696.577 10793.776 10229.645 9490.174 13228.32 10789.386 10916.31 9989.363 10255.77 10271.064 9990.357 9791.463 9999.64 -999999.0 -999999.0 -999999.0 -999999.0 -999999.0 6848.369 6441.1562 6565.349 -999999.0 5906.384 -999999.0 -999999.0 -999999.0 -999999.0 -999999.0 -999999.0
14384.582 14829.772 13627.478 12171.641 13728.133 15536.455 15756.182 16568.219 16656.785 17083.65 18257.605 16798.355 17881.566 16362.927 16819.982 15972.836 15091.4375 14972.458 15003.816 14489.247 14588.727 13851.568 12758.868 13953.074 14342.049 13488.976 13501.262 12505.716 11148.98 10632.231 10122.896 10444.696 10196.795 10873.285 11405.637 11594.547 10605.762 10524.811 10282.029 10631.554 -999999.0 -999999.0 -999999.0 10008.848 -999999.0 -999999.0 -999999.0 -999999.0 -999999.0 -999999.0 -999999.0 6873.199 -999999.0 -999999.0 -999999.0 -999999.0 -999999.0 -999999.0 -999999.0 -999999.0
14086.009 14895.602 14965.327 14474.305 14756.759 16849.97 15113.775 15837.141 16589.57 17696.766 18229.732 16914.398 15760.832 18267.898 17004.203 16406.312 16487.014 15922.437 15259.785 15204.592 14904.362 13578.248 13588.653 14045.51 13066.982 13337.21 12982.93 12209.254 12537.38 10739.435 9651.98 10015.086 9687.8125 9542.461 9999.053 11958.068 9489.159 -999999.0 -999999.0 -999999.0 -999999.0 -999999.0 -999999.0 -999999.0 -999999.0 -999999.0 -999999.0 -999999.0 -999999.0 -999999.0 -999999.0 -999999.0 -999999.0 -999999.0 -999999.0 -999999.0 -999999.0 -999999.0 -999999.0 -999999.0
14135.245 15108.943 16123.641 16302.203 15992.377 17480.867 17068.143 13234.992 15595.974 17466.314 18229.61 18372.516 15910.812 16426.385 16991.77 16689.04 16200.592 15393.041 15069.215 14602.417 14921.21 13333.9 13701.068 13606.89 14541.265 14810.299 14058.699 11894.924 12457.985 11079.77 10592.443 9432.265 9812.431 8219.861 10108.593 11711.596 9714.094 -999999.0 -999999.0 -999999.0 -999999.0 -999999.0 -999999.0 -999999.0 -999999.0 -999999.0 -999999.0 -999999.0 -999999.0 -999999.0 -999999.0 -999999.0 -999999.0 -999999.0 -999999.0 -999999.0 -999999.0 -999999.0 -999999.0 -999999.0
17161.744 18077.086 18367.707 17710.174 20540.422 18604.115 17250.916 14424.08 14937.669 17375.754 18134.312 17410.107 17195.596 17178.438 16218.27 15837.983 15450.801 15646.193 14898.293 14836.147 14359.422 13223.697 15873.672 15325.869 15525.886 15749.107 14783.616 12730.811 12210.905 11806.79 10324.446 10136.254 9177.651 9409.479 9814.818 10416.626 9367.602 8888.279 -999999.0 -999999.0 -999999.0 -999999.0 -999999.0 -999999.0 -999999.0 -999999.0 -999999.0 -999999.0 -999999.0 -999999.0 -999999.0 -999999.0 -999999.0 -999999.0 -999999.0 -999999.0 -999999.0 -999999.0 -999999.0 -999999.0
17968.156 18249.688 19449.828 18720.723 20530.654 18926.89 18072.719 15727.98 16581.959 17727.14 18104.48 15841.15 16894.467 17418.004 15626.72 15705.391 15426.232 14158.178 14461.096 13889.749 13830.487 13622.936 14373.239 15377.677 14961.891 13890.371 13962.369 12659.203 12098.679 11951.732 10275.029 10125.653 9735.1455 9691.562 9188.359 9225.169 9411.29 9611.439 -999999.0 -999999.0 -999999.0 -999999.0 -999999.0 -999999.0 -999999.0 -999999.0 -999999.0 -999999.0 -999999.0 -999999.0 -999999.0 -999999.0 -999999.0 -999999.0 -999999.0 -999999.0 -999999.0 -999999.0 -999999.0 -999999.0
16839.922 18381.377 19255.598 21293.873 20209.635 19182.445 19471.125 17563.371 17915.87 18553.434 18248.08 15892.966 16333.539 16732.152 15535.879 15536.543 15653.844 14248.267 14419.504 12448.309 13633.967 14286.946 16022.623 16895.436 16138.071 14051.737 14249.151 15047.507 12162.703 11169.657 9893.093 9769.912 9528.0 9388.521 9267.341 10274.547 10168.011 10425.774 -999999.0 -999999.0 -999999.0 -999999.0 -999999.0 -999999.0 -999999.0 -999999.0 -999999.0 -999999.0 -999999.0 -999999.0 -999999.0 -999999.0 -999999.0 -999999.0 -999999.0 -999999.0 -999999.0 -999999.0 -999999.0 -999999.0
17162.562 17560.982 19433.55 19943.707 19574.633 19080.645 19223.377 21014.49 19137.05 18984.29 17708.215 16289.41 16199.248 16266.021 16386.545 15999.314 17076.363 14629.008 14782.429 14097.609 14377.066 14208.326 15458.742 14997.027 18549.633 16068.143 14489.287 13655.73 12037.641 11273.454 11469.063 11190.865 10009.688 8856.857 8920.639 11415.734 10184.956 -999999.0 -999999.0 -999999.0 -999999.0 -999999.0 -999999.0 -999999.0 -999999.0 -999999.0 -999999.0 -999999.0 -999999.0 -999999.0 -999999.0 -999999.0 -999999.0 -999999.0 -999999.0 -999999.0 -999999.0 -999999.0 -999999.0 -999999.0
17213.344 14503.016 19264.143 20469.988 19930.43 19722.31 19545.309 19426.979 19485.666 18730.693 16792.262 15902.288 16481.41 16637.385 16008.012 16390.11 17109.309 15116.258 16505.23 14149.888 12907.436 13106.049 13214.979 17100.688 19343.703 16498.656 14571.104 13536.023 -999999.0 10724.387 9566.219 9724.556 10039.352 8571.084 8224.284 9801.859 8824.547 8960.789 10245.863 -999999.0 -999999.0 -999999.0 -999999.0 -999999.0 -999999.0 -999999.0 -999999.0 -999999.0 -999999.0 -999999.0 -999999.0 -999999.0 -999999.0 -999999.0 -999999.0 -999999.0 -999999.0 -999999.0 -999999.0 -999999.0
18818.393 18879.719 19949.857 20158.727 20102.709 19029.822 19585.248 20537.543 19912.191 19549.23 19563.39 19908.633 19417.648 18424.512 17534.133 17166.39 16136.982 15066.719 14883.048 15626.066 13504.982 13963.719 15755.134 16858.803 16337.354 15634.727 14507.31 13603.762 -999999.0 -999999.0 -999999.0 -999999.0 10351.784 10325.634 11047.296 10194.932 9644.641 -999999.0 -999999.0 -999999.0 -999999.0 -999999.0 -999999.0 -999999.0 -999999.0 -999999.0 -999999.0 -999999.0 -999999.0 -999999.0 -999999.0 -999999.0 -999999.0 -999999.0 -999999.0 -999999.0 -999999.0 -999999.0 -999999.0 -999999.0
20164.326 21161.02 21249.484 20609.06 19896.787 18642.873 19113.393 20126.133 20288.402 19978.443 21354.926 19988.88 19417.45 19474.09 17959.908 18323.965 17749.465 17439.363 17455.656 15621.281 13786.492 14108.794 12880.539 14384.405 14145.871 15455.211 14610.187 -999999.0 -999999.0 -999999.0 -999999.0 -999999.0 10886.009 10404.289 11121.754 10611.749 -999999.0 -999999.0 -999999.0 -999999.0 -999999.0 -999999.0 -999999.0 -999999.0 -999999.0 -999999.0 -999999.0 -999999.0 -999999.0 -999999.0 -999999.0 -999999.0 -999999.0 -999999.0 -999999.0 -999999.0 -999999.0 -999999.0 -999999.0 -999999.0
