data/TNO-HT-ATES/HT-ATES_ooz2/ooz2__flowr_prodnorm_P50_basecase_80-45-40.asc
ncols  140
nrows  163
xllcorner  0.0
yllcorner  300000.0
cellsize  2000.0
NODATA_value  -999999.0
[rows 84 to 111 of 163, columns 0 to 61 of 140]
-999999.0 -999999.0 -999999.0 -999999.0 -999999.0 -999999.0 -999999.0 -999999.0 -999999.0 -999999.0 -999999.0 -999999.0 -999999.0 -999999.0 -999999.0 -999999.0 -999999.0 -999999.0 -999999.0 -999999.0 -999999.0 -999999.0 -999999.0 -999999.0 -999999.0 -999999.0 -999999.0 -999999.0 -999999.0 -999999.0 -999999.0 -999999.0 -999999.0 -999999.0 -999999.0 -999999.0 -999999.0 -999999.0 -999999.0 203.79068 188.57613 172.61594 163.2003 147.69817 138.40025 146.09988 148.65164 158.60997 178.68944 205.08354 235.10522 -999999.0 30.129297 45.5186 54.31588 55.242035 54.114944 66.02858 52.419407 40.000816 24.083393 15.212756
-999999.0 -999999.0 -999999.0 -999999.0 -999999.0 -999999.0 -999999.0 -999999.0 -999999.0 -999999.0 -999999.0 -999999.0 -999999.0 -999999.0 -999999.0 -999999.0 -999999.0 -999999.0 -999999.0 -999999.0 -999999.0 -999999.0 -999999.0 -999999.0 -999999.0 -999999.0 -999999.0 -999999.0 -999999.0 -999999.0 -999999.0 -999999.0 -999999.0 -999999.0 -999999.0 -999999.0 -999999.0 -999999.0 204.20844 197.55908 181.25626 169.16832 166.53302 155.46497 145.56505 152.63377 154.64354 166.71498 177.46072 195.2765 219.80602 235.82997 8.555058 32.334084 52.409985 60.688194 58.646206 45.509205 43.247204 37.306255 22.791433 -999999.0
-999999.0 -999999.0 -999999.0 -999999.0 -999999.0 -999999.0 -999999.0 -999999.0 -999999.0 -999999.0 -999999.0 -999999.0 -999999.0 -999999.0 -999999.0 -999999.0 -999999.0 -999999.0 -999999.0 -999999.0 -999999.0 -999999.0 -999999.0 -999999.0 -999999.0 -999999.0 -999999.0 -999999.0 -999999.0 -999999.0 -999999.0 -999999.0 -999999.0 -999999.0 -999999.0 -999999.0 -999999.0 162.4115 186.79716 179.37782 149.6337 149.62753 158.12846 154.78049 143.50621 148.80956 161.59837 163.34361 172.40111 193.25243 201.48074 210.2757 -999999.0 25.69373 53.652462 69.551476 71.279396 66.809296 46.04624 64.28965 58.526485 45.89206
-999999.0 -999999.0 -999999.0 -999999.0 -999999.0 -999999.0 -999999.0 -999999.0 -999999.0 -999999.0 -999999.0 -999999.0 -999999.0 -999999.0 -999999.0 -999999.0 -999999.0 -999999.0 -999999.0 -999999.0 -999999.0 -999999.0 -999999.0 -999999.0 -999999.0 -999999.0 -999999.0 -999999.0 -999999.0 -999999.0 -999999.0 -999999.0 -999999.0 -999999.0 -999999.0 -999999.0 175.466 160.2073 166.39381 158.58104 113.24226 108.1605 144.51707 141.71638 131.10712 116.52655 138.30144 160.13048 164.42447 166.0109 169.3065 166.89922 155.89665 36.181942 65.42984 85.105835 94.00964 96.78642 89.46651 114.85255 122.86116 126.71082
-999999.0 -999999.0 -999999.0 -999999.0 -999999.0 -999999.0 -999999.0 -999999.0 -999999.0 -999999.0 -999999.0 -999999.0 -999999.0 -999999.0 -999999.0 -999999.0 -999999.0 -999999.0 -999999.0 -999999.0 -999999.0 -999999.0 -999999.0 -999999.0 -999999.0 -999999.0 -999999.0 -999999.0 -999999.0 -999999.0 -999999.0 -999999.0 -999999.0 -999999.0 -999999.0 192.49129 165.79688 145.77567 130.38937 148.83737 126.66271 122.142334 136.9135 132.26535 128.3946 125.71393 129.18459 144.48245 143.23743 133.14496 133.15717 129.35797 131.87756 74.80547 96.56683 107.50496 113.50872 116.00152 122.02935 121.90409 137.19122 167.485
-999999.0 -999999.0 -999999.0 -999999.0 -999999.0 -999999.0 -999999.0 -999999.0 -999999.0 -999999.0 -999999.0 -999999.0 -999999.0 -999999.0 -999999.0 -999999.0 -999999.0 -999999.0 -999999.0 -999999.0 -999999.0 -999999.0 -999999.0 -999999.0 -999999.0 -999999.0 -999999.0 -999999.0 -999999.0 -999999.0 -999999.0 -999999.0 -999999.0 -999999.0 198.78119 180.54048 164.41731 152.93112 143.97495 137.26634 132.33926 123.38278 119.872795 120.5338 112.83123 110.91461 114.87905 122.570786 119.25377 116.09621 112.23896 108.299805 125.13497 159.88101 135.18616 128.46323 124.040344 130.05612 152.10919 169.63248 177.56082 177.90822
-999999.0 -999999.0 -999999.0 -999999.0 -999999.0 -999999.0 -999999.0 -999999.0 -999999.0 -999999.0 -999999.0 -999999.0 -999999.0 -999999.0 -999999.0 -999999.0 -999999.0 -999999.0 -999999.0 -999999.0 -999999.0 -999999.0 -999999.0 -999999.0 -999999.0 -999999.0 -999999.0 -999999.0 -999999.0 -999999.0 -999999.0 252.48598 239.98494 203.1101 163.97534 169.68686 194.83963 146.74792 133.90044 122.16566 110.9269 106.63323 101.99055 99.83707 94.243286 93.01146 92.105286 105.83481 110.44372 103.40976 97.989685 103.39564 122.3559 139.57191 137.83517 134.14755 124.08595 143.92348 174.18883 221.01308 234.76251 251.10458
-999999.0 -999999.0 -999999.0 -999999.0 -999999.0 -999999.0 -999999.0 -999999.0 -999999.0 -999999.0 -999999.0 -999999.0 -999999.0 -999999.0 -999999.0 -999999.0 -999999.0 -999999.0 -999999.0 -999999.0 -999999.0 -999999.0 -999999.0 -999999.0 -999999.0 -999999.0 -999999.0 -999999.0 -999999.0 -999999.0 250.64465 245.57603 233.70119 197.88333 155.7599 133.72119 103.196815 146.93407 132.97731 112.64494 96.43826 88.61715 83.86297 82.27141 73.7347 76.10008 80.01075 94.8284 103.32354 100.863396 102.49809 113.18796 126.99739 129.61386 135.35295 144.51851 153.64201 172.76375 231.67592 272.94717 296.36838 307.09286
-999999.0 -999999.0 -999999.0 -999999.0 -999999.0 -999999.0 -999999.0 -999999.0 -999999.0 -999999.0 -999999.0 -999999.0 -999999.0 -999999.0 -999999.0 -999999.0 -999999.0 -999999.0 -999999.0 -999999.0 -999999.0 -999999.0 -999999.0 -999999.0 -999999.0 -999999.0 -999999.0 -999999.0 -999999.0 -999999.0 240.62509 245.37392 230.33905 200.76874 174.27988 134.63828 103.30364 92.76616 101.74443 94.09395 78.86455 68.17876 60.544525 68.84053 50.12698 59.289104 78.97964 90.47528 102.58028 103.24815 111.11215 117.744835 132.63359 134.57195 146.14153 160.77325 178.83871 205.0739 284.56967 306.8821 314.9061 338.77716
-999999.0 -999999.0 -999999.0 -999999.0 -999999.0 -999999.0 -999999.0 -999999.0 -999999.0 -999999.0 -999999.0 -999999.0 -999999.0 -999999.0 -999999.0 -999999.0 -999999.0 -999999.0 -999999.0 -999999.0 -999999.0 -999999.0 -999999.0 -999999.0 -999999.0 -999999.0 -999999.0 -999999.0 -999999.0 -999999.0 245.29741 227.2372 217.27354 194.53664 164.72807 128.16862 100.58076 74.42549 63.19881 58.1647 60.04917 52.431988 37.65599 33.831726 28.415575 39.578186 68.14393 91.13547 107.39939 126.52095 138.06548 128.56583 94.4448 129.50978 154.80626 184.31923 210.7806 222.63776 315.06232 315.48965 322.19656 345.78394
-999999.0 -999999.0 -999999.0 -999999.0 -999999.0 -999999.0 -999999.0 -999999.0 -999999.0 -999999.0 -999999.0 -999999.0 -999999.0 -999999.0 -999999.0 -999999.0 -999999.0 -999999.0 -999999.0 -999999.0 -999999.0 -999999.0 -999999.0 -999999.0 -999999.0 -999999.0 -999999.0 -999999.0 -999999.0 -999999.0 -999999.0 262.61258 201.46855 179.86327 148.68727 95.67999 89.6806 66.7841 47.504055 43.567657 37.204437 54.182312 37.738575 26.519598 16.562714 12.334033 46.401295 86.69558 109.822334 147.20836 167.48724 165.28964 124.8858 155.48303 198.0191 223.85602 237.23277 258.82675 340.43423 326.38464 311.66632 401.66486
-999999.0 -999999.0 -999999.0 -999999.0 -999999.0 -999999.0 -999999.0 -999999.0 -999999.0 -999999.0 -999999.0 -999999.0 -999999.0 -999999.0 -999999.0 -999999.0 -999999.0 -999999.0 -999999.0 -999999.0 -999999.0 -999999.0 -999999.0 -999999.0 -999999.0 -999999.0 -999999.0 -999999.0 -999999.0 -999999.0 -999999.0 221.30144 224.89703 203.52678 158.69562 106.373856 84.489784 61.489513 48.498707 44.726227 54.59598 51.86992 60.749176 48.872353 17.462858 6.4613037 34.786777 78.264946 122.98594 161.11345 185.3371 198.3431 178.16867 208.30074 249.2384 258.46408 273.17966 317.49954 342.7079 383.41745 382.2489 406.68375
-999999.0 -999999.0 -999999.0 -999999.0 -999999.0 -999999.0 -999999.0 -999999.0 -999999.0 -999999.0 -999999.0 -999999.0 -999999.0 -999999.0 -999999.0 -999999.0 -999999.0 -999999.0 -999999.0 -999999.0 -999999.0 -999999.0 -999999.0 -999999.0 -999999.0 -999999.0 -999999.0 -999999.0 -999999.0 -999999.0 -999999.0 236.49774 221.02621 207.87752 169.81375 124.53892 78.97853 56.52637 41.8751 31.253796 25.72815 43.026184 91.69376 69.500015 38.615536 35.591675 54.347363 85.102905 127.288345 162.10162 186.04753 183.33249 166.51175 169.12057 283.70648 291.66513 289.42798 328.669 382.8873 415.7369 423.49338 444.81772
-999999.0 -999999.0 -999999.0 -999999.0 -999999.0 -999999.0 -999999.0 -999999.0 -999999.0 -999999.0 -999999.0 -999999.0 -999999.0 -999999.0 -999999.0 -999999.0 -999999.0 -999999.0 -999999.0 -999999.0 -999999.0 -999999.0 -999999.0 -999999.0 -999999.0 -999999.0 -999999.0 -999999.0 -999999.0 -999999.0 -999999.0 -999999.0 196.93544 172.89806 138.23947 114.48193 79.074394 48.263157 31.300629 15.77742 1.108123 14.974476 42.86156 55.70569 60.401825 61.796837 71.44565 90.94045 125.99493 164.27438 173.76622 165.63074 147.77563 145.67241 128.95863 355.33966 306.27505 416.66724 416.67844 459.07468 470.4556 475.97772
-999999.0 -999999.0 -999999.0 -999999.0 -999999.0 -999999.0 -999999.0 -999999.0 -999999.0 -999999.0 -999999.0 -999999.0 -999999.0 -999999.0 -999999.0 -999999.0 -999999.0 -999999.0 -999999.0 -999999.0 -999999.0 -999999.0 -999999.0 -999999.0 -999999.0 -999999.0 -999999.0 -999999.0 215.05359 201.88702 192.24062 -999999.0 141.55142 120.806526 104.862785 87.64899 62.926678 38.900673 18.894777 7.916627 4.301633 13.477081 31.941395 46.016747 56.834614 73.72552 83.96686 97.368286 130.00204 154.35254 158.69516 164.7157 142.42189 144.33218 139.86737 234.63855 429.53976 472.31976 452.228 597.87006 582.0271 579.6321
-999999.0 -999999.0 -999999.0 -999999.0 -999999.0 -999999.0 -999999.0 -999999.0 -999999.0 -999999.0 -999999.0 -999999.0 -999999.0 -999999.0 -999999.0 -999999.0 -999999.0 -999999.0 -999999.0 -999999.0 -999999.0 -999999.0 -999999.0 -999999.0 -999999.0 286.1499 226.74031 156.48929 157.39838 162.18077 134.26085 96.34178 67.03309 61.761 66.73906 59.3037 32.02652 23.490398 11.138936 5.701723 7.1552067 20.268587 32.71033 51.080288 55.679752 69.975876 107.32329 124.03292 156.64398 172.74115 149.48569 152.7834 109.8065 101.51142 141.684 312.50623 422.66003 492.75882 513.7915 618.63855 650.95294 586.30273
-999999.0 -999999.0 -999999.0 -999999.0 -999999.0 -999999.0 -999999.0 -999999.0 -999999.0 -999999.0 -999999.0 -999999.0 -999999.0 -999999.0 -999999.0 -999999.0 -999999.0 -999999.0 -999999.0 -999999.0 -999999.0 -999999.0 -999999.0 -999999.0 -999999.0 272.0613 201.6614 164.94208 158.62563 132.89656 92.4773 49.443375 -999999.0 17.177595 34.56958 35.56219 20.661404 9.1069765 2.8487327 -999999.0 9.13938 30.719612 45.73783 56.52764 79.49167 84.19448 104.79727 131.95338 141.52148 150.07048 154.4996 118.07014 88.474556 41.667633 120.160904 334.38577 521.05273 529.17163 657.42566 594.5412 679.33887 734.4319
-999999.0 -999999.0 -999999.0 -999999.0 -999999.0 -999999.0 -999999.0 -999999.0 -999999.0 -999999.0 -999999.0 -999999.0 -999999.0 -999999.0 -999999.0 -999999.0 -999999.0 -999999.0 -999999.0 -999999.0 -999999.0 -999999.0 -999999.0 -999999.0 -999999.0 311.9214 235.9351 196.8933 180.69145 149.71109 99.59996 43.941505 -999999.0 -999999.0 1.3149571 7.6541395 4.380696 -999999.0 -999999.0 -999999.0 13.821212 40.43239 60.71849 70.71294 81.70358 96.13645 116.41258 129.94243 127.79169 126.4012 111.35817 118.96574 91.09215 90.18394 129.45007 166.57869 538.733 688.38403 824.91626 850.8012 865.3246 915.50165
-999999.0 -999999.0 -999999.0 -999999.0 -999999.0 -999999.0 -999999.0 -999999.0 -999999.0 -999999.0 -999999.0 -999999.0 -999999.0 -999999.0 -999999.0 -999999.0 -999999.0 -999999.0 -999999.0 -999999.0 -999999.0 -999999.0 -999999.0 -999999.0 -999999.0 322.03503 279.44 245.16995 216.02371 170.96947 113.096596 58.205647 -999999.0 -999999.0 -999999.0 -999999.0 -999999.0 -999999.0 -999999.0 5.389055 27.069994 61.903633 90.31407 97.39949 90.10748 111.56157 127.95659 159.69388 128.24028 121.346176 83.917076 62.812553 108.5787 119.14681 122.41626 156.04317 584.0699 738.1519 879.2401 970.49493 943.17365 972.80304
-999999.0 -999999.0 -999999.0 -999999.0 -999999.0 -999999.0 -999999.0 -999999.0 -999999.0 -999999.0 -999999.0 -999999.0 -999999.0 -999999.0 -999999.0 -999999.0 -999999.0 -999999.0 -999999.0 -999999.0 -999999.0 -999999.0 -999999.0 -999999.0 380.5332 308.83344 301.95258 305.9918 303.90756 253.6348 182.09845 99.8941 10.9493065 -999999.0 4.217587 19.569563 21.191118 17.709896 18.07373 23.980518 51.28009 88.92828 125.6128 141.31847 145.54973 155.79744 174.20163 176.25345 150.3253 86.4269 48.37966 100.15188 129.1318 157.8209 169.87935 186.7527 266.62964 681.28644 809.1164 905.8483 901.0646 1008.9624
-999999.0 -999999.0 -999999.0 -999999.0 -999999.0 -999999.0 -999999.0 -999999.0 -999999.0 -999999.0 -999999.0 -999999.0 -999999.0 -999999.0 -999999.0 -999999.0 -999999.0 -999999.0 -999999.0 102.186104 157.92307 175.15251 240.59933 297.34302 337.4036 343.19388 368.56656 368.3769 370.39404 344.01794 272.7055 194.27371 94.510826 85.91434 92.23339 91.14612 77.09827 64.02389 54.00172 49.86428 73.42643 124.840614 165.51942 208.1727 251.75916 242.11761 235.6308 195.30609 134.04271 80.37039 30.75497 57.104107 157.1156 212.03616 213.77336 259.97278 287.7566 470.04324 655.7118 829.87976 942.38654 985.0264
-999999.0 -999999.0 -999999.0 -999999.0 -999999.0 -999999.0 -999999.0 -999999.0 -999999.0 -999999.0 -999999.0 -999999.0 -999999.0 -999999.0 -999999.0 -999999.0 -999999.0 -999999.0 -999999.0 81.54053 0.0 150.37392 195.67542 242.44655 290.34732 315.16034 335.66278 361.56122 356.02295 386.99176 371.32104 318.48587 257.13962 232.3004 191.28326 140.06215 158.54613 132.84283 114.4313 56.298256 105.45823 172.97621 205.00706 290.44717 346.43912 322.73126 272.36572 205.62689 168.19662 126.11652 91.32585 101.99134 171.41365 222.83638 258.70868 242.18388 285.292 126.21768 561.7856 858.3826 955.5142 808.6453
-999999.0 -999999.0 -999999.0 -999999.0 -999999.0 -999999.0 -999999.0 -999999.0 -999999.0 -999999.0 -999999.0 -999999.0 -999999.0 -999999.0 -999999.0 -999999.0 -999999.0 -999999.0 0.0 72.01394 0.0 0.0 144.68164 0.0 0.0 271.3541 292.67468 322.14737 324.09686 404.87534 410.1827 392.64572 419.45212 369.93997 315.17172 267.41983 271.99915 251.42502 215.24284 190.31554 227.22202 303.10287 348.71057 379.31122 381.5908 358.81128 367.28174 306.58054 251.62912 225.97424 218.91232 168.19962 174.66098 227.06583 324.19385 388.06613 419.23453 452.84262 737.47217 979.3344 977.96564 994.65405
-999999.0 -999999.0 -999999.0 -999999.0 -999999.0 -999999.0 -999999.0 -999999.0 -999999.0 -999999.0 -999999.0 -999999.0 -999999.0 -999999.0 -999999.0 -999999.0 -999999.0 -999999.0 -999999.0 0.0 0.0 0.0 0.0 0.0 0.0 0.0 0.0 0.0 299.21555 350.4808 390.4352 427.9106 425.54468 448.05524 434.29422 419.11566 417.48816 403.29538 364.9413 358.6499 377.68466 425.53513 467.87326 448.86212 469.19952 453.12225 439.11334 372.7861 305.53943 290.01392 279.9251 265.27457 288.64792 335.0653 437.32855 518.5478 581.486 577.96716 877.3782 984.3144 969.8177 1016.32477
-999999.0 -999999.0 -999999.0 -999999.0 -999999.0 -999999.0 -999999.0 -999999.0 -999999.0 -999999.0 -999999.0 -999999.0 -999999.0 -999999.0 -999999.0 -999999.0 -999999.0 -999999.0 -999999.0 -999999.0 0.0 0.0 0.0 0.0 0.0 0.0 0.0 0.0 0.0 0.0 389.7854 422.2826 423.15195 438.60135 487.75955 512.4571 485.29852 478.3344 428.83167 477.67636 500.81564 546.42957 546.39124 532.33655 526.5046 543.5599 521.37573 413.30103 290.30197 283.9367 292.16913 352.99857 387.0469 460.82953 547.2005 684.2714 755.5519 735.93494 664.4067 1026.3429 994.68097 979.1668
-999999.0 -999999.0 -999999.0 -999999.0 -999999.0 -999999.0 -999999.0 -999999.0 -999999.0 -999999.0 -999999.0 -999999.0 -999999.0 -999999.0 -999999.0 -999999.0 -999999.0 -999999.0 -999999.0 0.0 0.0 0.0 0.0 0.0 0.0 0.0 0.0 0.0 0.0 0.0 0.0 362.87396 404.7572 400.86646 458.8516 524.94336 494.39404 497.29993 514.27765 551.91583 559.84344 555.72174 631.3762 637.09344 651.1963 696.83185 688.63995 515.49634 315.75803 383.4758 454.5414 540.8753 604.7224 652.02356 754.7524 876.0532 1036.5542 864.9038 783.691 751.0921 1073.6228 1128.4476
-999999.0 -999999.0 -999999.0 -999999.0 -999999.0 -999999.0 -999999.0 -999999.0 -999999.0 -999999.0 -999999.0 -999999.0 -999999.0 -999999.0 -999999.0 -999999.0 -999999.0 -999999.0 0.0 0.0 0.0 0.0 0.0 0.0 0.0 0.0 0.0 0.0 0.0 0.0 0.0 0.0 0.0 385.8537 427.37845 468.6512 496.1804 497.8362 537.4472 556.18896 580.978 592.647 643.00604 608.0079 620.03186 705.8697 778.673 652.9371 547.1376 605.43665 646.88275 716.0562 813.6239 872.87897 894.0078 936.2897 994.5526 893.5139 1024.9323 889.6752 822.54193 1205.9337
-999999.0 -999999.0 -999999.0 -999999.0 -999999.0 -999999.0 -999999.0 -999999.0 -999999.0 -999999.0 -999999.0 -999999.0 -999999.0 -999999.0 -999999.0 -999999.0 -999999.0 -999999.0 0.0 0.0 0.0 0.0 0.0 0.0 0.0 0.0 0.0 0.0 0.0 0.0 0.0 0.0 0.0 0.0 381.64978 414.49048 437.9354 522.43854 509.7571 538.14496 568.9578 577.7165 587.1172 564.49854 597.91254 653.5654 708.4604 764.5549 770.0059 788.94434 815.9483 859.538 943.60803 1020.25354 1049.9619 1110.7067 1110.4883 980.6599 810.8089 913.08514 863.1392 1239.6849
