data/TNO-HT-ATES/HT-ATES_ooz2/ooz2__energy_out_P50_basecase_80-45-40.asc
ncols  140
nrows  163
xllcorner  0.0
yllcorner  300000.0
cellsize  2000.0
NODATA_value  -999999.0
[rows 28 to 55 of 163, columns 63 to 125 of 140]
19630.477 14850.235 9086.077 0.0 0.0 -999999.0 -999999.0 -999999.0 -999999.0 -999999.0 -999999.0 -999999.0 -999999.0 -999999.0 -999999.0 -999999.0 -999999.0 -999999.0 -999999.0 -999999.0 -999999.0 -999999.0 -999999.0 -999999.0 -999999.0 -999999.0 -999999.0 -999999.0 -999999.0 -999999.0 -999999.0 -999999.0 -999999.0 -999999.0 -999999.0 0.0 0.0 7419.4155 11086.334 14424.871 19663.465 23593.516 27935.256 34306.88 39274.145 40848.855 40804.594 39048.99 41107.74 40749.363 38606.766 37485.434 34106.773 28160.254 20662.967 14303.57 10490.849 11280.315 12623.858 12892.909 -999999.0 0.0 0.0
20532.55 16435.484 11941.219 7598.588 0.0 0.0 -999999.0 -999999.0 -999999.0 -999999.0 -999999.0 -999999.0 -999999.0 -999999.0 -999999.0 -999999.0 -999999.0 -999999.0 -999999.0 -999999.0 -999999.0 -999999.0 -999999.0 -999999.0 -999999.0 -999999.0 -999999.0 -999999.0 -999999.0 -999999.0 -999999.0 -999999.0 -999999.0 -999999.0 -999999.0 0.0 0.0 8641.66 13350.349 18236.008 23604.586 28705.137 32028.229 38286.043 45869.61 42839.07 29085.637 41020.934 38049.66 35634.754 33650.74 29878.135 26973.809 20512.143 14900.507 12636.84 12683.873 15136.536 18517.018 24420.709 -999999.0 11775.869 0.0
20423.133 16421.287 12327.357 8881.007 0.0 0.0 0.0 -999999.0 -999999.0 -999999.0 -999999.0 -999999.0 -999999.0 -999999.0 -999999.0 0.0 0.0 0.0 -999999.0 -999999.0 -999999.0 -999999.0 -999999.0 -999999.0 -999999.0 -999999.0 -999999.0 -999999.0 -999999.0 -999999.0 -999999.0 -999999.0 -999999.0 -999999.0 -999999.0 0.0 0.0 9821.078 15832.294 22804.414 26155.941 30338.875 34000.074 36787.57 39451.734 37457.652 18622.842 14536.997 32643.756 26527.232 25708.822 23067.525 20884.209 16179.8955 12554.897 10242.4 11573.5 15010.638 20385.799 24294.65 -999999.0 18842.033 15412.487
20927.62 17176.848 13523.478 10303.582 7567.0015 0.0 0.0 -999999.0 -999999.0 -999999.0 -999999.0 -999999.0 -999999.0 -999999.0 0.0 0.0 0.0 0.0 0.0 -999999.0 -999999.0 -999999.0 -999999.0 -999999.0 -999999.0 -999999.0 -999999.0 -999999.0 -999999.0 -999999.0 -999999.0 -999999.0 -999999.0 -999999.0 0.0 0.0 6886.2812 12503.508 17694.387 23361.68 26245.969 29113.38 31780.297 31095.787 29391.172 26084.746 18407.363 14228.044 14832.886 25116.783 20140.83 19451.84 17397.91 17126.252 15717.805 11662.135 10043.389 13156.999 18321.135 23433.53 -999999.0 24529.785 19339.215
22646.951 18920.299 15483.657 12224.338 8925.83 6561.8833 0.0 0.0 -999999.0 -999999.0 -999999.0 -999999.0 -999999.0 0.0 0.0 6314.17 6658.6045 0.0 0.0 0.0 -999999.0 -999999.0 -999999.0 -999999.0 -999999.0 -999999.0 -999999.0 -999999.0 -999999.0 -999999.0 -999999.0 -999999.0 -999999.0 -999999.0 0.0 0.0 10090.084 14659.417 19313.78 22825.547 25319.344 26121.055 27596.092 26244.117 24718.701 20815.531 16751.896 13962.322 11328.711 18118.498 21840.014 20349.418 21780.66 27105.932 21531.518 13597.056 13699.87 17584.97 19253.072 23158.357 25241.64 24833.383 17859.426
24652.406 21223.562 17206.256 15267.217 11258.147 8984.447 6079.337 0.0 0.0 0.0 0.0 0.0 0.0 0.0 8186.849 8957.108 8327.431 5978.8633 0.0 0.0 -999999.0 -999999.0 -999999.0 -999999.0 -999999.0 -999999.0 -999999.0 -999999.0 -999999.0 -999999.0 -999999.0 -999999.0 -999999.0 -999999.0 0.0 6849.3394 12963.576 17378.42 20511.691 22736.178 22172.3 23853.488 24651.19 23839.928 22170.52 18199.998 15077.223 12164.336 10454.605 7815.8477 14100.832 35506.41 45155.934 39627.547 29366.143 19141.836 19202.166 20744.758 25908.346 28609.941 28398.264 23726.445 15321.819
27079.398 23669.18 20532.566 18398.008 15120.136 13665.448 10200.244 6719.144 0.0 0.0 0.0 0.0 0.0 8057.829 10888.233 10919.124 9469.638 6856.5195 0.0 0.0 0.0 -999999.0 -999999.0 -999999.0 -999999.0 -999999.0 -999999.0 -999999.0 -999999.0 0.0 -999999.0 -999999.0 -999999.0 0.0 0.0 10652.675 16071.378 21126.984 22155.596 21995.508 17096.342 24053.832 23425.12 23358.963 21855.926 17664.236 13550.716 10587.576 11676.973 12256.395 10870.647 46144.453 48708.805 43889.273 35082.516 18299.186 25906.137 29547.078 31665.336 30475.164 25754.354 19721.43 13839.76
30038.607 27893.406 25011.912 22339.922 19718.193 19236.656 16032.828 12405.644 10509.847 8795.042 7999.6274 8217.445 9362.964 12672.136 15290.927 15337.614 13746.062 10727.842 6919.258 0.0 0.0 0.0 0.0 0.0 0.0 0.0 0.0 0.0 0.0 0.0 0.0 -999999.0 -999999.0 0.0 9276.194 14878.057 20342.736 25162.78 26327.043 24892.283 24511.951 25365.568 25450.684 25167.27 21637.916 16828.566 13057.764 11319.974 10867.58 11673.506 9453.234 10888.038 41158.44 36961.094 26348.455 27524.229 33836.574 34130.645 34280.395 31222.754 0.0 0.0 11588.362
32443.611 31753.922 29064.846 26713.893 26473.986 25337.08 22991.342 20512.465 16013.738 14100.008 14126.018 14147.885 17094.299 19467.516 19545.6 18858.918 16582.033 13591.152 9001.093 0.0 0.0 0.0 0.0 0.0 7834.474 9553.803 9047.1875 9309.728 9957.449 9582.138 7188.5273 0.0 0.0 8495.236 14205.852 19941.65 25061.297 29232.848 29957.193 28963.56 27698.502 26920.1 26308.057 24731.725 21565.44 17155.912 13503.285 10260.086 8656.222 9144.834 7070.092 9459.273 32239.355 29530.63 28788.967 20368.846 32844.168 36061.863 36278.527 28225.982 0.0 0.0 0.0
30402.424 31214.78 31495.969 30238.668 30463.076 29954.508 28386.412 26583.174 22355.836 21476.3 20179.037 20054.5 22970.34 26061.033 25944.033 23937.83 21206.238 16752.898 11340.09 6154.3247 0.0 0.0 6420.465 9991.895 13686.405 16473.018 16478.943 17987.512 18959.137 19662.434 17409.215 14140.489 13397.674 15621.452 21028.047 25043.83 29629.701 32653.23 31645.137 31321.994 30355.834 28922.883 27055.104 24916.941 21357.68 19037.87 13461.857 8709.373 0.0 6509.0757 0.0 8775.106 23047.04 17756.168 17608.896 8996.796 25930.578 32112.62 33278.348 0.0 0.0 9516.592 0.0
30264.074 30142.936 32078.084 34440.0 32553.717 32361.541 33514.336 32789.758 31552.938 29443.68 26366.123 25425.04 28429.479 31804.977 31966.555 30417.482 27005.49 21219.533 14676.354 7701.176 0.0 0.0 10574.902 16265.821 22263.574 25763.38 26102.39 27078.37 29647.746 29847.416 28253.533 25390.686 24152.404 25483.07 28066.54 31300.748 35365.926 35912.883 34017.492 32989.066 30360.492 28880.617 27685.205 25214.262 23055.98 20256.607 14292.874 10191.138 7291.3237 7933.6265 0.0 0.0 13378.873 0.0 0.0 -999999.0 14096.308 26707.064 28415.879 0.0 0.0 0.0 0.0
27358.887 30104.693 33573.418 34768.754 35474.387 35041.152 37085.86 40690.258 39555.438 36288.758 33378.31 32178.59 34021.516 36337.945 38625.55 37868.625 34584.203 28560.166 20981.803 12670.288 0.0 9684.02 17556.87 23613.994 31890.182 35293.64 35961.754 38308.63 40511.64 40902.242 39894.14 35523.734 34896.1 35479.652 36463.438 38182.33 40755.105 41186.125 37525.79 34621.285 32252.178 29706.371 28719.457 26588.492 24074.662 22415.229 17208.346 16512.662 16609.56 0.0 -999999.0 9715.783 12208.357 15177.677 20304.422 -999999.0 20672.703 27654.914 22667.967 24163.518 18245.396 0.0 0.0
32156.178 33255.312 35341.21 36992.613 41951.445 41305.598 41409.75 39710.582 39351.19 39812.348 38923.78 39483.496 39282.023 42722.344 47442.945 46756.49 44062.83 38381.098 30561.586 23529.334 20010.553 22662.732 27622.24 30924.195 42074.72 45273.188 46178.676 48868.98 49037.54 50210.695 48210.87 45429.28 42514.508 43624.71 44397.72 45204.68 48257.93 46202.402 40283.098 37895.98 34745.305 31813.16 29502.836 27262.24 26878.383 25580.965 24676.633 30560.164 26866.45 22859.547 9973.744 0.0 7479.761 16770.744 24167.912 25276.357 26966.914 25553.352 18415.936 20958.557 14159.577 0.0 0.0
40047.98 38225.95 38867.54 40891.164 42835.53 41861.668 41703.426 37741.137 38479.9 39703.152 44875.49 47144.4 48857.46 50809.195 54390.77 55850.12 53844.113 48780.387 42369.84 37193.08 34906.617 35793.99 40596.68 46234.504 50768.965 55075.418 56662.21 60433.953 60404.61 59091.23 56757.54 52663.324 49313.793 49410.77 50365.1 51289.254 52606.473 48111.03 45928.44 42170.496 37069.977 33947.734 30934.11 28018.729 29174.092 25492.5 25475.564 29862.775 27557.67 21379.77 15487.909 12836.293 11156.154 18241.455 24126.945 25000.44 28163.576 21834.55 18314.625 18270.158 17781.621 0.0 0.0
41642.113 40314.266 38603.496 37741.496 37406.7 39570.824 40433.72 38822.1 40075.098 39937.18 48496.566 56108.453 58613.84 58320.887 60214.938 60637.027 57786.297 55136.914 52931.145 50483.9 49625.05 46341.906 44754.426 54398.035 59347.082 64492.08 68357.9 72677.664 72103.82 69022.336 66320.14 55814.434 53453.316 55496.066 55015.97 54954.297 54312.35 52623.36 48622.83 46237.094 42251.73 37587.324 34342.08 29760.535 29003.344 23516.525 24947.355 29257.834 28346.393 22701.568 19910.848 19656.375 15067.726 18586.213 26036.846 28024.121 25617.455 0.0 0.0 18688.926 0.0 0.0 0.0
41167.71 40081.84 37204.7 36035.918 35491.043 38544.06 41478.336 40994.758 42893.61 48264.055 53529.67 58043.75 62163.383 64869.63 66299.01 68346.09 62274.008 64630.098 63917.805 62196.098 59461.82 57811.465 59302.234 62396.55 64672.78 71047.48 75393.305 80806.24 81029.805 79283.17 74844.375 67652.484 61864.93 60172.926 59998.812 60193.43 56671.52 53956.758 52315.805 50266.49 47160.566 42445.566 36747.004 33122.715 30050.936 26696.713 26348.31 29149.559 25010.635 21555.732 21187.303 21971.068 20057.682 23141.475 27279.89 26388.328 23616.658 0.0 0.0 13011.475 15254.445 0.0 0.0
37088.184 37945.91 35362.004 33348.8 33903.594 37445.0 43843.8 44964.43 47140.69 50513.25 54884.805 58625.26 62308.73 64460.656 66631.15 69529.945 70896.305 70361.9 68382.36 66079.06 67056.04 66811.945 70358.42 69111.625 72159.47 76023.14 80177.24 84389.125 88847.195 87718.33 84893.164 76297.07 69741.99 67533.95 65659.76 64630.137 59727.504 56381.4 54477.824 54130.04 52018.664 47151.508 40190.973 31519.941 27618.17 28565.074 36515.617 24579.24 19585.73 18076.451 20268.99 22898.44 21102.408 23398.445 26625.865 25300.545 0.0 0.0 0.0 19121.312 12754.161 0.0 0.0
31131.94 29286.592 29300.605 28748.967 30626.04 33972.133 42843.63 47346.82 46749.188 47620.83 53595.176 59070.887 62791.266 64548.195 66706.734 70942.91 75374.16 74080.53 74024.016 73121.59 71920.375 73988.79 73031.94 74300.29 77900.23 81578.43 86325.984 95321.79 98757.7 98419.51 93848.19 86313.086 79398.79 78466.19 72435.19 68233.84 62937.684 59830.688 56404.89 56138.805 55851.63 50058.066 43317.39 35580.477 31978.652 31599.379 37236.688 33706.137 17723.8 15671.951 15799.998 18171.557 0.0 0.0 0.0 0.0 0.0 0.0 0.0 0.0 0.0 0.0 0.0
20403.629 15500.182 16661.541 19693.068 25440.227 30641.303 38901.117 44859.074 46272.742 47836.23 53531.656 57569.414 60620.203 63660.55 67582.2 72138.19 74682.414 76732.87 75999.305 74739.86 74069.77 76786.18 74914.46 77598.54 81323.945 87848.87 90614.63 99840.445 101584.695 103539.66 98898.945 94304.56 92353.84 82235.64 75719.15 66585.0 64740.51 62475.445 57408.883 56956.49 55415.586 50734.13 45933.332 41713.37 39972.957 40239.453 39083.48 37231.81 28761.768 20390.848 16763.96 18094.414 0.0 0.0 0.0 0.0 0.0 0.0 0.0 0.0 28511.547 0.0 0.0
8393.829 0.0 0.0 8016.4536 16830.99 26353.42 35970.74 40889.445 44934.66 46219.754 51701.863 57394.887 56191.867 64007.01 68090.76 72931.17 74744.56 77061.836 76828.19 76144.55 69025.92 75164.22 78036.945 82453.125 85178.836 89144.586 95684.016 99292.08 102159.13 106606.586 107139.88 104209.45 95056.86 85355.76 74060.555 69150.3 66397.77 62962.07 53340.113 57476.176 55543.84 51887.36 47325.91 44673.234 45248.887 41646.312 0.0 0.0 34618.914 26596.404 18304.98 17158.771 0.0 0.0 0.0 0.0 0.0 0.0 0.0 0.0 26967.164 24272.277 0.0
-999999.0 -999999.0 -999999.0 -999999.0 7802.1577 19007.764 30065.666 37258.582 40772.63 44619.527 52091.652 58156.41 61747.957 64909.08 67848.63 73316.77 73921.87 75828.95 75778.79 75906.125 74429.08 76610.82 79141.41 84436.44 85960.27 88349.305 94008.55 100979.62 102722.695 108599.47 112746.49 118304.67 103476.93 91153.93 77041.555 70432.57 74591.21 70613.41 60918.387 57873.613 55305.816 50985.535 47962.953 45115.27 44261.36 40439.754 0.0 0.0 0.0 31476.82 28999.07 37064.543 32181.582 0.0 0.0 0.0 0.0 0.0 0.0 0.0 0.0 0.0 0.0
-999999.0 -999999.0 -999999.0 -999999.0 0.0 12956.321 23743.895 31322.55 36935.05 42573.906 50598.195 56907.37 61862.81 65510.336 68452.95 71997.914 73769.766 73910.375 74735.45 75313.99 74029.125 76766.04 83601.51 84605.22 84052.79 85911.32 82971.47 94463.89 98952.21 101684.836 116102.43 115145.586 102850.97 90136.18 81985.47 78251.32 80359.99 76495.39 67006.05 63198.57 56836.49 50702.883 49816.098 45880.84 42794.207 32585.613 32710.725 31639.1 27292.637 22961.225 25023.97 35901.65 38822.293 28025.629 0.0 0.0 0.0 0.0 0.0 0.0 0.0 0.0 0.0
-999999.0 -999999.0 -999999.0 -999999.0 -999999.0 8025.098 17812.057 25961.146 33237.17 39926.38 46969.367 54496.207 61290.938 66133.44 68569.32 73317.6 74311.95 72957.48 73562.086 73204.68 73446.9 77813.8 81602.78 82050.14 83640.05 82949.09 86849.6 89341.234 90608.77 92836.57 101150.18 104481.52 98170.73 92152.3 86771.43 80751.37 82039.59 77929.93 68220.52 62967.375 65614.65 54186.543 45988.535 45357.57 42086.715 36586.47 29608.11 24615.04 20728.598 21056.52 28275.412 35400.062 44778.57 34651.336 0.0 0.0 0.0 0.0 0.0 0.0 0.0 0.0 0.0
-999999.0 -999999.0 -999999.0 -999999.0 -999999.0 0.0 13772.704 22195.164 29830.637 37471.316 43957.04 50730.586 59151.13 64691.74 69397.84 72535.54 73111.01 72079.53 72508.164 72081.48 72597.65 76842.266 79322.64 81164.42 83022.766 83398.625 83314.625 84076.96 94004.3 83815.82 86984.64 86916.17 88366.305 86504.55 83889.73 79397.664 82383.99 83092.11 70536.69 72802.58 67026.516 55041.977 55580.105 47637.953 41516.35 32238.438 22275.555 15297.796 14621.724 20076.932 32046.252 52983.4 64572.023 37611.453 0.0 0.0 0.0 0.0 0.0 0.0 0.0 0.0 0.0
-999999.0 -999999.0 -999999.0 -999999.0 -999999.0 0.0 11690.137 19255.744 26836.14 35286.074 43467.47 51639.07 57333.348 62596.02 67919.54 71238.16 72552.22 69453.53 69925.88 71756.75 71413.08 74485.33 74661.77 76983.98 78857.836 80183.94 78820.875 82538.33 83006.79 78515.56 73837.59 74616.69 76972.08 76934.71 79447.31 72749.21 81566.5 81493.234 77288.71 73273.336 64653.133 63266.777 54858.14 47270.496 37090.44 29092.193 17093.69 7109.064 7664.3403 16925.59 29784.7 41493.438 41215.08 0.0 0.0 0.0 0.0 0.0 0.0 0.0 0.0 0.0 0.0
-999999.0 -999999.0 -999999.0 -999999.0 0.0 0.0 10718.821 19176.477 25884.379 33989.246 43901.688 51905.805 56596.07 61040.984 66301.5 69597.82 70490.24 70167.57 71012.414 71104.87 73774.516 73751.53 72897.86 73151.45 72633.25 72970.484 76829.8 71594.25 69740.055 69480.555 64615.71 67192.195 68630.37 72559.445 74417.52 78304.67 83224.73 83147.086 78803.8 77365.89 65013.777 63754.883 55341.055 48789.46 39752.086 32405.562 19411.074 6469.7124 8131.268 16385.465 24921.715 30145.963 0.0 0.0 0.0 0.0 0.0 0.0 0.0 0.0 0.0 -999999.0 -999999.0
10458.743 0.0 -999999.0 -999999.0 0.0 0.0 10380.196 17483.033 25527.463 33684.6 41555.895 50496.7 56647.92 61568.742 65516.215 68330.46 68365.49 68291.625 70497.42 71287.5 72126.2 70165.09 69008.69 67822.63 64505.336 62912.29 65341.992 60737.34 58261.797 56053.473 53747.05 52750.28 56075.426 64683.2 72270.07 83108.22 84857.31 76488.39 79065.96 78732.59 67772.37 65719.92 59314.84 53376.08 43193.41 37563.875 26117.844 19378.996 17704.564 0.0 0.0 0.0 0.0 0.0 0.0 0.0 0.0 0.0 0.0 0.0 -999999.0 -999999.0 -999999.0
24056.375 6951.474 0.0 0.0 0.0 7160.7036 11112.373 16219.807 22405.205 29082.426 38030.64 49237.21 57904.688 59343.035 63140.42 65342.78 66325.35 67425.195 68501.695 69094.16 71376.64 67654.88 62958.742 60038.945 56817.74 60032.895 56465.496 51731.02 47898.688 45203.176 45728.07 46782.082 50325.87 61469.254 68994.2 77645.71 79609.68 82369.85 75918.24 73130.734 68218.55 61547.242 56225.52 51641.188 47003.734 42286.344 35500.97 27313.396 0.0 18885.895 0.0 0.0 0.0 0.0 0.0 0.0 0.0 0.0 0.0 0.0 -999999.0 -999999.0 -999999.0
