data/TNO-HT-ATES/HT-ATES_ooz2/ooz2__h_P50_basecase_80-45-40.asc
ncols  140
nrows  163
xllcorner  0.0
yllcorner  300000.0
cellsize  2000.0
NODATA_value  -999999.0
[rows 56 to 83 of 163, columns 63 to 125 of 140]
18.195 11.0475 7.0699997 6.5024996 6.91 8.07 9.035 9.9800005 11.565001 14.67 20.2375 25.974998 30.9175 34.399998 36.93 38.9775 40.017498 42.167503 43.5325 44.07 44.18 43.3525 41.8425 39.4675 37.089996 35.937496 33.185 30.182499 26.695 23.0825 25.337498 30.695 36.55 43.354996 50.3775 56.684998 61.0725 63.204994 64.09 66.64 67.0175 64.2225 67.11 71.69 71.93749 64.627495 55.527496 45.567497 41.082504 34.112495 34.090004 36.18 34.9525 34.32 34.677498 33.7525 30.3325 24.16 17.357498 17.384998 -999999.0 -999999.0 -999999.0
21.224998 15.402499 11.782499 10.98 11.780001 10.3675 10.067499 10.029999 9.775 11.0 15.632501 21.404999 26.559998 31.3225 34.982502 37.0125 38.845 39.985 41.114998 41.550003 42.0975 41.83 39.785 37.465 35.4875 32.9225 30.239998 27.345 24.824999 22.1925 25.177498 31.3625 37.747498 43.4375 48.53 52.712498 54.4725 53.269997 50.6825 53.877502 56.8825 58.429996 63.889996 71.057495 74.0075 70.9025 62.465 52.6875 41.085 34.51 27.412498 26.685 26.605 29.84 33.0 35.795 34.192497 25.6125 21.059998 19.525 -999999.0 -999999.0 -999999.0
22.8025 17.974998 14.614999 12.532499 11.2575 8.69 8.275 7.9649997 7.5299997 8.594999 12.857499 17.835001 23.0025 28.452501 32.5375 34.9825 36.68 37.5375 38.705 39.322502 40.085 40.0075 37.515 34.14 32.3825 30.789999 29.0725 27.04 25.807499 25.859999 29.050001 33.9775 39.4875 44.7825 49.1025 52.085 52.754997 50.105 46.489998 50.1075 52.510002 54.875 58.8 71.555 77.2475 79.1525 71.5325 59.5 47.469997 32.21 19.185 21.0175 21.1675 28.037498 34.8875 37.089996 29.805 25.89 22.5 19.472502 -999999.0 -999999.0 -999999.0
24.5525 19.8925 16.2675 11.0175 5.61 3.435 3.6100001 5.1675 6.055 8.385 12.747499 15.97 20.43 26.052498 30.215 32.9075 33.922497 35.1475 36.45 37.415 38.695 38.745 36.625 31.224998 28.679998 28.627499 28.305 28.777498 29.449997 31.1875 34.767498 38.017498 42.2625 45.934998 49.7925 52.85 53.864998 53.605 52.559998 52.317497 52.7325 53.582497 53.3775 54.5925 83.8875 90.3275 80.479996 65.0825 49.385 32.9225 26.8375 26.124998 28.715 30.9875 35.975 36.004997 28.122498 23.529999 20.302502 -999999.0 -999999.0 -999999.0 -999999.0
26.2875 20.072498 17.0225 9.424999 -999999.0 -999999.0 0.97499996 3.6675 6.585 9.224999 12.98 14.974999 18.232498 23.3225 28.322498 30.684998 31.855 33.1825 34.9125 36.6675 38.1 39.147495 38.4825 34.28 25.75 25.664999 29.0025 31.6425 33.5725 36.26 39.472496 42.267498 45.2725 47.954998 50.415 52.9675 55.855 60.269997 60.2325 56.652504 54.282497 55.312496 55.559998 56.644997 88.06 83.67999 77.28249 61.262497 46.8175 39.124996 33.7725 29.9075 30.6175 29.115 28.2325 25.1075 17.422499 17.314999 17.215 -999999.0 -999999.0 -999999.0 -999999.0
25.6175 19.695 15.939999 10.0725 3.0124998 2.8675 4.6000004 7.5775 10.5425 12.822499 14.602499 15.165 17.0975 20.565 24.134998 26.7575 28.4225 30.109999 32.32 34.63 36.604996 38.552498 40.225 39.5175 28.4375 27.652498 32.574997 36.527496 40.067497 44.455 46.2675 47.31 48.377502 49.079998 50.035004 51.23 54.7725 64.5175 63.0075 55.4025 52.485 54.91 62.3675 66.155 78.965 74.66499 63.8975 51.0 37.96 37.005 38.8625 35.105 29.964998 24.32 21.092499 18.72 9.939999 12.8475 14.434999 -999999.0 -999999.0 -999999.0 -999999.0
24.8975 20.9275 17.3275 12.28 7.8224998 8.4875 11.3025 13.870001 15.66 17.977497 16.377499 15.089999 15.887501 18.8375 20.375 22.494999 25.252499 26.742498 29.4925 32.1525 34.829998 37.364998 40.114998 42.945 34.755 35.2625 38.674995 43.192497 48.79 53.6175 54.112503 52.852497 51.695 50.7475 48.855 47.405 48.319996 52.1525 51.8525 44.9125 43.207497 44.665 50.03 53.767494 59.6375 53.6725 46.922497 39.832497 35.54 35.37 42.565002 40.019997 32.46 27.8725 23.23 20.345 11.61 13.614999 14.4225 -999999.0 -999999.0 -999999.0 -999999.0
24.9975 23.517498 20.105 16.435 12.995 13.022499 15.1675 17.1025 18.3 20.064999 18.005 16.109999 15.8225 16.967499 18.259998 20.0625 22.339998 24.324999 27.4175 30.532497 33.817497 37.4625 41.1175 44.395004 44.522495 45.18 48.1725 49.9525 56.785 63.265 60.492496 57.065 53.789997 51.775 48.322502 45.545 45.58 42.7475 35.027496 31.194998 33.2 36.385002 37.865 37.664997 34.4 30.4375 32.52 34.93 36.6625 28.28 46.89 43.5875 30.767498 35.399998 37.142498 33.1025 25.095 25.975 19.1775 8.497499 -999999.0 -999999.0 -999999.0
27.2875 27.359999 24.892498 21.419998 18.0975 16.165 16.089998 16.875 17.5275 17.970001 17.82 17.465 16.875 16.342499 17.0225 18.087502 20.289999 22.7775 25.904999 29.625 34.174995 39.05 43.135 45.262497 45.3975 44.07 45.135002 48.659996 53.6025 60.674995 67.34 59.545 56.7175 53.102497 48.6075 44.8375 44.165 39.5225 29.2575 25.71 29.099998 30.932499 30.255 24.89 10.8575 12.9575 22.7875 35.055 41.1025 44.144997 48.174995 43.7925 38.117496 35.9075 35.76 34.622498 35.3825 31.765 18.935 14.782499 5.9425 -999999.0 27.4725
29.904999 30.132498 28.374998 25.169998 22.7825 19.6825 18.0425 18.0175 17.612501 16.2475 17.61 18.627499 17.6225 15.804999 16.177502 15.655 18.255 21.172499 24.619999 28.842499 34.815002 41.2325 45.8025 47.265 46.362495 42.6075 41.605 46.3175 53.594997 60.155 65.805 63.7025 58.462498 53.28 49.907497 46.44 45.002495 41.385 33.25 31.6325 28.7925 29.1675 27.1 19.977499 7.9799995 11.995 21.8825 35.550003 48.519997 49.265 42.8325 45.102497 46.567497 39.074997 34.6025 29.692501 32.2425 32.46 23.1125 15.357499 -999999.0 -999999.0 -999999.0
29.835 30.5 28.575 26.357498 24.9425 23.3775 22.22 21.0875 20.435 19.515 18.6775 18.045 16.339998 13.5325 11.487499 11.16 13.5175 18.047499 23.0225 28.24 34.4775 41.585 47.949997 50.190002 46.677498 39.909996 35.962498 43.282497 50.065002 56.41 60.9325 60.239998 57.177498 53.9225 50.635 48.505 44.649994 41.0725 37.512497 38.1025 40.945 45.2225 43.605 20.565 13.747499 14.84 21.539999 33.8225 44.907497 49.7075 45.707497 48.914997 49.5625 20.09 9.3175 27.504997 35.7175 28.5125 19.812498 13.2074995 -999999.0 -999999.0 -999999.0
29.0875 29.875 28.682499 27.255001 26.044998 25.7325 25.717499 24.697498 23.117498 21.4575 19.387499 17.625002 14.662499 10.2525 6.27 6.1449995 9.355 15.280001 21.732498 27.63 32.962498 39.519997 48.687496 56.2475 48.9325 42.0225 39.7225 42.93 47.765 52.389996 55.832497 56.379997 55.175 54.434998 51.827496 49.075 44.915 41.237495 40.7225 40.7525 44.152496 52.247498 45.692497 29.3025 19.642498 23.650002 20.8275 29.16 35.697502 42.004997 41.6025 37.4325 19.23 -999999.0 1.9099998 16.145 22.704998 17.627499 10.26 9.92 -999999.0 -999999.0 -999999.0
27.457499 28.369999 29.497498 28.789999 26.997501 27.565 28.3975 27.74 24.987501 22.215 20.142498 16.842499 13.0975 8.1325 3.3274999 2.35 7.0499997 14.625 21.154999 25.9925 29.7425 36.982502 43.4525 49.379997 47.015 43.8075 43.2375 43.954998 46.737495 50.122498 53.19 54.517498 54.025 54.082497 52.26 48.9825 45.4325 41.55 39.252502 39.4575 39.087498 40.025 33.2225 17.2325 3.585 17.14 25.355 25.322498 29.88 29.8725 21.3275 19.4375 8.055 0.51 -999999.0 13.262499 18.1525 18.68 16.364998 6.4424996 -999999.0 -999999.0 -999999.0
26.735 29.539999 31.4425 31.2025 30.532501 30.975 31.925 31.095001 27.884998 24.5275 20.935 16.455 12.5199995 8.474999 4.8975 2.9724998 9.3 16.279999 21.7375 24.845 28.570002 29.3125 33.954998 39.872498 42.692497 43.335 43.6475 44.64 46.21 48.695 51.0875 52.16 52.6875 48.2175 47.045002 46.504997 43.524998 42.8525 38.45 42.2275 37.1625 27.847498 17.4875 10.3475 3.7375 8.317499 22.7325 28.185 28.899998 24.289999 16.6675 21.585 10.765 6.9525 6.1625 2.9650002 5.45 16.165 19.2275 -999999.0 -999999.0 -999999.0 -999999.0
27.22 31.777498 34.095 34.245003 34.515 35.155 36.399998 35.44 31.55 28.045 22.965 17.63 13.7375 11.202499 11.102499 11.62 15.059999 20.289999 24.7325 29.71 27.597498 22.435001 21.0775 33.677498 40.5675 42.6225 43.542496 44.589996 45.495 47.7625 48.7725 49.677498 49.457497 46.3525 42.58 39.177498 32.622498 44.8925 50.89 54.63 44.554996 31.902498 17.047499 5.0699997 4.7574997 10.9325 25.422499 37.15 23.5525 23.5625 27.967499 28.6 20.449999 16.1525 4.4325 17.092499 5.8424997 21.9925 21.49 -999999.0 -999999.0 -999999.0 -999999.0
28.33 32.434998 35.18 36.6025 37.985 38.917496 39.859997 38.927498 35.1325 30.852499 25.234999 21.6525 18.75 17.5925 18.3475 19.762499 21.8525 25.6025 29.114998 33.9925 32.2 28.3125 27.77 33.777496 39.345 42.422497 44.0025 44.322502 44.14 44.785004 45.484997 45.3175 42.122498 39.934998 36.89 31.449999 27.055 21.1875 20.355 52.769997 51.4125 40.809998 29.0725 18.482502 13.679999 19.272501 26.8475 31.044998 24.0875 20.8275 26.0275 38.18 33.445 30.4425 12.0175 13.6575 4.8125 12.864999 -999999.0 -999999.0 -999999.0 -999999.0 -999999.0
28.517502 32.915 36.735 39.155 41.1 42.519997 43.31 42.159996 38.427498 34.35 29.154999 25.6125 23.599998 23.1675 24.304998 25.74 28.412498 31.4875 34.515 40.9025 41.465 38.942497 36.882496 38.125 41.3475 43.7575 45.71 45.052498 43.295 43.2875 42.769997 41.2425 37.9475 37.455 34.957497 29.145 22.3475 16.4875 15.2 19.89 23.232498 42.7125 38.6475 32.4525 27.687498 29.387499 20.169998 19.045 26.205 26.4075 21.05 29.7125 24.182499 37.504997 7.0624995 14.23 8.244999 2.44 -999999.0 -999999.0 -999999.0 -999999.0 -999999.0
29.0425 33.392498 38.207497 41.6175 44.367496 45.925 46.337498 45.049995 41.619995 37.6625 32.6275 28.837502 27.11 27.435 29.0 30.61 33.38 36.9525 39.92 47.644997 52.3625 46.929996 43.655 42.822502 43.892498 44.964996 45.992496 45.0625 43.22 41.97 40.86 40.229996 36.4125 36.935 34.4275 29.2575 22.8375 16.255001 15.02 17.3875 21.4625 20.015 24.3475 43.5275 40.7325 35.695 23.77 11.615001 28.625 45.29 36.8225 26.079998 28.5975 33.059998 13.325 14.4725 10.6425 2.78 -999999.0 -999999.0 -999999.0 -999999.0 -999999.0
29.665 34.2725 39.565 44.0925 48.355 49.024998 49.282497 47.9625 44.72 40.7125 36.1175 31.6325 29.09 30.874998 32.68 34.5225 37.3825 40.48 43.35 49.6125 51.25 49.757496 47.5075 46.115 46.395 46.087498 45.135002 44.55 42.53 41.5775 41.072495 40.6 39.455 36.402496 35.1575 27.752499 27.294998 20.377499 17.31 17.0325 18.2925 25.289999 34.504997 63.042496 58.7175 49.752495 60.649998 80.43 71.685 59.41 46.6325 30.325 27.217499 25.2875 19.355 15.032499 9.1925 1.605 -999999.0 -999999.0 -999999.0 -999999.0 -999999.0
30.189999 36.09 41.995 46.9975 51.465 52.3725 52.789997 52.197502 48.8 43.8825 40.504997 36.065 33.255 34.43 36.737495 38.525 40.92 42.575 44.267498 46.795 50.25 50.0275 49.095 48.524998 46.7025 44.589996 44.1125 43.444996 42.4375 41.475 42.125 41.835 40.8625 38.7075 30.92 31.82 26.494999 25.162498 21.8175 23.5775 26.7675 37.807503 41.4425 54.795 60.460003 55.957497 55.199997 66.2775 69.700005 55.364998 42.32 34.902504 26.91 23.7725 17.902498 16.605 7.5275 -999999.0 -999999.0 -999999.0 -999999.0 -999999.0 -999999.0
31.5875 37.159996 42.975 48.2125 52.3575 54.5675 55.95 55.0625 52.915 49.875 46.095 42.354996 39.5775 39.545002 41.1425 41.885 42.690002 43.245003 43.522503 44.809998 48.3 48.7225 48.51 49.1925 40.9475 43.067497 43.64 43.079998 41.942497 39.7425 37.03 40.4075 41.7425 35.1575 34.995 37.2525 27.325 19.835 22.6175 32.187496 36.572502 17.58 19.505 37.0725 46.144997 56.86 61.3275 62.802498 65.525 54.695 43.91 41.64 26.59 15.844999 17.9975 7.4474998 1.4925 -999999.0 -999999.0 -999999.0 -999999.0 -999999.0 -999999.0
33.537502 38.2875 44.495003 49.567497 53.642498 57.524998 58.57 58.2425 56.9725 55.2975 51.295 47.975002 45.39 44.262497 43.642498 43.024998 42.7675 42.18 41.517498 42.162502 45.5225 46.355 46.485 46.96 47.982502 46.7875 46.295002 44.8225 43.082497 39.84 35.829998 38.469997 37.06 35.885002 41.1475 43.730003 36.105 35.3075 42.62 38.684998 30.697498 14.824999 21.08 33.2175 44.7725 56.0025 62.149994 65.6075 69.05 58.8475 48.624996 43.425 29.744999 20.57 9.0675 0.77500004 -999999.0 -999999.0 -999999.0 -999999.0 -999999.0 -999999.0 -999999.0
36.195 40.262497 45.3225 50.04 55.2025 58.515 57.7025 59.3225 60.045002 59.7175 56.374996 53.0875 49.59 46.322502 44.28 41.987495 40.0925 39.515 39.454998 39.867496 42.475 42.4825 42.7 43.087498 43.730003 43.36 43.0725 43.175 42.7575 41.949997 40.362495 41.955 37.3325 38.8125 43.9375 48.4475 45.782497 47.98 50.26 41.932503 31.364998 25.689999 28.194998 27.43 39.1725 40.8425 56.35 68.0475 74.7025 64.60249 52.405 42.8275 36.292503 25.627499 5.31 -999999.0 -999999.0 -999999.0 -999999.0 -999999.0 -999999.0 -999999.0 -999999.0
36.7875 40.792496 45.3825 49.409996 51.6875 56.307503 55.885 57.8125 61.034996 61.0975 58.864998 55.8575 53.125 48.655 43.947502 40.0775 37.6825 36.305 36.037502 36.325 38.995 39.292496 39.37 39.427498 39.8375 39.705 39.675 39.6525 38.739998 39.260002 39.934998 35.84 37.1825 39.387497 42.21 46.0825 44.3325 47.5675 52.15 42.987495 32.815002 31.52 33.2275 35.635 39.475 27.744999 36.3125 56.2975 78.66499 71.9275 53.585 40.354996 31.547499 15.369999 -999999.0 -999999.0 -999999.0 -999999.0 -999999.0 -999999.0 -999999.0 -999999.0 -999999.0
35.500004 40.125 44.894997 48.65 50.125 50.495 49.105 49.9425 53.4575 56.265 58.512497 59.625 55.399998 49.812496 42.9575 37.545 33.8875 32.3425 32.0475 37.074997 36.4725 36.589996 36.9225 37.095 37.112503 37.252502 36.645 34.984997 34.1975 34.7675 36.335 33.5625 36.225 37.497498 38.7325 38.337498 35.002502 36.9125 39.385002 38.542496 33.445 33.0775 37.005 44.91 32.8125 13.8025 12.32 34.25 53.195 69.35 49.854996 33.792503 24.717499 9.02 3.2975001 -999999.0 -999999.0 -999999.0 -999999.0 -999999.0 -999999.0 -999999.0 -999999.0
35.44 38.892498 43.1025 45.7775 46.465 47.3225 40.89 38.655 36.697502 42.415 54.882496 63.532497 57.0075 47.275 39.9725 33.862495 29.765 28.134998 27.897497 32.9825 33.4325 34.06 35.082497 35.8225 34.9425 36.6875 33.7475 30.195 28.3325 28.7225 26.704998 30.8825 33.3375 33.5525 32.31 31.512497 26.09 26.27 29.8775 31.645 36.692497 36.39 35.3 42.2875 54.4025 27.125 9.3375 20.034998 40.425003 38.625 36.765 30.82 14.8324995 10.377501 2.5549998 -999999.0 -999999.0 -999999.0 -999999.0 -999999.0 -999999.0 -999999.0 -999999.0
16.6925 38.43 40.2725 42.575 44.01 44.34 45.682495 32.414997 20.9575 30.63 47.75 60.305 51.052498 41.305 33.3075 28.2725 24.9975 23.1575 26.029999 27.66 29.182499 32.337498 33.525 35.265 37.23 31.335 30.945 25.625 23.554998 23.0275 22.3375 27.805 29.585 29.07 26.312498 24.63 22.2925 16.869999 18.5775 26.587502 33.165 33.355 29.49 35.977497 54.475 34.885 14.7575 16.2125 25.27 30.929998 29.235 26.994999 8.287499 1.1875 -999999.0 -999999.0 -999999.0 -999999.0 -999999.0 -999999.0 -999999.0 -999999.0 -999999.0
11.24 17.615 29.664999 40.8775 43.0375 43.144997 50.269997 50.642498 28.57 36.7225 45.8875 45.727497 37.8325 30.377499 24.27 21.7325 20.155 18.845 21.1525 22.622501 25.057499 27.102497 32.4425 28.287498 28.68 26.482502 22.7025 22.499998 21.829998 22.28 22.53 27.065 27.875 25.162498 23.865 23.095001 25.855 21.1525 10.625 22.6125 22.654999 20.98 31.910002 41.385 51.449997 29.1525 8.719999 15.305 28.5375 25.23 31.817501 22.4375 -999999.0 -999999.0 -999999.0 -999999.0 -999999.0 -999999.0 -999999.0 -999999.0 -999999.0 -999999.0 -999999.0
