data/TNO-HT-ATES/HT-ATES_ooz2/ooz2__flowr_sodm_P50_basecase_80-45-40.asc
ncols  140
nrows  163
xllcorner  0.0
yllcorner  300000.0
cellsize  2000.0
NODATA_value  -999999.0
[rows 84 to 111 of 163, columns 0 to 61 of 140]
-999999.0 -999999.0 -999999.0 -999999.0 -999999.0 -999999.0 -999999.0 -999999.0 -999999.0 -999999.0 -999999.0 -999999.0 -999999.0 -999999.0 -999999.0 -999999.0 -999999.0 -999999.0 -999999.0 -999999.0 -999999.0 -999999.0 -999999.0 -999999.0 -999999.0 -999999.0 -999999.0 -999999.0 -999999.0 -999999.0 -999999.0 -999999.0 -999999.0 -999999.0 -999999.0 -999999.0 -999999.0 -999999.0 -999999.0 582.9687 537.9118 493.86505 463.53833 422.71396 397.51917 416.80377 427.93463 460.4816 513.55176 592.4924 676.40076 -999999.0 83.39459 127.90672 155.45822 159.03384 155.72838 190.53851 150.70686 114.94615 67.91966 41.65073
-999999.0 -999999.0 -999999.0 -999999.0 -999999.0 -999999.0 -999999.0 -999999.0 -999999.0 -999999.0 -999999.0 -999999.0 -999999.0 -999999.0 -999999.0 -999999.0 -999999.0 -999999.0 -999999.0 -999999.0 -999999.0 -999999.0 -999999.0 -999999.0 -999999.0 -999999.0 -999999.0 -999999.0 -999999.0 -999999.0 -999999.0 -999999.0 -999999.0 -999999.0 -999999.0 -999999.0 -999999.0 -999999.0 578.73676 573.1456 519.32587 482.06082 473.9335 445.78656 417.51675 437.10175 440.69022 481.97675 512.88416 567.1481 631.77954 673.72437 21.97275 90.52497 148.332 174.18256 169.60078 131.55301 122.77825 105.929756 64.72284 -999999.0
-999999.0 -999999.0 -999999.0 -999999.0 -999999.0 -999999.0 -999999.0 -999999.0 -999999.0 -999999.0 -999999.0 -999999.0 -999999.0 -999999.0 -999999.0 -999999.0 -999999.0 -999999.0 -999999.0 -999999.0 -999999.0 -999999.0 -999999.0 -999999.0 -999999.0 -999999.0 -999999.0 -999999.0 -999999.0 -999999.0 -999999.0 -999999.0 -999999.0 -999999.0 -999999.0 -999999.0 -999999.0 463.4654 538.1288 516.1063 433.6115 436.6518 453.77097 445.775 414.63654 429.63913 467.50876 459.10394 494.19345 550.4974 582.9016 602.361 -999999.0 70.27485 153.57536 201.30931 205.99348 194.68265 131.90993 188.51143 170.66815 133.9463
-999999.0 -999999.0 -999999.0 -999999.0 -999999.0 -999999.0 -999999.0 -999999.0 -999999.0 -999999.0 -999999.0 -999999.0 -999999.0 -999999.0 -999999.0 -999999.0 -999999.0 -999999.0 -999999.0 -999999.0 -999999.0 -999999.0 -999999.0 -999999.0 -999999.0 -999999.0 -999999.0 -999999.0 -999999.0 -999999.0 -999999.0 -999999.0 -999999.0 -999999.0 -999999.0 -999999.0 496.7937 452.37817 473.8199 450.0907 323.98224 309.74243 420.66458 406.91583 374.33426 333.54724 398.92657 457.89685 468.7902 471.9454 483.63553 479.45328 454.93936 101.103386 188.52315 248.18684 275.71994 280.96594 260.92255 337.2934 360.20163 364.79684
-999999.0 -999999.0 -999999.0 -999999.0 -999999.0 -999999.0 -999999.0 -999999.0 -999999.0 -999999.0 -999999.0 -999999.0 -999999.0 -999999.0 -999999.0 -999999.0 -999999.0 -999999.0 -999999.0 -999999.0 -999999.0 -999999.0 -999999.0 -999999.0 -999999.0 -999999.0 -999999.0 -999999.0 -999999.0 -999999.0 -999999.0 -999999.0 -999999.0 -999999.0 -999999.0 545.2585 466.52817 416.76172 375.6508 420.80383 358.5108 350.59253 387.5574 376.04907 364.96002 359.33926 369.96793 412.25626 410.6536 379.21738 376.4621 371.83368 378.5417 215.96223 273.84216 312.26147 330.25842 338.6926 358.7424 356.36804 408.0663 484.20328
-999999.0 -999999.0 -999999.0 -999999.0 -999999.0 -999999.0 -999999.0 -999999.0 -999999.0 -999999.0 -999999.0 -999999.0 -999999.0 -999999.0 -999999.0 -999999.0 -999999.0 -999999.0 -999999.0 -999999.0 -999999.0 -999999.0 -999999.0 -999999.0 -999999.0 -999999.0 -999999.0 -999999.0 -999999.0 -999999.0 -999999.0 -999999.0 -999999.0 -999999.0 556.4122 514.1801 466.45 435.5904 410.6551 390.1133 379.4015 348.8365 339.4862 342.52707 323.70776 317.50208 324.76373 349.18753 338.9441 324.8735 314.74527 307.72534 357.2221 455.6526 381.80164 368.42047 357.96536 382.9668 447.1484 508.47546 528.07996 524.03723
-999999.0 -999999.0 -999999.0 -999999.0 -999999.0 -999999.0 -999999.0 -999999.0 -999999.0 -999999.0 -999999.0 -999999.0 -999999.0 -999999.0 -999999.0 -999999.0 -999999.0 -999999.0 -999999.0 -999999.0 -999999.0 -999999.0 -999999.0 -999999.0 -999999.0 -999999.0 -999999.0 -999999.0 -999999.0 -999999.0 -999999.0 708.74713 665.0665 565.3674 456.69696 475.75388 541.2328 412.6506 381.5224 346.1093 313.8448 299.15576 285.85352 279.74454 265.04547 263.65942 259.91513 296.92844 311.23605 292.6202 275.45517 291.26352 343.1038 398.03775 394.41788 384.07465 358.96008 409.6926 512.48627 645.1292 679.99347 727.8793
-999999.0 -999999.0 -999999.0 -999999.0 -999999.0 -999999.0 -999999.0 -999999.0 -999999.0 -999999.0 -999999.0 -999999.0 -999999.0 -999999.0 -999999.0 -999999.0 -999999.0 -999999.0 -999999.0 -999999.0 -999999.0 -999999.0 -999999.0 -999999.0 -999999.0 -999999.0 -999999.0 -999999.0 -999999.0 -999999.0 694.6505 679.1171 642.3519 543.0642 432.41446 375.62476 289.39215 411.86725 374.82104 314.34164 268.09857 247.78185 233.50087 227.77278 207.38611 213.05896 227.87898 265.5082 291.82013 280.57745 287.48322 318.2914 357.61383 370.47925 383.50027 410.0847 437.6754 502.43204 669.7045 781.734 863.45605 897.257
-999999.0 -999999.0 -999999.0 -999999.0 -999999.0 -999999.0 -999999.0 -999999.0 -999999.0 -999999.0 -999999.0 -999999.0 -999999.0 -999999.0 -999999.0 -999999.0 -999999.0 -999999.0 -999999.0 -999999.0 -999999.0 -999999.0 -999999.0 -999999.0 -999999.0 -999999.0 -999999.0 -999999.0 -999999.0 -999999.0 651.9559 683.97314 637.0422 564.46716 486.05573 377.9559 284.88077 256.09756 283.5886 264.31546 219.021 187.31409 168.39977 191.0829 139.97906 163.46867 221.77342 252.32474 286.54697 288.7204 312.52887 333.3202 377.91034 380.60013 409.88965 456.95923 504.62585 592.74695 823.88794 881.4034 904.7519 985.1425
-999999.0 -999999.0 -999999.0 -999999.0 -999999.0 -999999.0 -999999.0 -999999.0 -999999.0 -999999.0 -999999.0 -999999.0 -999999.0 -999999.0 -999999.0 -999999.0 -999999.0 -999999.0 -999999.0 -999999.0 -999999.0 -999999.0 -999999.0 -999999.0 -999999.0 -999999.0 -999999.0 -999999.0 -999999.0 -999999.0 668.8028 623.4256 597.3066 537.97327 463.07394 357.45703 277.6824 205.58553 173.80121 161.28345 166.83495 146.04803 102.55091 92.87337 77.36 109.41453 190.63992 252.22948 298.61694 355.5748 386.6462 358.6304 269.80786 367.94037 441.56747 521.7989 596.1346 627.1027 902.0382 901.0101 924.2432 989.6182
-999999.0 -999999.0 -999999.0 -999999.0 -999999.0 -999999.0 -999999.0 -999999.0 -999999.0 -999999.0 -999999.0 -999999.0 -999999.0 -999999.0 -999999.0 -999999.0 -999999.0 -999999.0 -999999.0 -999999.0 -999999.0 -999999.0 -999999.0 -999999.0 -999999.0 -999999.0 -999999.0 -999999.0 -999999.0 -999999.0 -999999.0 720.7756 555.71436 500.84442 415.80096 266.81863 249.82925 183.61804 130.43394 117.93131 101.20576 148.66241 103.20196 71.64148 43.071278 31.755665 127.68805 242.19664 306.85388 409.37338 466.10468 459.17844 348.75558 437.2153 553.9642 640.17786 675.3935 731.8391 969.9376 926.26514 883.03156 1157.5441
-999999.0 -999999.0 -999999.0 -999999.0 -999999.0 -999999.0 -999999.0 -999999.0 -999999.0 -999999.0 -999999.0 -999999.0 -999999.0 -999999.0 -999999.0 -999999.0 -999999.0 -999999.0 -999999.0 -999999.0 -999999.0 -999999.0 -999999.0 -999999.0 -999999.0 -999999.0 -999999.0 -999999.0 -999999.0 -999999.0 -999999.0 611.702 628.394 557.40216 435.40863 292.666 235.05255 169.8888 131.42645 122.60824 148.06587 141.25163 165.99223 134.91441 46.009228 15.728681 96.32143 217.0432 335.95047 443.29117 505.09998 545.9537 490.34665 586.3948 699.26807 733.20966 777.29565 910.026 983.9602 1097.8508 1077.4672 1170.7035
-999999.0 -999999.0 -999999.0 -999999.0 -999999.0 -999999.0 -999999.0 -999999.0 -999999.0 -999999.0 -999999.0 -999999.0 -999999.0 -999999.0 -999999.0 -999999.0 -999999.0 -999999.0 -999999.0 -999999.0 -999999.0 -999999.0 -999999.0 -999999.0 -999999.0 -999999.0 -999999.0 -999999.0 -999999.0 -999999.0 -999999.0 645.0795 605.35443 573.767 466.95645 342.0401 217.61009 155.66563 113.76891 83.6656 69.52786 115.90944 245.52026 190.23177 104.62647 97.85222 150.98215 238.00626 354.26474 447.41302 514.1298 496.6403 455.381 463.14365 790.0823 824.3205 811.06445 928.07983 1085.477 1174.2975 1202.7261 1238.5702
-999999.0 -999999.0 -999999.0 -999999.0 -999999.0 -999999.0 -999999.0 -999999.0 -999999.0 -999999.0 -999999.0 -999999.0 -999999.0 -999999.0 -999999.0 -999999.0 -999999.0 -999999.0 -999999.0 -999999.0 -999999.0 -999999.0 -999999.0 -999999.0 -999999.0 -999999.0 -999999.0 -999999.0 -999999.0 -999999.0 -999999.0 -999999.0 545.9646 472.20148 383.5901 316.03226 217.75314 131.90755 85.26549 41.419804 2.8145607 39.463917 117.274475 152.81662 166.25484 169.68016 198.38603 254.27335 349.22076 458.20844 478.31607 453.03836 405.05707 399.44458 355.5473 1010.209 859.3011 1180.8456 1168.8387 1279.7051 1312.4227 1334.5852
-999999.0 -999999.0 -999999.0 -999999.0 -999999.0 -999999.0 -999999.0 -999999.0 -999999.0 -999999.0 -999999.0 -999999.0 -999999.0 -999999.0 -999999.0 -999999.0 -999999.0 -999999.0 -999999.0 -999999.0 -999999.0 -999999.0 -999999.0 -999999.0 -999999.0 -999999.0 -999999.0 -999999.0 582.8001 553.0183 527.7488 -999999.0 388.2717 330.46527 285.46143 241.73376 173.61116 106.762596 49.746437 19.85965 10.408307 34.893265 86.38172 126.76934 157.33041 200.31073 233.16289 270.48514 360.07825 427.1602 440.45663 450.8232 389.78506 390.9402 386.49356 636.025 1219.3397 1339.3207 1290.9443 1687.0604 1606.3055 1608.0208
-999999.0 -999999.0 -999999.0 -999999.0 -999999.0 -999999.0 -999999.0 -999999.0 -999999.0 -999999.0 -999999.0 -999999.0 -999999.0 -999999.0 -999999.0 -999999.0 -999999.0 -999999.0 -999999.0 -999999.0 -999999.0 -999999.0 -999999.0 -999999.0 -999999.0 763.2624 606.85114 418.845 427.5904 441.60455 363.025 259.96896 181.12842 169.97963 182.84653 164.08614 86.3594 62.09542 28.547384 13.999199 17.709414 54.019077 88.46131 139.19493 151.98747 190.94139 294.3064 341.25845 435.3213 474.54953 407.9171 411.28326 298.37042 279.3235 389.9083 857.7745 1150.8308 1401.7593 1439.7437 1720.2937 1776.2963 1618.8937
-999999.0 -999999.0 -999999.0 -999999.0 -999999.0 -999999.0 -999999.0 -999999.0 -999999.0 -999999.0 -999999.0 -999999.0 -999999.0 -999999.0 -999999.0 -999999.0 -999999.0 -999999.0 -999999.0 -999999.0 -999999.0 -999999.0 -999999.0 -999999.0 -999999.0 726.18884 538.3155 440.0138 430.41287 362.80957 249.56136 132.63284 -999999.0 44.30049 92.33881 94.407005 54.328896 22.602818 7.357616 -999999.0 22.705414 81.51924 123.88956 153.09715 216.75363 230.73691 285.39328 355.65826 389.21887 409.72443 423.27017 321.44962 237.76115 111.14511 328.83887 921.463 1437.2504 1501.5444 1854.2006 1676.861 1887.4628 2054.579
-999999.0 -999999.0 -999999.0 -999999.0 -999999.0 -999999.0 -999999.0 -999999.0 -999999.0 -999999.0 -999999.0 -999999.0 -999999.0 -999999.0 -999999.0 -999999.0 -999999.0 -999999.0 -999999.0 -999999.0 -999999.0 -999999.0 -999999.0 -999999.0 -999999.0 824.93756 631.1653 525.07135 485.64978 403.6231 271.6708 118.03259 -999999.0 -999999.0 2.2791855 19.030724 10.566502 -999999.0 -999999.0 -999999.0 34.819607 110.677025 165.64925 192.7019 220.26155 259.66766 313.64587 355.22028 347.96817 344.4612 304.93137 321.70535 244.63028 238.2686 347.06522 454.24402 1484.6942 1879.5088 2290.1042 2363.7073 2389.5356 2544.5076
-999999.0 -999999.0 -999999.0 -999999.0 -999999.0 -999999.0 -999999.0 -999999.0 -999999.0 -999999.0 -999999.0 -999999.0 -999999.0 -999999.0 -999999.0 -999999.0 -999999.0 -999999.0 -999999.0 -999999.0 -999999.0 -999999.0 -999999.0 -999999.0 -999999.0 846.56067 742.7876 659.7891 573.89404 458.13422 306.919 154.23505 -999999.0 -999999.0 -999999.0 -999999.0 -999999.0 -999999.0 -999999.0 13.349987 71.50964 169.18152 251.74998 265.39517 242.62267 300.2168 347.1857 435.1519 348.5162 329.67322 230.30115 170.76202 295.62073 318.5296 329.45004 418.44092 1598.5582 2026.7401 2406.087 2689.0583 2579.0596 2692.6943
-999999.0 -999999.0 -999999.0 -999999.0 -999999.0 -999999.0 -999999.0 -999999.0 -999999.0 -999999.0 -999999.0 -999999.0 -999999.0 -999999.0 -999999.0 -999999.0 -999999.0 -999999.0 -999999.0 -999999.0 -999999.0 -999999.0 -999999.0 -999999.0 1005.02747 815.9117 796.0595 815.0911 812.44617 685.92554 498.18527 271.68304 27.442776 -999999.0 9.641225 49.651615 53.52146 45.96796 45.37208 62.0111 137.10815 240.9311 339.7483 383.6301 393.2905 417.3308 472.70847 481.20712 404.75964 233.31708 129.8867 269.5511 352.1466 426.1874 458.14447 500.14636 713.4417 1901.8993 2236.8901 2482.1482 2471.191 2763.6877
-999999.0 -999999.0 -999999.0 -999999.0 -999999.0 -999999.0 -999999.0 -999999.0 -999999.0 -999999.0 -999999.0 -999999.0 -999999.0 -999999.0 -999999.0 -999999.0 -999999.0 -999999.0 -999999.0 262.9466 405.46176 454.9136 631.7623 768.1004 886.79175 901.44135 972.5895 971.52826 989.6378 915.3623 731.8884 527.8196 257.165 230.74548 251.80965 249.64795 207.22273 171.01134 146.2216 130.5517 197.54884 343.3385 450.09412 566.566 679.8627 653.30005 637.44104 527.45044 359.48276 213.12987 78.497765 150.75903 425.2208 565.7342 569.2659 689.8779 763.4395 1279.446 1793.3862 2271.0222 2556.1626 2662.3147
-999999.0 -999999.0 -999999.0 -999999.0 -999999.0 -999999.0 -999999.0 -999999.0 -999999.0 -999999.0 -999999.0 -999999.0 -999999.0 -999999.0 -999999.0 -999999.0 -999999.0 -999999.0 -999999.0 209.65393 0.0 390.7563 508.065 623.9403 750.3806 818.13873 873.62787 949.0368 946.0385 1034.0664 987.33185 857.51166 699.054 627.0352 519.1585 381.01367 424.89218 359.18927 311.467 150.31902 285.98734 468.25934 556.82556 781.742 928.74084 866.9838 733.89844 552.4759 449.07654 335.38904 239.26068 268.69083 455.47302 591.98816 686.17914 641.90216 760.4675 343.5997 1550.0392 2350.8167 2581.265 2174.43
-999999.0 -999999.0 -999999.0 -999999.0 -999999.0 -999999.0 -999999.0 -999999.0 -999999.0 -999999.0 -999999.0 -999999.0 -999999.0 -999999.0 -999999.0 -999999.0 -999999.0 -999999.0 0.0 186.22174 0.0 0.0 372.65424 0.0 0.0 711.03766 759.2499 844.2411 853.2751 1071.8647 1085.9587 1049.3119 1114.0961 994.4817 838.07715 728.1194 734.74866 683.8459 577.7805 510.29214 613.19867 814.208 953.90405 1021.7576 1020.8146 954.1403 979.1785 805.68494 674.7063 606.65607 592.40027 448.5116 466.57263 602.4136 874.29926 1034.7073 1121.0986 1202.2683 1986.7673 2641.1074 2635.018 2693.0264
-999999.0 -999999.0 -999999.0 -999999.0 -999999.0 -999999.0 -999999.0 -999999.0 -999999.0 -999999.0 -999999.0 -999999.0 -999999.0 -999999.0 -999999.0 -999999.0 -999999.0 -999999.0 -999999.0 0.0 0.0 0.0 0.0 0.0 0.0 0.0 0.0 0.0 782.54626 911.5675 1032.711 1131.9371 1122.4454 1199.2917 1167.8574 1119.9985 1117.0427 1093.891 982.0792 965.98303 1015.9457 1146.1533 1255.6863 1213.2355 1243.2993 1213.5187 1164.8381 987.71344 808.73114 764.71075 741.1194 710.0488 773.0131 887.03394 1171.4991 1374.5142 1556.6422 1526.4799 2386.305 2640.7002 2609.025 2758.719
-999999.0 -999999.0 -999999.0 -999999.0 -999999.0 -999999.0 -999999.0 -999999.0 -999999.0 -999999.0 -999999.0 -999999.0 -999999.0 -999999.0 -999999.0 -999999.0 -999999.0 -999999.0 -999999.0 -999999.0 0.0 0.0 0.0 0.0 0.0 0.0 0.0 0.0 0.0 0.0 1021.82 1108.5645 1113.4105 1154.7498 1292.6523 1355.4758 1283.0731 1280.7898 1134.2888 1274.7 1328.3796 1467.3184 1460.2972 1433.532 1402.8741 1433.5929 1388.9034 1089.7499 772.6883 754.3418 775.1107 948.6514 1033.2092 1222.7639 1442.0039 1818.4974 2011.663 1933.6835 1768.3596 2709.3271 2668.897 2636.5354
-999999.0 -999999.0 -999999.0 -999999.0 -999999.0 -999999.0 -999999.0 -999999.0 -999999.0 -999999.0 -999999.0 -999999.0 -999999.0 -999999.0 -999999.0 -999999.0 -999999.0 -999999.0 -999999.0 0.0 0.0 0.0 0.0 0.0 0.0 0.0 0.0 0.0 0.0 0.0 0.0 952.29224 1066.7415 1062.6486 1206.3687 1385.0164 1298.7003 1321.05 1367.0372 1467.4518 1486.1957 1460.0214 1676.0889 1689.9653 1715.8573 1813.4944 1818.7188 1372.6483 843.71594 1023.29 1201.5264 1443.7556 1609.9441 1748.8528 1989.414 2316.951 2713.98 2287.1165 2104.8535 1986.1912 2860.419 3036.6694
-999999.0 -999999.0 -999999.0 -999999.0 -999999.0 -999999.0 -999999.0 -999999.0 -999999.0 -999999.0 -999999.0 -999999.0 -999999.0 -999999.0 -999999.0 -999999.0 -999999.0 -999999.0 0.0 0.0 0.0 0.0 0.0 0.0 0.0 0.0 0.0 0.0 0.0 0.0 0.0 0.0 0.0 1008.8678 1130.3203 1235.5444 1310.2268 1306.9331 1406.197 1484.0684 1531.5105 1551.914 1678.8224 1597.4036 1636.3813 1862.5142 2021.4069 1713.9281 1438.7649 1608.5527 1704.2168 1896.258 2149.9685 2326.081 2373.2424 2475.66 2605.6018 2363.3447 2706.1416 2360.6287 2181.961 3216.7937
-999999.0 -999999.0 -999999.0 -999999.0 -999999.0 -999999.0 -999999.0 -999999.0 -999999.0 -999999.0 -999999.0 -999999.0 -999999.0 -999999.0 -999999.0 -999999.0 -999999.0 -999999.0 0.0 0.0 0.0 0.0 0.0 0.0 0.0 0.0 0.0 0.0 0.0 0.0 0.0 0.0 0.0 0.0 992.4134 1070.1917 1151.1025 1368.1704 1344.5635 1416.2798 1497.4708 1501.1185 1526.736 1474.2268 1571.5312 1723.2539 1869.4875 2024.5173 2005.7778 2115.9045 2165.113 2245.0918 2499.2363 2664.3918 2750.2122 2902.364 2913.0435 2551.3892 2152.1633 2415.2432 2262.1726 3225.5261
