data/TNO-HT-ATES/HT-ATES_ooz2/ooz2__energy_out_P50_basecase_80-45-40.asc
ncols  140
nrows  163
xllcorner  0.0
yllcorner  300000.0
cellsize  2000.0
NODATA_value  -999999.0
[rows 56 to 83 of 163, columns 63 to 125 of 140]
32297.389 18390.17 10787.013 9654.168 10072.967 11933.356 13469.388 15269.769 18095.953 23336.549 33179.242 43621.066 50793.234 55803.965 59123.523 61675.934 62435.91 64783.656 65769.336 65043.418 66662.82 64507.27 59827.25 56913.332 54031.645 54048.97 49869.21 45359.633 39248.953 33813.992 36493.547 44046.55 50584.945 58198.414 64867.723 71303.54 74701.766 73250.12 67135.69 63802.28 63960.297 59373.32 55185.37 50964.254 49101.875 46832.996 40113.457 31497.295 0.0 0.0 0.0 0.0 0.0 0.0 0.0 0.0 0.0 0.0 0.0 0.0 -999999.0 -999999.0 -999999.0
37753.402 26552.203 19369.975 17590.428 18422.07 15776.027 15354.443 15658.738 15199.1875 17039.906 25214.21 35377.945 43095.582 49900.457 55474.668 58201.777 60484.0 62261.805 62801.082 61266.59 63310.082 61309.08 52418.55 52942.38 51165.566 49817.12 45126.562 41480.574 35461.43 31650.496 35669.832 43284.76 51330.668 57942.688 65529.02 68047.516 66077.34 58697.484 51893.176 54088.188 53846.504 50100.746 50182.957 48417.395 46075.543 47148.574 42513.29 0.0 0.0 0.0 0.0 0.0 0.0 0.0 0.0 0.0 0.0 0.0 0.0 0.0 -999999.0 -999999.0 -999999.0
40235.406 31323.793 24757.02 20315.762 17347.574 12843.898 12121.862 12525.927 11329.032 12905.01 20350.146 29115.977 37074.527 44161.016 49959.97 55809.03 57872.734 58990.1 60018.12 58837.7 61117.707 59886.664 54380.684 49163.395 46094.766 47318.418 43968.582 40864.75 36946.156 35638.426 39040.562 47153.832 54309.01 62468.375 67314.25 67806.29 65895.305 57029.926 47904.875 49390.84 47041.004 45811.867 42178.363 43097.043 40411.492 0.0 0.0 0.0 0.0 0.0 0.0 0.0 0.0 0.0 0.0 0.0 0.0 0.0 0.0 0.0 -999999.0 -999999.0 -999999.0
43198.53 34653.984 27361.918 17060.854 7379.1694 0.0 0.0 7289.338 8826.129 13131.707 20441.01 25793.123 33200.96 41813.13 48713.83 54060.555 55209.07 57097.145 56927.715 57256.09 59686.46 58962.457 55226.047 45844.184 41443.105 43627.363 43678.38 43071.004 42295.355 42359.332 43331.773 50174.785 59608.617 64901.523 73506.29 71889.08 66371.9 60831.547 53038.047 48863.434 44713.28 42954.39 39253.19 39083.105 0.0 0.0 0.0 0.0 0.0 0.0 0.0 0.0 0.0 0.0 0.0 0.0 0.0 0.0 0.0 -999999.0 -999999.0 -999999.0 -999999.0
46282.105 34708.668 28557.67 14118.694 -999999.0 -999999.0 0.0 0.0 9660.535 14430.302 21154.498 24659.996 29978.557 37450.52 46158.125 49090.242 51210.492 52825.37 54462.03 57616.7 61322.438 62257.355 59916.89 50857.438 37307.266 39003.477 44613.35 47993.676 48335.414 49513.105 52105.02 58400.223 64339.703 67631.54 73780.63 69524.15 65948.35 66298.63 67058.44 61573.164 56184.957 51316.035 47757.42 42853.03 0.0 0.0 0.0 0.0 0.0 0.0 0.0 0.0 0.0 0.0 0.0 0.0 0.0 0.0 0.0 -999999.0 -999999.0 -999999.0 -999999.0
45431.492 33860.953 26589.492 15640.231 0.0 0.0 5978.957 11404.923 16874.088 21099.21 24211.385 24065.693 27236.3 33092.977 39510.324 43516.504 46144.992 48324.055 51239.42 53942.613 55761.016 61791.48 63461.785 60219.902 42104.13 43085.664 51273.37 54692.035 56748.88 63305.785 64149.992 63301.652 66661.24 66280.39 66167.59 62978.707 62143.9 69803.76 68649.52 59270.332 55140.78 50187.582 45001.79 52665.812 0.0 0.0 0.0 0.0 0.0 0.0 0.0 0.0 0.0 0.0 0.0 0.0 0.0 0.0 0.0 -999999.0 -999999.0 -999999.0 -999999.0
43747.01 36455.68 28977.633 19622.113 11611.7295 12491.974 17345.637 22638.533 26318.615 30567.03 26475.777 23898.65 24873.082 30314.3 33134.664 36620.004 41121.777 43113.45 47142.57 50801.074 53950.855 58842.03 63553.44 66444.17 53877.438 57008.97 61080.184 65355.887 69754.664 80436.85 81799.99 76522.39 70508.234 67117.8 63409.387 58891.094 55561.344 51054.223 51014.645 47475.05 46123.914 44265.55 45390.41 45943.137 0.0 0.0 0.0 0.0 0.0 0.0 0.0 0.0 0.0 0.0 0.0 0.0 0.0 0.0 0.0 -999999.0 -999999.0 -999999.0 -999999.0
43687.38 41128.85 34108.99 27199.156 20889.164 20386.0 24265.984 27880.691 30658.162 32659.273 29252.938 25683.299 25172.682 27907.658 29561.762 32519.441 36106.285 39125.043 44053.1 48620.703 52767.37 58705.46 64155.785 71422.336 70205.1 75670.14 77340.52 80334.03 89018.414 98171.76 90749.08 80353.02 71671.19 71723.06 67898.125 61450.973 54361.312 48359.08 32833.4 31631.547 32750.428 32278.488 30141.63 28774.959 0.0 0.0 0.0 0.0 0.0 0.0 0.0 0.0 0.0 0.0 0.0 0.0 0.0 0.0 0.0 0.0 -999999.0 -999999.0 -999999.0
47826.055 48298.8 40793.543 35864.914 30530.633 26014.107 26023.55 27551.354 28097.27 28755.441 28810.838 28656.943 28063.562 27519.3 27789.809 29383.791 31724.734 36381.78 41832.688 47441.227 54088.492 53542.71 67850.15 71415.65 72713.48 75343.41 74429.29 79235.11 83190.58 88393.46 107073.01 85765.445 69994.44 68953.234 69791.33 61208.156 55454.25 48442.8 31194.05 26373.686 27658.2 25786.678 23531.547 0.0 0.0 0.0 0.0 0.0 0.0 0.0 0.0 0.0 0.0 0.0 0.0 0.0 0.0 0.0 0.0 0.0 0.0 -999999.0 0.0
52822.035 53252.113 48290.16 42750.934 39124.297 33649.938 30616.541 30245.18 28316.281 25893.342 28542.635 30723.19 29342.68 26748.5 26983.816 25220.014 29416.508 34453.098 40154.31 46747.87 56367.418 64840.5 73619.06 74684.98 71599.67 68440.39 69777.84 75257.67 83439.836 93969.53 93314.62 87585.87 77351.484 72265.9 68073.49 63050.758 57774.555 53330.535 40095.14 34636.176 24959.777 21690.604 0.0 0.0 0.0 0.0 0.0 0.0 0.0 0.0 0.0 0.0 0.0 0.0 0.0 0.0 0.0 0.0 0.0 0.0 -999999.0 -999999.0 -999999.0
50847.418 53574.32 49919.72 45764.277 42256.184 40431.12 37253.766 34270.023 32953.605 31255.658 30115.002 29447.63 26290.652 22182.803 18167.984 17237.494 21276.42 29155.658 37944.992 46400.43 56140.42 66316.98 74663.75 78170.69 73953.42 64257.6 58939.926 71780.4 85470.57 90710.38 89466.805 87309.75 79601.19 74393.086 69443.01 65561.74 57932.156 53721.527 45163.117 39595.61 33809.52 33703.914 0.0 0.0 0.0 0.0 0.0 0.0 0.0 0.0 0.0 0.0 0.0 0.0 0.0 0.0 0.0 0.0 0.0 0.0 -999999.0 -999999.0 -999999.0
49808.58 51043.805 48837.13 46376.434 45512.64 44638.22 45096.426 40449.574 37199.844 33475.004 30818.475 28200.58 23539.422 15607.314 8774.34 8591.014 13975.003 24185.594 35642.86 45409.023 53743.695 64242.95 75720.836 79100.35 76663.79 67954.51 63175.848 78224.766 85007.266 88282.734 84910.664 84474.08 78885.62 73406.83 70543.04 65569.48 56036.49 51092.758 47545.1 41368.355 35704.953 0.0 0.0 0.0 0.0 0.0 0.0 0.0 0.0 0.0 0.0 0.0 0.0 -999999.0 0.0 0.0 0.0 0.0 0.0 0.0 -999999.0 -999999.0 -999999.0
46743.844 48207.613 50382.773 48958.805 46915.047 48326.59 49838.055 45960.105 40589.867 35162.58 32064.027 26702.578 20627.639 11801.711 0.0 0.0 10069.569 22984.215 34125.23 42750.016 49314.8 60612.996 69611.516 74976.05 72133.03 66782.22 74505.734 79659.625 85334.51 80368.875 81230.555 83743.28 79842.9 72240.69 67938.38 62925.324 56237.793 50827.863 43283.098 38212.004 30877.572 0.0 0.0 0.0 0.0 0.0 0.0 0.0 0.0 0.0 0.0 0.0 0.0 0.0 -999999.0 0.0 0.0 0.0 0.0 0.0 -999999.0 -999999.0 -999999.0
44936.51 50450.246 53198.86 51770.355 51710.92 54395.703 53420.3 51664.92 45902.95 39633.96 33524.055 26152.143 19378.664 12457.172 6329.983 0.0 13835.262 25750.396 35171.355 41213.297 47676.625 48848.77 56148.61 63403.742 67722.45 67362.88 74933.88 75513.65 83921.48 80048.555 80757.76 85644.91 71728.31 64230.69 64363.375 60971.863 60934.57 51140.035 43886.453 41377.41 0.0 0.0 0.0 0.0 0.0 0.0 0.0 0.0 0.0 0.0 0.0 0.0 0.0 0.0 0.0 0.0 0.0 0.0 0.0 -999999.0 -999999.0 -999999.0 -999999.0
45718.402 53916.344 57479.016 57396.395 59299.504 60576.496 61264.59 58784.58 51931.324 46138.496 37659.77 27996.277 21320.258 17013.17 16415.55 17346.826 23545.705 32787.44 40951.254 50147.418 46872.816 38507.293 35823.055 57622.023 69369.61 77191.836 79056.19 74711.63 76780.71 80172.57 79303.336 80951.24 75759.36 68745.56 63353.332 58282.63 44426.28 56720.223 55877.406 51810.324 31762.06 0.0 0.0 0.0 0.0 0.0 0.0 0.0 0.0 0.0 0.0 0.0 0.0 0.0 0.0 0.0 0.0 0.0 0.0 -999999.0 -999999.0 -999999.0 -999999.0
47073.492 54275.72 58982.94 62361.297 65243.64 66446.92 66488.64 64167.227 58552.566 51027.324 41543.082 35077.766 29920.887 27886.2 28463.277 30557.41 34214.33 41047.99 51858.89 62881.6 54927.105 51107.586 49117.04 57796.668 67394.26 78928.875 78901.73 76292.81 81468.98 82759.9 80633.1 81256.234 70233.96 65577.64 58502.996 49054.184 36609.75 24568.385 19817.193 45750.02 38548.887 0.0 0.0 0.0 0.0 0.0 0.0 0.0 0.0 0.0 0.0 0.0 0.0 0.0 0.0 0.0 0.0 0.0 -999999.0 -999999.0 -999999.0 -999999.0 -999999.0
47406.04 55155.6 61761.465 65293.94 69654.1 72895.74 72587.58 70142.445 60422.996 55904.668 48519.734 42526.1 37837.098 36848.77 37917.152 41808.23 45526.89 52871.223 58927.137 76218.11 77968.75 74116.266 68334.11 64689.746 68856.195 82038.4 89430.086 82358.695 81685.93 84626.164 82330.12 76896.016 66573.29 68221.07 60922.973 47139.902 29845.248 17662.777 13590.363 16869.672 17852.023 0.0 0.0 0.0 0.0 0.0 0.0 0.0 0.0 0.0 0.0 0.0 0.0 0.0 0.0 0.0 0.0 0.0 -999999.0 -999999.0 -999999.0 -999999.0 -999999.0
48189.14 55819.504 63785.28 69290.4 74152.016 77310.28 75958.21 73833.9 67367.25 61422.145 53594.188 47333.676 44002.57 47904.855 50414.965 54512.688 59503.93 67056.68 74326.96 86097.76 91104.27 86248.07 79543.484 78101.19 83106.13 91982.28 92914.85 90729.21 89676.86 88633.22 83641.06 75773.46 63997.707 63613.242 59261.65 47091.293 32024.967 17622.996 13597.994 14596.494 14822.13 12736.925 13855.027 0.0 0.0 0.0 0.0 0.0 0.0 0.0 0.0 0.0 0.0 0.0 0.0 0.0 0.0 0.0 -999999.0 -999999.0 -999999.0 -999999.0 -999999.0
48198.652 55565.85 65178.406 67493.5 78256.164 80342.05 78722.78 76053.08 71550.19 65755.98 61771.246 53287.523 52514.953 56664.316 57244.56 61844.336 66740.055 72245.57 79056.24 85061.625 91606.46 83935.87 81949.68 84098.664 97711.984 95382.0 89718.56 90500.02 90373.09 86655.49 88788.625 78978.96 71929.39 65146.273 58586.348 41858.31 39124.637 24163.66 18202.742 14830.963 13348.598 12642.092 0.0 0.0 0.0 0.0 0.0 0.0 0.0 0.0 0.0 0.0 0.0 0.0 0.0 0.0 0.0 0.0 -999999.0 -999999.0 -999999.0 -999999.0 -999999.0
48190.527 58870.535 68127.36 75053.805 81947.766 83211.86 82014.54 80203.266 80858.81 73493.06 68078.555 64314.055 63597.574 65430.703 70840.516 73005.05 70412.91 75499.6 76481.45 74430.01 85201.83 89092.11 90129.0 87152.39 95872.83 92609.67 93320.53 90792.53 91381.4 91967.66 91548.445 84599.664 74913.68 71060.53 56454.45 50299.895 36724.91 31416.725 24580.615 20732.03 18317.895 21345.207 0.0 0.0 0.0 0.0 0.0 0.0 0.0 0.0 0.0 0.0 0.0 0.0 0.0 0.0 0.0 -999999.0 -999999.0 -999999.0 -999999.0 -999999.0 -999999.0
49626.016 59133.86 68785.71 76192.44 81673.03 84343.94 86425.68 82406.97 86015.97 84819.46 83607.34 72101.02 74097.44 74842.15 75592.48 75266.33 73649.4 77281.49 79417.34 80549.53 88643.83 83738.06 87275.72 97761.69 78597.4 90265.51 97069.66 91523.62 90679.76 82900.445 80080.914 85016.5 82142.17 67105.34 60484.77 58624.02 39927.242 28297.373 29444.945 29880.805 23885.768 8973.641 8747.96 0.0 0.0 0.0 0.0 0.0 0.0 0.0 0.0 0.0 0.0 0.0 0.0 0.0 0.0 -999999.0 -999999.0 -999999.0 -999999.0 -999999.0 -999999.0
51852.883 59207.938 69595.93 76220.28 82017.88 93636.79 93629.16 85232.836 89711.055 95205.84 91243.27 90570.984 80442.57 78647.2 78559.836 68765.09 81202.64 79770.195 75389.3 76530.89 83144.42 77953.77 87513.91 96246.13 96356.82 101554.98 99412.3 92006.31 91853.6 83828.82 77516.336 83265.07 77617.65 69142.71 69006.305 66507.53 51630.03 46937.95 47972.93 35756.094 22579.816 9180.921 10007.357 0.0 0.0 0.0 0.0 0.0 0.0 0.0 0.0 0.0 0.0 0.0 0.0 0.0 -999999.0 -999999.0 -999999.0 -999999.0 -999999.0 -999999.0 -999999.0
54305.81 60295.242 68233.61 75485.95 87099.82 91114.11 88315.78 89113.81 96540.25 100430.39 102484.67 95806.45 81377.41 76465.56 79856.984 69979.375 73355.91 74560.54 72938.12 68169.15 70097.47 71759.734 82076.43 83398.29 91421.89 96449.664 89202.51 86599.95 86331.44 88070.66 86241.58 87012.21 75403.98 72122.31 71970.26 71834.01 62799.418 60779.35 53751.945 39496.457 24065.805 17150.707 13385.87 0.0 0.0 0.0 0.0 0.0 0.0 0.0 0.0 0.0 0.0 0.0 0.0 -999999.0 -999999.0 -999999.0 -999999.0 -999999.0 -999999.0 -999999.0 -999999.0
53644.645 59624.984 65339.023 71729.516 81031.73 86730.05 88341.83 87502.41 94658.4 101975.445 97969.66 95516.695 83977.64 87905.39 79357.48 67163.13 65870.914 65884.38 64496.59 63594.02 59734.727 65211.457 74605.03 73675.86 84035.67 87765.98 85091.69 74687.66 71866.5 78111.08 79854.805 71906.766 71353.89 70264.13 70005.734 72262.19 58179.54 55398.586 54862.19 40679.875 24692.795 21092.133 0.0 0.0 0.0 0.0 0.0 0.0 0.0 0.0 0.0 0.0 0.0 0.0 -999999.0 -999999.0 -999999.0 -999999.0 -999999.0 -999999.0 -999999.0 -999999.0 -999999.0
51430.227 57546.06 59967.29 75153.42 79554.84 79830.9 74608.266 77438.234 86515.11 93107.266 91437.51 92652.2 91496.92 87466.516 76074.59 62776.664 59745.58 57456.543 53227.875 65262.934 60104.33 66058.57 69278.09 71531.445 76663.78 78842.25 75393.74 62530.484 60824.074 67058.43 67130.914 62264.33 68898.74 67480.72 63281.21 58657.156 48000.008 43601.492 43330.043 39696.848 27031.047 22808.629 0.0 0.0 0.0 0.0 0.0 0.0 0.0 0.0 0.0 0.0 0.0 0.0 0.0 -999999.0 -999999.0 -999999.0 -999999.0 -999999.0 -999999.0 -999999.0 -999999.0
50381.863 55463.477 64588.113 70732.84 72664.27 76905.9 64243.113 57252.316 57265.008 64579.24 80066.07 90134.7 87855.08 78960.47 66827.79 54142.79 51212.21 46790.348 45732.605 57406.766 57433.04 61214.367 63313.73 67563.125 68290.62 75351.05 68500.95 57082.46 52254.613 56033.434 50804.324 56392.793 61185.11 57450.402 51991.133 48382.715 36890.94 31352.213 31349.186 31971.54 28565.102 22783.186 16353.149 0.0 0.0 0.0 0.0 0.0 0.0 0.0 0.0 0.0 0.0 0.0 0.0 -999999.0 -999999.0 -999999.0 -999999.0 -999999.0 -999999.0 -999999.0 -999999.0
28558.146 59978.086 64157.14 67008.1 68730.71 71528.414 69340.27 47423.07 30457.104 44772.203 66568.38 83818.08 77874.18 64929.637 49405.605 44623.55 40231.625 38586.332 41261.492 45152.074 47313.824 53041.453 59259.18 64330.016 67993.125 58538.926 59584.066 48267.625 41670.33 41072.133 43739.195 55308.312 52752.438 49972.61 41965.734 37306.184 30092.83 19493.367 18531.256 24772.281 25182.072 18044.232 13883.953 0.0 0.0 0.0 0.0 0.0 0.0 0.0 0.0 0.0 0.0 0.0 -999999.0 -999999.0 -999999.0 -999999.0 -999999.0 -999999.0 -999999.0 -999999.0 -999999.0
18192.1 29432.26 56937.004 64491.49 68648.836 68853.01 74537.45 72906.7 42840.38 55487.04 72356.82 64901.523 56416.875 44429.312 33228.82 32573.363 31571.812 28815.898 32023.4 35667.97 39622.37 46273.195 55895.04 49205.195 49892.81 46565.18 40536.473 40669.92 38235.4 38836.453 43619.133 52314.848 47419.992 40566.176 36136.62 33802.152 33893.598 24676.025 9111.364 22090.512 16271.819 12747.829 0.0 0.0 0.0 0.0 0.0 0.0 0.0 0.0 0.0 0.0 -999999.0 -999999.0 -999999.0 -999999.0 -999999.0 -999999.0 -999999.0 -999999.0 -999999.0 -999999.0 -999999.0
