data/TNO-HT-ATES/HT-ATES_ooz2/ooz2__flowr_olst_P50_basecase_80-45-40.asc
ncols  140
nrows  163
xllcorner  0.0
yllcorner  300000.0
cellsize  2000.0
NODATA_value  -999999.0
[rows 84 to 111 of 163, columns 0 to 61 of 140]
-999999.0 -999999.0 -999999.0 -999999.0 -999999.0 -999999.0 -999999.0 -999999.0 -999999.0 -999999.0 -999999.0 -999999.0 -999999.0 -999999.0 -999999.0 -999999.0 -999999.0 -999999.0 -999999.0 -999999.0 -999999.0 -999999.0 -999999.0 -999999.0 -999999.0 -999999.0 -999999.0 -999999.0 -999999.0 -999999.0 -999999.0 -999999.0 -999999.0 -999999.0 -999999.0 -999999.0 -999999.0 -999999.0 -999999.0 385.14743 355.3249 326.20404 306.16327 279.1864 262.53723 275.26297 282.65228 304.1958 339.28162 391.47964 446.96115 -999999.0 55.012142 84.43125 102.65243 105.02876 102.84456 125.86759 99.54082 75.9143 44.83103 27.463028
-999999.0 -999999.0 -999999.0 -999999.0 -999999.0 -999999.0 -999999.0 -999999.0 -999999.0 -999999.0 -999999.0 -999999.0 -999999.0 -999999.0 -999999.0 -999999.0 -999999.0 -999999.0 -999999.0 -999999.0 -999999.0 -999999.0 -999999.0 -999999.0 -999999.0 -999999.0 -999999.0 -999999.0 -999999.0 -999999.0 -999999.0 -999999.0 -999999.0 -999999.0 -999999.0 -999999.0 -999999.0 -999999.0 382.2667 378.62354 343.0828 318.4375 313.038 294.42654 275.75134 288.6811 291.06485 318.38193 338.84375 374.73605 417.47644 445.19064 14.441805 59.73357 97.940155 115.039925 112.01958 86.87205 81.07959 69.9492 42.716534 -999999.0
-999999.0 -999999.0 -999999.0 -999999.0 -999999.0 -999999.0 -999999.0 -999999.0 -999999.0 -999999.0 -999999.0 -999999.0 -999999.0 -999999.0 -999999.0 -999999.0 -999999.0 -999999.0 -999999.0 -999999.0 -999999.0 -999999.0 -999999.0 -999999.0 -999999.0 -999999.0 -999999.0 -999999.0 -999999.0 -999999.0 -999999.0 -999999.0 -999999.0 -999999.0 -999999.0 -999999.0 -999999.0 306.10703 355.43326 340.89227 286.43372 288.44052 299.74405 294.4328 273.8483 283.76666 308.79688 303.24124 326.43344 363.65268 385.13715 398.0222 -999999.0 46.3536 101.40401 132.96367 136.07156 128.60574 87.12007 124.53647 112.7595 88.485756
-999999.0 -999999.0 -999999.0 -999999.0 -999999.0 -999999.0 -999999.0 -999999.0 -999999.0 -999999.0 -999999.0 -999999.0 -999999.0 -999999.0 -999999.0 -999999.0 -999999.0 -999999.0 -999999.0 -999999.0 -999999.0 -999999.0 -999999.0 -999999.0 -999999.0 -999999.0 -999999.0 -999999.0 -999999.0 -999999.0 -999999.0 -999999.0 -999999.0 -999999.0 -999999.0 -999999.0 328.09937 298.75912 312.92413 297.225 213.95226 204.57811 277.83984 268.75766 247.23495 220.29129 263.4848 302.44122 309.62756 311.6754 319.44528 316.74298 300.5417 66.70937 124.49289 163.94215 182.15779 185.65187 172.42238 222.90431 238.06163 241.1082
-999999.0 -999999.0 -999999.0 -999999.0 -999999.0 -999999.0 -999999.0 -999999.0 -999999.0 -999999.0 -999999.0 -999999.0 -999999.0 -999999.0 -999999.0 -999999.0 -999999.0 -999999.0 -999999.0 -999999.0 -999999.0 -999999.0 -999999.0 -999999.0 -999999.0 -999999.0 -999999.0 -999999.0 -999999.0 -999999.0 -999999.0 -999999.0 -999999.0 -999999.0 -999999.0 360.09793 308.08035 275.21625 248.07327 277.90463 236.74857 231.51727 255.93199 248.34111 241.02733 237.32257 244.33731 272.27213 271.21246 250.4228 248.58916 245.57442 250.03615 142.58716 180.84056 206.25917 218.19647 223.81636 237.12186 235.5916 269.77173 320.03235
-999999.0 -999999.0 -999999.0 -999999.0 -999999.0 -999999.0 -999999.0 -999999.0 -999999.0 -999999.0 -999999.0 -999999.0 -999999.0 -999999.0 -999999.0 -999999.0 -999999.0 -999999.0 -999999.0 -999999.0 -999999.0 -999999.0 -999999.0 -999999.0 -999999.0 -999999.0 -999999.0 -999999.0 -999999.0 -999999.0 -999999.0 -999999.0 -999999.0 -999999.0 367.4063 339.53784 308.0147 287.62985 271.173 257.6167 250.53014 230.32437 224.13077 226.16116 213.75345 209.65587 214.44357 230.56985 223.80882 214.49747 207.79471 203.17572 235.91046 300.95715 252.16457 243.3378 236.46082 253.0621 295.58133 336.2007 349.17007 346.45804
-999999.0 -999999.0 -999999.0 -999999.0 -999999.0 -999999.0 -999999.0 -999999.0 -999999.0 -999999.0 -999999.0 -999999.0 -999999.0 -999999.0 -999999.0 -999999.0 -999999.0 -999999.0 -999999.0 -999999.0 -999999.0 -999999.0 -999999.0 -999999.0 -999999.0 -999999.0 -999999.0 -999999.0 -999999.0 -999999.0 -999999.0 467.9705 439.1145 373.26105 301.5027 314.09787 357.38885 272.4589 251.90169 228.52007 207.20038 197.48257 188.67932 184.64697 174.95753 174.05354 171.58267 196.01729 205.46225 193.16016 181.82518 192.2793 226.53462 262.8531 260.484 253.67514 237.10583 270.67627 338.74417 426.5462 449.62418 481.26904
-999999.0 -999999.0 -999999.0 -999999.0 -999999.0 -999999.0 -999999.0 -999999.0 -999999.0 -999999.0 -999999.0 -999999.0 -999999.0 -999999.0 -999999.0 -999999.0 -999999.0 -999999.0 -999999.0 -999999.0 -999999.0 -999999.0 -999999.0 -999999.0 -999999.0 -999999.0 -999999.0 -999999.0 -999999.0 -999999.0 458.60184 448.35736 424.09183 358.5259 285.4407 247.92732 190.99147 271.91373 247.445 207.50598 176.95732 163.53018 154.09354 150.31229 136.86055 140.60863 150.40146 175.25247 192.62582 185.19514 189.75423 210.1154 236.10463 244.62814 253.25157 270.84668 289.1184 331.96774 442.60425 516.7963 570.8983 593.2284
-999999.0 -999999.0 -999999.0 -999999.0 -999999.0 -999999.0 -999999.0 -999999.0 -999999.0 -999999.0 -999999.0 -999999.0 -999999.0 -999999.0 -999999.0 -999999.0 -999999.0 -999999.0 -999999.0 -999999.0 -999999.0 -999999.0 -999999.0 -999999.0 -999999.0 -999999.0 -999999.0 -999999.0 -999999.0 -999999.0 430.3782 451.54108 420.58533 372.65805 320.85178 249.45717 188.00027 168.99403 187.16524 174.44939 144.53162 123.59101 111.10399 126.080284 92.34636 107.853134 146.35101 166.5322 189.13708 190.56715 206.28893 220.02328 249.48854 251.2932 270.6669 301.79654 333.33844 391.6475 544.5169 582.65826 598.1157 651.3143
-999999.0 -999999.0 -999999.0 -999999.0 -999999.0 -999999.0 -999999.0 -999999.0 -999999.0 -999999.0 -999999.0 -999999.0 -999999.0 -999999.0 -999999.0 -999999.0 -999999.0 -999999.0 -999999.0 -999999.0 -999999.0 -999999.0 -999999.0 -999999.0 -999999.0 -999999.0 -999999.0 -999999.0 -999999.0 -999999.0 441.49765 411.5572 394.33685 355.15277 305.67865 235.92517 183.2425 135.6405 114.66245 106.40718 110.07472 96.347786 67.63412 61.24407 51.002422 72.16515 125.78505 166.45232 197.08655 234.69107 255.20421 236.71179 178.08836 242.91559 291.5786 344.6447 393.82263 414.3047 596.14716 595.5173 610.9295 654.19653
-999999.0 -999999.0 -999999.0 -999999.0 -999999.0 -999999.0 -999999.0 -999999.0 -999999.0 -999999.0 -999999.0 -999999.0 -999999.0 -999999.0 -999999.0 -999999.0 -999999.0 -999999.0 -999999.0 -999999.0 -999999.0 -999999.0 -999999.0 -999999.0 -999999.0 -999999.0 -999999.0 -999999.0 -999999.0 -999999.0 -999999.0 475.8484 366.84247 330.61545 274.45325 176.07979 164.84439 121.12977 86.02427 77.776344 66.73977 98.06675 68.06145 47.227245 28.368557 20.899277 84.226585 159.81966 202.50737 270.19135 307.63968 303.0601 230.19884 288.65472 365.82614 422.88452 446.2306 483.56985 641.01184 612.1635 583.61395 765.2872
-999999.0 -999999.0 -999999.0 -999999.0 -999999.0 -999999.0 -999999.0 -999999.0 -999999.0 -999999.0 -999999.0 -999999.0 -999999.0 -999999.0 -999999.0 -999999.0 -999999.0 -999999.0 -999999.0 -999999.0 -999999.0 -999999.0 -999999.0 -999999.0 -999999.0 -999999.0 -999999.0 -999999.0 -999999.0 -999999.0 -999999.0 403.7984 414.83142 367.9536 287.38367 193.1291 155.08122 112.05987 86.67275 80.85512 97.655304 93.161865 109.49462 88.98297 30.307852 10.322811 63.519096 143.2109 221.69978 292.55893 333.35925 360.3082 323.66467 387.17264 461.81036 484.36166 513.56525 601.38965 650.26624 725.6305 712.2051 773.93744
-999999.0 -999999.0 -999999.0 -999999.0 -999999.0 -999999.0 -999999.0 -999999.0 -999999.0 -999999.0 -999999.0 -999999.0 -999999.0 -999999.0 -999999.0 -999999.0 -999999.0 -999999.0 -999999.0 -999999.0 -999999.0 -999999.0 -999999.0 -999999.0 -999999.0 -999999.0 -999999.0 -999999.0 -999999.0 -999999.0 -999999.0 425.83395 399.59946 378.7451 308.20706 225.71173 143.56145 102.67271 75.01967 55.153816 45.826046 76.431755 161.96698 125.48109 68.99238 64.52628 99.60358 157.06007 233.80453 295.2866 339.31903 327.739 300.4916 305.64093 521.8206 544.5482 535.83496 613.23096 717.3561 776.1368 794.9521 818.7184
-999999.0 -999999.0 -999999.0 -999999.0 -999999.0 -999999.0 -999999.0 -999999.0 -999999.0 -999999.0 -999999.0 -999999.0 -999999.0 -999999.0 -999999.0 -999999.0 -999999.0 -999999.0 -999999.0 -999999.0 -999999.0 -999999.0 -999999.0 -999999.0 -999999.0 -999999.0 -999999.0 -999999.0 -999999.0 -999999.0 -999999.0 -999999.0 360.36005 311.66074 253.15799 208.55656 143.66924 87.00323 56.217224 27.2802 1.8161734 25.991375 77.33846 100.794785 109.66905 111.93836 130.89517 167.79985 230.4867 302.4347 315.6787 298.95645 267.25952 263.5448 234.57208 667.5046 567.7669 780.4836 772.47076 845.80865 867.4826 882.17194
-999999.0 -999999.0 -999999.0 -999999.0 -999999.0 -999999.0 -999999.0 -999999.0 -999999.0 -999999.0 -999999.0 -999999.0 -999999.0 -999999.0 -999999.0 -999999.0 -999999.0 -999999.0 -999999.0 -999999.0 -999999.0 -999999.0 -999999.0 -999999.0 -999999.0 -999999.0 -999999.0 -999999.0 384.56604 364.94995 348.28818 -999999.0 256.22772 218.06877 188.37097 159.51245 114.539116 70.41237 32.77905 13.055354 6.819732 22.97666 56.9553 83.61163 103.78257 132.15335 153.84302 178.4907 237.64717 281.92084 290.6632 297.47272 257.16122 257.9196 254.98946 419.75787 805.99365 885.4742 853.39685 1115.794 1062.1299 1063.2819
-999999.0 -999999.0 -999999.0 -999999.0 -999999.0 -999999.0 -999999.0 -999999.0 -999999.0 -999999.0 -999999.0 -999999.0 -999999.0 -999999.0 -999999.0 -999999.0 -999999.0 -999999.0 -999999.0 -999999.0 -999999.0 -999999.0 -999999.0 -999999.0 -999999.0 503.56534 400.34192 276.2902 282.08673 291.3638 239.52126 171.52016 119.49258 112.13877 120.634026 108.25094 56.94655 40.92984 18.789064 9.189347 11.6379795 35.599453 58.328247 91.81027 100.252106 125.9551 194.1844 225.18526 287.29526 313.17615 269.15735 271.35034 196.81793 184.24939 257.25803 566.2615 760.14874 926.7947 951.9643 1137.9032 1174.9617 1070.3862
-999999.0 -999999.0 -999999.0 -999999.0 -999999.0 -999999.0 -999999.0 -999999.0 -999999.0 -999999.0 -999999.0 -999999.0 -999999.0 -999999.0 -999999.0 -999999.0 -999999.0 -999999.0 -999999.0 -999999.0 -999999.0 -999999.0 -999999.0 -999999.0 -999999.0 479.07043 355.0989 290.2428 283.9311 239.33714 164.62315 87.47447 -999999.0 29.188354 60.893135 62.256367 35.805355 14.866815 4.808108 -999999.0 14.934501 53.747166 81.709785 100.97984 142.98296 152.20573 188.2847 234.66693 256.82358 270.3561 279.27475 212.05357 156.8161 73.27915 216.93773 608.3867 949.8762 992.88367 1226.7668 1109.0586 1248.7616 1359.7583
-999999.0 -999999.0 -999999.0 -999999.0 -999999.0 -999999.0 -999999.0 -999999.0 -999999.0 -999999.0 -999999.0 -999999.0 -999999.0 -999999.0 -999999.0 -999999.0 -999999.0 -999999.0 -999999.0 -999999.0 -999999.0 -999999.0 -999999.0 -999999.0 -999999.0 544.24524 416.36737 346.37192 320.3811 266.2647 179.20459 77.83555 -999999.0 -999999.0 1.467159 12.509812 6.924909 -999999.0 -999999.0 -999999.0 22.928078 72.98945 109.2698 127.11012 145.28506 171.2875 206.91418 234.36232 229.5757 227.25702 201.16457 212.22423 161.33746 157.13113 228.92404 299.689 981.3665 1243.3489 1516.33 1565.3519 1582.5653 1685.7485
-999999.0 -999999.0 -999999.0 -999999.0 -999999.0 -999999.0 -999999.0 -999999.0 -999999.0 -999999.0 -999999.0 -999999.0 -999999.0 -999999.0 -999999.0 -999999.0 -999999.0 -999999.0 -999999.0 -999999.0 -999999.0 -999999.0 -999999.0 -999999.0 -999999.0 558.49396 490.01212 435.27084 378.6181 302.24066 202.4589 101.719444 -999999.0 -999999.0 -999999.0 -999999.0 -999999.0 -999999.0 -999999.0 8.761745 47.140198 111.60002 166.08739 175.0774 160.03699 198.03664 229.042 287.10184 229.91548 217.47752 151.90239 112.61618 194.97351 210.07304 217.29063 276.0326 1056.8081 1341.1807 1593.4604 1782.0643 1708.7891 1784.4679
-999999.0 -999999.0 -999999.0 -999999.0 -999999.0 -999999.0 -999999.0 -999999.0 -999999.0 -999999.0 -999999.0 -999999.0 -999999.0 -999999.0 -999999.0 -999999.0 -999999.0 -999999.0 -999999.0 -999999.0 -999999.0 -999999.0 -999999.0 -999999.0 663.1209 538.2406 525.1489 537.7828 536.09186 452.59402 328.6919 179.21632 18.061295 -999999.0 6.315437 32.716244 35.2679 30.283295 29.89103 40.87096 90.42632 158.94371 224.16138 253.10841 259.4695 275.31494 311.86667 317.4781 267.01355 153.88062 85.64583 177.79323 232.27475 281.11188 302.18283 329.9259 470.74524 1258.0809 1480.6891 1644.0072 1636.8397 1831.8195
-999999.0 -999999.0 -999999.0 -999999.0 -999999.0 -999999.0 -999999.0 -999999.0 -999999.0 -999999.0 -999999.0 -999999.0 -999999.0 -999999.0 -999999.0 -999999.0 -999999.0 -999999.0 -999999.0 173.30927 267.2771 299.91776 416.58942 506.59378 584.9904 594.71686 641.728 641.09467 653.1058 604.08203 482.96808 348.25327 169.63655 152.21324 166.12062 164.69351 136.68571 112.78583 96.43137 86.099045 130.30794 226.5199 296.9866 373.87302 448.6659 431.08295 420.58765 347.9681 237.11345 140.54634 51.734802 99.40232 280.48212 373.20334 375.50577 455.1296 503.72873 845.2281 1185.8583 1503.3014 1693.2947 1764.0078
-999999.0 -999999.0 -999999.0 -999999.0 -999999.0 -999999.0 -999999.0 -999999.0 -999999.0 -999999.0 -999999.0 -999999.0 -999999.0 -999999.0 -999999.0 -999999.0 -999999.0 -999999.0 -999999.0 138.16275 0.0 257.5777 334.95908 411.41574 494.87088 539.63043 576.29755 626.1362 624.2226 682.4206 651.61865 565.91113 461.29837 413.77405 342.56213 251.37471 280.32037 236.95013 205.46051 99.13533 188.6595 308.9563 367.41718 515.948 613.05566 572.2087 484.2415 364.4392 296.2068 221.18396 157.76953 177.18494 300.42493 390.51654 452.68234 423.467 501.75595 226.69017 1024.3401 1556.1987 1709.7628 1438.8867
-999999.0 -999999.0 -999999.0 -999999.0 -999999.0 -999999.0 -999999.0 -999999.0 -999999.0 -999999.0 -999999.0 -999999.0 -999999.0 -999999.0 -999999.0 -999999.0 -999999.0 -999999.0 0.0 122.716934 0.0 0.0 245.64113 0.0 0.0 468.8953 500.73123 556.8579 562.8677 707.2757 716.6908 692.562 735.4528 656.4351 553.1199 480.5035 484.86523 451.23996 381.21408 336.67764 404.61917 537.3659 629.6586 674.50226 673.8671 629.75275 646.1961 531.5425 445.06808 400.152 390.75577 295.83273 307.7713 397.416 576.92487 682.90857 740.0037 793.6357 1313.9159 1749.3845 1745.4529 1784.0687
-999999.0 -999999.0 -999999.0 -999999.0 -999999.0 -999999.0 -999999.0 -999999.0 -999999.0 -999999.0 -999999.0 -999999.0 -999999.0 -999999.0 -999999.0 -999999.0 -999999.0 -999999.0 -999999.0 0.0 0.0 0.0 0.0 0.0 0.0 0.0 0.0 0.0 516.10913 601.33374 681.44073 747.084 740.8665 791.73303 770.9846 739.369 737.41693 722.085 648.18555 637.56445 670.5853 756.68414 829.14905 801.057 820.90015 801.14886 768.8543 651.73883 533.54004 504.47253 488.93353 468.45038 510.04248 585.33496 773.32324 907.6354 1028.1908 1008.17957 1579.5631 1749.0885 1727.9952 1827.7631
-999999.0 -999999.0 -999999.0 -999999.0 -999999.0 -999999.0 -999999.0 -999999.0 -999999.0 -999999.0 -999999.0 -999999.0 -999999.0 -999999.0 -999999.0 -999999.0 -999999.0 -999999.0 -999999.0 -999999.0 0.0 0.0 0.0 0.0 0.0 0.0 0.0 0.0 0.0 0.0 674.1592 731.54834 734.80005 762.1734 853.4212 895.0168 847.1601 845.63525 748.76495 841.61456 877.10675 969.0629 964.4889 946.7419 926.3967 946.6833 917.0441 719.18207 509.77158 497.6551 511.3981 626.03204 681.91327 807.24695 952.3324 1201.7959 1329.9484 1278.1418 1168.4879 1794.7682 1767.695 1746.0837
-999999.0 -999999.0 -999999.0 -999999.0 -999999.0 -999999.0 -999999.0 -999999.0 -999999.0 -999999.0 -999999.0 -999999.0 -999999.0 -999999.0 -999999.0 -999999.0 -999999.0 -999999.0 -999999.0 0.0 0.0 0.0 0.0 0.0 0.0 0.0 0.0 0.0 0.0 0.0 0.0 628.2164 703.8601 701.2257 796.26807 914.48645 857.4412 872.2311 902.6445 969.078 981.5 964.21436 1107.305 1116.4773 1133.6084 1198.3081 1201.7034 906.2541 556.7076 675.3021 793.1264 953.4164 1063.4801 1155.5488 1315.122 1532.7692 1797.1813 1512.8674 1391.7338 1312.9087 1895.4362 2013.0399
-999999.0 -999999.0 -999999.0 -999999.0 -999999.0 -999999.0 -999999.0 -999999.0 -999999.0 -999999.0 -999999.0 -999999.0 -999999.0 -999999.0 -999999.0 -999999.0 -999999.0 -999999.0 0.0 0.0 0.0 0.0 0.0 0.0 0.0 0.0 0.0 0.0 0.0 0.0 0.0 0.0 0.0 665.6011 745.907 815.53296 864.98254 862.83124 928.47644 979.99896 1011.4098 1024.9375 1108.9822 1055.0775 1080.9231 1230.7535 1336.1448 1132.2649 950.08484 1062.445 1125.8308 1253.1945 1421.6571 1538.7386 1570.0858 1638.2673 1724.7571 1563.4596 1791.5673 1561.6392 1442.8215 2133.3745
-999999.0 -999999.0 -999999.0 -999999.0 -999999.0 -999999.0 -999999.0 -999999.0 -999999.0 -999999.0 -999999.0 -999999.0 -999999.0 -999999.0 -999999.0 -999999.0 -999999.0 -999999.0 0.0 0.0 0.0 0.0 0.0 0.0 0.0 0.0 0.0 0.0 0.0 0.0 0.0 0.0 0.0 0.0 654.69336 706.13824 759.6796 903.16064 887.52814 934.99023 988.71533 991.1358 1008.1278 973.42426 1037.8628 1138.2878 1235.2487 1338.2218 1325.8214 1398.9012 1431.5739 1484.6884 1653.7091 1763.7402 1820.9606 1922.3945 1929.5427 1688.4567 1422.9961 1597.8567 1495.8488 2138.8633
