data/TNO-HT-ATES/HT-ATES_ooz2/ooz2__top_depth_basecase_80-45-40.asc
ncols  140
nrows  163
xllcorner  0.0
yllcorner  300000.0
cellsize  2000.0
NODATA_value  -999999.0
[rows 81 to 107 of 163, columns 62 to 123 of 140]
264.94 260.8325 256.11 250.63 246.19249 241.98499 235.35999 231.48749 225.89749 219.58998 212.05249 202.3 193.7175 197.5025 203.76749 208.57999 211.67 213.30249 214.1525 215.51749 212.775 216.48248 220.305 223.64499 226.88748 229.5625 227.7825 227.73999 227.36 225.4525 221.2275 219.6575 211.885 202.9625 193.81 186.0275 179.025 173.86249 165.115 155.67249 145.63501 128.38249 113.705 100.08 80.307495 56.512497 49.805 44.41 34.125 21.492498 20.3375 14.71 13.485 15.242499 10.344999 8.895 -999999.0 -999999.0 -999999.0 -999999.0 -999999.0 -999999.0
307.865 303.34247 251.67499 247.5325 242.01749 236.08998 230.1825 219.87 212.47499 205.01498 200.3675 192.08499 182.6175 188.70499 195.465 199.54749 201.97751 202.83 202.50749 199.795 201.3425 205.62999 208.18 211.2425 213.315 213.19 218.69249 214.4675 214.8275 212.71 208.5275 207.7775 201.69499 195.96999 188.79749 182.68 178.6275 172.165 164.9975 153.03 140.85 128.1275 113.4925 103.0925 83.869995 54.73 50.02 44.245 35.1 26.864998 20.189999 11.5125 14.1875 18.21 14.3925 -999999.0 -999999.0 -999999.0 -999999.0 -999999.0 -999999.0 -999999.0
310.62 305.5525 299.51498 291.7975 237.8475 230.785 224.76498 209.6675 195.4675 205.285 197.32748 189.51 186.6225 188.855 192.9075 195.20999 195.59749 193.83249 191.88501 188.02249 191.33499 196.3075 200.09 199.79251 207.65749 208.44499 209.39749 208.0475 203.855 201.7525 197.6775 197.6975 193.50749 189.2825 184.1025 177.7325 175.3875 169.8525 161.8075 150.15999 136.84 123.34 109.9975 96.7875 75.3125 54.637497 55.3375 51.179996 39.08 28.4225 27.915 10.657499 15.872499 15.79 -999999.0 -999999.0 -999999.0 -999999.0 -999999.0 -999999.0 -999999.0 -999999.0
313.675 307.5625 300.6175 293.02502 284.57498 274.8125 253.465 214.08249 184.16249 182.4975 190.05249 184.28249 187.34 190.67749 192.2925 192.9625 192.84 189.845 184.73499 180.89749 183.69 187.2425 191.1125 197.01248 198.56499 199.36 200.1525 200.255 194.4 192.415 194.3775 189.2475 185.805 183.095 173.94 174.9175 171.1275 166.92749 156.5925 146.2175 131.23749 116.9875 102.06999 85.0525 61.449997 51.1 44.2875 37.3125 32.335 18.575 21.48 18.5775 26.884998 13.565 13.952499 -999999.0 -999999.0 -999999.0 -999999.0 -999999.0 -999999.0 -999999.0
314.56998 307.335 300.13 293.4425 285.59998 276.535 267.185 264.08997 267.3725 157.41 168.75749 170.5775 180.215 187.26999 190.0 189.45248 190.46748 190.59499 179.76999 177.6975 178.2175 180.51999 185.97748 188.8025 190.6225 192.04 192.61 191.81 190.655 188.84 185.08499 181.6175 178.04 176.13 167.715 167.465 165.62 156.65749 146.935 134.6875 123.979996 110.81 95.52249 80.6725 65.2575 52.315 46.2475 40.07 28.0675 20.4475 25.38 25.874998 17.355 14.48 -999999.0 -999999.0 -999999.0 -999999.0 -999999.0 -999999.0 -999999.0 -999999.0
308.1125 303.3875 298.8125 293.58 286.8375 279.465 273.36 270.99002 237.98499 199.74501 147.275 154.545 148.11 157.29749 181.34749 182.26 184.29333 -999999.0 178.64499 175.0875 172.6575 174.025 178.53749 181.51498 184.265 186.39249 186.8225 184.4675 181.09248 177.1075 175.1825 173.3725 170.17499 168.48248 159.94499 157.26749 154.575 148.765 132.12 127.12 117.27 104.6375 91.1625 79.9425 69.4725 56.824997 46.264996 34.4325 23.5875 23.222498 34.1025 26.21 17.6225 12.004999 -999999.0 -999999.0 -999999.0 -999999.0 -999999.0 -999999.0 -999999.0 -999999.0
299.0725 296.14252 296.2975 292.78497 287.65997 281.40747 276.1475 271.82748 263.33752 253.815 143.4425 142.135 138.0325 140.625 153.63 -999999.0 -999999.0 -999999.0 173.6775 168.26999 165.805 166.42 170.185 173.61249 178.72 181.7275 182.0275 178.4175 172.78 166.93 165.07748 164.695 162.3125 159.84999 156.9975 146.9025 143.9825 136.005 123.7825 122.215 110.56999 97.19499 85.06999 74.615 64.1625 55.714996 46.987495 31.717499 17.552498 56.2325 -999999.0 27.935 19.6575 17.3275 -999999.0 -999999.0 -999999.0 -999999.0 -999999.0 -999999.0 -999999.0 -999999.0
292.6725 291.425 286.4875 291.235 287.225 282.2375 277.84998 271.8525 263.74997 253.7425 242.23999 139.17 139.53499 137.3575 142.3725 148.435 -999999.0 -999999.0 166.9675 162.04501 156.935 156.55249 160.37999 165.63249 172.3725 179.06 177.04 170.915 163.7925 155.46748 151.8425 155.715 154.7375 150.66998 148.73999 148.565 143.92 133.675 123.3625 114.7775 100.78749 88.185 77.63 67.93 58.192497 49.972496 42.2275 41.795 33.535 -999999.0 20.0225 14.154999 15.094999 8.4725 9.209999 -999999.0 -11.442499 -24.017502 -999999.0 -999999.0 -999999.0 -999999.0
285.46 283.68253 278.02 274.06497 285.455 282.26498 278.96252 271.905 264.65 255.98499 243.15498 224.565 122.3525 139.89249 139.88748 141.22499 -999999.0 -999999.0 161.10501 156.1125 149.9625 148.1075 150.7575 158.12 166.44751 176.6375 172.2 161.26498 153.055 141.23502 134.22 143.63501 142.70749 137.7825 138.20749 141.6875 136.3725 127.045 116.1525 103.5525 88.612495 77.267494 69.585 61.03 54.25 52.844997 48.8175 39.9375 28.1325 28.267498 27.074999 13.532499 20.7775 10.915 -999999.0 -999999.0 -5.4449997 -31.2175 -999999.0 -999999.0 -999999.0 -999999.0
283.805 266.1525 261.0 256.87747 252.48248 280.025 276.02 269.01248 262.54 259.41498 247.02249 222.42 198.34999 136.03 133.89749 133.165 128.28 -999999.0 151.60999 147.355 141.77249 140.38249 141.575 147.10501 152.065 158.345 157.04749 146.89749 138.69 131.22 123.555 123.395004 125.545 124.0575 125.5 127.195 124.284996 118.31 107.78999 95.255 80.585 69.455 65.51499 63.8375 52.014996 41.9525 34.35 28.77 33.3825 34.6175 26.439999 13.7575 11.224999 6.6475 4.77 3.27 -17.705002 -28.119999 -999999.0 -999999.0 -999999.0 -999999.0
270.45248 223.555 247.935 247.01248 244.12749 245.22499 271.3025 264.49 257.58002 257.09497 245.7775 220.7825 195.225 179.37749 139.6025 125.0225 120.4425 142.545 138.2025 133.44751 130.03 134.385 130.61998 135.5175 139.605 140.70999 139.82748 132.56 125.612495 119.29 114.8575 109.807495 113.085 115.252495 117.46999 113.685 111.3225 107.854996 100.572495 86.51 72.2575 62.987495 61.46 66.6925 45.8175 26.1 24.3675 33.465 36.8625 33.515 33.122498 18.262499 11.515 7.1325 -0.44250003 -5.52 -16.37 -31.765 -999999.0 -999999.0 -999999.0 -999999.0
267.6225 220.3175 218.97 230.71999 242.27 243.2475 242.9325 260.35 252.75 242.06 228.075 213.155 199.29999 181.52249 170.78 120.7475 116.055 111.05 125.9925 120.057495 115.47 114.149994 117.045 123.744995 128.9025 130.095 123.45999 119.00751 114.979996 111.32 107.155 102.3625 104.167496 107.41499 101.972496 99.16249 96.8425 95.925 92.3725 75.7675 63.0825 59.082497 59.11 66.042496 36.442497 25.064999 32.625 37.989998 29.7475 30.34 29.7775 15.7925 13.3525 8.815001 5.1899996 6.7349997 -20.064999 -999999.0 -999999.0 -999999.0 -999999.0 -999999.0
260.9 215.765 213.45499 211.7175 216.19247 230.45 224.83 256.82748 247.98248 234.3675 219.36249 205.84248 192.345 180.5025 170.25998 164.3925 113.385 106.06 96.36 109.155 100.57 97.4575 105.785 110.0225 122.979996 122.3175 106.017494 104.274994 108.64 107.5725 106.4975 103.862495 98.94 91.03249 87.119995 83.85 80.79999 76.73 70.597496 69.9575 60.9375 52.2175 59.5975 52.864998 26.24 33.1475 36.3525 43.0775 23.967499 15.8975 18.31 18.554998 12.4025 7.9749994 5.7725 -1.8225 -27.309998 -999999.0 -999999.0 -999999.0 -999999.0 -999999.0
253.965 211.9925 208.92499 204.22748 204.53 217.03749 219.3125 254.02249 246.16249 235.1725 220.4725 207.51999 183.17499 173.76 165.185 164.36499 110.42999 103.3425 92.752495 80.6225 97.3725 93.8125 86.6275 95.70999 109.5 106.03499 98.84999 100.399994 102.027504 102.4075 107.979996 107.6375 96.322495 82.28 75.43 72.740005 71.215 69.58 66.0325 62.774998 59.4 53.855 36.205 34.324997 40.754997 33.9375 33.485 26.8025 16.427498 17.8075 22.77 16.785 8.87 8.1925 5.6949997 -0.9849999 -999999.0 -999999.0 -999999.0 -999999.0 -999999.0 -999999.0
247.2925 247.185 207.43999 205.8725 208.10748 213.76749 215.1825 213.97499 244.015 233.5325 217.34499 202.6375 191.41751 165.38498 168.70499 169.215 164.81999 106.23999 94.06 80.924995 72.307495 89.965 84.332504 67.8125 83.56749 80.0325 80.6125 88.33499 93.8725 89.935 95.96 89.08 75.56 63.17 66.07 70.3975 73.6325 70.215 64.17 58.744995 52.355 -999999.0 46.966663 41.9475 32.4575 31.309998 33.2175 26.8225 17.810001 24.0075 26.4775 15.8025 8.8225 6.9825 -999999.0 -999999.0 -999999.0 -999999.0 -999999.0 -999999.0 -999999.0 -999999.0
240.8875 241.37 242.37248 208.4725 211.955 216.1175 213.23502 208.865 241.29498 227.87749 211.27998 195.79749 184.48248 178.12999 146.2775 169.05 164.1175 107.2325 93.72 79.384995 68.88 59.285 82.4225 62.8225 52.36 63.949997 65.71 68.08 71.9875 73.3125 75.11 66.765 57.605 57.765 65.575 72.7625 76.4275 70.152504 61.845 53.437496 48.5225 -999999.0 -999999.0 43.7425 38.042496 36.02 34.415 31.57 25.95 20.894999 15.814999 10.237499 8.7074995 -999999.0 -999999.0 -999999.0 -999999.0 -999999.0 -999999.0 -999999.0 -999999.0 -999999.0
234.10999 235.12997 236.3175 208.23499 210.9975 213.1375 209.0275 204.11 224.9375 219.86249 203.2775 187.90251 177.035 169.1175 132.0175 124.252495 149.08 135.64749 88.945 76.115 65.03 51.964996 54.167496 67.745 53.94 57.362503 59.734997 60.96 64.71 65.6925 65.3725 59.5525 61.335 51.022503 63.4375 72.2875 76.7675 66.7325 58.8975 54.387497 42.3925 41.997498 -999999.0 -999999.0 -999999.0 -999999.0 -999999.0 27.234999 21.939999 15.697499 -999999.0 12.835 -999999.0 -999999.0 -999999.0 -999999.0 -999999.0 -999999.0 -999999.0 -999999.0 -999999.0 -999999.0
227.08249 228.465 230.04 231.59 213.25499 205.5725 202.5725 198.16748 193.4025 211.17749 196.33499 179.95999 162.0525 172.2975 168.64249 113.829994 105.9225 120.2 101.1925 69.3975 59.3575 47.6 54.069996 60.097496 50.32 52.369995 60.847496 57.575 59.9675 59.835 57.145 56.305 54.14 53.402496 53.2725 59.559998 65.78 62.295 -999999.0 -999999.0 43.905 41.9825 -999999.0 -999999.0 -999999.0 -999999.0 -999999.0 -999999.0 -999999.0 16.97 16.369999 -999999.0 -999999.0 -999999.0 -999999.0 -999999.0 -999999.0 -999999.0 -999999.0 -999999.0 -999999.0 -999999.0
220.0 221.4675 223.45749 226.1375 230.57748 234.2625 196.19498 191.805 186.77249 181.525 193.61249 180.01749 165.93 163.835 182.5425 169.50499 135.12 95.75749 91.285 65.1075 54.93 35.8325 34.467503 42.99 40.6975 41.485 48.774998 50.734997 53.854996 55.6475 56.1475 57.7025 54.1325 47.79 36.055 -999999.0 -999999.0 -999999.0 -999999.0 -999999.0 -999999.0 -999999.0 -999999.0 -999999.0 -999999.0 -999999.0 -999999.0 -999999.0 -999999.0 -999999.0 17.599998 -999999.0 -999999.0 -999999.0 -999999.0 -999999.0 -999999.0 -999999.0 -999999.0 -999999.0 -999999.0 -999999.0
212.75748 213.64499 216.525 220.62749 226.59499 232.32999 229.885 195.38498 180.3775 174.285 194.8925 187.7475 182.7575 179.00998 171.495 186.89749 151.83499 107.645 72.7025 63.862495 39.73 43.835 38.655 35.905 30.995 34.587498 42.1575 48.37 46.402496 47.04 51.214996 56.91 44.38 39.8075 34.5425 -999999.0 -999999.0 -999999.0 -999999.0 -999999.0 -999999.0 -999999.0 -999999.0 -999999.0 -999999.0 -999999.0 -999999.0 -999999.0 -999999.0 -999999.0 -999999.0 -999999.0 -999999.0 -999999.0 -999999.0 -999999.0 -999999.0 -999999.0 -999999.0 -999999.0 -999999.0 -999999.0
204.705 205.2875 210.8125 214.4375 218.91498 223.82 222.535 217.18001 209.425 166.9675 159.3075 194.42 191.03749 177.86249 172.765 172.98999 167.00749 128.07 63.510002 53.0625 33.5125 52.9875 42.9 34.449997 25.992498 19.060001 37.35 39.6925 34.797497 32.4175 31.6025 45.79 39.375 39.692497 38.675 47.662502 -999999.0 -999999.0 -999999.0 -999999.0 -999999.0 -999999.0 -999999.0 -999999.0 -999999.0 -999999.0 -999999.0 -999999.0 -999999.0 -999999.0 -999999.0 -999999.0 -999999.0 -999999.0 -999999.0 -999999.0 -999999.0 -999999.0 -999999.0 -999999.0 -999999.0 -999999.0
204.595 196.535 199.355 204.3175 209.3575 213.19 211.83499 208.4625 204.00749 197.3575 191.38249 151.72499 189.815 171.85748 168.11249 177.685 141.94 130.69 144.915 42.227497 29.15 22.079998 29.294998 23.562498 7.2325 4.7549996 9.8525 31.98 27.195002 21.585001 24.1175 36.49 40.8325 41.245 45.925003 45.6625 -999999.0 -999999.0 -999999.0 -999999.0 -999999.0 -999999.0 -999999.0 -999999.0 -999999.0 -999999.0 -999999.0 -999999.0 -999999.0 -999999.0 -999999.0 -999999.0 -999999.0 -999999.0 -999999.0 -999999.0 -999999.0 -999999.0 -999999.0 -999999.0 -999999.0 -999999.0
195.42749 194.99998 190.29001 195.065 200.425 203.5475 202.3925 199.89749 196.8125 192.075 188.42249 184.61249 158.06 171.10748 162.7225 160.25749 141.705 156.0475 147.7025 120.1275 27.1375 25.039999 22.375 3.0524998 3.0875 3.9475 4.4875 28.505 19.797499 17.977499 23.172499 29.217499 33.8125 39.22 36.087498 31.4725 -999999.0 -999999.0 -999999.0 -999999.0 -999999.0 -999999.0 -999999.0 -999999.0 -999999.0 -999999.0 -999999.0 -999999.0 -999999.0 -999999.0 -999999.0 -999999.0 -999999.0 -999999.0 -999999.0 -999999.0 -999999.0 -999999.0 -999999.0 -999999.0 -999999.0 -999999.0
184.64499 187.3425 184.75749 190.22249 195.2425 197.48 194.8275 192.055 188.76 188.355 188.1075 186.905 180.70248 168.16 158.375 168.685 168.215 178.6175 157.91501 156.83499 35.844997 20.119999 16.5375 7.1025 -0.75750005 -1.8874999 1.8325 5.515 9.545 21.5425 23.2325 23.547499 21.154999 20.6575 23.380001 -999999.0 -999999.0 -999999.0 -999999.0 -999999.0 -999999.0 -999999.0 -999999.0 -999999.0 -999999.0 -999999.0 -999999.0 -999999.0 -999999.0 -999999.0 -999999.0 -999999.0 -999999.0 -999999.0 -999999.0 -999999.0 -999999.0 -999999.0 -999999.0 -999999.0 -999999.0 -999999.0
173.785 181.6025 181.53749 192.115 195.34999 193.59 190.1125 186.68501 186.0925 188.465 191.765 194.41249 193.76999 173.09 162.3925 156.3675 189.6325 192.3675 193.33249 162.8275 161.185 31.1675 8.655 7.0625 9.695 -4.7174997 -11.484999 -2.4724998 8.8175 19.904999 23.525 20.555 15.22 14.799999 15.825 17.3725 19.7725 -999999.0 -999999.0 -999999.0 -999999.0 -999999.0 -999999.0 -999999.0 -999999.0 -999999.0 -999999.0 -999999.0 -999999.0 -999999.0 -999999.0 -999999.0 -999999.0 -999999.0 -999999.0 -999999.0 -999999.0 -999999.0 -999999.0 -999999.0 -999999.0 -999999.0
171.75749 179.49751 184.5725 188.1025 193.1875 191.52249 187.63 183.625 183.9 190.9875 204.9375 225.1575 218.40999 193.7225 179.84 174.5525 202.47499 201.36249 202.2125 199.63249 162.28 28.9725 26.197498 3.835 10.625 15.9475 -999999.0 -999999.0 -999999.0 -999999.0 22.835 21.864998 16.96 14.0 8.442499 -999999.0 -999999.0 -999999.0 -999999.0 -999999.0 -999999.0 -999999.0 -999999.0 -999999.0 -999999.0 -999999.0 -999999.0 -999999.0 -999999.0 -999999.0 -999999.0 -999999.0 -999999.0 -999999.0 -999999.0 -999999.0 -999999.0 -999999.0 -999999.0 -999999.0 -999999.0 -999999.0
171.94249 179.0875 184.4525 184.635 190.765 188.845 187.11499 184.57748 203.485 201.27501 214.045 229.045 232.9325 216.65999 205.6625 194.1025 205.5125 204.04999 200.47 197.54999 179.51999 161.3 30.234999 -0.975 1.9824998 -999999.0 -999999.0 -999999.0 -999999.0 -999999.0 17.8225 18.987501 18.965 21.404999 -999999.0 -999999.0 -999999.0 -999999.0 -999999.0 -999999.0 -999999.0 -999999.0 -999999.0 -999999.0 -999999.0 -999999.0 -999999.0 -999999.0 -999999.0 -999999.0 -999999.0 -999999.0 -999999.0 -999999.0 -999999.0 -999999.0 -999999.0 -999999.0 -999999.0 -999999.0 -999999.0 -999999.0
