data/TNO-HT-ATES/HT-ATES_ooz2/ooz2__efficiency_P50_basecase_80-45-40.asc
ncols  140
nrows  163
xllcorner  0.0
yllcorner  300000.0
cellsize  2000.0
NODATA_value  -999999.0
[rows 28 to 55 of 163, columns 63 to 125 of 140]
63.297455 60.752934 55.84353 0.0 0.0 -999999.0 -999999.0 -999999.0 -999999.0 -999999.0 -999999.0 -999999.0 -999999.0 -999999.0 -999999.0 -999999.0 -999999.0 -999999.0 -999999.0 -999999.0 -999999.0 -999999.0 -999999.0 -999999.0 -999999.0 -999999.0 -999999.0 -999999.0 -999999.0 -999999.0 -999999.0 -999999.0 -999999.0 -999999.0 -999999.0 0.0 0.0 50.25896 54.760426 57.430805 60.13332 61.486485 62.581856 63.70809 64.125755 64.08373 64.97942 67.64154 67.325806 66.99203 66.42768 66.20272 65.667076 64.67474 62.78792 59.84509 56.99861 57.668953 58.739536 59.055035 -999999.0 0.0 0.0
63.65061 61.651424 58.396587 53.278957 0.0 0.0 -999999.0 -999999.0 -999999.0 -999999.0 -999999.0 -999999.0 -999999.0 -999999.0 -999999.0 -999999.0 -999999.0 -999999.0 -999999.0 -999999.0 -999999.0 -999999.0 -999999.0 -999999.0 -999999.0 -999999.0 -999999.0 -999999.0 -999999.0 -999999.0 -999999.0 -999999.0 -999999.0 -999999.0 -999999.0 0.0 0.0 51.994713 56.648575 59.534145 61.52911 62.861107 63.389004 64.176476 64.7929 64.19399 62.53433 63.991974 67.05638 66.32428 65.89146 65.01977 64.432236 62.594437 60.157475 58.617615 58.55183 60.092262 61.600895 63.34007 -999999.0 60.881325 0.0
63.51653 61.564793 58.65912 54.948997 0.0 0.0 0.0 -999999.0 -999999.0 -999999.0 -999999.0 -999999.0 -999999.0 -999999.0 -999999.0 0.0 0.0 0.0 -999999.0 -999999.0 -999999.0 -999999.0 -999999.0 -999999.0 -999999.0 -999999.0 -999999.0 -999999.0 -999999.0 -999999.0 -999999.0 -999999.0 -999999.0 -999999.0 -999999.0 0.0 0.0 53.39664 58.28379 61.356777 62.23654 63.153873 63.71457 63.939926 64.13011 63.59603 59.011734 56.968998 66.32282 64.79735 64.19221 63.383816 62.65302 60.77407 58.5699 56.66684 57.59346 59.668953 64.88439 62.960335 -999999.0 64.2639 62.09595
63.698105 61.91557 59.487667 56.61086 52.896492 0.0 0.0 -999999.0 -999999.0 -999999.0 -999999.0 -999999.0 -999999.0 -999999.0 0.0 0.0 0.0 0.0 0.0 -999999.0 -999999.0 -999999.0 -999999.0 -999999.0 -999999.0 -999999.0 -999999.0 -999999.0 -999999.0 -999999.0 -999999.0 -999999.0 -999999.0 -999999.0 0.0 0.0 49.407604 55.92032 59.248775 61.49958 62.178932 62.792717 63.24277 62.894222 62.461613 61.567608 58.855568 56.687634 61.044174 65.048485 62.676655 62.195522 61.204483 61.08904 60.405804 57.758057 56.400692 61.58909 63.95565 62.625736 -999999.0 65.60002 63.586884
64.356766 62.694885 60.825745 58.33617 54.821896 48.277447 0.0 0.0 -999999.0 -999999.0 -999999.0 -999999.0 -999999.0 0.0 0.0 48.38137 51.239643 0.0 0.0 0.0 -999999.0 -999999.0 -999999.0 -999999.0 -999999.0 -999999.0 -999999.0 -999999.0 -999999.0 -999999.0 -999999.0 -999999.0 -999999.0 -999999.0 0.0 0.0 53.577175 57.550835 59.957897 61.263077 61.94966 61.96695 62.203117 61.790417 61.280613 59.873127 58.04216 60.398575 58.365974 62.67874 63.71021 62.38869 62.475494 63.78934 62.553066 59.131893 59.033863 60.621597 64.284134 65.464264 62.89734 63.05072 63.89735
65.02455 63.69425 61.8344 60.479435 57.17928 51.62421 47.121693 0.0 0.0 0.0 0.0 0.0 0.0 0.0 50.83411 54.84326 53.94129 49.737206 0.0 0.0 -999999.0 -999999.0 -999999.0 -999999.0 -999999.0 -999999.0 -999999.0 -999999.0 -999999.0 -999999.0 -999999.0 -999999.0 -999999.0 -999999.0 0.0 49.187817 56.295784 59.086613 60.4079 61.118725 60.836174 61.238167 61.368687 61.039173 60.40433 58.72631 61.094658 58.98356 57.445175 54.40085 60.305634 65.34757 65.66097 65.33369 64.221756 61.911366 61.53613 61.873272 63.069233 63.390144 63.34873 62.521137 59.830402
65.79988 64.60573 63.341896 62.36662 60.34813 56.1239 52.965874 51.24212 0.0 0.0 0.0 0.0 0.0 50.803368 53.975933 57.04203 55.13352 51.180847 0.0 0.0 0.0 -999999.0 -999999.0 -999999.0 -999999.0 -999999.0 -999999.0 -999999.0 -999999.0 0.0 -999999.0 -999999.0 -999999.0 0.0 0.0 54.24955 58.421043 60.784264 60.99281 60.833874 58.625023 61.278248 60.903854 60.77818 60.17846 58.386253 60.012253 57.57983 58.418648 58.786495 53.893635 66.105385 66.02371 65.6737 65.03556 61.9232 63.435917 63.950886 63.83948 63.32223 62.385357 61.078957 58.693874
66.64784 66.00887 65.0433 64.06208 62.993763 59.44132 60.765236 58.110474 56.33506 54.32875 53.315994 53.627808 55.08676 58.41661 60.477947 60.539307 59.263065 56.520725 51.41751 0.0 0.0 0.0 0.0 0.0 0.0 0.0 0.0 0.0 0.0 0.0 0.0 -999999.0 -999999.0 0.0 52.74736 57.754097 60.52344 62.165382 62.331738 61.7266 61.470356 61.544662 61.402348 61.196407 60.012596 61.932606 59.589684 54.23014 57.64212 58.19761 56.045727 57.703495 65.411285 64.93017 64.10932 64.17787 65.045616 64.36424 63.72179 62.862312 0.0 0.0 60.374237
67.33457 67.12281 66.35182 65.60789 65.4369 65.13964 64.30208 63.232506 60.866726 59.55769 59.512657 59.55743 61.56773 62.898273 62.927685 62.55763 61.236214 59.04121 54.263474 0.0 0.0 0.0 0.0 0.0 52.337227 54.14917 53.218563 53.497818 50.906136 53.202923 49.512177 0.0 0.0 51.78932 57.32012 60.397312 62.182224 63.246 63.191837 62.690315 62.23595 61.83914 61.496 60.94154 63.869328 61.944496 59.823864 57.092297 55.233177 55.687405 52.822025 56.183426 64.449455 64.03874 64.08903 62.47614 64.798706 64.459206 63.633537 62.365047 0.0 0.0 0.0
66.89149 67.06921 67.08267 66.74013 66.81755 66.627174 66.13549 65.51932 63.96478 63.60587 63.10221 63.060688 64.2684 65.41894 65.34951 64.63452 63.57281 61.260376 56.922256 49.645508 0.0 0.0 49.966755 55.130394 58.433422 60.10751 59.936554 60.612095 60.942295 57.590267 59.658096 57.48161 56.88719 58.312054 60.928326 62.207577 63.39716 63.9443 63.418507 63.136444 62.743996 62.20722 61.587177 60.843605 63.431942 58.698402 59.70351 55.297794 0.0 51.803093 0.0 51.524303 62.828815 61.12439 61.08872 51.47839 63.810825 64.03612 63.163387 0.0 0.0 55.49009 0.0
66.90365 66.81832 67.2809 67.812195 67.36877 67.279724 67.454506 67.32817 66.99309 66.38971 65.405716 65.09054 66.14671 67.090065 67.07944 66.68871 65.65915 63.476376 59.716293 52.40078 0.0 0.0 55.82159 60.35972 63.074024 64.17481 64.160866 64.35781 64.90058 64.785934 64.08306 62.957684 62.308018 62.651672 63.279125 63.926365 64.63403 64.46761 63.815365 63.387856 62.57027 62.070328 61.636417 64.83713 64.08469 59.1055 56.112988 52.828514 49.3984 53.88038 0.0 0.0 58.792957 0.0 0.0 -999999.0 59.5036 63.21887 62.679375 0.0 0.0 0.0 0.0
66.10197 66.889824 67.68963 67.91198 68.06706 67.920044 68.253296 65.63619 68.69924 67.937325 67.38016 67.06818 67.51807 67.99973 68.3672 68.21921 67.608475 66.04769 63.301346 58.04837 0.0 54.836586 61.193977 63.751385 66.20947 66.707695 66.70052 66.95336 67.280655 67.097336 66.692856 65.43025 65.08144 65.09996 65.12088 65.184395 65.43444 65.28481 64.36768 63.60924 62.892635 62.137337 61.762917 61.12057 64.234184 63.815395 57.690243 61.221054 60.82485 0.0 -999999.0 55.53112 57.674854 59.35328 61.31919 -999999.0 62.178898 62.971687 61.57018 61.96945 60.37841 0.0 0.0
67.47659 67.66776 64.82484 65.16515 66.00738 65.86275 65.88127 68.80369 68.665436 68.67227 68.440636 68.57019 68.506454 69.07367 69.80769 69.625946 69.20574 68.17126 66.50866 64.17678 62.677757 63.634502 65.20389 65.89216 68.170166 68.45777 68.33908 68.56853 68.28302 68.20969 67.58959 66.91663 66.22608 66.381805 66.34922 66.24119 66.46211 65.90083 64.71197 64.114746 63.343025 62.54614 61.87354 65.11108 64.69464 64.40158 64.29253 65.01277 63.64054 62.482082 55.954765 0.0 53.086395 60.263474 62.04952 62.312874 62.478207 62.02255 60.354004 61.503624 62.147964 0.0 0.0
65.82443 65.47218 65.54446 65.854614 66.173836 65.99153 65.96075 68.49891 68.50766 68.755875 69.68298 69.73491 69.91822 70.106186 70.54523 70.66441 70.33891 69.721985 68.83407 67.77255 67.28374 67.37465 68.16509 68.92245 69.33131 69.533585 69.4027 69.62171 69.26219 68.81247 68.269135 67.55079 66.93838 66.85752 66.86256 66.79208 66.77468 65.90774 65.45266 64.69842 63.64592 62.878178 62.06865 65.16797 64.93745 64.619576 64.438644 64.1713 63.62126 62.20625 59.95681 58.397015 57.29672 61.21157 62.641758 62.44353 63.11396 61.38202 60.2673 60.847855 60.150032 0.0 0.0
66.118385 65.90736 65.52748 65.38723 65.28232 65.665016 65.72839 68.747116 68.90538 68.888374 70.25194 71.079384 71.185936 70.945244 71.09266 71.08627 70.76817 70.450645 70.1702 69.830696 69.79469 69.19143 68.90124 69.80629 70.09178 70.174614 70.15384 70.29063 69.88923 69.26935 68.834114 67.476006 67.10531 67.2346 67.04981 66.90904 66.61462 66.17806 65.497215 65.03767 64.275116 63.485928 62.539837 65.09056 64.5963 64.085785 64.2482 63.781216 63.81384 62.693993 61.97693 58.011395 59.987686 61.392006 63.51298 63.5426 62.619133 0.0 0.0 61.254604 0.0 0.0 0.0
66.11445 65.88557 65.33948 65.103195 64.99681 65.52506 66.0097 69.14099 69.42932 66.89777 70.83887 71.19818 71.51492 71.67514 71.70336 71.85915 71.23086 71.494576 71.39764 71.154625 70.75128 70.46829 70.44044 70.41188 70.24601 70.449455 70.360504 70.49161 70.04221 69.56465 69.04085 68.29145 67.621124 67.30651 67.1926 67.09426 66.528755 66.03629 65.71725 65.30516 64.68561 63.833733 66.51556 65.57289 64.66176 64.63509 63.078197 63.77259 63.028988 62.352524 62.451183 58.802082 62.056973 62.865433 63.762794 63.004433 61.949295 0.0 0.0 58.497223 59.116238 0.0 0.0
65.436264 65.555984 65.01687 64.53002 64.68368 68.593575 66.44193 69.84509 66.75748 67.13978 70.93806 71.243286 71.52336 71.67025 71.714745 71.848724 71.96584 71.84432 71.63871 71.403694 71.311935 71.04958 71.13831 70.77382 70.691444 70.48246 70.463646 70.36248 70.29922 69.70632 69.33112 68.536224 67.86221 67.583626 67.28868 67.11753 66.54809 66.05409 65.66533 65.425186 65.004105 64.263985 66.837036 64.93825 64.13891 64.679985 65.36687 63.041027 61.631596 61.07046 61.85308 62.944115 62.076042 62.646416 63.16454 62.419292 0.0 0.0 0.0 60.713013 58.040783 0.0 0.0
64.10296 63.594223 63.59445 63.394394 63.950943 67.91794 66.29177 66.84228 66.688065 66.713 70.75913 71.23833 71.530235 71.62602 71.66915 71.92673 72.22145 71.95287 71.88018 71.73193 71.38122 71.4677 71.12141 70.896194 70.78049 70.6429 70.84619 70.94061 70.63242 70.109825 69.5696 68.964096 68.22566 68.024445 67.435646 67.04823 66.54654 66.12461 65.54289 65.353745 65.14152 64.34923 66.96527 65.436554 64.552734 64.27023 65.26612 64.85713 61.03582 59.91635 59.89655 60.734886 0.0 0.0 0.0 0.0 0.0 0.0 0.0 0.0 0.0 0.0 0.0
60.50381 57.78583 58.409332 60.066044 62.351456 67.19199 65.58187 66.517525 66.62541 70.08132 70.71303 71.00876 71.175285 71.39131 71.623886 71.86662 71.88344 71.902145 71.73222 71.54997 71.31298 71.45474 71.10811 71.00909 70.83147 70.89254 70.67911 70.87047 70.51834 70.13079 69.49414 69.03861 68.80524 67.9734 67.404854 66.57646 66.39537 66.07037 65.29431 65.10382 64.824356 64.14979 66.967155 65.95613 65.075424 64.59959 63.83835 61.901882 60.4831 62.004005 60.398422 60.838074 0.0 0.0 0.0 0.0 0.0 0.0 0.0 0.0 62.432323 0.0 0.0
51.423447 0.0 0.0 50.65383 58.50552 62.59347 64.96885 65.89523 66.43995 69.82185 70.46542 70.91936 70.377396 71.32261 71.59211 71.774704 71.67363 71.658066 71.51507 71.39461 70.60659 71.22072 71.20714 71.30051 71.082 70.80793 70.86041 70.65645 70.374214 70.11073 69.722694 69.25522 68.61839 68.00979 67.181015 66.52768 66.16951 65.71467 68.10639 64.92619 64.63486 64.076706 66.894714 65.98681 65.15832 64.01949 0.0 0.0 61.686962 59.978985 61.16544 60.493645 0.0 0.0 0.0 0.0 0.0 0.0 0.0 0.0 63.19623 62.33822 0.0
-999999.0 -999999.0 -999999.0 -999999.0 50.2145 59.619297 63.562675 65.178795 65.74486 69.61247 70.539154 70.999985 71.180756 71.36422 71.474174 71.70535 71.45714 71.49974 71.39098 71.303795 71.14397 71.245155 71.24411 71.4203 71.114784 70.82502 70.7148 70.705666 70.33525 70.14948 69.86691 69.83095 69.06051 68.276306 67.30493 66.40712 66.43539 65.931946 65.12731 64.77384 64.391716 67.33845 66.7026 65.77524 64.79289 63.60505 0.0 0.0 0.0 61.156128 60.558876 61.48641 63.62113 0.0 0.0 0.0 0.0 0.0 0.0 0.0 0.0 0.0 0.0
-999999.0 -999999.0 -999999.0 -999999.0 0.0 55.787228 61.52334 63.738964 64.98755 69.218704 70.366035 70.86099 71.215805 71.39497 71.45181 71.50971 71.424034 71.32681 71.29542 71.22237 71.012566 71.182205 71.65697 71.41073 70.9445 70.67991 69.9188 70.3909 70.23453 69.873726 70.132774 69.78023 68.97547 68.1163 67.39173 66.7874 66.60591 66.057106 65.38055 65.02082 64.33182 66.96404 66.61858 65.642296 64.52712 63.360107 63.199554 63.339355 62.92127 62.048077 62.400658 64.82569 64.82008 63.11234 0.0 0.0 0.0 0.0 0.0 0.0 0.0 0.0 0.0
-999999.0 -999999.0 -999999.0 -999999.0 -999999.0 50.372772 58.87099 62.04836 64.09654 68.72619 69.76053 70.62775 71.10284 71.38502 71.30917 71.57715 71.44319 71.203476 71.12911 71.02447 70.85499 71.21371 71.44534 71.1321 70.93148 70.560356 70.41282 70.20841 69.91734 69.61322 69.75688 69.59923 68.99294 68.34116 67.666 66.85032 66.484985 65.82759 65.16664 64.771385 64.890465 67.19052 65.938324 65.56016 64.82068 64.29173 63.50875 62.706688 61.645973 61.66889 63.240788 60.91833 61.76304 64.20761 0.0 0.0 0.0 0.0 0.0 0.0 0.0 0.0 0.0
-999999.0 -999999.0 -999999.0 -999999.0 -999999.0 0.0 56.32384 60.769672 66.54579 68.19527 69.24013 70.09321 70.83354 71.16837 71.38201 71.40749 71.31439 71.057076 71.00324 70.81057 70.68705 71.03766 71.196625 71.01465 70.811005 70.490715 70.22431 69.94244 70.45728 69.2486 69.2091 68.937614 68.77526 68.26376 67.553215 66.70326 66.319046 65.92023 65.11295 65.31469 64.86671 67.20676 63.563007 66.06803 64.98111 64.00497 62.17928 59.591255 59.196667 61.637894 60.57636 62.530533 62.68377 64.20787 0.0 0.0 0.0 0.0 0.0 0.0 0.0 0.0 0.0
-999999.0 -999999.0 -999999.0 -999999.0 -999999.0 0.0 54.65681 62.759506 65.5514 67.66174 69.15522 70.24445 70.59143 70.971985 71.184715 71.23041 71.201584 70.71974 70.62843 70.70174 70.45768 70.72265 70.663605 70.58961 70.488014 70.374405 70.0476 70.231346 69.982635 69.31847 68.654015 68.51972 68.35504 67.786026 67.43352 66.56866 66.05034 65.52712 65.26964 65.12246 64.61457 64.50212 63.587963 66.051956 64.38343 63.60608 60.511967 52.157402 52.94818 60.422607 60.461735 61.76839 64.50529 0.0 0.0 0.0 0.0 0.0 0.0 0.0 0.0 0.0 0.0
-999999.0 -999999.0 -999999.0 -999999.0 0.0 0.0 53.715233 59.44946 65.198326 67.38402 69.28403 70.28789 70.60962 70.84211 71.0113 71.0829 71.0406 70.78327 70.70357 70.54222 70.702835 70.60296 70.472626 70.39927 70.18164 70.01878 70.36484 69.69493 69.26333 69.04589 68.28287 68.279594 68.06935 67.73474 67.1463 66.59272 65.91811 65.43212 65.19114 65.20893 64.60045 64.61532 63.71695 66.030396 64.57373 64.17268 61.508137 51.0141 53.57421 60.024338 62.735596 63.36705 0.0 0.0 0.0 0.0 0.0 0.0 0.0 0.0 0.0 -999999.0 -999999.0
53.664272 0.0 -999999.0 -999999.0 0.0 0.0 53.358505 58.518726 61.851574 63.905994 68.824005 70.0762 70.5747 70.916916 71.04412 71.06698 70.9009 70.6845 70.75247 70.61033 70.6487 70.35498 70.20399 70.10543 69.62689 69.26489 69.556366 68.89407 68.494934 68.0743 67.52319 67.219574 67.42205 67.48333 67.1892 67.07268 66.26153 64.96311 65.16449 65.25641 64.73755 64.8435 64.08527 66.081345 64.587234 64.581345 63.07133 61.268745 60.26045 0.0 0.0 0.0 0.0 0.0 0.0 0.0 0.0 0.0 0.0 0.0 -999999.0 -999999.0 -999999.0
61.83583 49.1519 0.0 0.0 0.0 49.344162 56.874245 57.785557 60.665783 66.13136 68.070786 69.829605 70.774605 70.659035 70.82458 70.838165 70.805336 70.73137 70.61093 70.4215 70.67012 70.183556 69.5753 69.269966 68.91719 69.306854 68.7563 68.05413 67.44403 66.88667 66.838005 66.7737 67.0193 67.49884 67.29682 67.17261 66.50275 66.06191 65.418884 65.00438 64.759476 64.579475 67.01195 65.60818 64.493866 64.49185 64.191185 62.933277 0.0 60.727737 0.0 0.0 0.0 0.0 0.0 0.0 0.0 0.0 0.0 0.0 -999999.0 -999999.0 -999999.0
