data/TNO-HT-ATES/HT-ATES_ooz2/ooz2__power_P50_basecase_80-45-40.asc
ncols  140
nrows  163
xllcorner  0.0
yllcorner  300000.0
cellsize  2000.0
NODATA_value  -999999.0
[rows 28 to 55 of 163, columns 63 to 125 of 140]
1.8933717 1.4323144 0.8763578 0.0 0.0 -999999.0 -999999.0 -999999.0 -999999.0 -999999.0 -999999.0 -999999.0 -999999.0 -999999.0 -999999.0 -999999.0 -999999.0 -999999.0 -999999.0 -999999.0 -999999.0 -999999.0 -999999.0 -999999.0 -999999.0 -999999.0 -999999.0 -999999.0 -999999.0 -999999.0 -999999.0 -999999.0 -999999.0 -999999.0 -999999.0 0.0 0.0 0.7156072 1.0692837 1.3912877 1.8965533 2.275609 2.6943727 3.3089194 3.7880154 3.9398975 3.9356282 3.7662992 3.9648669 3.9303012 3.7236464 3.6154933 3.2896192 2.7160738 1.9929559 1.3795882 1.0118488 1.0879934 1.2175789 1.2435291 -999999.0 0.0 0.0
1.9803772 1.5852127 1.1517379 0.73288846 0.0 0.0 -999999.0 -999999.0 -999999.0 -999999.0 -999999.0 -999999.0 -999999.0 -999999.0 -999999.0 -999999.0 -999999.0 -999999.0 -999999.0 -999999.0 -999999.0 -999999.0 -999999.0 -999999.0 -999999.0 -999999.0 -999999.0 -999999.0 -999999.0 -999999.0 -999999.0 -999999.0 -999999.0 -999999.0 -999999.0 0.0 0.0 0.8334935 1.2876494 1.7588742 2.276677 2.7686281 3.0891423 3.6927125 4.424152 4.1318545 2.8053277 3.9564943 3.669913 3.436994 3.2456343 2.8817647 2.6016405 1.9784088 1.4371631 1.2188311 1.2233673 1.4599283 1.7859778 2.3553925 -999999.0 1.1357899 0.0
1.9698238 1.5838434 1.1889813 0.8565786 0.0 0.0 0.0 -999999.0 -999999.0 -999999.0 -999999.0 -999999.0 -999999.0 -999999.0 -999999.0 0.0 0.0 0.0 -999999.0 -999999.0 -999999.0 -999999.0 -999999.0 -999999.0 -999999.0 -999999.0 -999999.0 -999999.0 -999999.0 -999999.0 -999999.0 -999999.0 -999999.0 -999999.0 -999999.0 0.0 0.0 0.947249 1.5270345 2.1994998 2.5227566 2.9262033 3.2793283 3.548184 3.8051443 3.6128137 1.7961847 1.4021024 3.1485105 2.558568 2.479632 2.224877 2.0142949 1.5605608 1.2109276 0.98788583 1.1162713 1.4477853 1.9662229 2.343234 -999999.0 1.8173257 1.4865439
2.0184817 1.6567177 1.3043478 0.9937869 0.72984195 0.0 0.0 -999999.0 -999999.0 -999999.0 -999999.0 -999999.0 -999999.0 -999999.0 0.0 0.0 0.0 0.0 0.0 -999999.0 -999999.0 -999999.0 -999999.0 -999999.0 -999999.0 -999999.0 -999999.0 -999999.0 -999999.0 -999999.0 -999999.0 -999999.0 -999999.0 -999999.0 0.0 0.0 0.66418606 1.205971 1.7066345 2.2532485 2.5314398 2.8080037 3.0652292 2.999208 2.8347967 2.51589 1.7754016 1.3723036 1.4306409 2.4225292 1.9425955 1.876142 1.6780392 1.6518376 1.5159919 1.1248201 0.96869105 1.2690006 1.7670847 2.2601783 -999999.0 2.365913 1.8652792
2.1843123 1.8248746 1.4934083 1.179045 0.86090183 0.6328977 0.0 0.0 -999999.0 -999999.0 -999999.0 -999999.0 -999999.0 0.0 0.0 0.6090056 0.6422265 0.0 0.0 0.0 -999999.0 -999999.0 -999999.0 -999999.0 -999999.0 -999999.0 -999999.0 -999999.0 -999999.0 -999999.0 -999999.0 -999999.0 -999999.0 -999999.0 0.0 0.0 0.9731948 1.4139098 1.8628259 2.201538 2.4420664 2.519392 2.6616602 2.5312614 2.384134 2.0076709 1.6157309 1.3466747 1.0926613 1.7475404 2.1064827 1.962714 2.100758 2.614384 2.076728 1.3114444 1.321361 1.6960814 1.8569708 2.2336378 2.4345717 2.395195 1.7225527
2.3777397 2.0470257 1.6595539 1.4725325 1.0858552 0.86655545 0.5863558 0.0 0.0 0.0 0.0 0.0 0.0 0.0 0.78962666 0.8639186 0.8031858 0.57666504 0.0 0.0 -999999.0 -999999.0 -999999.0 -999999.0 -999999.0 -999999.0 -999999.0 -999999.0 -999999.0 -999999.0 -999999.0 -999999.0 -999999.0 -999999.0 0.0 0.660623 1.2503449 1.6761593 1.9783653 2.1929183 2.1385322 2.3006837 2.3776224 2.2993758 2.1383603 1.7554011 1.4542074 1.1732577 1.0083531 0.7538433 1.360034 3.4246154 4.3553176 3.8221014 2.8323824 1.8462418 1.8520607 2.0008447 2.4988759 2.7594464 2.73903 2.2884302 1.4777989
2.6118248 2.282907 1.9803786 1.7744993 1.4583464 1.3180408 0.98381984 0.64806557 0.0 0.0 0.0 0.0 0.0 0.7771826 1.0501769 1.0531563 0.91335243 0.6613155 0.0 0.0 0.0 -999999.0 -999999.0 -999999.0 -999999.0 -999999.0 -999999.0 -999999.0 -999999.0 0.0 -999999.0 -999999.0 -999999.0 0.0 0.0 1.0274571 1.5500942 2.0377107 2.136921 2.1214802 1.6489527 2.3200068 2.2593672 2.2529864 2.1080177 1.7037264 1.3069749 1.0211782 1.1262512 1.1821368 1.0484806 4.450661 4.697994 4.2331476 3.3837304 1.7649677 2.498663 2.849834 3.0541413 2.9393485 2.484023 1.9021441 1.3348533
2.8972423 2.6903362 2.4124143 2.154699 1.9018319 1.8553873 1.5463761 1.1965319 1.0136812 0.8482872 0.771569 0.7925777 0.90306365 1.2222353 1.4748193 1.4793223 1.3258162 1.034707 0.6673667 0.0 0.0 0.0 0.0 0.0 0.0 0.0 0.0 0.0 0.0 0.0 0.0 -999999.0 -999999.0 0.0 0.8946947 1.4349978 1.9620695 2.4269657 2.5392594 2.400876 2.364193 2.4465249 2.4547343 2.4273987 2.0869904 1.6231257 1.2594293 1.0918185 1.0481848 1.1259168 0.91177034 1.050158 3.9697573 3.5649202 2.5413249 2.654729 3.2635584 3.2919216 3.3063653 3.0114539 0.0 0.0 1.1177047
3.1292064 3.0626853 2.8033223 2.5765715 2.5534322 2.443777 2.217529 1.9784399 1.5445349 1.3599545 1.3624631 1.3645722 1.6487557 1.877654 1.8851852 1.8189543 1.5993474 1.310875 0.868161 0.0 0.0 0.0 0.0 0.0 0.75563985 0.92147017 0.8726069 0.89792895 0.9604021 0.92420316 0.6933379 0.0 0.0 0.8193708 1.3701632 1.9233845 2.4171777 2.8195262 2.8893898 2.7935534 2.6715376 2.59646 2.5374284 2.38539 2.08 1.6546984 1.3024002 0.98959166 0.8348979 0.8820249 0.6819147 0.91235274 3.1095057 2.8482475 2.7767136 1.9645877 3.1678402 3.478189 3.4990861 2.7224135 0.0 0.0 0.0
2.9323325 3.0106847 3.0378056 2.916538 2.9381826 2.8891306 2.737887 2.5639637 2.1562343 2.0714025 1.9462806 1.9342688 2.2155035 2.5136027 2.5023181 2.3088183 2.0453548 1.6158274 1.0937587 0.5935884 0.0 0.0 0.6192578 0.9637244 1.3200623 1.5888327 1.5894042 1.7349066 1.8286204 1.8964539 1.6791295 1.3638589 1.2922139 1.5066987 2.028168 2.415493 2.8578029 3.149424 3.052193 3.0210257 2.9278388 2.78963 2.6094813 2.4032543 2.0599613 1.8362143 1.2984045 0.84002435 0.0 0.62780434 0.0 0.8463644 2.222901 1.7125933 1.6983888 0.8677465 2.5010202 3.097282 3.209717 0.0 0.0 0.91788113 0.0
2.9189887 2.9073048 3.093951 3.3217592 3.139826 3.1212907 3.2324784 3.1625924 3.0433002 2.8398612 2.5430288 2.4522607 2.7420409 3.0676095 3.083194 2.933785 2.604696 2.046637 1.4155433 0.7427832 0.0 0.0 1.0199559 1.5688485 2.1473355 2.484894 2.5175917 2.6117253 2.8595433 2.8788016 2.7250707 2.4489472 2.3295143 2.4578578 2.707035 3.0189764 3.4110653 3.46382 3.2810082 3.1818159 2.9282882 2.7855532 2.6702552 2.431931 2.2237635 1.9537623 1.3785565 0.9829415 0.7032527 0.7652032 0.0 0.0 1.2904005 0.0 0.0 -999999.0 1.3595976 2.575913 2.740729 0.0 0.0 0.0 0.0
2.6387815 2.9036162 3.238177 3.3534677 3.4215264 3.3797407 3.5769541 3.9246006 3.8151464 3.5000732 3.2193584 3.1036448 3.2813962 3.5048172 3.7254584 3.652452 3.3356678 2.7546458 2.0237079 1.2220571 0.0 0.93402964 1.6933708 2.2775843 3.0758278 3.4040933 3.4685335 3.694891 3.9073727 3.9450464 3.8478143 3.4262862 3.3657506 3.4220345 3.5169213 3.6827092 3.9308548 3.9724271 3.6193857 3.3392446 3.1107423 2.865198 2.7700093 2.5644765 2.322016 2.1619627 1.6597555 1.5926564 1.6020024 0.0 -999999.0 0.9370933 1.1775036 1.4638963 1.9583741 -999999.0 1.993895 2.6673336 2.1863394 2.3305862 1.7597797 0.0 0.0
3.1014833 3.2074955 3.4086814 3.5679603 4.0462427 3.9839501 3.993996 3.8301103 3.7954466 3.8399255 3.7542226 3.8082075 3.7887754 4.1205964 4.5759015 4.509692 4.249887 3.7018807 2.9476838 2.2694187 1.9300302 2.1858346 2.6641822 2.9826577 4.0581326 4.3666267 4.453962 4.7134433 4.729701 4.8428526 4.649968 4.3816824 4.1005507 4.20763 4.2821875 4.360019 4.654507 4.45625 3.8853295 3.6550908 3.351206 3.068399 2.8455667 2.6294599 2.5924366 2.4673 2.3800766 2.9475467 2.5912857 2.2048173 0.9619738 0.0 0.72142756 1.6175486 2.33101 2.43792 2.6009755 2.4646366 1.7762283 2.0214655 1.3657 0.0 0.0
3.8626525 3.6869164 3.7487981 3.943978 4.1315136 4.037584 4.022321 3.640156 3.7114098 3.8293936 4.3282685 4.5471063 4.7123322 4.900578 5.246023 5.386779 5.193298 4.7048984 4.0865974 3.5872953 3.366765 3.452352 3.9155748 4.4593463 4.896698 5.3120584 5.465105 5.828892 5.826062 5.6993856 5.4743 5.07941 4.7563457 4.7656994 4.857745 4.9468803 5.0739264 4.640339 4.4298263 4.0673704 3.575422 3.2742798 2.983614 2.7024238 2.8138592 2.4587674 2.457134 2.880283 2.6579542 2.062092 1.4938184 1.2380683 1.076018 1.7593995 2.3270588 2.4113078 2.7163944 2.105956 1.766457 1.762168 1.7150483 0.0 0.0
4.0164075 3.8883357 3.7233312 3.6401906 3.6078992 3.8166304 3.8998573 3.7444158 3.8652678 3.8519657 4.6775236 5.411695 5.6533413 5.625086 5.807768 5.848479 5.573524 5.3179893 5.1052413 4.869203 4.7863665 4.4697056 4.3165917 5.246724 5.724063 6.2203007 6.593162 7.0098057 6.954458 6.6572466 6.3966184 5.3833365 5.1556053 5.35263 5.306324 5.300376 5.2384596 5.075556 4.6897016 4.459596 4.075206 3.625321 3.3123145 2.870422 2.7973905 2.2681835 2.4061878 2.8219361 2.7340271 2.1895804 1.9204135 1.8958696 1.4532914 1.7926518 2.5112698 2.7029438 2.4708192 0.0 0.0 1.8025584 0.0 0.0 0.0
3.9706511 3.8659182 3.5884163 3.4756866 3.423133 3.7175984 4.000611 3.9539695 4.137115 4.655098 5.16297 5.5983553 5.9956965 6.256716 6.3945804 6.592023 6.0063663 6.233613 6.1649117 5.998852 5.7351294 5.5759516 5.719737 6.0181856 6.2377295 6.852573 7.271731 7.793812 7.815375 7.6469107 7.2187867 6.5251236 5.966911 5.8037157 5.7869225 5.8056936 5.466003 5.2041626 5.045892 4.8482337 4.548666 4.093901 3.544271 3.1947062 2.8984313 2.5749145 2.5413108 2.811493 2.412291 2.0790637 2.0435283 2.119123 1.9345757 2.2320094 2.6311622 2.5451705 2.2778413 0.0 0.0 1.2549648 1.4713006 0.0 0.0
3.5771782 3.6599064 3.4106872 3.2165124 3.2700226 3.6115935 4.2287617 4.336847 4.5467486 4.872034 5.2936735 5.654443 6.0097156 6.21727 6.426615 6.706206 6.8379927 6.786448 6.5955205 6.3733664 6.467596 6.444053 6.786113 6.665859 6.9598255 7.3324785 7.7331443 8.139383 8.569366 8.460486 8.187998 7.3588996 6.7266583 6.513692 6.3329244 6.2336164 5.7607546 5.4380207 5.25442 5.2208757 5.017232 4.547792 3.8764443 3.0401177 2.6637895 2.7551188 3.521954 2.3706827 1.8890558 1.7434849 1.9549565 2.2085686 2.0353403 2.2567945 2.5680811 2.4402533 0.0 0.0 0.0 1.8442625 1.2301466 0.0 0.0
3.0026948 2.82471 2.8260615 2.7728555 2.9539003 3.2766333 4.132294 4.56663 4.508988 4.593058 5.1692877 5.6974235 6.0562563 6.2257133 6.4339056 6.8424873 7.2698836 7.145113 7.1396623 7.052623 6.9367647 7.136265 7.0439754 7.166309 7.5135245 7.86829 8.326195 9.193846 9.525241 9.492622 9.051716 8.32495 7.658062 7.5681124 6.9864187 6.581196 6.0703783 5.7707067 5.440286 5.4146223 5.3869243 4.8281317 4.177989 3.431759 3.0843606 3.0477796 3.5915015 3.2509778 1.7094716 1.5115694 1.5239196 1.7526579 0.0 0.0 0.0 0.0 0.0 0.0 0.0 0.0 0.0 0.0 0.0
1.9679426 1.495002 1.607016 1.8994087 2.4537256 2.9553726 3.7520368 4.3266854 4.4630346 4.613834 5.1631613 5.552605 5.8468556 6.1400995 6.5183454 6.9577727 7.203165 7.4009323 7.3301797 7.208706 7.144075 7.4060745 7.2255464 7.4844275 7.8437448 8.473078 8.739838 9.629673 9.797907 9.986464 9.538864 9.095733 8.907585 7.9316783 7.3031588 6.422164 6.244262 6.0257955 5.5371222 5.493489 5.344867 4.8933377 4.4302983 4.0232806 3.8554163 3.88112 3.769626 3.591031 2.7740903 1.9667099 1.6168944 1.7452173 0.0 0.0 0.0 0.0 0.0 0.0 0.0 0.0 2.7499561 0.0 0.0
0.80959004 0.0 0.0 0.77319187 1.6233593 2.5418036 3.4694 3.9438124 4.333976 4.457924 4.9866767 5.5357723 5.41974 6.173516 6.5673957 7.0342565 7.2091594 7.432662 7.4101267 7.3441887 6.657593 7.249635 7.526712 7.952655 8.215551 8.598051 9.228783 9.576782 9.853312 10.282271 10.333708 10.051066 9.168293 8.232615 7.143186 6.6695886 6.404106 6.0727305 5.1446867 5.5436125 5.357238 5.004568 4.5646133 4.308761 4.364283 4.016813 0.0 0.0 3.3390157 2.5652397 1.7655268 1.6549742 0.0 0.0 0.0 0.0 0.0 0.0 0.0 0.0 2.6009996 2.3410761 0.0
-999999.0 -999999.0 -999999.0 -999999.0 0.75252295 1.8333105 2.899852 3.5936131 3.9325452 4.3035808 5.024272 5.6092215 5.955629 6.2605205 6.5440426 7.071448 7.12981 7.3137493 7.308911 7.3211927 7.1787305 7.389161 7.633238 8.143947 8.290921 8.521345 9.067183 9.739547 9.907667 10.474485 10.874469 11.410559 9.980413 8.791853 7.4307055 6.7932653 7.1943684 6.8107066 5.875616 5.581946 5.3342805 4.9175863 4.6260567 4.3513956 4.269036 3.9004393 0.0 0.0 0.0 3.0359588 2.7969782 3.574898 3.1039333 0.0 0.0 0.0 0.0 0.0 0.0 0.0 0.0 0.0 0.0
-999999.0 -999999.0 -999999.0 -999999.0 0.0 1.2496451 2.2901132 3.0210793 3.5624082 4.10628 4.880227 5.488751 5.966706 6.3185124 6.6023297 6.9442434 7.11514 7.1287017 7.2082806 7.264081 7.140155 7.404132 8.063417 8.160226 8.106943 8.2862 8.002649 9.111101 9.544002 9.807566 11.198151 11.105863 9.920039 8.693689 7.9075494 7.547388 7.7507706 7.378028 6.4627748 6.095541 5.4819145 4.8903246 4.8047934 4.4252353 4.1275277 3.1429026 3.1549697 3.0516107 2.6323917 2.2146244 2.4135773 3.4627361 3.7444339 2.7030892 0.0 0.0 0.0 0.0 0.0 0.0 0.0 0.0 0.0
-999999.0 -999999.0 -999999.0 -999999.0 -999999.0 0.7740257 1.717984 2.5039685 3.205746 3.850924 4.5302243 5.2561927 5.9115486 6.3786106 6.6135535 7.071528 7.1674337 7.0367937 7.095109 7.060637 7.0839987 7.505189 7.870639 7.913787 8.067135 8.000491 8.376698 8.617018 8.739272 8.9541445 9.755998 10.077308 9.468628 8.888146 8.369158 7.7885194 7.9127693 7.51639 6.579911 6.073242 6.3285737 5.2263255 4.4356227 4.374766 4.0592895 3.5287874 2.8557203 2.3741357 1.9992862 2.0309143 2.727181 3.414358 4.3189206 3.3421426 0.0 0.0 0.0 0.0 0.0 0.0 0.0 0.0 0.0
-999999.0 -999999.0 -999999.0 -999999.0 -999999.0 0.0 1.3283858 2.1407373 2.8771832 3.6141317 4.2396836 4.8929963 5.7051625 6.239558 6.6934643 6.9960976 7.0516014 6.9521155 6.9934573 6.952303 7.0020876 7.4114842 7.6507177 7.8283587 8.007597 8.043849 8.035747 8.109275 9.066772 8.084087 8.389722 8.383119 8.5229845 8.343417 8.091216 7.6579533 7.9459867 8.014285 6.8033066 7.0218534 6.464749 5.3088326 5.3607354 4.59471 4.0042777 3.1094172 2.148491 1.4754819 1.4102743 1.9364325 3.0908809 5.1102815 6.2280116 3.6276479 0.0 0.0 0.0 0.0 0.0 0.0 0.0 0.0 0.0
-999999.0 -999999.0 -999999.0 -999999.0 -999999.0 0.0 1.1275209 1.8572284 2.5883625 3.4033637 4.1924644 4.98062 5.5298367 6.0374246 6.5508814 6.870964 6.9977064 6.698836 6.744395 6.920983 6.8878355 7.184156 7.201174 7.425152 7.6058865 7.73379 7.6023216 7.9608727 8.006057 7.572874 7.1216817 7.1968255 7.424005 7.4204006 7.662742 7.0167065 7.867139 7.8600726 7.4545436 7.067258 6.2358346 6.10212 5.2911015 4.5592685 3.577396 2.80596 1.648697 0.6856736 0.73923033 1.6324836 2.8727527 4.0020676 3.9752197 0.0 0.0 0.0 0.0 0.0 0.0 0.0 0.0 0.0 0.0
-999999.0 -999999.0 -999999.0 -999999.0 0.0 0.0 1.0338368 1.8495831 2.4965644 3.2782836 4.234345 5.006347 5.458726 5.8874407 6.3948207 6.712753 6.7988276 6.767706 6.8491907 6.8581085 7.1155977 7.113381 7.0310435 7.0555024 7.005522 7.0380487 7.410281 6.9053097 6.7264714 6.7014422 6.232225 6.4807286 6.619441 6.998403 7.1776156 7.552534 8.027076 8.0195875 7.600675 7.4619875 6.270619 6.1491976 5.337679 4.7057734 3.8341131 3.1255364 1.87221 0.62400776 0.7842658 1.5803882 2.4037147 2.9075966 0.0 0.0 0.0 0.0 0.0 0.0 0.0 0.0 0.0 -999999.0 -999999.0
1.0087522 0.0 -999999.0 -999999.0 0.0 0.0 1.0011764 1.6862494 2.4621396 3.2489004 4.008092 4.8704376 5.463727 5.938343 6.3190794 6.590515 6.593894 6.586769 6.79952 6.8757234 6.956617 6.7674665 6.6559305 6.5415344 6.2215796 6.0679293 6.302275 5.8581543 5.619386 5.406392 5.183936 5.087797 5.4085097 6.2387347 6.970493 8.01584 8.18454 7.3773527 7.625961 7.5938067 6.536687 6.3387265 5.7209525 5.1481557 4.166031 3.6230588 2.5190823 1.8691161 1.7076162 0.0 0.0 0.0 0.0 0.0 0.0 0.0 0.0 0.0 0.0 0.0 -999999.0 -999999.0 -999999.0
2.3202522 0.670474 0.0 0.0 0.0 0.6906543 1.0717952 1.5644103 2.1609957 2.805018 3.6680787 4.748959 5.584943 5.7236724 6.089933 6.3023515 6.3971214 6.5032015 6.607031 6.664174 6.8843207 6.5253553 6.0724096 5.7907934 5.480106 5.79021 5.446132 4.989489 4.6198583 4.3598742 4.4105005 4.512161 4.8539615 5.928747 6.6545334 7.488977 7.6784024 7.944623 7.322361 7.053505 6.579721 5.9362693 5.422986 4.9808245 4.5335393 4.078544 3.4240906 2.634394 0.0 1.8215562 0.0 0.0 0.0 0.0 0.0 0.0 0.0 0.0 0.0 0.0 -999999.0 -999999.0 -999999.0
