data/TNO-HT-ATES/HT-ATES_ooz2/ooz2__top_depth_basecase_80-45-40.asc
ncols  140
nrows  163
xllcorner  0.0
yllcorner  300000.0
cellsize  2000.0
NODATA_value  -999999.0
[rows 27 to 53 of 163, columns 62 to 123 of 140]
391.2625 390.995 393.65997 395.87997 397.99 -999999.0 -999999.0 -999999.0 -999999.0 -999999.0 -999999.0 -999999.0 -999999.0 -999999.0 -999999.0 -999999.0 -999999.0 -999999.0 -999999.0 -999999.0 -999999.0 -999999.0 -999999.0 -999999.0 -999999.0 -999999.0 -999999.0 -999999.0 -999999.0 -999999.0 -999999.0 -999999.0 -999999.0 -999999.0 -999999.0 -999999.0 -999999.0 252.92499 246.9875 241.43 235.47748 228.79 222.14249 215.3675 207.57999 199.0625 221.74998 218.415 187.28249 179.845 174.5675 169.50998 165.135 161.99501 159.98 158.525 158.06999 168.87498 154.38 146.4425 143.67249 -999999.0
388.6175 388.3575 389.4875 390.95 392.6175 394.59998 -999999.0 -999999.0 -999999.0 -999999.0 -999999.0 -999999.0 -999999.0 -999999.0 -999999.0 -999999.0 -999999.0 -999999.0 -999999.0 -999999.0 -999999.0 -999999.0 -999999.0 -999999.0 -999999.0 -999999.0 -999999.0 -999999.0 -999999.0 -999999.0 -999999.0 -999999.0 -999999.0 -999999.0 -999999.0 -999999.0 258.6 251.31999 244.58 238.245 231.4725 224.025 216.69499 209.5725 201.455 192.57 185.16748 210.20749 184.435 175.4675 169.935 164.72 160.36751 157.295 155.81 154.7375 152.94751 150.7275 149.9175 150.66 154.225 -999999.0
387.30746 386.8775 387.1725 387.77246 388.65 389.8025 390.75497 -999999.0 -999999.0 -999999.0 -999999.0 -999999.0 -999999.0 -999999.0 -999999.0 -999999.0 -999999.0 -999999.0 -999999.0 -999999.0 -999999.0 -999999.0 -999999.0 -999999.0 -999999.0 -999999.0 -999999.0 -999999.0 -999999.0 -999999.0 -999999.0 -999999.0 -999999.0 -999999.0 -999999.0 -999999.0 256.8025 249.14 241.9175 235.07 227.5875 219.53749 212.37498 205.1525 196.9175 188.22751 181.51999 199.78499 179.15999 174.06499 166.2025 160.1025 155.555 152.7025 151.655 150.8125 147.065 142.0725 140.0875 143.14001 144.555 -999999.0
386.39 386.14502 386.0 386.005 385.8775 385.5225 385.44247 385.69498 -999999.0 -999999.0 -999999.0 -999999.0 -999999.0 -999999.0 -999999.0 -999999.0 413.48 414.225 410.63748 -999999.0 -999999.0 -999999.0 -999999.0 -999999.0 -999999.0 -999999.0 -999999.0 -999999.0 -999999.0 -999999.0 -999999.0 -999999.0 -999999.0 -999999.0 -999999.0 262.39 254.45499 246.6175 238.98248 231.635 223.94499 216.065 209.4025 202.42749 195.8525 189.985 181.70749 195.695 199.5175 176.42749 168.04251 156.45 151.00249 147.8275 146.94 146.75749 140.41998 131.28749 125.3975 127.8675 134.5375 -999999.0
385.595 385.2475 384.75998 384.1275 383.3125 382.13 381.175 380.43497 -999999.0 -999999.0 -999999.0 -999999.0 -999999.0 -999999.0 -999999.0 402.78247 404.50247 404.56247 402.15247 397.71497 -999999.0 -999999.0 -999999.0 -999999.0 -999999.0 -999999.0 -999999.0 -999999.0 -999999.0 -999999.0 -999999.0 -999999.0 -999999.0 -999999.0 -999999.0 259.665 251.4625 243.53 235.71999 228.36499 221.08499 213.96 207.625 201.3875 196.3325 193.015 189.26749 191.055 192.51999 191.0475 187.105 157.73749 146.4 142.0575 141.91501 141.42749 137.5175 125.03 113.31999 119.7425 129.59 -999999.0
384.74 384.14 383.24 382.0175 380.8025 379.65 378.09 376.27747 374.4325 -999999.0 -999999.0 -999999.0 -999999.0 -999999.0 392.74 394.9275 395.97998 395.66998 393.995 391.15497 386.7625 -999999.0 -999999.0 -999999.0 -999999.0 -999999.0 -999999.0 -999999.0 -999999.0 -999999.0 -999999.0 -999999.0 -999999.0 -999999.0 -999999.0 256.33746 247.985 240.16998 232.33499 225.215 218.97 213.46248 206.83499 200.8225 196.6175 192.785 189.6175 187.31998 185.9925 184.535 187.72998 172.23749 144.8225 136.8525 139.38 140.31 141.465 128.65999 119.81999 121.2075 125.12 127.8325
383.965 383.1075 381.9175 380.33 378.80502 377.33997 375.38 372.94748 370.19247 367.24747 370.75998 375.0175 379.27997 383.305 386.2675 387.865 388.475 388.0225 386.68 384.6175 381.12 -999999.0 -999999.0 -999999.0 -999999.0 -999999.0 -999999.0 -999999.0 -999999.0 -999999.0 -999999.0 -999999.0 -999999.0 -999999.0 -999999.0 253.025 244.59749 236.75749 229.1375 222.47998 217.15749 212.56749 205.75249 199.36 194.5175 190.54001 187.17749 183.85498 180.7125 178.185 176.9075 177.55249 145.44249 138.835 139.79 140.24 144.605 132.4375 126.64 122.4625 119.8425 120.020004
383.21 382.24 380.85248 379.09497 377.20746 375.24 373.0 370.635 368.2825 366.90002 368.3225 371.41998 374.83 378.20752 380.62997 381.8 382.1325 381.59497 380.25 378.30002 375.46997 371.28748 -999999.0 -999999.0 -999999.0 -999999.0 -999999.0 -999999.0 -999999.0 -999999.0 294.4075 -999999.0 -999999.0 -999999.0 258.46 249.695 241.28 233.28499 225.99998 219.7475 215.30249 213.44 203.4175 196.365 190.88 186.73 183.58499 180.725 177.04749 171.6125 166.87999 175.4525 137.95499 137.6375 139.03249 139.7425 154.3675 133.5925 125.892494 118.59 112.58 110.07
382.52997 381.38 379.79 377.82996 375.6625 373.325 370.945 368.77 367.06497 366.28748 367.04 368.81497 371.03748 373.40997 375.2675 376.315 376.47 375.62497 373.84747 372.26248 370.405 366.99 362.0525 355.7575 347.665 338.31 328.81 319.4875 309.84497 300.04498 290.54 281.46497 -999999.0 -999999.0 254.44 245.81999 237.4325 229.39249 221.75 215.55 210.53499 205.3525 198.64749 191.795 185.275 181.9975 179.2825 176.93 173.155 167.70499 161.0125 156.5 168.2925 134.4725 136.0725 148.915 141.62999 131.0875 122.94249 113.49 104.325 98.52999
383.3 381.97748 378.875 376.76498 374.35498 371.69 369.13 366.9875 365.675 365.7375 366.1775 366.7625 367.76 368.72247 370.03247 371.4925 371.6825 370.4375 367.97998 367.10248 366.58 363.965 359.1425 352.4825 343.88748 334.10748 324.28497 314.78003 305.19 295.6775 286.35498 277.32 268.1125 258.7975 249.9325 241.5 233.1825 224.9675 217.43498 210.85498 204.98499 199.03249 192.83499 186.45999 180.5975 176.32251 174.50749 172.9575 170.215 165.3175 158.06999 151.0975 167.60999 131.2425 133.235 134.14499 145.285 129.6275 120.05499 108.0775 102.9375 92.5475
385.74496 384.83002 380.82 376.925 374.1275 371.3675 368.525 365.935 364.405 364.33 364.5875 364.8375 365.16498 365.25998 366.03998 367.3175 367.56 366.69247 365.5175 364.95 364.50497 362.2225 356.995 349.38248 339.9925 329.65002 319.47 309.7625 300.105 290.685 281.44 272.455 263.2425 253.88 245.0575 237.06999 228.9875 220.9675 213.67749 207.1625 200.58499 193.95 187.40999 181.18999 175.1775 169.6025 169.525 168.87 167.3125 163.88501 153.65 142.7175 164.82 127.7475 131.845 133.6975 151.64749 132.33249 118.49 104.564995 96.5025 93.34
388.01 386.70248 383.4425 378.59247 374.90497 372.39496 369.205 365.57745 363.195 362.18 362.14 363.02997 363.25497 362.8225 363.0475 363.70752 363.81 363.54 363.24997 363.25998 363.3425 361.93 355.51746 345.99 335.535 324.75 314.3 304.39502 294.63 285.11002 275.875 266.93 257.9575 249.0025 240.59499 232.94998 225.19751 217.45001 210.435 203.94748 197.345 190.4675 183.56 176.85751 170.7925 166.5775 165.48999 165.6025 161.32999 153.775 139.64499 129.86249 128.54 125.99 133.29 142.53749 -999999.0 139.7925 117.60249 104.5525 99.81 98.850006
390.68747 390.26752 385.375 381.09 376.96252 373.1225 369.765 365.7875 362.7675 360.82748 360.06497 360.51498 360.735 360.50247 360.51498 360.49 360.18 359.83746 359.8125 360.1825 360.65747 361.2175 352.50247 341.4275 330.35248 319.32498 308.685 298.66498 288.805 279.2275 270.01746 261.2475 252.60498 244.20749 236.305 228.9475 221.415 213.69751 207.005 200.9375 194.525 187.6675 180.45001 173.11499 166.44998 161.805 160.2675 161.44998 151.8575 136.6175 140.9325 -999999.0 115.884995 112.7275 111.865 109.6675 -999999.0 128.235 108.8425 103.285 104.89749 105.78999
391.07248 390.125 386.30252 382.4925 378.1925 373.51248 369.97498 366.60748 363.89 361.43246 360.06998 358.6525 357.6525 358.2975 358.29248 357.28 356.2375 355.28748 354.94998 355.2575 354.665 351.90997 344.8225 334.96 324.19 313.20746 302.62 292.615 282.755 273.11002 264.0075 255.44998 247.185 239.2825 231.8725 224.9 217.78 210.4525 204.03 198.23999 192.15 185.6625 178.0275 169.7925 161.61249 154.35 152.7575 153.155 136.26749 122.975 116.72499 124.222496 124.899994 123.8125 117.91499 105.61749 105.585 104.465 100.537506 101.28999 111.8925 111.905
390.6225 389.09 386.60498 383.38998 379.2375 373.6825 370.4175 367.4975 366.0 363.28998 361.78998 358.99 355.72998 355.1175 354.835 353.51498 352.0175 350.4425 349.66498 348.9025 346.8425 342.7625 336.1175 327.2825 317.1675 306.4625 295.935 285.91 276.14502 266.74 257.94 249.685 241.69499 234.155 227.185 220.81999 214.25499 207.53249 201.325 195.59 189.7025 183.2375 175.0775 165.7775 156.33499 147.345 158.96999 155.1325 124.69249 120.815 119.855 123.457504 128.1525 137.255 129.4875 115.097496 107.87499 103.71 101.2675 100.1025 115.99 102.38249
391.5 389.70248 387.44 384.4425 380.845 377.01752 372.2825 368.3925 365.6825 363.81747 363.5725 358.93 354.83997 353.08252 351.96753 351.1325 350.595 350.1525 347.23502 343.02 338.8975 335.115 330.6775 325.2725 311.1125 299.58997 288.83752 278.60498 269.05 260.2625 251.95001 244.04 236.2625 228.79999 222.235 216.65 210.65749 204.3075 198.40001 192.845 187.14 180.64749 172.1125 161.70999 151.54 143.53499 158.705 154.26498 120.847496 119.104996 120.3575 124.20249 130.22 137.4725 130.89 117.91999 108.6425 103.1525 99.8575 98.22 119.252495 94.649994
393.6525 391.84497 389.45 386.595 383.02252 379.03 373.5125 368.55 364.98248 362.6575 360.385 356.81 353.88498 351.95502 350.3 348.96497 348.1825 348.61496 343.51752 338.3775 333.245 328.6225 323.0 315.645 305.63748 294.91998 284.27496 274.19247 263.94998 254.82248 246.1375 238.42749 230.86499 223.58249 217.2 211.9025 206.385 200.65 195.245 190.115 184.9 179.0025 170.5975 159.275 147.905 139.2825 150.77249 120.665 117.78749 117.28 120.347496 123.462494 126.737495 127.56749 122.5675 113.5925 105.725 100.2275 96.4825 93.9075 128.0075 101.83
396.93997 395.56 392.47247 389.805 385.7125 380.91748 374.3 368.20248 363.615 361.10748 358.395 355.1725 353.57748 351.70752 349.645 346.8625 344.53998 342.33002 338.53247 334.065 329.8825 323.0675 316.19998 308.04498 300.7 291.0975 280.31 270.84003 260.84 251.3325 241.48499 233.29001 226.07999 218.7575 212.17499 206.395 201.23 196.5725 191.83 187.06248 182.4775 178.0425 170.67499 158.195 145.615 138.23 143.73999 137.01749 118.99249 118.337494 119.43749 117.9625 120.9975 119.5625 114.3175 106.4025 100.377495 95.66499 91.5025 88.542496 104.6175 112.28249
400.41998 400.0475 398.17746 394.08 388.955 383.13998 376.4075 369.3875 363.8025 361.0325 358.07748 355.18 353.0 350.745 347.885 344.0575 340.5225 337.13248 333.32248 329.03503 324.3725 317.59 310.84503 304.33 296.02 286.65497 276.60748 268.85004 257.855 247.8425 237.94249 229.6275 222.31 214.105 206.715 200.7725 195.90749 191.9 187.44748 182.65999 178.19249 173.98001 167.00499 155.63249 143.1575 133.45 125.98999 134.845 129.76999 122.12499 117.995 112.384995 105.08 98.28999 94.270004 91.229996 95.8925 91.222496 86.4225 83.2975 81.5325 92.0925
404.7025 405.6475 404.19247 399.54 393.53748 386.59247 379.32745 372.3775 366.485 361.9225 358.175 354.995 352.1825 349.2225 345.6175 341.01248 336.54 332.48248 328.19998 323.905 319.41248 313.31497 306.94 300.56 292.1925 282.92252 273.025 263.9525 254.6825 245.555 236.03749 227.45248 219.34499 210.59248 202.66501 196.015 190.70499 186.7725 182.36249 176.82751 172.26999 167.98999 161.2275 151.44499 138.8425 126.4425 115.95999 105.3125 129.56 125.5125 119.009995 111.81 103.774994 97.3425 93.685 90.36749 88.03749 86.55249 82.605 79.2325 77.065 102.46
409.8525 411.41248 409.73248 405.08997 398.48746 390.76248 382.63748 375.25998 368.815 363.28 358.775 355.2725 351.41998 347.69498 343.53 338.435 333.2025 329.06998 324.055 319.5175 315.25998 310.71002 304.6375 296.91998 288.88998 279.8975 269.96 261.28497 252.5875 244.4 235.5075 226.63249 217.0625 208.1925 199.79749 192.305 185.4625 180.66249 176.29 171.3075 167.02 162.77249 156.43 147.48749 135.20749 120.645004 108.185 96.21 92.1275 127.799995 123.225 113.9725 104.895004 99.1175 94.222496 89.667496 85.985 82.7525 79.0275 75.5 72.8775 115.869995
414.9375 -999999.0 -999999.0 -999999.0 402.3 394.66 385.9375 377.825 370.90503 365.2725 360.16 355.34247 350.8 346.63 341.94748 336.675 331.01248 326.0575 321.7075 317.1575 312.155 307.84497 301.87 294.105 286.14996 277.77997 268.91998 260.0525 251.4275 243.0 234.68248 225.81248 216.2 207.0925 197.27751 188.9825 181.0625 174.61 169.65999 166.72 163.2325 158.7225 152.5 144.2825 132.74 117.32 104.48 97.595 94.98249 96.92999 128.06 125.8175 117.25 104.67 94.95999 89.57 84.81999 80.495 76.3 72.38 69.455 67.57251
419.19 -999999.0 -999999.0 -999999.0 -999999.0 397.33 388.47998 380.205 373.0425 367.0175 361.34 355.905 350.76498 345.8775 340.655 335.17502 329.52 324.025 319.705 315.2475 310.19498 305.515 299.43497 291.87 284.06247 276.09 267.86502 259.3125 250.81499 242.4025 234.095 225.33 215.73499 205.79498 195.90001 186.53 177.5875 170.01999 164.5125 162.2475 159.415 155.1825 148.84999 140.6375 129.86 115.8225 111.065 103.329994 100.705 100.8025 101.1525 101.222496 116.587494 108.9025 100.84 88.59499 83.572495 78.649994 74.087494 69.997505 66.89 64.902504
420.78497 -999999.0 -999999.0 -999999.0 -999999.0 -999999.0 389.87997 382.03998 374.885 368.26495 362.21 356.91 351.55 345.445 339.41998 333.625 327.83746 322.0325 317.86252 313.64502 309.54498 303.49 297.19 290.3075 282.36252 274.3675 267.085 258.41498 250.22998 242.31999 233.77249 225.3275 216.31499 206.45 195.8875 185.7125 175.94249 166.54999 160.3675 158.2425 156.10999 152.295 146.45999 138.5525 128.27249 117.5025 112.049995 108.784996 106.7425 106.12999 105.36749 103.9 106.932495 104.03 102.935 99.56249 81.8125 76.92 72.322495 68.222496 64.5725 62.329998
-999999.0 -999999.0 -999999.0 -999999.0 -999999.0 -999999.0 390.19 383.03998 375.77747 368.715 362.53998 357.6175 352.59503 345.525 338.97998 332.6525 326.7225 321.35498 316.7425 312.2625 307.5 301.405 295.09003 288.5825 280.13 271.78998 263.945 256.435 248.755 241.0575 233.70499 226.0825 218.13249 207.825 196.56 185.055 174.19499 164.02 156.4675 154.98499 153.625 151.02249 145.72 137.84 128.6125 118.705 114.75 112.84999 111.7525 110.975 110.345 110.47 106.6775 102.585 101.435 98.43 94.924995 78.685 70.8875 67.354996 63.2725 59.454998
-999999.0 -999999.0 -999999.0 -999999.0 -999999.0 -999999.0 389.09247 382.785 375.67 368.47498 362.2175 356.9875 351.64502 345.79248 339.2425 332.13998 326.01752 320.95 315.94 310.82498 305.65 299.4375 293.09998 286.65747 278.5225 270.34503 262.495 255.2975 248.0575 240.99248 234.2 227.44748 219.88249 209.57999 197.78499 185.8225 176.7575 161.18001 153.60748 152.1975 151.845 150.61499 146.56749 139.65 129.1425 118.962494 116.362495 115.502495 115.909996 113.737495 111.917496 113.56 109.325005 102.09499 97.8425 95.314995 94.247505 86.385 76.615 71.3175 68.6925 64.955
404.4825 -999999.0 -999999.0 -999999.0 -999999.0 392.53748 387.4025 381.71497 374.52 367.9025 361.69498 356.03748 350.93997 345.49002 339.4575 331.83002 325.6725 320.9275 315.16998 309.45 303.885 297.78 291.53497 285.0125 278.32 270.71997 262.6275 255.4725 248.5475 241.40001 235.0875 228.735 220.9625 212.16249 199.5125 186.6075 172.6825 158.7425 151.335 150.0025 150.52249 151.4075 149.33751 141.445 128.995 117.987495 115.74999 115.07749 115.1025 110.7875 107.415 105.855 101.637505 96.0325 91.475 88.295 85.465 81.365 55.05 51.442497 47.059998 52.4125
