data/TNO-HT-ATES/HT-ATES_ooz2/ooz2__flowr_P50_basecase_80-45-40.asc
ncols  140
nrows  163
xllcorner  0.0
yllcorner  300000.0
cellsize  2000.0
NODATA_value  -999999.0
[rows 84 to 111 of 163, columns 0 to 61 of 140]
-999999.0 -999999.0 -999999.0 -999999.0 -999999.0 -999999.0 -999999.0 -999999.0 -999999.0 -999999.0 -999999.0 -999999.0 -999999.0 -999999.0 -999999.0 -999999.0 -999999.0 -999999.0 -999999.0 -999999.0 -999999.0 -999999.0 -999999.0 -999999.0 -999999.0 -999999.0 -999999.0 -999999.0 -999999.0 -999999.0 -999999.0 -999999.0 -999999.0 -999999.0 -999999.0 -999999.0 -999999.0 -999999.0 -999999.0 203.88611 188.59883 172.6259 163.18356 147.71909 138.34732 146.12976 148.73654 158.58197 178.7366 205.12512 235.08658 -999999.0 30.128822 45.597256 54.305393 55.142345 54.042717 66.113594 52.445946 39.95598 24.07044 15.252873
-999999.0 -999999.0 -999999.0 -999999.0 -999999.0 -999999.0 -999999.0 -999999.0 -999999.0 -999999.0 -999999.0 -999999.0 -999999.0 -999999.0 -999999.0 -999999.0 -999999.0 -999999.0 -999999.0 -999999.0 -999999.0 -999999.0 -999999.0 -999999.0 -999999.0 -999999.0 -999999.0 -999999.0 -999999.0 -999999.0 -999999.0 -999999.0 -999999.0 -999999.0 -999999.0 -999999.0 -999999.0 -999999.0 204.15614 197.59055 181.26695 169.1566 166.54025 155.47327 145.54004 152.54968 154.61925 166.73848 177.46852 195.21486 219.84456 235.86888 8.606842 32.33939 52.315838 60.633266 58.666637 45.571293 43.328537 37.335777 22.772993 -999999.0
-999999.0 -999999.0 -999999.0 -999999.0 -999999.0 -999999.0 -999999.0 -999999.0 -999999.0 -999999.0 -999999.0 -999999.0 -999999.0 -999999.0 -999999.0 -999999.0 -999999.0 -999999.0 -999999.0 -999999.0 -999999.0 -999999.0 -999999.0 -999999.0 -999999.0 -999999.0 -999999.0 -999999.0 -999999.0 -999999.0 -999999.0 -999999.0 -999999.0 -999999.0 -999999.0 -999999.0 -999999.0 162.3683 186.80042 179.47546 149.54465 149.63646 158.15547 154.85822 143.57353 148.7284 161.62032 163.40057 172.40651 193.25537 201.4093 210.34088 -999999.0 25.597494 53.56402 69.5935 71.32078 66.78957 46.070316 64.348976 58.561554 45.8721
-999999.0 -999999.0 -999999.0 -999999.0 -999999.0 -999999.0 -999999.0 -999999.0 -999999.0 -999999.0 -999999.0 -999999.0 -999999.0 -999999.0 -999999.0 -999999.0 -999999.0 -999999.0 -999999.0 -999999.0 -999999.0 -999999.0 -999999.0 -999999.0 -999999.0 -999999.0 -999999.0 -999999.0 -999999.0 -999999.0 -999999.0 -999999.0 -999999.0 -999999.0 -999999.0 -999999.0 175.4419 160.17027 166.32103 158.6054 113.23425 108.11768 144.48367 141.79614 131.11473 116.45352 138.2931 160.21933 164.33492 165.97156 169.26147 166.92511 155.82846 36.09536 65.43446 85.19402 94.08053 96.825226 89.52719 114.909546 122.90133 126.74993
-999999.0 -999999.0 -999999.0 -999999.0 -999999.0 -999999.0 -999999.0 -999999.0 -999999.0 -999999.0 -999999.0 -999999.0 -999999.0 -999999.0 -999999.0 -999999.0 -999999.0 -999999.0 -999999.0 -999999.0 -999999.0 -999999.0 -999999.0 -999999.0 -999999.0 -999999.0 -999999.0 -999999.0 -999999.0 -999999.0 -999999.0 -999999.0 -999999.0 -999999.0 -999999.0 192.56361 165.76392 145.83203 130.37088 148.77486 126.62664 122.123 136.92203 132.27094 128.33673 125.77035 129.2831 144.48831 143.17677 133.1204 133.1621 129.34145 131.88995 74.85522 96.61632 107.47085 113.47522 115.96379 121.99327 121.82764 137.18993 167.53058
-999999.0 -999999.0 -999999.0 -999999.0 -999999.0 -999999.0 -999999.0 -999999.0 -999999.0 -999999.0 -999999.0 -999999.0 -999999.0 -999999.0 -999999.0 -999999.0 -999999.0 -999999.0 -999999.0 -999999.0 -999999.0 -999999.0 -999999.0 -999999.0 -999999.0 -999999.0 -999999.0 -999999.0 -999999.0 -999999.0 -999999.0 -999999.0 -999999.0 -999999.0 198.68265 180.45302 164.37457 152.83191 144.00658 137.27263 132.2415 123.31937 119.87374 120.61333 112.82549 110.97092 114.96699 122.519226 119.193855 116.119446 112.15047 108.202415 125.09297 159.92125 135.20395 128.48875 123.95576 130.05792 152.16458 169.54324 177.65915 177.89508
-999999.0 -999999.0 -999999.0 -999999.0 -999999.0 -999999.0 -999999.0 -999999.0 -999999.0 -999999.0 -999999.0 -999999.0 -999999.0 -999999.0 -999999.0 -999999.0 -999999.0 -999999.0 -999999.0 -999999.0 -999999.0 -999999.0 -999999.0 -999999.0 -999999.0 -999999.0 -999999.0 -999999.0 -999999.0 -999999.0 -999999.0 252.39648 239.9089 203.18161 164.00632 169.69208 194.76021 146.73933 133.88783 122.205284 110.8812 106.65048 102.03859 99.915016 94.288376 92.99676 92.03549 105.78824 110.5081 103.483925 97.92653 103.32819 122.34342 139.59358 137.92749 134.1481 124.07873 143.91255 174.24294 221.09471 234.85863 251.10469
-999999.0 -999999.0 -999999.0 -999999.0 -999999.0 -999999.0 -999999.0 -999999.0 -999999.0 -999999.0 -999999.0 -999999.0 -999999.0 -999999.0 -999999.0 -999999.0 -999999.0 -999999.0 -999999.0 -999999.0 -999999.0 -999999.0 -999999.0 -999999.0 -999999.0 -999999.0 -999999.0 -999999.0 -999999.0 -999999.0 250.71399 245.58997 233.70528 197.94719 155.67253 133.65805 103.129395 146.92664 132.94418 112.64402 96.44751 88.589355 83.84863 82.23379 73.7381 76.07808 80.03108 94.81432 103.25922 100.77898 102.46744 113.15159 126.90534 129.53442 135.42284 144.52274 153.572 172.84721 231.65654 272.97098 296.4669 307.09055
-999999.0 -999999.0 -999999.0 -999999.0 -999999.0 -999999.0 -999999.0 -999999.0 -999999.0 -999999.0 -999999.0 -999999.0 -999999.0 -999999.0 -999999.0 -999999.0 -999999.0 -999999.0 -999999.0 -999999.0 -999999.0 -999999.0 -999999.0 -999999.0 -999999.0 -999999.0 -999999.0 -999999.0 -999999.0 -999999.0 240.53828 245.44414 230.41512 200.77515 174.24155 134.57887 103.28845 92.82156 101.79369 94.12499 78.779045 68.16858 60.628105 68.79667 50.07621 59.28854 79.05336 90.49039 102.55512 103.29854 111.0203 117.65245 132.66905 134.56345 146.18765 160.81877 178.85222 204.97957 284.48163 306.8179 314.95483 338.72858
-999999.0 -999999.0 -999999.0 -999999.0 -999999.0 -999999.0 -999999.0 -999999.0 -999999.0 -999999.0 -999999.0 -999999.0 -999999.0 -999999.0 -999999.0 -999999.0 -999999.0 -999999.0 -999999.0 -999999.0 -999999.0 -999999.0 -999999.0 -999999.0 -999999.0 -999999.0 -999999.0 -999999.0 -999999.0 -999999.0 245.36397 227.33519 217.21527 194.58388 164.65524 128.12619 100.55653 74.32854 63.22448 58.223133 60.114685 52.357513 37.57039 33.827324 28.454393 39.547237 68.06454 91.100105 107.423355 126.43963 138.05765 128.50658 94.36092 129.41937 154.7261 184.3745 210.75348 222.61833 315.03897 315.44086 322.17178 345.72632
-999999.0 -999999.0 -999999.0 -999999.0 -999999.0 -999999.0 -999999.0 -999999.0 -999999.0 -999999.0 -999999.0 -999999.0 -999999.0 -999999.0 -999999.0 -999999.0 -999999.0 -999999.0 -999999.0 -999999.0 -999999.0 -999999.0 -999999.0 -999999.0 -999999.0 -999999.0 -999999.0 -999999.0 -999999.0 -999999.0 -999999.0 262.5876 201.42613 179.8976 148.78412 95.74058 89.733505 66.788574 47.455692 43.499943 37.14392 54.155983 37.777237 26.560093 16.562973 12.292732 46.43791 86.62842 109.737724 147.18442 167.47978 165.19577 124.829094 155.43178 198.09962 223.95114 237.22371 258.8056 340.41406 326.3865 311.74677 401.69885
-999999.0 -999999.0 -999999.0 -999999.0 -999999.0 -999999.0 -999999.0 -999999.0 -999999.0 -999999.0 -999999.0 -999999.0 -999999.0 -999999.0 -999999.0 -999999.0 -999999.0 -999999.0 -999999.0 -999999.0 -999999.0 -999999.0 -999999.0 -999999.0 -999999.0 -999999.0 -999999.0 -999999.0 -999999.0 -999999.0 -999999.0 221.33673 224.98071 203.5581 158.7744 106.41346 84.42381 61.48791 48.49938 44.726433 54.6514 51.78233 60.745007 48.899822 17.46795 6.5161304 34.724655 78.2463 122.938484 161.08975 185.32248 198.25961 178.16763 208.2838 249.20015 258.527 273.10437 317.48682 342.62192 383.5069 382.23978 406.7751
-999999.0 -999999.0 -999999.0 -999999.0 -999999.0 -999999.0 -999999.0 -999999.0 -999999.0 -999999.0 -999999.0 -999999.0 -999999.0 -999999.0 -999999.0 -999999.0 -999999.0 -999999.0 -999999.0 -999999.0 -999999.0 -999999.0 -999999.0 -999999.0 -999999.0 -999999.0 -999999.0 -999999.0 -999999.0 -999999.0 -999999.0 236.40303 221.0476 207.93227 169.83788 124.607086 79.04565 56.50542 41.895615 31.250454 25.796576 43.047413 91.666504 69.44612 38.683685 35.608032 54.342655 85.08984 127.258446 162.07483 186.1039 183.3266 166.55702 169.08128 283.6442 291.70532 289.37607 328.61414 382.81552 415.68204 423.40976 444.82156
-999999.0 -999999.0 -999999.0 -999999.0 -999999.0 -999999.0 -999999.0 -999999.0 -999999.0 -999999.0 -999999.0 -999999.0 -999999.0 -999999.0 -999999.0 -999999.0 -999999.0 -999999.0 -999999.0 -999999.0 -999999.0 -999999.0 -999999.0 -999999.0 -999999.0 -999999.0 -999999.0 -999999.0 -999999.0 -999999.0 -999999.0 -999999.0 197.00214 172.94034 138.15434 114.47169 79.11453 48.244297 31.375002 15.876885 1.1048598 14.962059 42.87914 55.69845 60.484135 61.789307 71.48586 90.98314 126.06624 164.26855 173.80325 165.58424 147.78378 145.66508 128.9032 355.32166 306.25433 416.61118 416.59113 459.1027 470.48154 475.99463
-999999.0 -999999.0 -999999.0 -999999.0 -999999.0 -999999.0 -999999.0 -999999.0 -999999.0 -999999.0 -999999.0 -999999.0 -999999.0 -999999.0 -999999.0 -999999.0 -999999.0 -999999.0 -999999.0 -999999.0 -999999.0 -999999.0 -999999.0 -999999.0 -999999.0 -999999.0 -999999.0 -999999.0 214.98393 201.8574 192.24944 -999999.0 141.62347 120.81838 104.92771 87.695435 62.909836 38.91028 18.814869 7.9005337 4.2216196 13.422817 32.000065 45.984188 56.829258 73.77055 83.921684 97.31891 130.0273 154.34631 158.69734 164.68732 142.46976 144.338 139.9391 234.62993 429.61954 472.32208 452.3159 499.94904 500.0159 499.96283
-999999.0 -999999.0 -999999.0 -999999.0 -999999.0 -999999.0 -999999.0 -999999.0 -999999.0 -999999.0 -999999.0 -999999.0 -999999.0 -999999.0 -999999.0 -999999.0 -999999.0 -999999.0 -999999.0 -999999.0 -999999.0 -999999.0 -999999.0 -999999.0 -999999.0 286.14734 226.81357 156.51704 157.477 162.16862 134.35864 96.38148 67.131714 61.753025 66.73862 59.255184 32.023495 23.552647 11.117572 5.6542907 7.230776 20.22996 32.75154 51.07184 55.670074 69.9591 107.41897 123.98248 156.6756 172.64426 149.4587 152.71605 109.745094 101.58488 141.66376 312.52786 422.65854 492.75793 499.94427 500.00604 500.07312 499.989
-999999.0 -999999.0 -999999.0 -999999.0 -999999.0 -999999.0 -999999.0 -999999.0 -999999.0 -999999.0 -999999.0 -999999.0 -999999.0 -999999.0 -999999.0 -999999.0 -999999.0 -999999.0 -999999.0 -999999.0 -999999.0 -999999.0 -999999.0 -999999.0 -999999.0 272.02844 201.69379 164.93207 158.66386 132.8487 92.531204 49.502445 -999999.0 17.130915 34.53944 35.63995 20.735102 9.134848 2.8230336 -999999.0 9.15083 30.74931 45.784866 56.56876 79.47417 84.11014 104.84972 131.99004 141.43384 150.00874 154.43674 117.99396 88.49548 41.729862 120.07266 334.33945 500.03806 500.05945 499.9898 499.99402 500.09332 499.9836
-999999.0 -999999.0 -999999.0 -999999.0 -999999.0 -999999.0 -999999.0 -999999.0 -999999.0 -999999.0 -999999.0 -999999.0 -999999.0 -999999.0 -999999.0 -999999.0 -999999.0 -999999.0 -999999.0 -999999.0 -999999.0 -999999.0 -999999.0 -999999.0 -999999.0 311.83618 235.84511 196.97475 180.71744 149.74011 99.565155 43.953278 -999999.0 -999999.0 1.2275167 7.6476727 4.2958345 -999999.0 -999999.0 -999999.0 13.726188 40.458046 60.737495 70.73569 81.74333 96.08595 116.3778 130.02512 127.84146 126.35174 111.29346 118.895 91.143074 90.13952 129.44489 166.55603 499.98938 499.99695 500.02356 499.95444 499.96158 499.95505
-999999.0 -999999.0 -999999.0 -999999.0 -999999.0 -999999.0 -999999.0 -999999.0 -999999.0 -999999.0 -999999.0 -999999.0 -999999.0 -999999.0 -999999.0 -999999.0 -999999.0 -999999.0 -999999.0 -999999.0 -999999.0 -999999.0 -999999.0 -999999.0 -999999.0 321.96228 279.4158 245.23372 216.05394 170.98105 113.02206 58.179028 -999999.0 -999999.0 -999999.0 -999999.0 -999999.0 -999999.0 -999999.0 5.455888 27.009281 61.87519 90.403755 97.40804 90.19438 111.61839 127.86862 159.77296 128.1545 121.43738 83.98706 62.830856 108.56086 119.112335 122.45805 156.11565 500.08173 500.05707 499.96527 500.01413 500.00452 499.92206
-999999.0 -999999.0 -999999.0 -999999.0 -999999.0 -999999.0 -999999.0 -999999.0 -999999.0 -999999.0 -999999.0 -999999.0 -999999.0 -999999.0 -999999.0 -999999.0 -999999.0 -999999.0 -999999.0 -999999.0 -999999.0 -999999.0 -999999.0 -999999.0 380.45755 308.8616 301.91373 306.01395 303.92502 253.61714 182.08238 99.82975 10.8740835 -999999.0 4.23629 19.598516 21.178108 17.722303 18.114412 23.936785 51.22822 89.02432 125.518456 141.23158 145.56725 155.86719 174.17265 176.28441 150.3443 86.38974 48.414246 100.15387 129.16542 157.77438 169.8905 186.77467 266.7251 499.9841 499.9742 499.91635 499.9087 499.97702
-999999.0 -999999.0 -999999.0 -999999.0 -999999.0 -999999.0 -999999.0 -999999.0 -999999.0 -999999.0 -999999.0 -999999.0 -999999.0 -999999.0 -999999.0 -999999.0 -999999.0 -999999.0 -999999.0 102.254036 157.90201 175.15607 240.55116 297.43475 337.39694 343.12595 368.60855 368.3879 370.3726 343.9987 272.67825 194.20522 94.52858 85.89629 92.21353 91.19 77.069595 63.931396 54.03431 49.922993 73.416245 124.753685 165.48282 208.2303 251.75098 242.20358 235.71762 195.28871 134.05183 80.29275 30.755705 57.079823 157.05756 212.00443 213.7178 260.06366 287.77844 470.05902 499.9907 500.00674 499.96027 500.01562
-999999.0 -999999.0 -999999.0 -999999.0 -999999.0 -999999.0 -999999.0 -999999.0 -999999.0 -999999.0 -999999.0 -999999.0 -999999.0 -999999.0 -999999.0 -999999.0 -999999.0 -999999.0 -999999.0 81.53366 0.0 150.36208 195.66188 242.35559 290.32727 315.15274 335.66006 361.47394 356.06512 386.99918 371.27466 318.44305 257.22772 232.20596 191.22983 140.04881 158.54793 132.80405 114.50174 56.332874 105.52734 173.01791 204.94571 290.4337 346.36554 322.71036 272.34198 205.61493 168.10098 126.135185 91.31039 101.926674 171.452 222.85184 258.7692 242.24408 285.37137 126.27677 499.96375 499.90158 499.99008 500.07333
-999999.0 -999999.0 -999999.0 -999999.0 -999999.0 -999999.0 -999999.0 -999999.0 -999999.0 -999999.0 -999999.0 -999999.0 -999999.0 -999999.0 -999999.0 -999999.0 -999999.0 -999999.0 0.0 72.01558 0.0 0.0 144.60855 0.0 0.0 271.37466 292.6752 322.04922 324.11966 404.88885 410.21353 392.6367 419.44714 369.9246 315.19504 267.4894 272.09357 251.42868 215.15364 190.3282 227.26962 303.20053 348.68073 379.2768 381.67368 358.7702 367.2552 306.5132 251.68858 225.9403 218.95004 168.2439 174.58725 227.02681 324.2423 388.01572 419.23712 452.9214 500.0503 500.00055 500.06033 500.02875
-999999.0 -999999.0 -999999.0 -999999.0 -999999.0 -999999.0 -999999.0 -999999.0 -999999.0 -999999.0 -999999.0 -999999.0 -999999.0 -999999.0 -999999.0 -999999.0 -999999.0 -999999.0 -999999.0 0.0 0.0 0.0 0.0 0.0 0.0 0.0 0.0 0.0 299.158 350.5186 390.35446 427.9731 425.61176 447.96716 434.3114 419.16428 417.4541 403.3639 364.9536 358.6101 377.63937 425.51566 467.80045 448.7876 469.24222 453.0808 439.02908 372.79297 305.60483 290.00095 279.92188 265.1829 288.57217 335.1627 437.41208 500.00906 500.0273 500.00784 500.033 500.08853 500.0044 499.91785
-999999.0 -999999.0 -999999.0 -999999.0 -999999.0 -999999.0 -999999.0 -999999.0 -999999.0 -999999.0 -999999.0 -999999.0 -999999.0 -999999.0 -999999.0 -999999.0 -999999.0 -999999.0 -999999.0 -999999.0 0.0 0.0 0.0 0.0 0.0 0.0 0.0 0.0 0.0 0.0 389.7986 422.28363 423.20096 438.56372 487.7313 499.90683 485.21973 478.43417 428.86813 477.69052 499.97647 500.0956 499.9034 499.93265 499.95013 500.00323 499.99298 413.3352 290.32394 283.9493 292.15436 353.0406 387.05783 460.88153 500.09692 499.96814 499.91403 500.0169 500.0029 499.91547 500.0301 500.05075
-999999.0 -999999.0 -999999.0 -999999.0 -999999.0 -999999.0 -999999.0 -999999.0 -999999.0 -999999.0 -999999.0 -999999.0 -999999.0 -999999.0 -999999.0 -999999.0 -999999.0 -999999.0 -999999.0 0.0 0.0 0.0 0.0 0.0 0.0 0.0 0.0 0.0 0.0 0.0 0.0 362.90314 404.76376 400.80505 458.947 499.93854 494.3916 497.23532 499.95294 499.99786 500.0316 500.04272 500.0621 500.0768 500.00418 499.92416 500.04697 500.0033 315.79898 383.5429 454.6155 500.03522 500.07837 500.00107 500.09244 500.0753 499.90445 499.9636 500.09207 500.01526 500.06216 500.07755
-999999.0 -999999.0 -999999.0 -999999.0 -999999.0 -999999.0 -999999.0 -999999.0 -999999.0 -999999.0 -999999.0 -999999.0 -999999.0 -999999.0 -999999.0 -999999.0 -999999.0 -999999.0 0.0 0.0 0.0 0.0 0.0 0.0 0.0 0.0 0.0 0.0 0.0 0.0 0.0 0.0 0.0 385.80338 427.39606 468.66656 496.2418 497.89807 500.00693 500.0169 499.93356 500.07254 500.0307 499.9422 500.07693 499.9276 499.92206 500.0175 500.01276 500.09384 499.9668 499.95203 499.9977 499.90234 500.09955 499.95944 500.04755 499.91953 499.9336 500.06644 499.94128 499.97717
-999999.0 -999999.0 -999999.0 -999999.0 -999999.0 -999999.0 -999999.0 -999999.0 -999999.0 -999999.0 -999999.0 -999999.0 -999999.0 -999999.0 -999999.0 -999999.0 -999999.0 -999999.0 0.0 0.0 0.0 0.0 0.0 0.0 0.0 0.0 0.0 0.0 0.0 0.0 0.0 0.0 0.0 0.0 381.57074 414.4533 437.8932 500.04214 499.97266 499.95554 500.01868 500.07794 499.9884 499.95676 499.97815 499.92923 500.03842 500.04642 500.02124 500.0612 500.00043 499.9628 500.0686 499.9944 500.00287 499.98975 499.94937 500.0693 499.90942 500.0248 500.00842 500.00464
