data/TNO-HT-ATES/HT-ATES_ooz2/ooz2__utc_P50_basecase_80-45-40.asc
ncols  140
nrows  163
xllcorner  0.0
yllcorner  300000.0
cellsize  2000.0
NODATA_value  -999999.0
[rows 56 to 83 of 163, columns 62 to 123 of 140]
2.7644458 3.7021916 6.346771 10.927514 12.263804 11.676381 9.693206 8.528136 7.4982357 6.303713 4.8898344 3.5016584 2.7346594 2.3897774 2.1984015 2.089557 2.0120742 1.9867737 1.9201808 1.8900312 1.901406 1.8569573 1.901398 2.0151088 2.0912893 2.173424 2.1603851 2.2986145 2.4774756 2.7986085 3.182197 2.9569864 2.5002882 2.2087226 1.9553146 1.7787664 1.6421825 1.5766484 1.59517 1.7034165 1.7689013 1.7620492 1.8683397 1.9434453 2.0483136 2.0950866 2.1739447 2.4791806 3.0658224 0.0 0.0 0.0 0.0 0.0 0.0 0.0 0.0 0.0 0.0 0.0 0.0 -999999.0
2.6142268 3.2070007 4.4390917 6.019765 6.6070166 6.247663 7.2751684 7.4611235 7.352679 7.552566 6.666535 4.530022 3.292565 2.7541401 2.4178548 2.2042162 2.1108193 2.0377827 1.9836601 1.9637798 1.997933 1.9374102 1.9822923 2.2508953 2.2227132 2.277335 2.315353 2.5042539 2.679134 3.0600762 3.3690925 3.0080745 2.527207 2.1750104 1.9573354 1.7621444 1.7032202 1.737287 1.9091433 2.110522 2.0294664 2.0280259 2.1180298 2.09365 2.1306183 2.2051263 2.1559188 2.349556 0.0 0.0 0.0 0.0 0.0 0.0 0.0 0.0 0.0 0.0 0.0 0.0 0.0 -999999.0
2.5379522 3.0236983 3.7960322 4.730362 5.722631 6.6246586 8.948233 9.48775 9.256444 10.225341 8.896415 5.5758014 3.9442613 3.14435 2.6878357 2.4076593 2.1876915 2.1143513 2.0753794 2.0387955 2.0664542 1.9956169 2.0220509 2.1843803 2.370322 2.4922369 2.4208345 2.5623152 2.7135358 2.946905 3.0178595 2.7657738 2.340026 2.0674512 1.8370556 1.7215198 1.7044376 1.7390652 1.9513208 2.2558692 2.18681 2.2644923 2.272776 2.41718 2.3333611 2.4268262 0.0 0.0 0.0 0.0 0.0 0.0 0.0 0.0 0.0 0.0 0.0 0.0 0.0 0.0 0.0 -999999.0
2.3006098 2.8358464 3.4513166 4.306138 6.7353573 17.393269 0.0 0.0 17.98991 14.703497 8.765326 5.5935273 4.4208894 3.4826908 2.8211796 2.463104 2.2480702 2.2033744 2.1349523 2.1327038 2.1163368 2.036754 2.0507383 2.1565711 2.5185735 2.7377164 2.5990791 2.580633 2.592427 2.6152785 2.5886056 2.5167053 2.2141693 1.9118303 1.7781107 1.6034611 1.623781 1.7233565 1.8413386 2.0551348 2.194092 2.3254688 2.3923855 2.5655146 2.5513606 0.0 0.0 0.0 0.0 0.0 0.0 0.0 0.0 0.0 0.0 0.0 0.0 0.0 0.0 0.0 -999999.0 -999999.0
2.0660713 2.664896 3.4452364 4.13161 8.13635 -999999.0 -999999.0 0.0 0.0 12.096663 7.947203 5.4120374 4.657789 3.8324215 3.1133192 2.584387 2.4431248 2.351623 2.282631 2.217498 2.1076045 1.993353 1.9615071 2.0163524 2.3036695 3.010458 2.878553 2.5391476 2.3678493 2.3339818 2.2696152 2.158466 1.9538802 1.7976314 1.7186179 1.5962784 1.6627328 1.7250872 1.707597 1.6884917 1.8053938 1.936595 2.0742316 2.1886938 2.357027 0.0 0.0 0.0 0.0 0.0 0.0 0.0 0.0 0.0 0.0 0.0 0.0 0.0 0.0 0.0 -999999.0 -999999.0
2.2485008 2.702258 3.51655 4.4063296 7.3873725 0.0 0.0 22.703773 10.160514 6.795682 5.444304 4.7505417 4.7253 4.1959443 3.492458 2.9668891 2.7186675 2.5759563 2.467856 2.3371346 2.2311873 2.1620302 1.9751097 1.9230895 1.9981395 2.7086554 2.6407475 2.2591033 2.125322 2.0467129 1.8592685 1.828663 1.8362283 1.7508835 1.7463696 1.7373501 1.7955326 1.8043238 1.6327975 1.6510648 1.8568379 1.9635344 2.1081438 2.2675283 1.9853423 0.0 0.0 0.0 0.0 0.0 0.0 0.0 0.0 0.0 0.0 0.0 0.0 0.0 0.0 0.0 -999999.0 -999999.0
2.479992 2.7902923 3.2818332 4.049763 5.887432 9.994254 9.172507 6.566788 5.08993 4.4188404 3.828973 4.332509 4.7631326 4.573583 3.79593 3.4867342 3.1731043 2.8548808 2.7292795 2.5160112 2.3532102 2.225675 2.0612018 1.9240457 1.8481326 2.189095 2.0780861 1.953662 1.8397115 1.7360449 1.5452462 1.5171083 1.5864255 1.6773759 1.7303526 1.7963407 1.8925592 1.9762907 2.1155653 2.1057756 2.23184 2.2804625 2.3450203 2.280944 2.2464151 0.0 0.0 0.0 0.0 0.0 0.0 0.0 0.0 0.0 0.0 0.0 0.0 0.0 0.0 0.0 -999999.0 -999999.0
2.722562 2.7872908 2.9386175 3.4794874 4.2823024 5.521804 5.597707 4.7217793 4.135389 3.8179553 3.5606027 3.9431725 4.4538016 4.5328174 4.1203403 3.8863068 3.546308 3.2122412 2.9815288 2.6752033 2.447808 2.2728763 2.0682666 1.9137028 1.7475399 1.7646573 1.6546671 1.6173079 1.5629107 1.4392066 1.3333515 1.4069297 1.5308619 1.6574777 1.6425275 1.7023064 1.829112 2.0119283 2.213345 3.0914164 3.18828 3.0680134 3.0811808 3.2154999 3.3271594 0.0 0.0 0.0 0.0 0.0 0.0 0.0 0.0 0.0 0.0 0.0 0.0 0.0 0.0 0.0 0.0 -999999.0
2.7410543 2.5703695 2.5470135 2.924217 3.2821145 3.8423576 4.4227834 4.418007 4.1811566 4.098162 4.0088573 3.9996614 4.0181756 4.13092 4.205754 4.1250215 3.9048035 3.6265805 3.1879287 2.8061175 2.5065167 2.2309072 2.240262 1.8336041 1.7512962 1.7190455 1.6630712 1.668887 1.577827 1.508099 1.4274361 1.2453145 1.4540699 1.6867584 1.6941502 1.6673143 1.8390914 1.9818792 2.2089937 3.2442276 3.7654996 3.5628057 3.7562387 4.011379 0.0 0.0 0.0 0.0 0.0 0.0 0.0 0.0 0.0 0.0 0.0 0.0 0.0 0.0 0.0 0.0 0.0 0.0
2.4144168 2.3533196 2.3372035 2.5169735 2.7993572 3.0593047 3.5044572 3.819528 3.8574638 4.0614424 4.4151998 4.0307264 3.7633946 3.9673007 4.3244333 4.287036 4.5187516 3.8999102 3.358441 2.9168968 2.5439744 2.159014 1.915674 1.7206898 1.6933113 1.7438482 1.8003628 1.7624873 1.6468412 1.5055256 1.3628408 1.3587325 1.4205847 1.5564306 1.6308004 1.699676 1.7957302 1.9163728 2.034781 2.5863917 2.9232748 3.8929713 4.344379 0.0 0.0 0.0 0.0 0.0 0.0 0.0 0.0 0.0 0.0 0.0 0.0 0.0 0.0 0.0 0.0 0.0 0.0 -999999.0
2.5703247 2.4017377 2.3192108 2.464824 2.656823 2.821411 2.9608984 3.1505597 3.3968995 3.5171802 3.6963267 3.828991 3.9167027 4.358154 5.173405 6.2904797 6.568266 5.3199296 3.932798 3.0754035 2.5671911 2.1730072 1.8844393 1.7042595 1.6353031 1.7032804 1.9003886 2.0292587 1.713657 1.4812627 1.4033288 1.406959 1.4247006 1.5208181 1.5942608 1.6723604 1.7395345 1.9133283 2.0233116 2.3276103 2.5838647 2.9064913 2.885567 0.0 0.0 0.0 0.0 0.0 0.0 0.0 0.0 0.0 0.0 0.0 0.0 0.0 0.0 0.0 0.0 0.0 0.0 -999999.0
2.6448717 2.438968 2.3891337 2.4814227 2.5966341 2.6617472 2.7061145 2.6803565 2.9205122 3.1424186 3.4617763 3.7424223 4.069864 4.8310843 7.257054 13.32099 13.6307 8.101296 4.6962314 3.2594268 2.6233807 2.2625191 1.9400687 1.6888465 1.6207323 1.6571883 1.8186934 1.9188092 1.6221386 1.5087247 1.4370017 1.4694186 1.4647958 1.533198 1.6113536 1.6507004 1.7391597 1.9669094 2.1095097 2.2259908 2.4797702 2.7545855 0.0 0.0 0.0 0.0 0.0 0.0 0.0 0.0 0.0 0.0 0.0 0.0 -999999.0 0.0 0.0 0.0 0.0 0.0 0.0 -999999.0
2.6999269 2.568799 2.502952 2.408826 2.4702325 2.5883293 2.5211697 2.452962 2.604133 2.9059575 3.3066707 3.6003716 4.2735333 5.482873 9.6402445 0.0 0.0 12.687252 4.9333034 3.3936791 2.770488 2.4421713 2.0431738 1.8150185 1.7001505 1.7451575 1.8498006 1.6833544 1.6032891 1.5098044 1.5499232 1.5258057 1.478991 1.5226598 1.6328306 1.7005187 1.7992383 1.9634801 2.121411 2.4109883 2.64905 3.1223092 0.0 0.0 0.0 0.0 0.0 0.0 0.0 0.0 0.0 0.0 0.0 0.0 0.0 -999999.0 0.0 0.0 0.0 0.0 0.0 -999999.0
2.8620524 2.6498935 2.3992512 2.294251 2.347614 2.3491447 2.2726543 2.2839274 2.3496385 2.6017997 2.9593616 3.4433978 4.349027 5.8200297 9.111661 21.20569 0.0 8.186669 4.423327 3.3017743 2.8621693 2.5152674 2.4626367 2.1807244 1.9583572 1.8434886 1.8415755 1.6794901 1.6591077 1.5337533 1.5608083 1.5384619 1.458622 1.6596354 1.7958198 1.7785431 1.8482132 1.8418796 2.1154184 2.389326 2.4682002 0.0 0.0 0.0 0.0 0.0 0.0 0.0 0.0 0.0 0.0 0.0 0.0 0.0 0.0 0.0 0.0 0.0 0.0 0.0 -999999.0 -999999.0
3.0999699 2.5999193 2.2589223 2.141887 2.1431186 2.0864975 2.0490143 2.02931 2.1010098 2.3330343 2.582603 3.088287 4.0629015 5.2783103 6.609369 6.848122 6.494478 4.808968 3.5214558 2.8741362 2.4060571 2.5528424 3.0748644 3.2781906 2.1257179 1.8135289 1.6728817 1.631387 1.6773533 1.6306849 1.5661907 1.5664269 1.5291495 1.5966401 1.7101325 1.8106401 1.925582 2.4018254 1.9420696 1.9471478 2.0434492 3.0409887 0.0 0.0 0.0 0.0 0.0 0.0 0.0 0.0 0.0 0.0 0.0 0.0 0.0 0.0 0.0 0.0 0.0 0.0 -999999.0 -999999.0
2.7891848 2.5270324 2.2384088 2.0894334 1.9931566 1.9214753 1.8912625 1.8900044 1.9462358 2.0997024 2.358669 2.8200328 3.281325 3.8083916 4.0703697 3.9972758 3.7461689 3.373485 2.8597856 2.3560617 2.0008647 2.2207768 2.3872159 2.469367 2.1191316 1.8579295 1.6463441 1.6379182 1.6544695 1.5789989 1.5494673 1.5693269 1.5465723 1.7030274 1.7839644 1.9435453 2.2337537 2.8484983 4.052 4.8920527 2.272856 2.5671842 0.0 0.0 0.0 0.0 0.0 0.0 0.0 0.0 0.0 0.0 0.0 0.0 0.0 0.0 0.0 0.0 0.0 -999999.0 -999999.0 -999999.0
2.7168694 2.5029466 2.2011225 2.003408 1.9128848 1.8150473 1.7481813 1.7544498 1.8023278 2.0373619 2.1736975 2.4530156 2.752613 3.0512128 3.1292613 3.0523643 2.802354 2.5994828 2.2831085 2.0827627 1.7041914 1.6749566 1.7448572 1.8630118 1.9249026 1.8232943 1.5973833 1.4892784 1.5779688 1.5794151 1.5281892 1.5494388 1.6203074 1.8012952 1.7562227 1.90912 2.3226025 3.4414582 5.542595 7.026415 5.634342 5.2503276 0.0 0.0 0.0 0.0 0.0 0.0 0.0 0.0 0.0 0.0 0.0 0.0 0.0 0.0 0.0 0.0 0.0 -999999.0 -999999.0 -999999.0
2.7602146 2.4585824 2.170089 1.9420841 1.815555 1.7184436 1.6620147 1.6841811 1.7215362 1.8534052 1.9994359 2.2405393 2.4938788 2.6583862 2.4948568 2.3875897 2.234624 2.0759676 1.8813186 1.7318043 1.5411853 1.4587108 1.5419371 1.6428158 1.665658 1.5841125 1.4617352 1.4465392 1.467508 1.4736905 1.478765 1.5354937 1.6438448 1.8651861 1.86099 1.9601263 2.3375561 3.2437503 5.575115 7.040204 6.506315 6.2836156 7.2260923 6.5931034 0.0 0.0 0.0 0.0 0.0 0.0 0.0 0.0 0.0 0.0 0.0 0.0 0.0 0.0 0.0 -999999.0 -999999.0 -999999.0
2.7620676 2.44782 2.1686375 1.8994305 1.8457038 1.6387637 1.6044983 1.6290212 1.6728724 1.7561107 1.8804479 1.9791183 2.2413235 2.292826 2.1497595 2.1295006 1.9982153 1.8762044 1.7604221 1.6383073 1.530039 1.462674 1.5501567 1.5815586 1.5674046 1.3990039 1.4212415 1.4852129 1.4703009 1.4670877 1.5076191 1.4718087 1.596597 1.7017027 1.8265904 1.9577644 2.595672 2.7151332 4.150773 5.3595147 6.4435225 6.9983563 7.18272 0.0 0.0 0.0 0.0 0.0 0.0 0.0 0.0 0.0 0.0 0.0 0.0 0.0 0.0 0.0 0.0 -999999.0 -999999.0 -999999.0
2.854896 2.4385417 2.0570338 1.8242285 1.6865679 1.5733551 1.5534364 1.5691193 1.5960019 1.5851064 1.7082253 1.8179344 1.9247588 1.942263 1.8949106 1.7769237 1.7339193 1.7652694 1.6872734 1.653311 1.6909158 1.5211862 1.4889675 1.4797504 1.5203743 1.4141948 1.450152 1.4387192 1.4657744 1.4554156 1.4441854 1.4443978 1.5217274 1.6503618 1.6984948 2.0303056 2.2026262 2.8710518 3.263248 4.0486073 4.6682496 5.1307693 4.3906317 0.0 0.0 0.0 0.0 0.0 0.0 0.0 0.0 0.0 0.0 0.0 0.0 0.0 0.0 0.0 -999999.0 -999999.0 -999999.0 -999999.0
2.7963467 2.3672655 2.0405927 1.8008783 1.658029 1.5685967 1.5285556 1.4991938 1.5545378 1.5034546 1.5202775 1.5528332 1.7246739 1.7051419 1.6904916 1.6753771 1.6798354 1.6909016 1.6451473 1.6119161 1.5953189 1.4832307 1.5354223 1.5075828 1.3888515 1.6381166 1.4726591 1.3928645 1.4537258 1.4614395 1.5619761 1.6029217 1.5215328 1.5395887 1.7797321 1.9135807 1.9288453 2.6558967 3.5972328 3.4345524 3.3371134 3.9947143 10.216369 10.256259 0.0 0.0 0.0 0.0 0.0 0.0 0.0 0.0 0.0 0.0 0.0 0.0 0.0 0.0 -999999.0 -999999.0 -999999.0 -999999.0
2.649358 2.2687078 2.0283165 1.7743531 1.6478269 1.5551342 1.4036745 1.4022568 1.5064664 1.4489748 1.3851882 1.4441713 1.4510174 1.5857403 1.6113566 1.6118214 1.7713071 1.5700947 1.5928459 1.666896 1.6488047 1.5475821 1.6133306 1.4955682 1.3958889 1.3969681 1.3432847 1.3632385 1.4422839 1.4420764 1.5440754 1.6406702 1.5455629 1.6087343 1.7358398 1.6975442 1.7337749 2.1235995 2.2870417 2.2313595 2.8427446 4.2372813 10.121009 8.998356 0.0 0.0 0.0 0.0 0.0 0.0 0.0 0.0 0.0 0.0 0.0 0.0 0.0 -999999.0 -999999.0 -999999.0 -999999.0 -999999.0
2.4495342 2.1700606 1.986779 1.7933046 1.6522033 1.4763156 1.4236286 1.4571064 1.4480948 1.3643473 1.3243083 1.316963 1.3805759 1.5415447 1.6161283 1.578721 1.73272 1.6863927 1.6662477 1.696692 1.7742412 1.7366507 1.7081684 1.5588382 1.5429634 1.4419156 1.3859487 1.4681383 1.499997 1.5024698 1.4781966 1.4980425 1.4794554 1.6355081 1.6732597 1.6398617 1.6289611 1.8039023 1.8457378 2.0320992 2.6208172 4.0019884 5.4477553 6.7365365 0.0 0.0 0.0 0.0 0.0 0.0 0.0 0.0 0.0 0.0 0.0 0.0 -999999.0 -999999.0 -999999.0 -999999.0 -999999.0 -999999.0
2.3878033 2.1826482 1.9950273 1.8475959 1.711949 1.5532792 1.4703333 1.4490768 1.4610615 1.3789039 1.3017677 1.3339393 1.3554052 1.4919518 1.456588 1.5738621 1.7763652 1.8233451 1.823271 1.857117 1.8799919 1.9614346 1.8303308 1.6657751 1.6859947 1.5233755 1.4758717 1.5091172 1.6684498 1.7171124 1.6051415 1.5732257 1.7009398 1.6964569 1.699729 1.6724356 1.6227143 1.9215794 1.9907333 1.9982424 2.5479121 3.9092221 4.4738693 0.0 0.0 0.0 0.0 0.0 0.0 0.0 0.0 0.0 0.0 0.0 0.0 -999999.0 -999999.0 -999999.0 -999999.0 -999999.0 -999999.0 -999999.0
2.502324 2.253366 2.0450442 1.9733759 1.6425052 1.5682899 1.5593908 1.6418295 1.5927966 1.4625176 1.3781615 1.3905909 1.372612 1.3841938 1.4484582 1.6117871 1.8603497 1.9585334 2.0244327 2.1344872 1.8234426 1.9349018 1.8139291 1.7505097 1.7110236 1.6226046 1.5879331 1.6435618 1.9052736 1.9450178 1.795181 1.7868671 1.8930516 1.734909 1.7489178 1.8076699 1.9156225 2.2543392 2.4337668 2.436475 2.6029468 3.5939014 4.1569834 0.0 0.0 0.0 0.0 0.0 0.0 0.0 0.0 0.0 0.0 0.0 0.0 0.0 -999999.0 -999999.0 -999999.0 -999999.0 -999999.0 -999999.0
2.4084435 2.2851853 2.1032538 1.8504199 1.7168005 1.677279 1.597669 1.836426 2.010019 2.0008574 1.8075187 1.5203444 1.384851 1.4125793 1.535948 1.7536578 2.0844443 2.2094553 2.3632267 2.412282 2.0081787 2.0125833 1.9153954 1.8649892 1.7750765 1.7622436 1.6303055 1.7570761 2.0373461 2.1905282 2.0613225 2.2320576 2.0386968 1.8960613 1.9866047 2.1237817 2.2463024 2.834094 3.2570987 3.2288573 3.1545959 3.406528 4.1474633 5.5525346 0.0 0.0 0.0 0.0 0.0 0.0 0.0 0.0 0.0 0.0 0.0 0.0 -999999.0 -999999.0 -999999.0 -999999.0 -999999.0 -999999.0
5.380063 3.9277503 1.9656196 1.8554277 1.7861898 1.7452236 1.6850741 1.7167565 2.3333764 3.4392483 2.433438 1.7435992 1.4514564 1.5405161 1.7816403 2.2354922 2.442387 2.6737542 2.8005178 2.6110327 2.4174266 2.3288765 2.117184 1.9544237 1.831388 1.7518833 1.982846 1.9503942 2.3266335 2.636272 2.6635244 2.5229146 2.0582578 2.1338537 2.2230086 2.542598 2.8136017 3.400418 5.077371 5.266384 3.9607515 3.81861 5.1527076 6.5122833 0.0 0.0 0.0 0.0 0.0 0.0 0.0 0.0 0.0 0.0 0.0 -999999.0 -999999.0 -999999.0 -999999.0 -999999.0 -999999.0 -999999.0
8.657238 6.079622 3.8108737 2.1206279 1.8370483 1.7404269 1.7310977 1.6134304 1.6259394 2.5352902 2.025019 1.6293714 1.773278 1.9899606 2.439557 3.1535442 3.2126322 3.3067608 3.5907733 3.2495391 2.9542773 2.6993399 2.3885057 2.037636 2.2773447 2.2511609 2.3889487 2.6931915 2.6777687 2.8269172 2.7807543 2.5108297 2.1455615 2.3240516 2.6229665 2.8926916 3.0677898 3.0442116 4.045937 10.680074 4.3971925 5.7439036 7.196672 0.0 0.0 0.0 0.0 0.0 0.0 0.0 0.0 0.0 0.0 -999999.0 -999999.0 -999999.0 -999999.0 -999999.0 -999999.0 -999999.0 -999999.0 -999999.0
