data/TNO-HT-ATES/HT-ATES_ooz2/ooz2__h_P50_basecase_80-45-40.asc
ncols  140
nrows  163
xllcorner  0.0
yllcorner  300000.0
cellsize  2000.0
NODATA_value  -999999.0
[rows 28 to 55 of 163, columns 63 to 125 of 140]
14.1875 11.389999 8.032499 4.5375 0.9175 -999999.0 -999999.0 -999999.0 -999999.0 -999999.0 -999999.0 -999999.0 -999999.0 -999999.0 -999999.0 -999999.0 -999999.0 -999999.0 -999999.0 -999999.0 -999999.0 -999999.0 -999999.0 -999999.0 -999999.0 -999999.0 -999999.0 -999999.0 -999999.0 -999999.0 -999999.0 -999999.0 -999999.0 -999999.0 -999999.0 0.72249997 4.12 7.17 10.315001 14.244999 18.970001 23.630001 28.5175 34.835 41.2525 44.38 39.574997 45.13 51.09 52.5625 52.664997 52.039993 47.9175 39.892498 29.6 22.1475 17.1325 18.875 22.3625 23.5075 -999999.0 2.4424999 7.5099998
14.5775 12.0925 9.2825 6.3 3.195 0.435 -999999.0 -999999.0 -999999.0 -999999.0 -999999.0 -999999.0 -999999.0 -999999.0 -999999.0 -999999.0 -999999.0 -999999.0 -999999.0 -999999.0 -999999.0 -999999.0 -999999.0 -999999.0 -999999.0 -999999.0 -999999.0 -999999.0 -999999.0 -999999.0 -999999.0 -999999.0 -999999.0 -999999.0 -999999.0 1.53 4.6025 8.192499 12.335 17.605 23.109999 27.825 32.9225 39.569996 47.585 46.8 30.1475 46.754997 46.2575 46.054996 43.902496 41.262497 37.785 30.84 22.22 20.255001 20.4 25.24 33.532497 41.64 -999999.0 24.4425 25.474998
14.452499 11.919999 9.339999 7.0899997 4.9875 2.655 0.27749997 -999999.0 -999999.0 -999999.0 -999999.0 -999999.0 -999999.0 -999999.0 -999999.0 0.66249996 1.1675 1.0049999 -999999.0 -999999.0 -999999.0 -999999.0 -999999.0 -999999.0 -999999.0 -999999.0 -999999.0 -999999.0 -999999.0 -999999.0 -999999.0 -999999.0 -999999.0 -999999.0 -999999.0 2.3774998 5.0675 9.1675 14.46 20.537498 25.65 29.630001 34.0575 37.9975 41.48 42.2025 21.0475 16.945 40.86 35.464996 37.2325 34.54 31.2375 25.5225 20.02 18.185 20.715 27.8825 38.28 41.8625 -999999.0 36.337498 34.985
14.7575 12.28 10.0025 7.9399996 6.125 4.145 1.8024999 -999999.0 -999999.0 -999999.0 -999999.0 -999999.0 -999999.0 -999999.0 1.5799999 2.8475 2.985 2.2450001 0.935 -999999.0 -999999.0 -999999.0 -999999.0 -999999.0 -999999.0 -999999.0 -999999.0 -999999.0 -999999.0 -999999.0 -999999.0 -999999.0 -999999.0 -999999.0 0.22999999 3.3925 6.8875 11.357499 16.1725 21.239998 25.85 29.1325 32.177498 33.445 32.0575 29.3175 21.2575 17.2375 18.805 31.97 30.312498 30.67 27.65 26.857498 25.1425 19.9825 19.437498 27.64 37.0975 41.0825 -999999.0 46.737503 42.510002
15.622499 13.3525 11.2175 9.1675 6.6349998 4.76 2.855 0.7975 -999999.0 -999999.0 -999999.0 -999999.0 -999999.0 1.75 3.8475 4.69 4.955 3.6174998 1.8 0.2675 -999999.0 -999999.0 -999999.0 -999999.0 -999999.0 -999999.0 -999999.0 -999999.0 -999999.0 -999999.0 -999999.0 -999999.0 -999999.0 -999999.0 0.29 4.5925 8.929999 13.455 17.6875 21.044998 23.6575 27.29 29.3725 28.705 26.945 23.895 20.439999 17.592499 14.965 22.967499 29.095 32.215 37.227497 42.96 34.265 22.47 24.467499 32.637497 38.295002 42.924995 45.485 43.2525 34.464996
16.8375 14.6875 12.57 10.59 8.105 6.295 4.515 2.5349998 1.5675 1.29 1.0325 0.8249999 1.54 3.3624997 5.7625 6.3199997 5.96 4.5575 2.7699997 1.22 -999999.0 -999999.0 -999999.0 -999999.0 -999999.0 -999999.0 -999999.0 -999999.0 -999999.0 -999999.0 -999999.0 -999999.0 -999999.0 -999999.0 1.9699999 6.6325 11.215 15.4925 18.939999 20.9025 22.0825 25.232498 26.9125 26.470001 24.625 21.767498 18.807499 15.9525 14.03 11.3925 19.2475 54.462494 76.43 62.6575 45.379997 29.35 32.3275 35.35 40.945 45.97 45.28 38.777496 24.965
18.27 16.144999 14.285 12.45 10.455 8.915 7.0249996 5.3574996 4.3225 3.8774998 3.5774999 3.395 3.86 5.765 7.3525 7.4875 6.6649995 5.12 3.3674998 2.0549998 0.89 -999999.0 -999999.0 -999999.0 -999999.0 -999999.0 -999999.0 -999999.0 -999999.0 0.415 -999999.0 -999999.0 -999999.0 1.0949999 5.1575003 9.65 14.15 17.985 20.505001 21.0975 18.815 24.232498 26.095 25.8 23.93 21.157501 17.3575 14.6925 15.2775 16.4975 14.08 66.1475 73.4025 66.75 51.027496 24.855 39.2575 43.005 48.172497 49.434998 44.1925 34.204998 24.5375
20.02 18.07 16.415 14.8324995 13.2025 12.0425 10.4275 8.987499 7.9375 6.9950004 6.5275 6.1899996 6.7625 8.7225 10.289999 10.2225 9.182501 7.5525 5.2225 3.2375 2.2250001 1.475 1.2175 1.9925 3.4799998 3.44 2.3825 2.2649999 2.855 3.2675 1.3174999 -999999.0 -999999.0 3.3499997 8.469999 13.3324995 17.8 21.632498 23.654999 24.404999 24.5425 25.802498 26.925 27.465 24.932499 21.1625 16.994999 14.634999 14.442499 15.825001 13.655 14.41 61.282497 57.125 37.025 37.52 43.282497 49.954998 55.605 53.7175 45.704998 32.885 22.932499
20.672499 20.287498 18.759998 17.455 16.505 15.65 14.4175 13.12 11.402499 10.307501 9.9825 9.895 11.3425 12.6975 12.814999 12.302499 11.062499 9.495001 6.5699997 3.9650002 2.835 2.3725 2.82 4.46 6.3125 7.21 6.745 6.7475 7.0525002 6.9699993 5.49 3.8325 4.59 7.8375 12.475 17.46 21.747501 25.047499 26.965 27.765 28.095 27.8625 28.06 27.8525 26.044998 22.115 17.2725 13.5425005 11.98 12.715 10.710001 12.76 48.025 45.04 41.7375 28.247498 42.94 52.057495 58.4125 50.235 45.745 30.314999 18.699999
19.3625 19.8975 20.1675 19.4825 18.6975 18.305 17.75 16.8375 15.349999 14.2074995 13.432501 13.349999 14.934999 16.529999 16.605 15.44 13.7425 11.215 7.9749994 4.7625 3.2125 3.4999998 5.005 7.6274996 10.22 11.625 11.662499 11.805 12.445 12.5225 11.605 10.92 11.43 13.445001 17.36 21.637499 25.4825 28.04 29.579998 30.3925 30.66 29.86 29.165 29.139997 28.6925 22.807499 17.5825 11.865 7.0425 9.497499 7.4474998 11.72 33.379997 27.09 27.452501 12.0925 33.71 46.295 54.0925 52.395 43.7425 18.9725 17.965
19.21 19.1875 20.477499 20.784998 19.855 19.93 20.724998 20.6275 19.974998 18.864998 17.054998 16.474998 18.057499 19.89 20.3825 19.287498 17.114998 13.775 9.967501 5.7575 2.925 4.3500004 7.7825 11.66 14.9075 16.765 17.365 17.64 18.8 19.3725 19.005 18.852499 18.875 20.0875 22.704998 25.967499 29.069998 30.8375 31.9575 32.379997 32.2425 31.355001 30.182499 30.0325 28.335 23.935 17.447498 12.8925 10.2075 11.715 5.6449995 10.325 20.894999 5.0375 5.8325 -999999.0 19.21 39.125 46.7475 45.9625 38.915 27.739998 22.462498
17.477499 19.11 20.057499 20.8225 21.4275 21.607498 22.6075 23.224998 23.377499 22.8775 21.2075 20.2575 21.2975 23.14 24.3025 23.755001 21.5975 18.105 13.6825 8.7425 3.5375 7.0599995 12.2075 16.4975 20.195 22.657497 23.64 24.645 25.592499 26.502499 26.662498 26.560001 26.664997 27.03 28.307499 30.722498 33.125 34.4525 34.6875 34.452496 33.9375 32.87 31.785 30.994999 30.045 27.087502 20.42 21.1525 23.092499 4.2200003 -999999.0 16.044998 20.967499 26.66 32.29 -999999.0 28.752499 41.3675 38.355 41.235 34.055 27.697498 25.35
19.3475 20.002499 20.457499 21.432499 23.159998 23.029999 23.29 23.589998 24.2125 24.504997 24.6475 24.5825 24.632498 26.8325 29.399998 29.199999 27.5675 24.244999 19.52 15.304999 13.327499 14.955 18.63 22.519999 26.704998 29.025 30.352499 31.73 32.894997 33.782497 34.039997 33.895 33.5875 33.149998 33.67 35.4775 37.2225 38.07 37.844997 37.332497 35.872498 34.48 32.8925 32.5375 33.967495 31.925 29.9425 37.6575 36.192497 32.019997 14.635 5.7025 12.817499 27.377499 38.997498 40.57 43.355 42.107502 31.407501 34.535 27.2975 28.085 28.179998
21.779999 21.11 20.967499 21.6525 23.88 23.587502 23.307499 22.439999 23.672499 24.422499 26.41 29.2725 30.509998 31.915 34.05 34.872498 34.1075 31.017498 26.8275 23.654999 22.5425 23.297499 25.704998 28.6475 32.1825 35.4525 37.7575 39.655 40.9925 41.595 41.075 40.024998 39.33 39.15 39.4975 40.325 41.190002 41.652496 41.199997 40.3975 38.7925 37.055 35.225 33.38 37.385002 30.784998 31.869999 40.5975 38.2175 29.59 22.18 18.2375 17.4975 28.122501 35.1925 38.120003 38.537502 35.0925 31.2375 28.652498 31.015 35.1725 31.9725
22.675 21.685 21.1975 21.2 21.297499 22.3325 22.6125 22.927502 23.922499 23.932499 28.237501 32.565 35.019997 36.435 37.665 37.8675 36.515 35.047497 33.620003 32.01 30.145 28.594997 27.269999 33.899998 37.850002 42.260002 45.9725 48.2375 49.4475 49.76 48.054996 45.475 44.359997 44.985 44.92 44.9375 45.45 45.66 45.277496 44.492496 43.372498 41.789997 39.67 37.96 38.8 28.279999 31.502499 42.5525 37.95 30.155 26.06 23.185001 22.27 28.122501 33.0025 35.535 35.744995 33.335 31.32 26.71 34.382496 48.6275 29.21
22.307499 21.509998 20.54 20.329998 20.372501 21.9525 23.2375 24.1075 25.32 27.4175 31.005 34.677498 37.12 38.567497 39.864998 40.2725 38.622498 38.8975 38.2025 37.475 36.3475 35.9175 36.415 39.18 42.61 47.190002 51.21 54.532497 56.562496 57.265 55.214996 52.434998 50.5575 50.765 50.307503 49.85 49.927498 49.605 49.385 49.164997 49.07 47.372498 43.7925 41.027496 39.489998 32.3675 40.575 40.0775 34.6125 28.93 27.182499 26.574997 27.162498 30.385 33.184998 35.16 35.125 33.805 32.6925 18.93 25.945 48.345 25.535
20.357498 20.3175 19.205 18.93 19.635 22.259998 24.7725 26.359999 26.6975 28.439999 32.232502 34.9825 37.2175 38.415 40.282497 41.839996 42.1625 42.1825 41.28 39.944996 41.1625 41.954998 43.735 44.260002 47.472496 52.045002 55.14 58.839996 61.46 63.89 62.76 59.889996 57.8225 56.464996 55.864998 54.79 53.45 53.1375 53.1325 53.745 54.315 51.945 47.4675 42.667496 36.9525 36.1075 48.374996 32.68 26.497498 24.515 27.585 28.692501 29.435 31.602499 34.44 35.492496 35.3925 34.274998 33.6625 31.795002 21.33 52.2425 25.1025
17.050001 15.902499 16.085 16.32 18.1125 20.957499 24.42 26.744999 26.454998 26.915 31.4275 35.3575 37.76 38.835 40.704998 43.129997 44.6 45.0225 44.575 44.2325 45.539997 46.442497 46.875 48.8225 52.589996 56.19 57.715 62.905 66.6775 69.932495 69.085 65.837494 63.934998 62.5375 61.144997 59.004997 57.1425 56.420002 56.8625 57.68 58.1475 55.1 50.82 46.987495 44.007496 44.055 50.247498 44.552498 23.295 21.625 22.285 24.970001 26.977499 25.27 23.429998 33.607502 33.287502 33.905 33.887497 34.247498 54.0325 41.02 25.6575
11.587501 9.0125 9.51 11.3525 14.759999 18.5725 22.232498 24.805 26.252499 28.099998 31.582497 35.25 37.885002 39.43 41.739998 44.4825 46.4075 47.5175 47.484997 47.164997 47.99 48.75 49.239998 51.594997 55.285 59.445 62.865 66.8125 70.25 73.990005 74.3975 72.200005 69.655 66.3825 63.7525 61.43 59.555 59.434998 60.35 60.767494 59.212498 56.887497 53.975 52.92 54.92 56.149998 57.4875 43.292503 33.582504 26.1675 22.07 23.189999 25.059998 23.8925 23.3 23.05 27.217499 30.134998 32.9175 34.252502 48.735 34.402496 28.134998
5.3849998 1.78 1.9749999 5.2825 10.0625 15.242499 19.8975 23.119999 25.322498 27.64 31.1325 35.635 38.5375 39.907494 41.98 45.3625 47.5325 49.247498 49.574997 49.115 48.565002 49.1475 50.91 53.214996 56.645 61.34 65.274994 68.862495 72.225 76.5 78.97 78.3025 73.75 68.3925 63.7325 63.335 62.7725 62.782497 62.8925 62.035004 60.1925 58.5925 56.26 57.14 61.64 63.1325 64.689995 59.1475 35.9175 30.88 23.505 21.955 22.157501 22.4475 22.9075 22.307499 23.117498 26.484999 31.22 34.2175 39.2875 37.739998 24.869999
-999999.0 -999999.0 -999999.0 -999999.0 5.34 11.43 17.109999 21.037498 23.4975 26.357498 30.882498 35.5575 38.33 40.0675 42.02 45.4325 47.9875 48.9825 49.517498 50.005 49.284996 49.84 51.587498 53.8975 56.799995 60.54 64.94499 68.645004 72.78999 77.5475 82.4925 82.52249 75.729996 69.8625 63.6675 64.8775 66.1075 66.3275 64.705 62.735 61.424995 59.75 58.1625 59.562496 64.284996 65.3375 60.192497 52.93 45.87 32.7725 33.09 42.4 44.017498 19.25 20.76 20.6925 21.07 23.8025 29.1075 32.622498 32.5625 49.107494 48.0925
-999999.0 -999999.0 -999999.0 -999999.0 1.6724999 8.0425 13.782499 18.237501 21.55 25.279999 29.985 34.6075 37.9575 40.265 42.5175 45.285 47.584995 48.44 49.004997 49.72 49.4775 50.0125 51.7175 53.6175 56.17 59.054996 62.6575 66.28999 69.9825 74.880005 80.47749 80.7 76.060005 70.4625 66.81 67.3575 68.8425 69.695 66.86749 64.4975 62.9875 61.6125 60.725 61.052498 64.16499 52.784996 49.5425 43.397495 36.61 31.3125 35.4075 44.809998 48.32 37.4275 18.8375 19.502499 20.942501 23.2375 26.477499 28.875 29.6325 47.504997 43.260002
-999999.0 -999999.0 -999999.0 -999999.0 -999999.0 5.49 10.849999 15.4375 19.5275 23.7475 28.3175 33.109997 37.614998 40.649998 43.227497 45.7025 47.747498 48.2275 48.7225 48.64 49.4925 50.065 50.995 52.8075 55.047497 56.612503 60.01 62.679996 65.03 68.7075 72.174995 72.9275 71.2025 68.509995 67.462494 68.1825 70.905 72.5075 69.9225 66.7475 65.177505 63.499996 61.754997 60.579998 58.6625 49.559998 39.82 32.364998 27.852499 29.015 37.5225 41.2725 49.265 43.207504 36.52 19.802502 21.050001 22.654999 24.142498 25.3625 25.7525 43.972496 32.5725
-999999.0 -999999.0 -999999.0 -999999.0 -999999.0 3.9025 8.737499 13.549999 18.215 22.572498 26.66 30.93 36.324997 39.9325 42.957497 45.6675 47.375 48.137497 48.3575 48.455 49.3175 49.7025 50.0725 52.245 54.4875 56.0075 57.0525 58.895 60.5925 62.18 63.735 63.697502 64.07 64.134995 65.244995 67.44499 71.932495 75.47 73.0725 69.57 66.875 64.145 61.844997 57.455 54.2 43.517498 31.019999 21.2925 20.605 26.8725 38.079994 54.255 64.8525 48.195 34.954998 26.092499 21.859999 21.4575 21.715 22.092499 23.092499 45.245003 36.7725
-999999.0 -999999.0 -999999.0 -999999.0 -999999.0 3.5425 7.7925 12.4625 17.095 21.4175 26.029999 30.967499 35.159996 38.620003 42.3125 45.254997 47.0775 47.9775 48.374996 48.427498 49.135 49.302498 49.262497 50.965 52.549995 53.065002 52.822502 53.015 54.254997 54.515 54.7225 55.01 56.507496 59.242496 61.795 61.727497 73.69 78.2275 76.9975 73.46999 68.67 64.6675 60.449997 57.07 52.952503 39.942497 24.0325 10.599999 11.455 22.705 33.129997 45.6325 52.035 44.342503 31.740002 18.6525 23.65 31.037498 30.52 26.5425 22.1325 41.995 36.5475
-999999.0 -999999.0 -999999.0 -999999.0 0.34500003 3.5874999 7.2749996 12.025 16.2025 20.589998 25.779999 30.554998 34.3225 37.337498 41.462498 44.3425 45.7275 47.2575 48.17 48.475 48.854996 48.6725 47.989998 47.872498 48.2075 48.3 47.182503 45.9225 46.48 46.5475 46.747498 47.954998 49.914997 55.182495 60.14 67.1425 77.0275 81.822495 80.77249 77.0625 70.89 65.1325 61.217495 59.8275 56.0925 42.025 25.455 9.65 12.36 23.4 33.365 40.8425 43.5775 39.1725 30.6 23.0725 20.122501 19.2225 23.395 25.84 30.82 -999999.0 -999999.0
6.7825 0.5125 -999999.0 -999999.0 1.3349999 3.9049997 7.12 11.04 15.424999 19.7825 24.517498 29.9575 34.317497 37.280003 40.4025 42.947502 44.335 45.5675 46.805 47.887497 47.4125 46.595 45.7425 44.35 43.237495 42.8275 41.370003 39.8975 38.65 38.024998 38.4475 38.7475 40.87 49.192497 58.262497 67.502495 76.009995 84.8975 81.8175 79.2175 74.3875 66.96 64.0325 66.10249 62.895 48.48 34.8825 26.4575 27.37 30.592499 34.75 40.1325 41.067497 37.055 32.46 27.464998 23.74 19.150002 19.0725 25.3 -999999.0 -999999.0 -999999.0
13.8375 4.84 1.095 1.885 2.9625 5.2249994 7.605 10.365 13.797501 17.742498 22.8825 29.3125 34.09 36.545 39.0775 41.27 42.535 43.899994 45.3375 46.525 45.969997 44.975 43.745 41.53 39.004997 38.395 36.605 34.1875 31.787498 30.574999 30.845 32.67 35.9275 45.329994 54.072502 62.3125 70.0 75.13249 76.075005 78.755005 75.565 68.135 68.104996 70.88249 70.085 57.714996 46.415 38.3925 35.1725 28.609997 35.329998 39.357502 39.0775 37.19 34.732502 30.9375 26.645 19.485 10.429999 16.5375 -999999.0 -999999.0 -999999.0
