data/TNO-HT-ATES/HT-ATES_ooz2/ooz2__temp_start_prod_P50_basecase_80-45-40.asc
ncols  140
nrows  163
xllcorner  0.0
yllcorner  300000.0
cellsize  2000.0
NODATA_value  -999999.0
[rows 28 to 55 of 163, columns 63 to 125 of 140]
78.06141 77.40378 75.8596 0.0 0.0 -999999.0 -999999.0 -999999.0 -999999.0 -999999.0 -999999.0 -999999.0 -999999.0 -999999.0 -999999.0 -999999.0 -999999.0 -999999.0 -999999.0 -999999.0 -999999.0 -999999.0 -999999.0 -999999.0 -999999.0 -999999.0 -999999.0 -999999.0 -999999.0 -999999.0 -999999.0 -999999.0 -999999.0 -999999.0 -999999.0 0.0 0.0 74.82317 76.689896 77.79912 78.530045 78.90443 79.171646 79.3695 79.471176 79.51636 79.49253 79.53274 79.60996 79.61964 79.610565 79.63697 79.578636 79.437355 79.12729 78.60587 77.97697 78.189995 78.52858 78.624306 -999999.0 0.0 0.0
78.14617 77.60088 76.59559 74.53832 0.0 0.0 -999999.0 -999999.0 -999999.0 -999999.0 -999999.0 -999999.0 -999999.0 -999999.0 -999999.0 -999999.0 -999999.0 -999999.0 -999999.0 -999999.0 -999999.0 -999999.0 -999999.0 -999999.0 -999999.0 -999999.0 -999999.0 -999999.0 -999999.0 -999999.0 -999999.0 -999999.0 -999999.0 -999999.0 -999999.0 0.0 0.0 75.57916 77.40891 78.370804 78.86493 79.138794 79.330376 79.453735 79.56448 79.54737 79.18463 79.53877 79.54535 79.53107 79.487434 79.43069 79.3971 79.161896 78.61864 78.35609 78.36547 78.83481 79.20931 79.43279 -999999.0 78.67068 0.0
78.11268 77.55785 76.61708 75.21396 0.0 0.0 0.0 -999999.0 -999999.0 -999999.0 -999999.0 -999999.0 -999999.0 -999999.0 -999999.0 0.0 0.0 0.0 -999999.0 -999999.0 -999999.0 -999999.0 -999999.0 -999999.0 -999999.0 -999999.0 -999999.0 -999999.0 -999999.0 -999999.0 -999999.0 -999999.0 -999999.0 -999999.0 -999999.0 0.0 0.0 76.16372 77.9092 78.70106 79.027245 79.20547 79.35305 79.41491 79.47836 79.49313 78.59783 78.142105 79.45989 79.31873 79.38048 79.293564 79.17512 78.88802 78.34702 78.066345 78.35008 78.92419 79.30832 79.41075 -999999.0 79.243805 79.09061
78.177925 77.64653 76.91134 75.862885 74.35232 0.0 0.0 -999999.0 -999999.0 -999999.0 -999999.0 -999999.0 -999999.0 -999999.0 0.0 0.0 0.0 0.0 0.0 -999999.0 -999999.0 -999999.0 -999999.0 -999999.0 -999999.0 -999999.0 -999999.0 -999999.0 -999999.0 -999999.0 -999999.0 -999999.0 -999999.0 -999999.0 0.0 0.0 74.541245 77.10567 78.19828 78.76042 79.030464 79.185745 79.28889 79.29268 79.25483 79.15064 78.611115 78.16254 78.3756 79.239555 79.15454 79.13693 78.99088 78.94793 78.8396 78.296394 78.25453 78.861145 79.25391 79.384346 -999999.0 79.47017 79.331696
78.30977 77.87221 77.33693 76.53 74.92826 72.765144 0.0 0.0 -999999.0 -999999.0 -999999.0 -999999.0 -999999.0 0.0 0.0 72.69631 73.06634 0.0 0.0 0.0 -999999.0 -999999.0 -999999.0 -999999.0 -999999.0 -999999.0 -999999.0 -999999.0 -999999.0 -999999.0 -999999.0 -999999.0 -999999.0 -999999.0 0.0 0.0 76.06621 77.68372 78.38964 78.72755 78.927666 79.07282 79.14901 79.12809 79.04815 78.84144 78.514824 78.21724 77.78559 78.76506 79.10161 79.19345 79.31658 79.45118 79.24883 78.5491 78.74234 79.1156 79.29079 79.408806 79.45898 79.43992 79.18908
78.47448 78.1441 77.712685 77.11403 75.96525 74.60646 72.318245 0.0 0.0 0.0 0.0 0.0 0.0 0.0 74.07513 74.69599 74.31734 72.42974 0.0 0.0 -999999.0 -999999.0 -999999.0 -999999.0 -999999.0 -999999.0 -999999.0 -999999.0 -999999.0 -999999.0 -999999.0 -999999.0 -999999.0 -999999.0 0.0 74.33025 77.084785 78.08997 78.52101 78.71528 78.78909 78.9587 79.047066 79.01683 78.9068 78.64093 78.387276 77.95032 77.57696 76.7696 78.39445 79.63711 79.77773 79.69684 79.50327 79.08101 79.15518 79.249245 79.38613 79.46691 79.44875 79.32944 78.80882
78.63061 78.361206 78.065575 77.70879 77.06019 76.46486 75.246025 73.476135 0.0 0.0 0.0 0.0 0.0 74.090866 75.53532 75.63261 74.962105 73.219795 0.0 0.0 0.0 -999999.0 -999999.0 -999999.0 -999999.0 -999999.0 -999999.0 -999999.0 -999999.0 0.0 -999999.0 -999999.0 -999999.0 0.0 0.0 76.4101 77.84739 78.45335 78.682755 78.729454 78.395744 78.931725 78.995544 78.97214 78.85755 78.59069 78.171295 77.70147 77.82561 78.022736 77.573 79.72753 79.77083 79.72684 79.58466 78.84362 79.375824 79.443726 79.49827 79.49805 79.39264 79.16219 78.71635
78.79744 78.62185 78.3983 78.15945 77.889984 77.61526 77.08841 76.42849 75.82275 75.0875 74.694756 74.48881 75.02356 76.31499 77.01537 77.0162 76.54575 75.63177 73.37816 0.0 0.0 0.0 0.0 0.0 0.0 0.0 0.0 0.0 0.0 0.0 0.0 -999999.0 -999999.0 0.0 75.76896 77.66989 78.42673 78.796585 78.93354 78.951256 78.95157 79.00834 79.03993 79.06306 78.906296 78.6144 78.12064 77.6806 77.65784 77.90042 77.42305 77.6649 79.68006 79.63825 79.36207 79.31983 79.431885 79.53715 79.56811 79.50245 0.0 0.0 78.53208
78.85356 78.8212 78.698326 78.5536 78.43028 78.306274 78.12674 77.86628 77.362206 77.00412 76.8619 76.824646 77.39947 77.76825 77.79477 77.666176 77.31598 76.660225 74.80948 0.0 0.0 0.0 0.0 0.0 74.41833 75.20381 74.813 74.833466 75.05897 74.937874 73.35648 0.0 0.0 75.35015 77.48158 78.39395 78.81691 79.03507 79.10784 79.13153 79.13058 79.09134 79.08306 79.07308 78.95932 78.68291 78.1511 77.457275 76.98172 77.213875 76.43995 77.226425 79.533005 79.48971 79.43852 79.02417 79.41563 79.55491 79.582825 79.45361 0.0 0.0 0.0
78.76113 78.80293 78.81203 78.7601 78.69053 78.64426 78.58207 78.46191 78.2338 78.04038 77.92601 77.90203 78.16922 78.4264 78.42924 78.24778 77.99716 77.344086 75.86285 72.651794 0.0 0.0 72.96383 75.55135 76.899826 77.35904 77.3632 77.44578 77.59719 77.60521 77.31882 77.0414 77.185104 77.71782 78.39258 78.800064 79.05662 79.18164 79.20266 79.232506 79.22788 79.16402 79.13099 79.10849 79.07872 78.731255 78.18368 76.94989 0.0 75.89105 0.0 76.906624 79.223434 78.96178 78.97709 76.98227 79.21476 79.48509 79.5156 0.0 0.0 78.141396 0.0
78.73483 78.7454 78.83997 78.80094 78.76724 78.764595 78.825226 78.84481 78.783 78.68947 78.484665 78.39218 78.60746 78.79027 78.81397 78.73629 78.4887 77.985756 76.85876 73.975555 0.0 0.0 75.68594 77.41005 78.109604 78.38886 78.467964 78.49016 78.60963 78.661415 78.62115 78.59256 78.584206 78.68572 78.90876 79.108406 79.23924 79.281136 79.29414 79.29779 79.25213 79.221825 79.168526 79.13939 79.06093 78.810844 78.14325 77.25841 76.24853 76.842255 0.0 0.0 78.44553 0.0 0.0 -999999.0 78.343605 79.351425 79.4369 0.0 0.0 0.0 0.0
78.56383 78.73312 78.74487 78.8369 78.86889 78.88638 78.946686 79.06085 79.00937 78.9609 78.87467 78.81342 78.88832 79.009476 79.042404 79.00117 78.91083 78.60807 77.977936 76.27763 0.0 75.19448 77.572334 78.38673 78.772644 78.94103 79.00436 79.01419 79.088104 79.11843 79.14261 79.11792 79.10424 79.12172 79.17245 79.267166 79.33691 79.37465 79.36734 79.350105 79.30284 79.261566 79.22954 79.18541 79.13011 78.99415 78.519295 78.58112 78.69095 0.0 -999999.0 77.72446 78.45144 78.85052 79.11892 -999999.0 79.01143 79.36088 79.25663 79.321686 79.13227 0.0 0.0
78.7317 78.73957 78.88288 78.956856 79.064606 79.0607 79.07404 79.02225 79.05668 79.07354 79.06081 79.072685 79.06001 79.187126 79.29128 79.28411 79.22221 79.03877 78.75003 78.21143 77.88385 78.14196 78.64114 78.946106 79.15113 79.247955 79.29249 79.338646 79.3784 79.38641 79.38015 79.38567 79.37031 79.34992 79.35682 79.41116 79.43624 79.460594 79.448105 79.42161 79.35301 79.3128 79.261055 79.221725 79.25807 79.18641 79.10816 79.32378 79.25677 79.11744 77.58955 0.0 77.006584 78.926956 79.288124 79.3357 79.37363 79.33302 79.04596 79.19407 78.86252 0.0 0.0
78.99489 78.94512 78.93571 78.97896 79.10935 79.090096 79.07623 78.95544 79.02252 79.06707 79.191284 79.285515 79.33175 79.375404 79.43547 79.47036 79.435974 79.3478 79.18369 78.99293 78.952446 79.00046 79.11396 79.24388 79.3679 79.44709 79.492615 79.52075 79.54022 79.56267 79.545105 79.51469 79.5065 79.49654 79.492775 79.49943 79.511345 79.52474 79.510796 79.49044 79.41363 79.3746 79.320625 79.237564 79.34487 79.15327 79.18836 79.361534 79.30042 79.03181 78.626755 78.18391 78.07324 78.99953 79.24902 79.29049 79.25363 79.170525 79.033134 78.99921 79.02355 0.0 0.0
79.04914 78.98695 78.948166 78.93992 78.94406 79.01457 79.03125 78.987404 79.04507 79.044556 79.25521 79.388054 79.47282 79.50824 79.53269 79.53655 79.50912 79.45668 79.41873 79.36903 79.323494 79.24637 79.19361 79.42959 79.51989 79.57295 79.625244 79.66249 79.656105 79.65315 79.638756 79.60178 79.58465 79.58857 79.58222 79.58349 79.58101 79.57245 79.57101 79.54718 79.49547 79.47001 79.41485 79.359604 79.36088 79.05146 79.175606 79.4257 79.29616 79.059 78.86977 78.712 78.65468 79.01098 79.16538 79.20112 79.19348 0.0 0.0 78.9346 0.0 0.0 0.0
79.017784 78.97283 78.89343 78.876045 78.879196 78.9897 79.077484 79.04865 79.12277 79.275215 79.343925 79.463554 79.51555 79.53238 79.554634 79.55716 79.542175 79.5509 79.52239 79.51406 79.48346 79.49161 79.47251 79.51798 79.58176 79.660095 79.67608 79.72549 79.71482 79.71743 79.69565 79.67388 79.654106 79.65373 79.6415 79.637054 79.633415 79.62621 79.627396 79.60697 79.57291 79.539375 79.480446 79.41521 79.36801 79.195595 79.37142 79.338196 79.19985 79.00427 78.93852 78.91716 78.94414 79.07944 79.1534 79.18504 79.191536 0.0 0.0 78.26066 78.78806 0.0 0.0
78.88783 78.88048 78.787155 78.767815 78.82034 78.94218 79.1554 79.18258 79.24233 79.316826 79.398445 79.47036 79.50643 79.530685 79.57411 79.58628 79.59297 79.59096 79.59315 79.56373 79.58106 79.58299 79.61251 79.61557 79.66227 79.68836 79.714134 79.739296 79.7728 79.75643 79.751625 79.7362 79.7145 79.6995 79.69232 79.67473 79.6673 79.662834 79.65386 79.63665 79.629684 79.593796 79.53408 79.44655 79.313156 79.2982 79.5171 79.14703 78.88835 78.76476 78.94554 79.008644 79.03256 79.108925 79.15852 79.17271 0.0 0.0 0.0 79.070564 78.49163 0.0 0.0
78.57848 78.41204 78.451454 78.47352 78.67545 78.86419 79.14298 79.252075 79.23236 79.25429 79.369545 79.47854 79.532486 79.54866 79.5861 79.61888 79.62792 79.63023 79.62005 79.614334 79.63975 79.651596 79.646515 79.68043 79.71967 79.72597 79.75158 79.77874 79.796616 79.81212 79.77973 79.767876 79.74688 79.72726 79.73314 79.71026 79.69746 79.685486 79.66511 79.66795 79.66463 79.61897 79.574585 79.50828 79.4412 79.459885 79.53288 79.44669 78.69267 78.53972 78.624825 78.75715 0.0 0.0 0.0 0.0 0.0 0.0 0.0 0.0 0.0 0.0 0.0
77.5297 76.57121 76.79674 77.44736 78.23625 78.67693 79.011444 79.15627 79.22844 79.25342 79.37694 79.482704 79.5364 79.55459 79.598625 79.63744 79.6621 79.67302 79.671646 79.66177 79.68087 79.673 79.690025 79.71059 79.736786 79.766266 79.78775 79.79221 79.8121 79.82978 79.802925 79.78866 79.77173 79.75222 79.744446 79.72424 79.70474 79.70018 79.67711 79.674286 79.65281 79.62657 79.60014 79.57609 79.56752 79.586815 79.57217 79.42322 79.20277 78.85947 78.57498 78.64705 0.0 0.0 0.0 0.0 0.0 0.0 0.0 0.0 79.43647 0.0 0.0
73.794106 0.0 0.0 73.607506 76.9944 78.30825 78.8393 79.07124 79.18382 79.2312 79.37061 79.491325 79.529755 79.56223 79.60105 79.64935 79.66571 79.68231 79.68494 79.67811 79.66978 79.693375 79.68958 79.707306 79.7439 79.778755 79.792694 79.81458 79.82397 79.83824 79.82612 79.81549 79.785324 79.758736 79.74652 79.73264 79.721664 79.705925 79.70941 79.68067 79.65783 79.63469 79.61491 79.60964 79.611664 79.62745 0.0 0.0 79.27129 79.11734 78.69506 78.57291 0.0 0.0 0.0 0.0 0.0 0.0 0.0 0.0 79.345276 79.28384 0.0
-999999.0 -999999.0 -999999.0 -999999.0 73.60254 77.44679 78.56679 78.925995 79.08539 79.17092 79.35575 79.475494 79.53241 79.56718 79.59954 79.644325 79.682945 79.67932 79.68774 79.69827 79.69427 79.68563 79.6942 79.717804 79.745285 79.776375 79.7959 79.803085 79.82794 79.842995 79.8588 79.82541 79.79827 79.7608 79.722084 79.738686 79.73699 79.696526 79.69821 79.67732 79.657265 79.66082 79.62926 79.62196 79.6664 79.62613 0.0 0.0 0.0 79.17575 79.19061 79.36056 79.36271 0.0 0.0 0.0 0.0 0.0 0.0 0.0 0.0 0.0 0.0
-999999.0 -999999.0 -999999.0 -999999.0 0.0 76.03482 78.041405 78.682594 78.95339 79.11653 79.32229 79.45099 79.53008 79.57091 79.60602 79.638756 79.66495 79.689514 79.69107 79.69799 79.69258 79.683716 79.7041 79.71791 79.74345 79.76309 79.76826 79.79824 79.81069 79.81222 79.82064 79.822014 79.79456 79.76304 79.73705 79.73601 79.73476 79.70959 79.709175 79.68997 79.66287 79.65776 79.64251 79.62541 79.65921 79.52973 79.465385 79.34942 79.20548 79.04106 79.203926 79.40757 79.444725 79.23066 0.0 0.0 0.0 0.0 0.0 0.0 0.0 0.0 0.0
-999999.0 -999999.0 -999999.0 -999999.0 -999999.0 73.779144 77.24692 78.31549 78.79454 79.03009 79.250015 79.426056 79.5161 79.58101 79.610146 79.64746 79.66765 79.68591 79.6883 79.68709 79.67573 79.68105 79.696915 79.7001 79.73303 79.74274 79.763626 79.778305 79.765236 79.78333 79.816864 79.784386 79.7769 79.74722 79.740364 79.736465 79.744644 79.717125 79.72409 79.69763 79.6771 79.669754 79.65248 79.623375 79.618195 79.47109 79.30861 79.10149 78.92313 78.963875 79.247574 79.332214 79.4193 79.33552 0.0 0.0 0.0 0.0 0.0 0.0 0.0 0.0 0.0
-999999.0 -999999.0 -999999.0 -999999.0 -999999.0 0.0 76.40332 77.9727 78.6255 78.93713 79.17272 79.357895 79.48764 79.56165 79.6142 79.64028 79.66321 79.665504 79.68428 79.66305 79.67489 79.676506 79.686035 79.69938 79.72201 79.7308 79.74202 79.73105 79.724754 79.74072 79.74866 79.73925 79.73605 79.7309 79.71672 79.73156 79.72385 79.72955 79.7396 79.69013 79.68405 79.67616 79.62492 79.58637 79.52916 79.38676 79.070274 78.51053 78.46083 78.90098 79.28489 79.48375 79.54254 79.407364 0.0 0.0 0.0 0.0 0.0 0.0 0.0 0.0 0.0
-999999.0 -999999.0 -999999.0 -999999.0 -999999.0 0.0 75.83661 77.7202 78.496925 78.85876 79.1424 79.36143 79.46312 79.535805 79.599144 79.63488 79.65811 79.662766 79.6646 79.66283 79.666275 79.68681 79.68198 79.69491 79.71125 79.70675 79.70651 79.69278 79.699425 79.689186 79.69608 79.68354 79.68649 79.698044 79.702324 79.7095 79.72918 79.73894 79.74515 79.73417 79.70788 79.67406 79.61373 79.58775 79.5635 79.32131 78.73809 76.35538 76.66238 78.60818 79.1793 79.39073 79.465645 0.0 0.0 0.0 0.0 0.0 0.0 0.0 0.0 0.0 0.0
-999999.0 -999999.0 -999999.0 -999999.0 0.0 0.0 75.467865 77.6207 78.38176 78.804276 79.14407 79.33702 79.45119 79.51605 79.57973 79.62387 79.653915 79.65331 79.66241 79.65905 79.68105 79.67695 79.663956 79.64892 79.66119 79.65544 79.62033 79.59946 79.62194 79.59638 79.612206 79.6055 79.63426 79.67528 79.69581 79.725044 79.738594 79.74954 79.7658 79.74707 79.71532 79.67323 79.625145 79.610214 79.59277 79.35071 78.82194 75.87413 76.949554 78.687546 79.13803 79.29495 0.0 0.0 0.0 0.0 0.0 0.0 0.0 0.0 0.0 -999999.0 -999999.0
75.1505 0.0 -999999.0 -999999.0 0.0 0.0 75.347595 77.292915 78.30259 78.816284 79.0652 79.31586 79.447334 79.517006 79.569496 79.60104 79.63325 79.6309 79.66335 79.65957 79.66893 79.652016 79.64363 79.61849 79.57881 79.570244 79.53023 79.50674 79.48382 79.468864 79.48661 79.485115 79.520355 79.61711 79.680756 79.72169 79.74069 79.78472 79.77275 79.76074 79.73915 79.69468 79.662605 79.65839 79.65176 79.44947 79.19138 78.8608 78.90493 0.0 0.0 0.0 0.0 0.0 0.0 0.0 0.0 0.0 0.0 0.0 -999999.0 -999999.0 -999999.0
78.07059 72.964355 0.0 0.0 0.0 73.39942 75.68059 77.05899 78.009865 78.57249 78.96483 79.29676 79.42721 79.49029 79.53704 79.57712 79.6058 79.625755 79.64417 79.636536 79.633415 79.61186 79.59138 79.55371 79.5124 79.51094 79.45429 79.3857 79.3192 79.25968 79.274025 79.340775 79.42243 79.574974 79.648224 79.69916 79.729004 79.73164 79.74999 79.76177 79.739586 79.69795 79.69754 79.73235 79.68811 79.5488 79.40927 79.30108 0.0 78.96371 0.0 0.0 0.0 0.0 0.0 0.0 0.0 0.0 0.0 0.0 -999999.0 -999999.0 -999999.0
