data/TNO-HT-ATES/HT-ATES_ooz2/ooz2__porosity_basecase_80-45-40.asc
ncols  140
nrows  163
xllcorner  0.0
yllcorner  300000.0
cellsize  2000.0
NODATA_value  -999999.0
[rows 81 to 107 of 163, columns 60 to 119 of 140]
0.37154996 0.3717 0.37572503 0.3761 0.37642503 0.37682498 0.3772 0.37762502 0.378375 0.37920004 0.38000005 0.38085005 0.38140008 0.38182506 0.38232505 0.38225 0.38210002 0.38195005 0.38195005 0.382 0.38197502 0.38185003 0.38185003 0.38140005 0.38092503 0.38045004 0.38005006 0.37975004 0.37985006 0.38005006 0.38035002 0.38065004 0.38115004 0.38145003 0.38210002 0.383025 0.384075 0.38507503 0.385975 0.386925 0.38795 0.38887504 0.38997495 0.39174998 0.39354998 0.39534998 0.39732498 0.39949998 0.40205 0.4038 0.40442502 0.40475002 0.40497506 0.40582502 0.40634996 0.40712497 0.40804997 0.408725 -999999.0 -999999.0
0.37142497 0.3716 0.37189996 0.3722 0.37699997 0.37737504 0.377875 0.37847504 0.379125 0.380275 0.38192502 0.3835 0.38347504 0.38345003 0.3838 0.383675 0.38345003 0.38345003 0.38345003 0.38355005 0.38365003 0.38385004 0.38354996 0.38294995 0.38245004 0.38202503 0.38165003 0.38155004 0.381275 0.38177502 0.38205 0.38245004 0.38295004 0.383075 0.383475 0.38409996 0.38494998 0.38584998 0.38642505 0.38735 0.38854998 0.389875 0.39084995 0.392025 0.393775 0.395275 0.39724997 0.399725 0.40155 0.4035 0.40454996 0.40502498 0.40550002 0.40667498 0.40647507 0.407175 0.4081 -999999.0 -999999.0 -999999.0
0.3714 0.3716 0.37189996 0.3723 0.37259996 0.3728 0.37845 0.37914997 0.37987503 0.38120002 0.38287503 0.383025 0.38347498 0.3839 0.3842 0.3844 0.3844 0.384475 0.3846 0.384875 0.38520002 0.38555005 0.38505006 0.38430002 0.38372502 0.38345003 0.38275003 0.38265005 0.38265005 0.38304994 0.38355005 0.38385004 0.38429996 0.38429996 0.38449997 0.38497502 0.38575 0.38657498 0.38689998 0.38740003 0.38865 0.39070004 0.39157498 0.39324996 0.39494997 0.3959 0.39797497 0.39992493 0.4012 0.40297496 0.40410003 0.40460005 0.40484995 0.40664995 0.40657496 0.4078 -999999.0 -999999.0 -999999.0 -999999.0
0.3713 0.37142497 0.3718 0.37234998 0.3728 0.3728 0.3727 0.37300003 0.37522334 0.381425 0.38430002 0.3834 0.38295004 0.38425002 0.384775 0.3851 0.38517505 0.38530007 0.3854 0.3857 0.3862 0.3866 0.38615006 0.38547504 0.38485003 0.3842 0.38395005 0.3839 0.38395005 0.38415003 0.384675 0.3849 0.38480002 0.38502502 0.385225 0.38572502 0.38687497 0.3873 0.3876 0.3876 0.38865 0.39029998 0.39214996 0.39400002 0.3959 0.39764997 0.39904997 0.40034997 0.40144998 0.40334997 0.40392497 0.40464997 0.40495005 0.40567496 0.40567496 0.40744996 0.4081 -999999.0 -999999.0 -999999.0
0.3714 -999999.0 0.3718 0.3724 0.372975 0.372675 0.372175 0.3727 0.37335 0.3736 0.37357503 0.38840002 0.38495004 0.38575006 0.38615006 0.38615006 0.38605005 0.38617504 0.38615006 0.38612503 0.38682503 0.38700002 0.3868 0.38635004 0.38562503 0.38520002 0.38495004 0.3849 0.3849 0.38515005 0.38535005 0.38545004 0.3855 0.3857 0.385925 0.3864 0.38764998 0.3884 0.38875002 0.389125 0.389625 0.39104998 0.39264995 0.3947 0.39692497 0.39832503 0.39964998 0.40084997 0.4015 0.40242493 0.403625 0.40447497 0.40464997 0.40512496 0.4063 0.4071 -999999.0 -999999.0 -999999.0 -999999.0
0.37175006 0.3718 0.3721 0.37237498 0.3724 0.37189996 0.3718 0.3725 0.3732 0.373775 0.37582502 0.38247332 0.38970003 0.38775006 0.38912505 0.38897505 0.38732505 0.38740003 0.38723338 -999999.0 0.387475 0.3876 0.3876 0.3872 0.38655 0.3861 0.3858 0.3857 0.38575006 0.3861 0.38642505 0.3866 0.38615006 0.38629997 0.386675 0.3871 0.38809997 0.38869998 0.3893 0.38982502 0.3912 0.392025 0.3934 0.39524996 0.39714998 0.3985 0.39957502 0.40074998 0.40174997 0.40304995 0.40424997 0.40449995 0.40429997 0.40534997 0.40664995 0.40745008 -999999.0 -999999.0 -999999.0 -999999.0
0.3724 0.3725 0.3725 0.3728 0.3723 0.3721 0.37215003 0.37264997 0.3733 0.37414998 0.37527502 0.376525 0.390325 0.390575 0.390325 0.39055002 0.38982502 -999999.0 -999999.0 -999999.0 0.38835 0.388475 0.38845003 0.38809997 0.387425 0.38689998 0.38642505 0.38629997 0.386475 0.387075 0.38755006 0.3878 0.38770005 0.387075 0.38727504 0.38785002 0.388425 0.38935006 0.389875 0.391 0.39255 0.39250004 0.39395 0.39580002 0.397475 0.39884996 0.4 0.40094998 0.4019 0.40344998 0.40504998 0.40262502 -999999.0 0.40565002 0.40684998 0.40765005 -999999.0 -999999.0 -999999.0 -999999.0
0.37080002 0.37307504 0.3729 0.3731 0.373475 0.3725 0.372625 0.373025 0.3736 0.37454998 0.37572503 0.37694997 0.37835002 0.39107502 0.39062497 0.3911 0.39095002 0.3908 -999999.0 -999999.0 0.38920003 0.38932502 0.38945 0.38905 0.38827503 0.38752502 0.38695005 0.38654995 0.386925 0.38775 0.388425 0.38907498 0.38930005 0.38780004 0.38802502 0.3889 0.38952503 0.3899 0.390475 0.39147502 0.39242503 0.39320004 0.39485 0.396575 0.39804998 0.39934996 0.40047503 0.401375 0.40225 0.40279993 0.40387493 -999999.0 0.4057 0.406725 0.40734997 0.4084 0.40874997 -999999.0 0.41059995 0.41265
0.3713 0.3712 0.3734 0.373625 0.37410003 0.37427545 0.37312502 0.373475 0.37397504 0.3749 0.375925 0.37714997 0.37865 0.38070002 0.3924 0.3912 0.3915 0.3917 -999999.0 -999999.0 0.38992503 0.38992503 0.39 0.38967505 0.38897502 0.38802502 0.3873 0.386675 0.38717502 0.38822502 0.38915 0.389975 0.39072502 0.38855007 0.38907498 0.39030004 0.390925 0.39095002 0.39145005 0.392125 0.393025 0.39435 0.39604998 0.39757502 0.3988 0.3999 0.4008 0.40120003 0.40182507 0.40290007 0.40422493 0.4048 0.40549994 0.40734997 0.40714997 0.40832502 -999999.0 -999999.0 0.4101 0.41314998
0.3722 0.37227502 0.372625 0.374775 0.375225 0.3756 0.375975 0.374 0.374525 0.375425 0.3763 0.37714997 0.37865 0.381175 0.38367498 0.39067322 0.39217502 0.39250004 0.393225 -999999.0 0.39092502 0.3907 0.3905 0.3901 0.389625 0.388725 0.38792503 0.38755006 0.38797504 0.38907498 0.38972503 0.39015 0.3906 0.3895 0.39050004 0.39190003 0.39265004 0.39255005 0.39275002 0.393125 0.39380002 0.39534998 0.39704996 0.398525 0.3994 0.3999 0.40094998 0.4019 0.40274996 0.40365 0.40394998 0.40447497 0.4056 0.40679997 0.407725 0.40894997 0.40940002 0.409525 0.4111 0.412425
0.373075 0.37332502 0.3736 0.37990004 0.3761 0.376325 0.3766 0.3765 0.3752 0.376 0.376975 0.37755004 0.378775 0.38147497 0.38404998 0.38575 0.39129847 0.393425 0.39419997 0.3922 0.3923 0.39215004 0.39165002 0.3908 0.39085004 0.389975 0.38895005 0.38857505 0.3891 0.39002502 0.3907 0.39095002 0.39077502 0.39077502 0.39200002 0.393125 0.39365003 0.39405003 0.394225 0.39445004 0.395175 0.3966 0.3982 0.3995 0.40005004 0.3999 0.40132505 0.402775 0.40334997 0.40337497 0.403775 0.4046 0.40537497 0.40707502 0.40795004 0.40884995 0.41004997 0.4106 0.41144997 0.41347498
0.37375003 0.374 0.374 0.3801 0.38015002 0.3784013 0.376775 0.3767 0.3767 0.37662503 0.37765 0.37910002 0.38070002 0.382275 0.38357502 0.38584998 0.3871 0.394025 0.3948 0.395725 0.393875 0.39430004 0.39482507 0.39390007 0.39285004 0.39170006 0.39062503 0.38982502 0.39022502 0.390975 0.39190003 0.39275002 0.39292505 0.39325005 0.39385003 0.39450002 0.39522502 0.39545003 0.395675 0.39590004 0.39645004 0.39797503 0.399375 0.400275 0.40065002 0.4001 0.40180004 0.40284997 0.403575 0.40352505 0.40414998 0.40477502 0.4056 0.40729997 0.40797496 0.40864995 0.40927497 0.40914997 0.41230002 -999999.0
0.3743 0.37445006 0.37455 0.3803 0.3805 0.3806 0.38032502 0.37955004 0.37990004 0.377125 0.37825 0.37995 0.38175 0.383125 0.384375 0.38560003 0.38752502 0.38832504 0.3951 0.39615002 0.3973 0.39617503 0.39705005 0.39657503 0.394575 0.39367503 0.39235008 0.39115003 0.39220005 0.39295003 0.393475 0.3944 0.3944 0.39455 0.395425 0.396425 0.3967 0.39695004 0.397175 0.39765003 0.3984 0.39887503 0.399925 0.4009 0.4009 0.40125006 0.4026249 0.40264997 0.40385 0.404125 0.404525 0.40550002 0.40614998 0.40679997 0.40772495 0.4083 0.4087 0.40974998 0.41234997 -999999.0
0.3747 0.3749 0.37502503 0.380575 0.3807 0.38099998 0.38099998 0.3803 0.380225 0.37757504 0.37852502 0.37995 0.38165 0.38282505 0.3855 0.38657498 0.3876 0.38834977 0.3953 0.39615002 0.39732498 0.39849997 0.39772502 0.39779997 0.39807498 0.3953 0.39405 0.39335003 0.39375004 0.39425004 0.394775 0.39515004 0.39500004 0.395175 0.396325 0.397475 0.39785004 0.398 0.3982 0.3986 0.399175 0.39972502 0.40032497 0.401025 0.40282506 0.4026 0.402 0.4029 0.40374997 0.40472496 0.4052 0.4052 0.4057 0.40704998 0.4083 0.4083 0.4086 0.41004997 -999999.0 -999999.0
0.37515002 0.37530002 0.3755 0.3756 0.3808 0.3809 0.3808 0.3805 0.3805 0.38065004 0.37895 0.380175 0.38185 0.3832 0.3842 0.387675 0.3879 0.38837498 0.38907498 0.3957 0.39685002 0.39814997 0.39894995 0.39867502 0.39905006 0.39975005 0.39585003 0.39580008 0.39605004 0.39637506 0.39655003 0.39655003 0.39630005 0.397 0.3982001 0.399 0.3987 0.39849997 0.39835006 0.39894995 0.39972502 0.400375 0.40104997 -999999.0 0.4018667 0.40212497 0.402575 0.403025 0.40327495 0.40422493 0.404825 0.40462497 0.40534997 0.40704998 0.40819997 0.409 -999999.0 -999999.0 -999999.0 -999999.0
0.3757 0.37590003 0.376 0.376 0.376 0.3808 0.38055003 0.3803 0.38059998 0.381 0.37925 0.38054997 0.38214996 0.38365 0.38474998 0.3854 0.38995 0.388825 0.389625 0.3955 0.396725 0.39802498 0.39915 0.3998 0.3995 0.40034997 0.39995003 0.39820004 0.39825004 0.39865005 0.39872503 0.39835006 0.3981 0.398925 0.3996 0.39947504 0.399 0.3987 0.3987 0.39942503 0.40030003 0.4011 0.4016 -999999.0 -999999.0 0.402 0.40242493 0.4026 0.403 0.40340003 0.4041 0.4048 0.40582502 0.4069 0.40764996 -999999.0 -999999.0 -999999.0 -999999.0 -999999.0
0.376275 0.3765 0.3766 0.3765 0.3764 0.3808 0.3807 0.380575 0.380925 0.3814 0.38027537 0.38094997 0.38255 0.38414997 0.3854 0.38612503 0.391325 0.39270002 0.39095002 0.39222503 0.39724997 0.398425 0.3994 0.400675 0.40090016 0.40017503 0.40035 0.3997 0.4 0.40039998 0.40025005 0.39982504 0.3994 0.39965 0.3997 0.39994997 0.39937502 0.39905003 0.3991 0.40004998 0.4009 0.40147498 0.4023 0.40220004 -999999.0 -999999.0 -999999.0 -999999.0 -999999.0 0.40367502 0.40434998 0.40512496 -999999.0 0.406375 -999999.0 -999999.0 -999999.0 -999999.0 -999999.0 -999999.0
0.3769 0.37709996 0.3772 0.37709996 0.37695003 0.3768 0.37997425 0.38115 0.38142502 0.381825 0.382225 0.38124996 0.38264996 0.38445 0.38645 0.3858 0.38594997 0.39464998 0.395875 0.3939 0.3959995 0.39915 0.40007502 0.40125 0.40075 0.40039998 0.4005 0.40030003 0.40039998 0.4011 0.4011 0.4007 0.40030003 0.4002 0.40007502 0.4002 0.40042502 0.40025005 0.400175 0.400725 -999999.0 -999999.0 0.4025 0.4024 -999999.0 -999999.0 -999999.0 -999999.0 -999999.0 -999999.0 -999999.0 0.4051 0.4055 -999999.0 -999999.0 -999999.0 -999999.0 -999999.0 -999999.0 -999999.0
0.37587503 0.37767503 0.37785003 0.37775 0.37755 0.3773 0.377 0.3768 0.38192502 0.38229996 0.382775 0.38319996 0.38237497 0.38392496 0.38559997 0.38625 0.384825 0.38595 0.38997343 0.39687523 0.3972 0.40015003 0.40080002 0.40235004 0.40265 0.4026 0.401 0.40080002 0.4005 0.40102497 0.4013 0.40105003 0.40080002 0.40035 0.400325 0.401025 0.402 -999999.0 -999999.0 -999999.0 -999999.0 -999999.0 -999999.0 -999999.0 -999999.0 -999999.0 -999999.0 -999999.0 -999999.0 -999999.0 -999999.0 -999999.0 0.4055 -999999.0 -999999.0 -999999.0 -999999.0 -999999.0 -999999.0 -999999.0
0.37615 0.37619996 0.3786 0.3785 0.37815002 0.37782502 0.37740004 0.377 0.3773 0.38157412 0.38324997 0.38372502 0.38182497 0.382725 0.38374996 0.38467497 0.385725 0.3846 0.38744995 0.39112496 0.39940003 0.4005 0.40335003 0.40249994 0.4033 0.40412498 0.40505004 0.40180004 0.40145 0.4013 0.4019 0.40215 0.40182507 0.40117502 0.401675 0.402125 0.4027 -999999.0 -999999.0 -999999.0 -999999.0 -999999.0 -999999.0 -999999.0 -999999.0 -999999.0 -999999.0 -999999.0 -999999.0 -999999.0 -999999.0 -999999.0 -999999.0 -999999.0 -999999.0 -999999.0 -999999.0 -999999.0 -999999.0 -999999.0
0.3765 0.3765 0.3792 0.3792 0.37880003 0.3785 0.37815002 0.37785003 0.378 0.378425 0.37914997 0.3843 0.38490003 0.3818 0.382475 0.38414997 0.3854 0.38612497 0.38605002 0.38982496 0.40060002 0.401975 0.40444967 0.4025 0.4038 0.40492502 0.40585 0.40674996 0.4025 0.40245003 0.40335003 0.40365002 0.40405005 0.40295005 0.4029 0.4028 0.4031 0.40265 -999999.0 -999999.0 -999999.0 -999999.0 -999999.0 -999999.0 -999999.0 -999999.0 -999999.0 -999999.0 -999999.0 -999999.0 -999999.0 -999999.0 -999999.0 -999999.0 -999999.0 -999999.0 -999999.0 -999999.0 -999999.0 -999999.0
0.37705 0.377 0.37709996 0.38 0.3798 0.37942505 0.379075 0.37885004 0.37895003 0.37922502 0.3797 0.3804 0.3811 0.38547504 0.38244998 0.38425 0.38514996 0.38572502 0.38844994 0.389625 0.38909996 0.403075 0.404575 0.40580004 0.4052 0.40607503 0.40812504 0.4078 0.4078 0.40395 0.40475005 0.405475 0.405125 0.40432504 0.40349996 0.403 0.40305 0.40322506 -999999.0 -999999.0 -999999.0 -999999.0 -999999.0 -999999.0 -999999.0 -999999.0 -999999.0 -999999.0 -999999.0 -999999.0 -999999.0 -999999.0 -999999.0 -999999.0 -999999.0 -999999.0 -999999.0 -999999.0 -999999.0 -999999.0
0.37785003 0.37762505 0.37772498 0.37832502 0.38059998 0.3803 0.37995005 0.3798 0.37987503 0.38002503 0.38035 0.3809 0.38142502 0.382025 0.38514996 0.38435 0.3854 0.386925 0.3886 0.38834995 0.38924995 0.39272234 0.405675 0.4057 0.405625 0.40774998 0.40842497 0.4082 0.40835002 0.40495002 0.406025 0.4063 0.4059 0.4049 0.40504998 0.4031 0.40390003 0.40515 -999999.0 -999999.0 -999999.0 -999999.0 -999999.0 -999999.0 -999999.0 -999999.0 -999999.0 -999999.0 -999999.0 -999999.0 -999999.0 -999999.0 -999999.0 -999999.0 -999999.0 -999999.0 -999999.0 -999999.0 -999999.0 -999999.0
0.37865 0.37855002 0.37855002 0.379275 0.38119996 0.38077503 0.38045004 0.380525 0.38059998 0.380725 0.381 0.38125002 0.38154995 0.38207498 0.38275 0.38422474 0.38547498 0.3818 0.38205 0.3819 0.3887 0.388525 0.404275 0.406275 0.4066 0.40745 0.40914997 0.40885 0.409 0.4089 0.407225 0.406425 0.40595 0.40572503 0.40525004 0.40477502 0.404875 -999999.0 -999999.0 -999999.0 -999999.0 -999999.0 -999999.0 -999999.0 -999999.0 -999999.0 -999999.0 -999999.0 -999999.0 -999999.0 -999999.0 -999999.0 -999999.0 -999999.0 -999999.0 -999999.0 -999999.0 -999999.0 -999999.0 -999999.0
0.379375 0.379925 0.3793 0.38 0.38134965 0.38075 0.38050002 0.3809 0.381075 0.381225 0.3813 0.3813 0.3813 0.3815 0.38189998 0.38342497 0.38437498 0.38512498 0.38102502 0.38137496 0.3817 0.387975 0.387975 0.4043 0.4071 0.40737504 0.40709996 0.4095246 0.410425 0.40967503 0.40802503 0.40702504 0.4063 0.4061 0.40585 0.40577504 0.406325 0.407125 0.40717503 -999999.0 -999999.0 -999999.0 -999999.0 -999999.0 -999999.0 -999999.0 -999999.0 -999999.0 -999999.0 -999999.0 -999999.0 -999999.0 -999999.0 -999999.0 -999999.0 -999999.0 -999999.0 -999999.0 -999999.0 -999999.0
0.3801 0.3801 0.38 0.38009992 0.3804 0.38157502 0.3811 0.38125002 0.3814 0.38155 0.3816 0.3813 0.380575 0.3796 0.38017496 0.38179994 0.38292494 0.38387498 0.3804 0.3809 0.38127497 0.38185 0.38772497 0.40437496 0.4046 0.407225 0.4068 0.40695003 -999999.0 -999999.0 -999999.0 -999999.0 0.40645 0.4059 0.4059 0.40644997 0.40807503 -999999.0 -999999.0 -999999.0 -999999.0 -999999.0 -999999.0 -999999.0 -999999.0 -999999.0 -999999.0 -999999.0 -999999.0 -999999.0 -999999.0 -999999.0 -999999.0 -999999.0 -999999.0 -999999.0 -999999.0 -999999.0 -999999.0 -999999.0
0.3808 0.3808 0.380625 0.38050002 0.3807 0.38229996 0.38197505 0.38185 0.3816 0.38147497 0.38017496 0.3807 0.3802 0.37935 0.3792 0.38032496 0.38137496 0.38257498 0.3804 0.3808 0.381325 0.3819 0.38537437 0.388875 0.404325 0.40725 0.4074 -999999.0 -999999.0 -999999.0 -999999.0 -999999.0 0.40760002 0.40675002 0.406475 0.40585 -999999.0 -999999.0 -999999.0 -999999.0 -999999.0 -999999.0 -999999.0 -999999.0 -999999.0 -999999.0 -999999.0 -999999.0 -999999.0 -999999.0 -999999.0 -999999.0 -999999.0 -999999.0 -999999.0 -999999.0 -999999.0 -999999.0 -999999.0 -999999.0
