data/TNO-HT-ATES/HT-ATES_ooz2/ooz2__flowr_prodnorm_P50_basecase_80-45-40.asc
ncols  140
nrows  163
xllcorner  0.0
yllcorner  300000.0
cellsize  2000.0
NODATA_value  -999999.0
[rows 56 to 83 of 163, columns 62 to 123 of 140]
141.88835 105.6851 64.30756 40.949432 37.360733 38.526558 44.50543 49.3504 55.02275 63.79117 79.911514 109.85608 141.36209 162.36876 177.06612 186.73914 194.18105 196.31339 203.25146 206.22705 203.85146 209.18454 202.66206 188.23773 179.87279 171.68275 172.53302 160.21358 146.9834 128.49606 112.37182 120.34246 143.09857 162.55928 185.696 206.11113 226.15987 236.89699 232.31053 212.8637 202.07753 202.78094 188.59451 178.48659 164.8127 159.80284 153.7353 132.12581 103.9726 0.0 0.0 0.0 0.0 0.0 0.0 0.0 0.0 0.0 0.0 0.0 0.0 -999999.0
149.89883 121.51764 88.68659 67.126434 61.717453 64.55029 56.396637 55.22912 55.992638 54.647198 60.625866 85.81249 116.61865 139.40276 159.26825 175.69685 183.66077 190.41533 195.9093 197.4874 192.46986 198.94112 192.6683 164.86333 167.64061 162.86734 159.874 145.87624 135.44695 116.837036 105.61028 117.71287 140.42708 164.7578 184.91183 208.76509 216.30537 209.72733 186.36627 164.98656 172.06773 171.43443 162.02112 162.4863 156.83392 149.5692 154.17778 139.68488 0.0 0.0 0.0 0.0 0.0 0.0 0.0 0.0 0.0 0.0 0.0 0.0 0.0 -999999.0
154.59492 128.75574 102.80873 83.36794 69.93038 61.21475 47.395798 45.12635 46.706905 42.784573 47.59122 70.86268 97.624405 121.47202 141.8518 158.90096 176.79912 182.7361 186.17062 189.25755 185.29321 192.55846 188.75996 172.02744 156.63562 147.57024 152.56012 142.52562 133.58167 121.23322 117.21329 127.34867 152.3436 174.25343 199.59583 214.6835 215.89754 209.70724 181.60945 152.95865 157.6823 150.32942 148.67596 136.51431 139.61905 132.69124 0.0 0.0 0.0 0.0 0.0 0.0 0.0 0.0 0.0 0.0 0.0 0.0 0.0 0.0 0.0 -999999.0
171.99054 137.42505 112.49273 90.69822 60.410263 29.700703 18.551199 20.020388 29.973516 34.863415 48.582165 70.6369 87.590454 109.90096 135.3718 156.03941 172.33797 175.49347 181.1051 180.28224 181.00172 188.52168 186.3334 175.26817 147.18317 133.9135 141.36397 141.9363 139.96771 137.36911 137.19016 139.47319 160.93085 190.77957 207.37703 235.2132 229.50671 211.40121 193.84174 169.18018 156.20145 145.15395 139.61948 127.8095 127.86603 0.0 0.0 0.0 0.0 0.0 0.0 0.0 0.0 0.0 0.0 0.0 0.0 0.0 0.0 0.0 -999999.0 -999999.0
193.45898 146.43571 112.72907 94.41779 51.325935 -999999.0 -999999.0 5.376914 20.890596 37.61902 52.46357 72.87134 83.39334 100.34164 122.5423 148.57152 157.0936 163.64745 168.32155 172.93356 182.59702 194.39854 197.08505 189.888 162.27856 121.57756 127.5246 144.63763 154.82132 155.38565 158.61069 166.35057 186.35202 205.31627 215.9056 236.18994 222.03311 210.14215 211.44928 214.64421 197.61087 181.04271 165.53859 154.60136 140.61299 0.0 0.0 0.0 0.0 0.0 0.0 0.0 0.0 0.0 0.0 0.0 0.0 0.0 0.0 0.0 -999999.0 -999999.0
175.55685 144.20334 110.278 88.748535 55.762165 16.405935 15.772311 25.307377 42.995495 59.942806 72.71328 82.0436 82.15708 91.73025 109.34444 128.89165 140.72229 148.61333 155.03671 163.653 171.59033 176.79482 195.92786 200.92572 190.79947 136.2021 139.93887 164.90002 174.73332 180.3748 200.72922 203.2767 200.76344 212.01848 211.14735 211.16414 201.03696 198.27402 223.09021 220.30093 190.64862 178.01595 162.2508 146.56824 172.7191 0.0 0.0 0.0 0.0 0.0 0.0 0.0 0.0 0.0 0.0 0.0 0.0 0.0 0.0 0.0 -999999.0 -999999.0
157.64961 139.30792 118.0069 95.8311 67.840996 43.460236 46.372658 61.37949 77.135056 87.96021 100.88361 89.48512 81.62308 84.49776 100.99655 109.66575 120.297005 133.63931 139.51103 151.47412 162.31227 171.68024 186.57703 201.13306 209.5022 172.09576 182.30928 194.34602 207.05313 219.80827 253.40138 258.12585 242.20065 223.6488 213.60313 202.5363 188.73914 178.20644 163.09865 163.56447 153.39322 149.68333 144.04276 147.70483 149.56808 0.0 0.0 0.0 0.0 0.0 0.0 0.0 0.0 0.0 0.0 0.0 0.0 0.0 0.0 0.0 -999999.0 -999999.0
142.4698 139.09087 131.80739 111.02479 90.77138 71.77744 70.74793 82.77576 93.78465 100.994896 108.06657 97.86287 87.02796 85.451195 93.62876 98.80972 107.77379 118.53151 127.556274 142.29863 155.93794 168.19647 185.92012 202.29863 225.10452 221.42062 239.43636 244.04137 253.68755 280.1595 308.54636 285.0971 253.10036 226.81252 228.51482 217.69215 197.8421 174.96692 156.02383 107.13446 104.13037 107.77945 106.1151 100.13946 96.03164 0.0 0.0 0.0 0.0 0.0 0.0 0.0 0.0 0.0 0.0 0.0 0.0 0.0 0.0 0.0 0.0 -999999.0
141.33537 151.21677 152.7516 132.23584 117.97628 100.64096 88.03303 88.13764 92.868286 94.26963 96.24669 96.5434 96.248695 93.47304 91.92995 93.59718 98.332184 104.870384 119.27204 135.65587 152.35724 172.2355 168.41441 213.53119 224.67923 229.11543 238.84229 235.76427 250.7869 262.58755 278.36853 337.37845 270.53787 220.66724 218.98553 223.83574 197.10942 178.8981 157.17186 103.10955 88.319336 92.13338 86.0327 79.40248 0.0 0.0 0.0 0.0 0.0 0.0 0.0 0.0 0.0 0.0 0.0 0.0 0.0 0.0 0.0 0.0 0.0 0.0
161.717 165.94035 167.24094 155.19983 138.71489 125.94718 110.044876 101.14402 99.98178 95.02078 87.69151 95.80099 102.62284 97.20014 89.74085 90.25048 85.74453 98.31578 113.62812 130.7678 150.36829 179.23746 204.20056 231.19702 234.50891 225.01692 216.43977 221.73756 238.36551 263.60754 297.46338 294.53403 276.68936 244.81685 230.02554 217.8148 202.79707 186.38857 173.0525 131.52739 114.28001 83.519844 73.173225 0.0 0.0 0.0 0.0 0.0 0.0 0.0 0.0 0.0 0.0 0.0 0.0 0.0 0.0 0.0 0.0 0.0 0.0 -999999.0
150.53029 162.90108 168.44394 157.59389 145.47626 137.33714 129.9069 122.37708 112.971306 108.96731 103.723465 100.40238 98.565094 88.98393 75.985825 63.71914 61.254555 73.63157 97.596436 124.24148 149.46411 178.4886 208.71701 233.66815 244.62714 232.44865 203.77644 188.29478 227.93916 271.37213 287.62296 282.86005 276.72263 252.86119 237.10944 222.25508 210.5806 186.92374 174.36931 147.41762 129.43713 111.84164 111.663086 0.0 0.0 0.0 0.0 0.0 0.0 0.0 0.0 0.0 0.0 0.0 0.0 0.0 0.0 0.0 0.0 0.0 0.0 -999999.0
146.41656 160.03893 163.66998 157.06978 149.68608 144.92313 142.32265 143.72917 131.45546 121.70116 110.03299 102.33941 94.658745 80.791306 56.233807 34.701523 34.11771 51.190166 82.577736 117.34028 146.421 171.13254 202.5851 236.63362 245.50319 240.36769 214.84206 200.49382 244.1844 264.84543 280.59467 268.85828 268.11203 251.0003 233.80786 225.72449 210.43506 180.54097 165.67981 154.63493 135.1518 118.269714 0.0 0.0 0.0 0.0 0.0 0.0 0.0 0.0 0.0 0.0 0.0 0.0 -999999.0 0.0 0.0 0.0 0.0 0.0 0.0 -999999.0
142.94853 150.88258 155.25096 161.87958 157.50682 149.04034 153.23138 157.65492 148.17574 131.79741 115.21353 106.127 90.09914 71.71465 44.326572 18.252913 12.992097 38.68378 78.8961 112.53069 138.46765 158.14723 191.75948 218.52664 234.01654 226.07915 210.13681 236.3465 248.37047 265.97025 254.80789 257.1385 266.08466 254.28468 230.12924 217.18266 201.71118 180.9299 164.59218 140.94092 125.265274 102.97516 0.0 0.0 0.0 0.0 0.0 0.0 0.0 0.0 0.0 0.0 0.0 0.0 0.0 -999999.0 0.0 0.0 0.0 0.0 0.0 -999999.0
134.01196 145.49106 162.16089 170.20589 165.629 165.7535 171.06396 170.57005 165.16833 147.87737 129.01761 110.58138 88.543816 67.835464 46.46942 26.474728 16.194183 50.766823 87.32202 115.716545 134.01135 153.31781 156.82663 178.4979 199.86836 213.22087 212.23105 237.56133 239.53224 261.5341 254.01927 256.32263 273.13373 227.66397 205.18167 206.66469 196.01956 196.97223 165.2235 142.88342 135.41539 0.0 0.0 0.0 0.0 0.0 0.0 0.0 0.0 0.0 0.0 0.0 0.0 0.0 0.0 0.0 0.0 0.0 0.0 0.0 -999999.0 -999999.0
123.00866 147.91847 172.53859 183.00156 182.71173 188.90555 192.73701 194.32108 186.53519 165.89062 148.69759 123.51978 94.1437 73.79129 60.55732 58.5376 61.345177 80.56274 108.5987 133.39322 160.99005 151.19489 124.316795 116.41005 183.83173 219.55977 239.7451 245.83748 236.79022 243.82777 254.82817 252.21935 258.05374 241.57965 220.22739 204.21953 188.98653 145.51901 183.3042 180.1419 168.09929 105.112854 0.0 0.0 0.0 0.0 0.0 0.0 0.0 0.0 0.0 0.0 0.0 0.0 0.0 0.0 0.0 0.0 0.0 0.0 -999999.0 -999999.0
136.89566 151.90831 173.60847 187.64198 198.21758 207.0038 210.4013 210.08513 202.84868 186.16267 163.48509 135.26659 115.662704 99.978134 93.85005 95.265396 101.38305 112.478096 133.2731 164.24678 197.09431 175.62477 162.07066 155.89082 184.46294 213.67134 245.22498 245.11067 242.08125 254.35844 258.8945 252.62996 255.34953 225.7456 211.64888 189.62895 160.80089 121.44834 83.78475 68.37658 148.09111 127.333916 0.0 0.0 0.0 0.0 0.0 0.0 0.0 0.0 0.0 0.0 0.0 0.0 0.0 0.0 0.0 0.0 0.0 -999999.0 -999999.0 -999999.0
140.09901 153.01593 176.34155 196.26022 206.87221 220.41486 230.37091 228.89397 221.33145 190.99326 178.06636 156.19637 138.33818 123.941826 120.81803 123.7097 135.7254 146.63255 169.4064 188.0401 236.76553 242.00151 230.80019 213.28735 205.22087 217.58995 254.61818 277.78143 256.18442 255.27179 265.33215 258.84357 242.52563 211.20305 217.15807 194.99374 155.16724 100.579796 62.235493 49.07971 58.831074 61.37638 0.0 0.0 0.0 0.0 0.0 0.0 0.0 0.0 0.0 0.0 0.0 0.0 0.0 0.0 0.0 0.0 0.0 -999999.0 -999999.0 -999999.0
137.00522 155.44394 178.38838 202.34607 219.09496 233.99066 243.61447 238.92526 232.24806 212.53406 194.76105 171.46326 152.6879 142.532 152.6092 159.84756 172.26167 186.91931 209.43939 231.45801 265.98746 286.6337 266.52924 246.30467 241.99081 257.56033 285.67462 288.68738 282.5611 280.69672 278.28754 263.41302 239.1669 203.3145 202.38426 189.6445 154.70178 107.659546 62.111626 49.121147 51.82476 51.383118 44.723007 47.726734 0.0 0.0 0.0 0.0 0.0 0.0 0.0 0.0 0.0 0.0 0.0 0.0 0.0 0.0 0.0 -999999.0 -999999.0 -999999.0
136.50407 155.2715 177.26326 206.42973 212.25365 245.95662 252.53003 246.82875 238.61844 225.10417 207.8108 196.93907 171.02908 166.86613 179.217 180.2919 194.18182 208.59784 224.90723 245.43436 268.02466 282.57883 264.21347 258.47815 260.11237 303.14984 296.01617 278.72894 281.9895 282.82047 272.02658 279.6585 249.12206 227.5489 207.49503 190.18553 137.8486 129.31172 82.501465 63.848846 52.68638 47.16805 43.556824 0.0 0.0 0.0 0.0 0.0 0.0 0.0 0.0 0.0 0.0 0.0 0.0 0.0 0.0 0.0 0.0 -999999.0 -999999.0 -999999.0
131.24664 155.05212 187.47151 215.34 236.26245 257.22595 260.8837 256.76932 250.89462 254.4453 232.24712 215.88548 201.64491 200.65524 206.03812 222.24966 228.44182 223.7169 234.87648 242.24615 234.20195 268.38165 275.14774 278.7809 269.2806 297.65512 288.28476 291.00684 283.47375 286.0571 288.8488 287.81223 266.0538 236.41154 225.91855 182.45338 164.48354 121.6859 104.83785 83.55191 70.568756 61.98719 70.63754 0.0 0.0 0.0 0.0 0.0 0.0 0.0 0.0 0.0 0.0 0.0 0.0 0.0 0.0 0.0 -999999.0 -999999.0 -999999.0 -999999.0
133.36032 159.26984 187.98462 217.36865 239.72052 256.3046 264.27725 270.48294 257.5675 270.33026 267.53067 259.44336 228.67857 231.61717 234.23125 236.20088 234.93968 234.1319 240.825 247.5081 250.46878 274.75665 264.56723 270.18134 302.9873 245.38705 281.713 303.47165 286.02188 284.02795 260.67572 253.04372 267.82916 259.31256 214.43285 193.86531 190.40907 132.18394 96.73779 99.60642 98.69004 78.89279 32.182106 31.176064 0.0 0.0 0.0 0.0 0.0 0.0 0.0 0.0 0.0 0.0 0.0 0.0 0.0 0.0 -999999.0 -999999.0 -999999.0 -999999.0
140.22482 165.90317 188.01657 219.80049 239.70541 257.32898 294.39682 293.93073 266.2227 281.45688 300.43066 282.40555 281.5011 250.46013 245.42719 245.46967 218.34644 254.18362 249.87657 236.1077 239.42828 259.06104 247.08412 272.24915 299.99408 299.63654 316.71057 309.95724 287.27 287.6368 263.71042 245.48505 263.01016 246.65315 220.76611 223.40013 214.81444 168.09033 153.15166 155.16838 116.64171 75.426445 33.6137 35.242916 0.0 0.0 0.0 0.0 0.0 0.0 0.0 0.0 0.0 0.0 0.0 0.0 0.0 -999999.0 -999999.0 -999999.0 -999999.0 -999999.0
151.42126 173.01486 191.07677 215.19609 237.40227 273.94476 286.16528 277.04114 279.09225 303.5534 316.6362 317.06717 297.2492 257.9263 243.19936 250.07848 223.35042 230.61787 234.6751 229.48318 218.06294 223.32996 228.72098 257.14233 261.03546 286.2611 302.50818 279.62512 271.24088 270.71466 277.0108 272.04257 274.5196 239.78767 229.37782 232.37462 231.15788 202.39821 195.53012 172.38054 127.373215 80.213684 58.295704 45.75378 0.0 0.0 0.0 0.0 0.0 0.0 0.0 0.0 0.0 0.0 0.0 0.0 -999999.0 -999999.0 -999999.0 -999999.0 -999999.0 -999999.0
154.8954 170.77098 188.84982 206.07288 225.64394 255.43898 272.9324 278.44717 274.79788 297.307 321.87924 309.9775 303.4453 266.33713 274.93256 249.25916 215.45634 208.1618 208.7427 204.2375 201.28682 190.91394 208.78192 235.10878 231.87416 265.11664 277.0901 268.43307 235.09209 226.64061 246.76535 252.4433 228.92377 226.88551 223.46144 226.60812 233.40327 187.44272 177.89664 175.54424 131.78528 81.99489 70.50866 0.0 0.0 0.0 0.0 0.0 0.0 0.0 0.0 0.0 0.0 0.0 0.0 -999999.0 -999999.0 -999999.0 -999999.0 -999999.0 -999999.0 -999999.0
146.4337 164.02715 182.42517 188.90538 237.40594 251.65875 252.65456 235.82774 245.05363 274.0069 295.31003 289.5933 293.9736 291.766 274.08975 239.54996 202.19048 190.50034 183.77646 172.96979 206.94676 193.72345 209.45361 219.59468 226.52922 242.87856 250.02159 239.27304 198.61295 193.5807 213.63376 213.46802 199.21483 219.89723 215.35469 205.40091 190.3546 156.3506 141.61456 140.36018 129.32635 89.83906 75.99763 0.0 0.0 0.0 0.0 0.0 0.0 0.0 0.0 0.0 0.0 0.0 0.0 0.0 -999999.0 -999999.0 -999999.0 -999999.0 -999999.0 -999999.0
152.26086 160.68906 176.10477 204.64153 224.11127 230.5955 244.58617 205.19836 183.33151 184.45944 206.82382 254.47606 286.2587 280.4433 253.51895 215.49951 175.5688 165.04407 153.74368 150.25523 183.89413 183.45737 195.36385 201.60931 214.77536 217.41551 239.62146 218.8918 183.66254 169.04266 181.49797 165.90063 181.77043 196.62566 184.59964 170.3144 158.7585 122.634674 104.2302 103.497475 105.36127 94.474976 75.50648 54.946556 0.0 0.0 0.0 0.0 0.0 0.0 0.0 0.0 0.0 0.0 0.0 0.0 -999999.0 -999999.0 -999999.0 -999999.0 -999999.0 -999999.0
71.17982 96.108345 191.3188 204.54399 213.2493 218.69066 228.27933 220.79408 153.8818 102.767586 146.25572 212.7827 267.2304 249.5206 209.24147 160.54408 146.764 133.67743 127.63567 136.67848 148.91687 155.2396 172.7484 189.67209 205.28555 216.20584 188.09564 191.96481 157.90285 137.32172 135.8015 145.18605 180.16112 171.12761 162.45493 139.4523 124.58317 101.489105 68.14694 64.37818 83.03554 83.74314 60.12387 47.23886 0.0 0.0 0.0 0.0 0.0 0.0 0.0 0.0 0.0 0.0 0.0 -999999.0 -999999.0 -999999.0 -999999.0 -999999.0 -999999.0 -999999.0
48.226814 64.78389 98.503716 181.23094 205.93185 219.0924 220.17906 237.14845 232.5189 140.55965 179.55312 233.00531 208.31126 182.65634 145.468 110.63213 109.71431 107.224 98.638855 108.334724 119.768936 131.78014 150.8764 179.56172 159.52452 161.49487 151.75014 134.18817 134.90903 127.24637 129.13446 144.92068 171.10626 154.55128 135.18576 121.08958 113.566505 112.750786 83.96016 34.95269 75.269264 55.985622 44.49101 0.0 0.0 0.0 0.0 0.0 0.0 0.0 0.0 0.0 0.0 -999999.0 -999999.0 -999999.0 -999999.0 -999999.0 -999999.0 -999999.0 -999999.0 -999999.0
