data/TNO-HT-ATES/HT-ATES_ooz2/ooz2__top_depth_basecase_80-45-40.asc
ncols  140
nrows  163
xllcorner  0.0
yllcorner  300000.0
cellsize  2000.0
NODATA_value  -999999.0
[rows 54 to 80 of 163, columns 62 to 123 of 140]
398.57748 399.24753 398.9075 -999999.0 -999999.0 389.91998 385.565 380.22498 373.79498 366.99997 360.98248 355.84 350.3375 344.51248 338.21747 331.54248 325.5875 320.42996 315.0225 309.0225 302.81998 297.54498 291.735 285.32748 278.73502 271.51248 263.6525 256.12 248.795 241.90001 235.47751 229.8875 225.4675 218.9025 203.79749 188.29 173.59749 161.275 149.81999 150.2025 150.3075 151.765 152.4325 143.80998 127.5975 115.63 113.39249 111.615 108.1625 101.1825 99.545 97.034996 91.835 86.875 83.0825 79.19 75.8725 72.395004 56.4825 53.839996 45.04 -999999.0
392.49 393.5825 393.77502 392.59 390.31 387.23 383.35498 378.52496 372.75 366.51 360.60748 355.16998 349.3375 343.38998 337.33502 331.32748 325.79248 320.66498 315.06 308.91748 302.7775 297.7075 292.1275 285.945 279.51498 272.41748 264.51248 256.6425 248.89249 241.5025 234.735 229.18 225.24 219.72 205.07748 190.9425 178.4925 167.7125 159.81 155.905 151.46 153.245 156.3525 144.1275 125.3925 112.587494 110.4 108.425 105.02 99.69 101.4975 89.607506 82.08 77.9075 73.61 69.53249 66.015 64.087494 56.84 60.8275 51.909996 -999999.0
386.38998 388.28748 389.20248 388.55 386.90002 384.68497 380.88748 376.4825 371.755 366.45248 360.7525 354.23752 348.245 342.34 336.6125 331.32 326.34998 321.63 315.24002 309.10748 303.485 298.1825 292.655 286.8 280.61 273.56 264.9575 256.94998 248.4075 240.0575 232.31999 225.7975 219.9625 212.94 202.8575 191.97 182.17249 174.36 169.08499 164.97998 160.165 157.7925 155.69 142.095 123.052505 110.847496 107.682495 105.475 104.15499 95.67999 90.88999 82.9225 74.8175 71.0175 66.115 60.605 56.305 54.1475 53.5225 53.3525 50.782497 -999999.0
381.9425 384.44748 385.63998 385.37 384.02 381.7525 378.46 374.45248 370.07748 365.54498 360.42996 354.8525 348.45248 342.495 336.82248 331.405 326.8925 321.7625 316.3175 310.51248 304.895 299.46997 293.96747 288.495 282.525 275.43997 267.03998 257.82745 248.14499 238.28499 228.89 220.80249 214.1325 207.23749 199.1425 190.75249 183.06 177.485 174.825 173.48999 166.055 159.025 151.9925 135.9425 117.85 107.174995 103.792496 101.119995 98.0775 92.604996 80.877495 79.155 74.1775 69.0225 61.489998 53.175 47.132496 44.695 48.32 48.225 46.489998 -999999.0
379.44 381.51248 382.30502 381.86 381.065 379.675 377.0775 373.2775 369.23248 365.285 360.5 355.08252 349.06998 343.3075 337.7175 332.46503 327.97748 323.185 318.155 312.51498 306.805 301.265 295.59 290.38 285.3525 278.005 268.71997 258.96 248.305 236.835 224.78998 214.7475 208.54 202.42749 195.1875 187.6625 180.685 175.6225 173.15749 171.88501 163.79999 155.37 145.2975 129.57999 107.67999 100.674995 98.79749 97.34 91.6875 84.64749 76.3875 81.57 73.8825 68.645 57.5725 46.005 41.559998 46.524998 46.4025 44.92 43.0925 39.97
376.03247 378.3525 378.62247 379.3675 379.365 378.3675 376.3775 372.82748 368.44 365.1975 360.6 354.705 350.005 344.90497 339.22748 334.2975 329.77747 325.66998 320.59998 314.91248 309.1275 302.98248 296.90247 291.35498 287.5025 280.315 271.215 261.32 249.7175 236.92 222.38249 209.26999 205.31999 199.51 192.14499 184.39249 176.4775 169.9675 164.6025 160.43 155.1575 148.285 138.775 126.704994 113.5275 91.45999 95.795 94.65749 89.50749 83.2675 78.9075 75.049995 68.345 59.615 52.7925 42.887497 41.29 47.144997 46.32 42.68 -999999.0 -999999.0
372.29248 375.16748 376.77997 379.2675 379.13 -999999.0 -999999.0 371.9375 367.9975 364.59 360.46997 355.35498 351.2025 346.805 342.0125 336.875 332.25748 327.9575 322.9525 317.065 310.81 304.39502 297.425 290.6325 285.15997 282.85748 276.02997 264.58997 252.34 239.57498 226.26999 214.94 207.17 199.27249 190.425 181.4325 172.005 163.09 154.095 149.2125 146.3875 140.8875 132.76 123.66 114.4375 93.225 98.3725 94.3275 90.30499 83.89 75.7025 71.2825 66.6375 57.98 52.467495 47.76 49.3675 53.79 47.984997 41.387497 -999999.0 -999999.0
369.62747 372.2625 373.645 376.10248 376.52 375.93747 372.995 369.49496 365.97 363.32748 360.2375 356.2425 352.81998 349.125 345.005 340.62 336.055 331.35498 326.12 320.0425 313.46497 306.6 298.84 290.2775 282.8425 285.02747 278.3725 266.3725 254.69998 243.18248 231.8875 221.345 211.30249 200.8275 190.1225 179.54 169.05249 159.75748 146.67252 143.125 142.275 137.88748 128.99748 118.4975 117.0475 98.5575 96.4625 93.064995 89.295 84.939995 73.395 68.612495 65.1575 59.422497 55.4375 53.187496 52.627502 55.3275 44.737495 36.427498 -999999.0 -999999.0
367.58252 369.53748 370.09747 370.25 371.59747 371.7075 368.79498 365.32498 362.60748 361.325 359.51248 357.4225 354.515 351.44247 347.7575 345.0225 340.84998 335.0025 329.995 323.8775 317.12 309.875 301.63248 293.1575 285.5975 281.905 275.3975 265.84 255.7475 245.715 236.39 227.17749 215.62999 202.655 190.42 178.8525 167.1225 158.04999 156.105 148.305 144.7175 138.63249 129.55751 121.134995 115.0525 97.6925 93.06 88.814995 83.6325 76.31 68.494995 67.927505 65.085 58.845 51.16 51.8325 45.2925 39.149998 32.712498 26.262499 -999999.0 -999999.0
365.43 366.26498 366.17496 366.29 366.9225 367.12 365.44748 362.73752 360.34247 359.115 357.91498 356.765 355.2575 353.49 351.48248 348.80002 344.85748 339.595 334.195 327.9225 321.03748 313.6525 305.19247 296.56998 288.81 281.8175 273.37247 262.1775 255.0925 246.17249 238.125 231.2775 218.54 203.4625 190.565 179.62999 167.67 158.00749 155.30748 154.1975 149.765 139.0275 126.45 115.0775 104.3725 93.0525 88.325005 83.135 77.042496 70.634995 70.6575 72.8975 65.685 58.295 42.7725 38.89 35.072502 25.654999 16.315 15.0 18.164999 -999999.0
362.545 361.8775 361.2975 361.695 362.47998 363.2425 362.505 360.73248 358.755 357.38 356.37 355.72 355.3375 354.94 354.075 352.155 348.80746 343.94247 338.59 332.165 325.1925 317.4 308.77 299.95248 291.78748 284.4 276.57748 266.44998 253.25249 237.905 221.01999 227.28 214.22 200.9825 190.02751 180.83 170.79 160.0625 154.6725 154.6675 148.8325 134.51749 119.869995 106.0525 95.1575 88.7625 83.212494 77.462494 71.36 67.752495 70.53 72.8875 63.504997 53.582497 43.565 35.46 28.355 20.682499 15.415 16.322498 9.357499 1.2249999
358.65002 357.4625 357.22247 357.45496 358.16498 358.90503 358.4575 357.28998 355.555 354.685 354.21002 354.32498 354.69247 355.3275 355.5 354.815 352.385 347.71997 342.725 336.3775 329.21753 321.1925 311.99 302.4275 294.08252 287.585 281.64252 272.27502 257.19 239.185 220.29001 205.13249 201.055 196.47499 188.59 180.2125 170.87 159.58 151.35 147.8125 139.3475 126.70999 111.869995 98.44499 88.4225 83.72749 78.9575 73.072495 66.545 60.684998 63.2275 62.747498 58.1 47.73 42.27 34.2375 25.7125 17.915 14.614999 13.947499 3.7800002 -999999.0
353.40503 352.78497 352.75497 353.675 354.275 354.09247 353.4975 352.56 351.85248 351.03 351.19 352.335 353.5575 354.85248 356.1525 356.83002 355.66498 352.33502 346.72498 340.37747 333.7725 325.55 315.63248 304.24 294.75247 290.0475 287.68 280.91248 262.77 244.47249 226.32748 211.71498 202.6925 195.64 187.5775 179.095 169.94 160.485 151.7475 143.1225 131.82 118.205 103.6925 92.15 84.277504 80.46 75.877495 70.4325 64.64751 60.47 59.629997 58.3325 55.317497 47.677498 40.92 34.9 23.4875 17.1175 16.08 12.7225 0.07 0.03
348.3975 348.4075 348.70996 349.54 349.9775 349.79498 349.1775 348.3325 347.92 347.88248 348.615 350.07748 351.8875 353.92 356.1925 358.3525 358.41998 355.61 349.8225 343.8325 338.09 330.985 321.5775 307.53998 292.9975 291.7475 289.4625 281.5925 266.88 250.495 234.1975 219.4925 207.685 197.45749 187.4 178.14249 169.89 161.58499 152.31 141.07 126.605 110.2975 94.5625 85.645004 82.1 78.825 73.8275 68.24 63.005 59.87 57.5775 56.0525 55.6375 50.379997 -999999.0 36.019997 29.9075 20.324999 16.0625 18.89 5.9774995 0.53499997
343.91748 344.41748 345.0925 344.8025 345.165 346.13 345.28497 344.235 343.9375 345.08 346.33246 346.995 349.37 351.905 355.23248 358.93997 360.59 357.02 350.72 345.5675 341.5575 336.91998 328.05 317.62747 304.8725 298.19748 292.0525 282.5875 270.1775 256.15 241.16748 226.48749 213.01 200.6 188.00749 177.1725 170.44499 163.305 154.1675 141.8375 123.549995 103.917496 87.71 82.6475 80.8725 79.1825 72.475006 65.667496 59.505 56.16 54.995 52.5 49.274998 46.427498 39.915 40.305 34.015 20.595 9.974999 3.4649997 -0.52 -999999.0
338.8725 339.315 339.62 339.5025 339.7175 340.16748 339.7525 338.91998 338.96 340.35 341.7925 342.8825 345.07996 347.91248 352.0 356.3675 359.1925 354.27502 348.7675 344.73248 342.65 338.9475 337.975 331.82248 318.7625 307.01 296.8025 285.945 274.20502 261.72498 247.8675 233.56749 219.52249 205.9 192.1025 180.145 173.3425 165.7175 156.55 146.355 121.7775 99.155 89.475 84.4675 78.0825 75.8275 72.837494 62.1675 52.92 52.889996 52.75 54.6675 43.387497 43.7575 37.030003 35.745 31.877499 24.932499 12.8175 -2.1149998 -3.26 -999999.0
333.47 333.455 333.52246 333.56497 333.4625 333.33252 332.7875 332.07 332.325 333.97498 335.74 337.0925 339.0725 341.9275 346.16 348.6925 349.44498 347.4975 343.5975 340.38248 336.94998 338.81998 344.025 344.0575 326.45 312.6175 301.0375 290.03 278.83 267.30002 254.40999 240.6075 226.53 213.00499 201.22998 189.8725 178.75749 168.3675 156.565 142.4775 122.752495 102.84 91.925 85.76 80.985 75.299995 69.399994 56.59 41.5975 50.7925 47.7225 43.655 39.4525 34.185 31.919998 37.4775 22.552498 18.23 9.3175 -5.1624994 -999999.0 -999999.0
327.98 327.775 327.535 327.35748 326.72998 325.6625 324.9975 324.24 324.44748 326.44748 328.585 331.0125 331.905 334.125 336.81 338.74747 339.53998 338.59747 335.2875 332.57748 328.8 330.83002 334.8325 334.1425 324.53497 313.665 303.1225 292.8725 282.8025 272.4525 260.5525 247.185 233.53749 222.98499 211.095 199.8075 188.0275 171.97751 156.235 140.7175 125.83499 105.555 92.1225 82.72 75.274994 68.13 59.449997 49.477497 43.0725 47.4125 43.215 36.94 29.39 24.532501 21.657501 27.7575 17.4175 16.9975 1.3975 -6.985 -999999.0 -999999.0
322.4725 322.62 321.895 320.54 318.9975 317.56747 316.34998 315.74 316.07 318.0075 320.23 322.5 323.8625 325.3225 326.9475 328.28247 328.81 327.5025 324.4775 321.61 316.64252 316.745 320.09 321.37997 317.6775 310.88748 302.79498 294.1475 285.64502 276.8425 266.11002 253.4325 240.0325 229.45 218.00998 207.63748 195.49998 177.7225 156.08 136.0125 126.6125 118.7975 92.955 82.56 70.212494 60.394997 50.5925 52.095 49.8575 49.949997 41.5675 30.0975 30.335 33.1275 18.185 25.725 11.622499 3.4025002 0.3075 -999999.0 -999999.0 -999999.0
317.13745 316.78748 315.5475 313.24 310.91248 308.715 307.275 306.53247 306.75998 308.47748 310.75497 313.26498 315.1725 316.3925 316.76248 316.95502 316.5225 314.73 312.06747 309.495 303.41248 299.7275 306.4525 310.1875 309.83 306.46497 300.935 294.44 287.6175 280.3375 271.0025 259.415 246.01999 234.9025 222.92249 213.9575 204.7425 185.26251 160.5875 138.91998 129.66249 120.71 112.854996 101.59 73.64751 54.509995 54.645 52.565 54.19 65.28 41.9425 28.805 30.345 34.4625 34.3525 15.352499 9.12 1.5899999 -1.05 -999999.0 -999999.0 -999999.0
311.6225 310.3025 308.5325 305.5075 302.34247 298.70248 297.81497 296.93497 296.8425 298.055 300.165 302.8625 306.06747 307.7575 305.66998 304.56998 303.34247 301.7725 299.66498 297.60498 293.16748 293.2125 296.9125 300.88 302.5525 301.365 298.12 293.84 288.56998 282.715 275.27 265.2525 251.91249 236.04 223.4825 213.64499 209.01999 187.78 167.9475 149.57 136.84 125.60249 111.355 96.81249 67.0 61.7775 59.954994 52.302498 35.28 39.809998 30.9575 19.965 25.967499 28.287498 24.7525 14.2125 7.1575 2.6574998 -0.4175 -999999.0 -999999.0 -999999.0
306.10748 303.69998 300.59998 296.65 292.83002 289.58 287.67752 286.435 286.1475 287.32498 289.27 291.555 294.485 295.8375 293.275 290.83 289.055 287.85498 287.2 286.5625 286.615 285.355 288.57248 292.5475 295.495 296.2225 294.16498 290.97998 287.21 283.16748 278.33252 271.3175 258.2375 238.64249 217.2575 205.61499 198.72748 187.7225 169.7875 156.8275 139.11499 123.10249 109.774994 95.8775 76.1075 65.369995 59.765 51.907497 41.675 34.705 26.972498 20.105 19.037498 23.254997 19.6675 14.5075 5.48 2.0125 -999999.0 -999999.0 -999999.0 -999999.0
299.77252 296.12747 292.32495 287.9325 283.5375 279.865 277.59247 275.965 275.7175 276.5825 278.05997 279.4675 280.60248 280.51498 278.67 276.2075 274.665 274.10248 274.425 275.57748 276.8125 275.93 279.1725 283.55746 287.48 290.4525 288.105 285.6325 283.165 280.47998 278.67 277.3425 266.325 240.99251 219.95999 200.8275 189.915 180.75499 169.45749 156.405 140.48 123.435 115.9675 100.4925 84.24 71.9 55.4125 46.009995 40.56 30.212498 24.132498 17.727499 10.599999 22.815 24.044998 12.04 16.452501 2.1825 -999999.0 -999999.0 -999999.0 -999999.0
291.52753 287.425 283.8225 278.54498 273.9425 270.28 266.555 264.755 264.89752 266.345 266.58 266.84 266.0925 264.9625 262.4925 261.3325 260.5575 260.6575 261.82248 263.63745 265.4075 265.28 268.79248 273.2325 277.01 279.1325 278.82498 277.51752 275.805 273.9875 273.29248 274.01248 264.6475 242.12999 218.29999 195.93748 182.3125 174.53 165.01749 155.845 141.465 131.7075 125.795 104.075 86.16 69.6875 54.0125 43.7925 35.2275 23.5475 21.39 17.954998 12.607499 18.7725 17.835 17.67 12.7675 -999999.0 -999999.0 -999999.0 -999999.0 -999999.0
281.91 277.95752 274.0325 269.4075 265.115 260.61002 256.2825 255.51749 256.01248 257.285 255.37999 252.3275 250.26498 248.6325 247.6975 247.58499 247.99 248.79999 249.8975 251.22998 253.2175 253.73749 257.645 261.9225 265.41498 267.37 267.74997 266.95 265.66748 263.82248 261.82 257.9575 247.10999 233.1375 212.58499 192.73251 179.36249 171.1825 163.94499 157.5275 144.01999 134.1825 120.6625 101.097496 86.25 68.785 51.042496 39.845 31.704998 18.65 18.352499 16.982498 13.125 10.285 9.4775 14.555 -999999.0 -999999.0 -999999.0 -999999.0 -999999.0 -999999.0
274.615 270.56998 266.1875 261.4325 257.41498 254.95 248.00748 247.23248 248.0675 250.00749 244.50998 237.2275 233.22751 231.9225 232.2425 233.935 235.4925 236.7125 237.91748 239.37248 241.43001 241.54498 245.5325 249.56499 252.87749 254.83249 255.29251 254.72249 253.4975 251.50249 248.08249 242.08249 237.0925 222.5325 205.405 190.63 180.005 171.77249 164.17 158.75 145.8375 135.33499 118.4575 99.972496 80.5325 63.3625 49.0375 38.985 29.755001 12.0875 13.545 17.3125 11.2175 7.1699996 12.105 15.7699995 -999999.0 -999999.0 -999999.0 -999999.0 -999999.0 -999999.0
269.97998 265.81998 260.315 254.9075 250.84 247.64749 242.28 240.39499 238.4 237.145 229.50499 220.4375 214.51 214.54498 217.2675 220.5125 223.25 225.2 226.25499 227.7525 225.51251 229.095 232.9625 236.55 239.89 242.08748 242.0575 241.53499 240.53249 238.65251 234.65999 227.935 223.92499 211.8775 199.045 187.025 180.255 173.17749 164.195 158.28 144.2375 133.2175 117.75 99.11749 78.68 61.027496 49.964996 42.434998 30.8 21.5425 4.7650003 13.8175 9.0875 8.5075 14.5199995 12.5575 -999999.0 -999999.0 -999999.0 -999999.0 -999999.0 -999999.0
