data/TNO-HT-ATES/HT-ATES_ooz2/ooz2__temperature_basecase_80-45-40.asc
ncols  140
nrows  163
xllcorner  0.0
yllcorner  300000.0
cellsize  2000.0
NODATA_value  -999999.0
[rows 81 to 107 of 163, columns 60 to 119 of 140]
20.914944 21.207836 19.920597 19.982529 19.805086 19.592075 19.235905 18.815231 18.703547 18.68131 18.427153 17.978626 17.794373 17.722336 17.272606 17.223404 17.520384 17.718874 17.8344 17.85527 17.753004 17.721481 17.719496 17.891174 17.988953 18.048677 18.29545 18.492472 18.363235 18.166826 17.94734 17.744776 17.449827 17.399097 17.118534 16.813087 16.538847 16.2612 16.0033 15.836958 15.520248 15.161635 14.697887 13.972871 13.383192 12.863653 12.243486 11.527214 10.682756 10.066051 9.856677 9.770294 9.679675 9.355896 9.2049675 8.967547 8.674979 8.452348 -999999.0 -999999.0
21.577686 21.571922 21.527096 21.277248 19.55427 19.357752 19.176466 18.788977 18.481653 18.213264 17.780235 17.063368 16.887442 16.945059 16.709993 16.739038 17.04111 17.155266 17.192253 17.235561 17.237915 17.09095 17.140665 17.363153 17.567532 17.687454 17.810429 17.95474 17.984402 17.66759 17.34534 17.20104 16.974514 16.921503 16.833185 16.614887 16.383514 16.175766 15.975531 15.692782 15.358742 14.977252 14.718779 14.260597 13.493595 12.876342 12.193699 11.389359 10.849557 10.267024 9.831496 9.681082 9.526274 9.103669 9.181339 8.955161 8.649936 -999999.0 -999999.0 -999999.0
22.21615 22.102335 21.871096 21.384323 20.991066 20.77762 18.823586 18.544058 18.094116 17.679768 17.401644 17.347712 16.940115 16.676924 16.426563 16.437466 16.558687 16.750269 16.78544 16.739805 16.796507 16.64502 16.666365 16.795452 17.048449 17.234201 17.521973 17.65224 17.576538 17.332973 16.924305 16.80795 16.677204 16.6688 16.655586 16.572657 16.35183 16.099285 15.990069 15.787676 15.350159 14.743166 14.581229 13.994556 13.326334 12.984151 12.066092 11.307682 10.844943 10.327332 10.055456 9.852338 9.757843 9.14511 9.162499 -999999.0 -999999.0 -999999.0 -999999.0 -999999.0
22.331722 22.314735 21.966846 21.436413 20.946627 20.717257 20.5874 20.180035 19.297073 17.417068 16.763945 17.147287 17.199955 16.742641 16.481386 16.251923 16.327671 16.534233 16.625072 16.503027 16.416157 16.367931 16.321026 16.361485 16.674244 16.941242 17.138353 17.169535 17.04215 16.835512 16.486803 16.58648 16.622566 16.442673 16.349192 16.292696 16.058819 16.001768 15.941827 15.915402 15.461505 14.9567375 14.449048 13.746302 13.040557 12.405956 11.876879 11.406085 10.902747 10.142908 9.971408 9.735206 9.693424 9.487487 9.5373955 8.898803 8.659107 -999999.0 -999999.0 -999999.0
22.273722 -999999.0 22.16469 21.65427 21.091951 21.035196 20.879196 20.443098 19.965454 19.834097 19.92715 15.32813 16.585938 16.320906 16.175835 16.199083 16.315292 16.28405 16.322868 16.366335 16.173035 16.17709 16.114243 16.113747 16.484375 16.64546 16.585 16.484264 16.448195 16.418371 16.425892 16.599949 16.576397 16.351892 16.224342 16.067825 15.727666 15.658896 15.652979 15.533056 15.365059 14.769176 14.182609 13.474591 12.727326 12.187708 11.697143 11.285544 11.069544 10.635644 10.131692 9.824363 9.732824 9.594863 9.270828 9.019384 -999999.0 -999999.0 -999999.0 -999999.0
22.11044 22.260004 22.133188 21.78632 21.422045 21.390192 21.104858 20.645414 20.084654 19.799652 19.146137 17.17432 14.839976 15.628285 15.190525 15.361632 16.088133 16.006823 -999999.0 -999999.0 15.901822 15.884568 15.770542 15.897339 16.25314 16.417164 16.495573 16.388107 16.430634 16.308357 16.238625 16.27985 16.432394 16.29195 16.112432 15.90362 15.616756 15.53989 15.504958 15.281158 14.836717 14.517783 13.9204445 13.210677 12.558235 12.100834 11.717758 11.335349 10.980057 10.489681 10.073771 9.954388 9.964703 9.5861025 9.148981 8.885209 -999999.0 -999999.0 -999999.0 -999999.0
21.864544 21.95302 21.883291 21.714323 21.486668 21.195534 20.892736 20.544918 20.145258 19.62292 19.253363 18.892704 14.588581 14.627004 14.824981 14.858464 15.233268 -999999.0 -999999.0 -999999.0 15.612552 15.509025 15.454674 15.546858 15.905347 16.077837 16.333538 16.3766 16.2606 16.019716 15.931236 15.8118515 15.861426 16.055803 15.955833 15.710317 15.564958 15.258236 15.062102 14.638107 14.196441 14.284147 13.790437 13.156713 12.539513 12.0287 11.6026945 11.244064 10.879407 10.362278 9.770888 10.614569 -999999.0 9.581195 9.112364 8.850809 -999999.0 -999999.0 -999999.0 -999999.0
22.481453 21.61748 21.72311 21.691502 21.344072 21.214748 20.816685 20.437893 19.977535 19.497221 19.092567 18.767786 18.563852 14.451767 14.70307 14.671331 14.841652 15.000009 -999999.0 -999999.0 15.41099 15.375064 15.273335 15.329579 15.518791 15.739675 15.931806 16.124949 16.009182 15.698731 15.467493 15.185271 15.097147 15.603328 15.575629 15.2166195 15.02775 14.888041 14.667366 14.329539 14.124116 13.965096 13.436015 12.775571 12.267029 11.812464 11.430226 11.059968 10.721121 10.576034 10.2232065 -999999.0 9.518627 9.1188965 8.884143 8.547638 -999999.0 -999999.0 8.0 8.0
22.566525 22.285252 21.58272 21.524275 21.132284 20.671085 20.667866 20.319878 19.843964 19.359535 19.026539 18.699831 18.287987 17.885496 14.0682335 14.605625 14.640857 14.703422 -999999.0 -999999.0 15.175919 15.218139 15.143636 15.107615 15.206137 15.466917 15.648687 15.761699 15.808471 15.47432 15.132293 14.792707 14.460858 15.186682 15.022984 14.633373 14.45845 14.446456 14.316915 14.082579 13.780094 13.36249 12.8218565 12.4205475 12.000081 11.595655 11.29245 11.133882 10.997498 10.717827 10.157135 9.882205 9.594113 8.924038 9.002388 8.57874 -999999.0 -999999.0 8.0 8.0
22.215387 21.992176 21.850302 20.964973 20.620884 20.18874 19.63843 19.933718 19.556429 19.217659 18.963102 18.654877 18.268976 17.629553 17.03534 14.838621 14.4446945 14.456181 14.187097 -999999.0 14.881864 14.869098 14.895104 14.937056 14.995751 15.216304 15.48872 15.53113 15.399941 15.093024 14.92245 14.809706 14.613205 14.998772 14.648805 14.155018 13.934499 14.011547 13.920742 13.754354 13.515302 13.076805 12.435236 12.018868 11.76912 11.590505 11.276347 10.939032 10.5917635 10.291163 10.1599455 9.964136 9.53133 9.103659 8.797741 8.367355 -999999.0 8.171711 8.0 8.0
21.560452 21.378798 21.167233 18.840832 20.04147 19.82041 19.432528 19.115625 19.347155 18.988976 18.716568 18.634304 18.310284 17.65801 16.900091 16.451723 14.694846 14.081366 13.824703 14.42733 14.30906 14.24068 14.3802395 14.645256 14.508126 14.811139 15.177176 15.292268 15.107726 14.744644 14.477603 14.476295 14.583681 14.615493 14.269822 13.920927 13.722577 13.630622 13.55568 13.354379 13.064789 12.624411 12.041626 11.608636 11.461305 11.48534 11.041735 10.579201 10.424296 10.457852 10.276153 9.920002 9.6224785 9.015115 8.729366 8.397884 8.0 8.0 8.0 8.0
21.045462 21.033092 20.838696 18.568623 18.406237 18.895153 19.361467 19.255299 19.176199 19.000216 18.465395 18.136316 17.736813 17.387629 17.09157 16.367506 16.143167 13.735714 13.541927 13.059137 13.588242 13.381525 13.160007 13.446142 13.777347 14.221287 14.555262 14.804416 14.729643 14.444371 14.058334 13.8667965 13.859647 13.767543 13.659665 13.519071 13.277744 13.1538925 13.07314 13.025368 12.776428 12.130705 11.6561985 11.318306 11.240383 11.467711 10.901776 10.5426235 10.293609 10.386232 10.156363 9.854719 9.509809 8.913206 8.672436 8.451276 8.266564 -999999.0 8.0 -999999.0
20.662374 20.693462 20.506237 18.340782 18.182678 18.070562 18.126068 18.377083 18.210258 18.96965 18.36026 17.761023 17.266909 16.991255 16.740007 16.492922 15.976568 15.789316 13.33607 12.819681 12.309428 12.668969 12.305524 12.432637 13.168754 13.509114 13.9154415 14.2295065 13.950596 13.7025585 13.491701 13.298833 13.412337 13.344309 13.040491 12.739791 12.662156 12.5165415 12.432826 12.325607 11.977882 11.754505 11.385217 11.096759 11.16286 11.08685 10.619999 10.633759 10.19996 10.130476 9.982258 9.627526 9.34639 9.079284 8.725593 8.533791 8.430425 8.086145 8.0 -999999.0
20.422108 20.448265 20.279753 18.251759 18.085596 17.896528 17.80284 17.99236 17.952383 18.687763 18.371172 17.800087 17.27417 17.03459 16.320503 16.075018 15.815328 15.597427 13.141939 12.731482 12.195096 11.815606 11.974783 11.9674635 11.966888 12.920796 13.287981 13.410777 13.243269 13.096949 12.976294 13.03913 13.217304 13.108126 12.714463 12.308497 12.229312 12.170345 12.080728 11.919595 11.628383 11.401671 11.232628 11.022482 10.486312 10.619791 10.8789215 10.559947 10.291708 9.948918 9.74557 9.739034 9.509416 9.015355 8.558002 8.577042 8.470259 8.0 -999999.0 -999999.0
20.159292 20.221567 20.009401 19.692364 17.98188 17.802011 17.720995 17.839466 17.742348 17.590448 18.220495 17.793852 17.298677 16.985886 16.675371 15.614845 15.579649 15.40083 15.164738 12.818719 12.333945 11.928301 11.58471 11.675738 11.63904 11.395161 12.629701 12.548359 12.451085 12.3634405 12.41509 12.476917 12.687908 12.463501 12.025085 11.781104 11.927824 11.996637 11.992187 11.718081 11.440676 11.17928 10.997081 -999999.0 -999999.0 10.726083 10.6472025 10.550875 10.529201 10.187381 9.930356 9.946072 9.621163 9.022492 8.628409 8.351155 -999999.0 -999999.0 -999999.0 -999999.0
19.557028 19.686544 19.71706 19.456528 19.231344 17.507498 17.48453 17.639881 17.607798 17.504196 18.090576 17.706451 17.250822 16.867657 16.588024 16.445335 14.958537 15.326298 14.977188 12.878609 12.441778 11.966419 11.526954 11.313152 11.4592495 11.16857 11.254298 11.7757015 11.725453 11.632119 11.716953 11.874707 11.981954 11.78389 11.534823 11.631938 11.833091 11.855535 11.825629 11.560868 11.208859 10.9275 10.795653 -999999.0 -999999.0 10.747715 10.664288 10.702181 10.646575 10.518383 10.232238 9.881819 9.45954 9.073894 8.808412 -999999.0 -999999.0 -999999.0 -999999.0 -999999.0
19.231592 19.277067 19.310385 19.236893 19.051947 17.386274 17.265097 17.423277 17.449911 17.36675 17.793901 17.670977 17.302658 16.81244 16.469551 16.25193 14.321459 14.045555 14.613738 13.983513 12.223709 11.746081 11.376701 10.936188 10.885869 11.119533 11.041279 11.25374 11.143571 11.033587 11.167268 11.325097 11.455693 11.466185 11.491172 11.402985 11.625583 11.677596 11.663063 11.263242 10.96374 10.798091 10.565962 10.645284 -999999.0 -999999.0 -999999.0 -999999.0 -999999.0 10.419816 10.131885 9.768512 -999999.0 9.248283 -999999.0 -999999.0 -999999.0 -999999.0 -999999.0 -999999.0
19.081589 19.122314 18.986017 18.915531 18.858496 18.780754 17.626537 17.275116 17.286245 17.25328 17.15955 17.641459 17.425713 16.848476 16.120707 16.43104 16.230791 13.231632 12.964192 13.443483 12.576848 11.4707365 11.143342 10.6949005 10.834036 10.973271 10.945075 11.050564 11.028655 10.813453 10.857685 11.058818 11.208341 11.26371 11.310714 11.275013 11.240585 11.241843 11.254815 11.030891 -999999.0 -999999.0 -999999.0 10.522122 -999999.0 -999999.0 -999999.0 -999999.0 -999999.0 -999999.0 -999999.0 9.78045 -999999.0 -999999.0 -999999.0 -999999.0 -999999.0 -999999.0 -999999.0 -999999.0
19.34053 18.837238 18.787495 18.624619 18.59605 18.674992 18.618217 18.754105 17.22524 17.122833 17.089916 17.171923 17.68732 17.062077 16.374805 16.151205 16.6806 16.239677 14.769817 12.40483 12.210115 11.170914 10.965353 10.409923 10.267332 10.3053875 10.8112545 10.865049 11.001274 10.835429 10.810967 10.943342 11.092206 11.222457 11.170087 10.931721 10.647637 -999999.0 -999999.0 -999999.0 -999999.0 -999999.0 -999999.0 -999999.0 -999999.0 -999999.0 -999999.0 -999999.0 -999999.0 -999999.0 -999999.0 -999999.0 -999999.0 -999999.0 -999999.0 -999999.0 -999999.0 -999999.0 -999999.0 -999999.0
19.396694 19.419725 18.581146 18.462765 18.538568 18.606035 18.597294 18.766184 18.767288 17.462128 17.001997 16.968687 17.740408 17.42464 17.031494 16.707094 16.30681 16.655355 15.55252 14.241649 11.513424 11.145609 10.154842 10.399901 10.091017 9.820163 9.536654 10.57583 10.654514 10.72758 10.617524 10.589656 10.748478 10.97965 10.767065 10.6168785 10.456427 -999999.0 -999999.0 -999999.0 -999999.0 -999999.0 -999999.0 -999999.0 -999999.0 -999999.0 -999999.0 -999999.0 -999999.0 -999999.0 -999999.0 -999999.0 -999999.0 -999999.0 -999999.0 -999999.0 -999999.0 -999999.0 -999999.0 -999999.0
19.494534 19.428125 18.433153 18.283915 18.441042 18.530249 18.545433 18.61115 18.579567 18.687355 18.626144 16.99047 16.769398 17.737146 17.504286 16.98418 16.479958 16.154232 16.016129 14.577367 11.0660715 10.623026 9.780575 10.4015 9.949008 9.587065 9.299692 9.030725 10.346809 10.334422 10.130932 10.092933 9.996331 10.378511 10.394634 10.430206 10.330211 10.48782 -999999.0 -999999.0 -999999.0 -999999.0 -999999.0 -999999.0 -999999.0 -999999.0 -999999.0 -999999.0 -999999.0 -999999.0 -999999.0 -999999.0 -999999.0 -999999.0 -999999.0 -999999.0 -999999.0 -999999.0 -999999.0 -999999.0
19.449827 19.298567 19.02431 18.005333 18.144491 18.401037 18.42084 18.416992 18.432716 18.595293 18.667376 18.538948 18.232975 16.71288 17.623722 16.992088 16.579124 16.282799 15.177469 14.649901 14.7695265 10.188356 9.735731 9.336418 9.507955 9.222816 8.590173 8.7013235 8.6974535 9.916922 9.687129 9.486756 9.631468 9.90901 10.193481 10.349359 10.334699 10.244447 -999999.0 -999999.0 -999999.0 -999999.0 -999999.0 -999999.0 -999999.0 -999999.0 -999999.0 -999999.0 -999999.0 -999999.0 -999999.0 -999999.0 -999999.0 -999999.0 -999999.0 -999999.0 -999999.0 -999999.0 -999999.0 -999999.0
19.314327 19.276024 19.080032 18.747139 17.976103 18.091763 18.121508 18.113426 18.161854 18.356367 18.444462 18.359734 18.194843 17.974606 16.801065 16.911587 16.482203 15.863786 15.184483 15.172116 14.68253 13.483069 9.360529 9.339247 9.365358 8.702488 8.49836 8.595001 8.54027 9.641956 9.30783 9.202079 9.353702 9.708279 9.651129 10.299944 10.016534 9.579482 -999999.0 -999999.0 -999999.0 -999999.0 -999999.0 -999999.0 -999999.0 -999999.0 -999999.0 -999999.0 -999999.0 -999999.0 -999999.0 -999999.0 -999999.0 -999999.0 -999999.0 -999999.0 -999999.0 -999999.0 -999999.0 -999999.0
19.046116 18.96923 18.890877 18.533457 17.865328 17.951365 18.006477 18.039572 18.081638 18.214893 18.27415 18.311401 18.228664 18.043388 17.728027 17.09083 16.504961 17.478975 17.337017 17.311068 14.912168 14.830885 9.774016 9.162238 9.0763855 8.809116 8.270045 8.371663 8.334598 8.357355 8.921074 9.167445 9.323096 9.403741 9.576833 9.742518 9.701556 -999999.0 -999999.0 -999999.0 -999999.0 -999999.0 -999999.0 -999999.0 -999999.0 -999999.0 -999999.0 -999999.0 -999999.0 -999999.0 -999999.0 -999999.0 -999999.0 -999999.0 -999999.0 -999999.0 -999999.0 -999999.0 -999999.0 -999999.0
18.59618 18.327274 18.519506 18.427704 17.869644 18.001665 18.015532 18.092695 18.091734 17.96954 18.029612 18.174583 18.368277 18.270916 18.017124 17.3334 16.802313 16.345743 17.584543 17.41539 17.115072 14.96422 14.970418 9.79469 8.925497 8.845929 8.938969 8.1514015 8.0 8.1077175 8.65415 8.975182 9.214539 9.309798 9.375351 9.3987665 9.225096 8.961258 8.939111 -999999.0 -999999.0 -999999.0 -999999.0 -999999.0 -999999.0 -999999.0 -999999.0 -999999.0 -999999.0 -999999.0 -999999.0 -999999.0 -999999.0 -999999.0 -999999.0 -999999.0 -999999.0 -999999.0 -999999.0 -999999.0
18.36404 18.267563 18.262259 18.344593 18.303106 17.855877 17.963463 18.04161 17.98647 17.90258 17.940022 18.101374 18.43668 18.842072 18.536833 17.756754 17.15107 16.655214 17.673176 17.578575 17.411623 17.060602 15.061338 9.7827835 9.729268 8.886453 9.039844 8.981118 -999999.0 -999999.0 -999999.0 -999999.0 9.176082 9.367671 9.3837 9.2068615 8.648813 -999999.0 -999999.0 -999999.0 -999999.0 -999999.0 -999999.0 -999999.0 -999999.0 -999999.0 -999999.0 -999999.0 -999999.0 -999999.0 -999999.0 -999999.0 -999999.0 -999999.0 -999999.0 -999999.0 -999999.0 -999999.0 -999999.0 -999999.0
18.131084 18.069319 18.111069 18.200224 18.296198 17.778025 17.849586 17.873587 17.911762 17.961332 18.418247 18.256775 18.459421 18.757141 18.707113 18.103302 17.577358 17.035568 17.667976 17.751522 17.631445 17.289425 16.038673 14.927499 9.852852 8.904053 8.835837 -999999.0 -999999.0 -999999.0 -999999.0 -999999.0 8.80758 9.100837 9.203776 9.435305 -999999.0 -999999.0 -999999.0 -999999.0 -999999.0 -999999.0 -999999.0 -999999.0 -999999.0 -999999.0 -999999.0 -999999.0 -999999.0 -999999.0 -999999.0 -999999.0 -999999.0 -999999.0 -999999.0 -999999.0 -999999.0 -999999.0 -999999.0 -999999.0
