data/TNO-HT-ATES/HT-ATES_ooz2/ooz2__kh_P50_basecase_80-45-40.asc
ncols  140
nrows  163
xllcorner  0.0
yllcorner  300000.0
cellsize  2000.0
NODATA_value  -999999.0
[rows 81 to 107 of 163, columns 60 to 119 of 140]
114.13567 116.260086 258.79666 276.00366 307.56073 368.6154 406.86096 424.95294 465.62894 398.39685 363.91446 379.06262 435.03082 564.55853 665.1209 628.93304 551.22034 458.63895 369.2433 345.0236 318.2146 312.85767 380.29446 379.5156 397.7287 405.47 420.5307 420.08792 470.31683 431.894 362.92447 333.35107 365.2011 337.31653 380.28186 426.8787 422.34528 407.19412 388.4777 311.7069 279.2833 294.9443 317.42395 319.86267 289.525 236.49738 293.79938 403.44415 202.50278 64.034134 134.39821 279.1863 279.54184 271.13455 242.10863 109.53149 79.35899 19.670168 -999999.0 -999999.0
87.318016 93.437645 104.28592 142.85042 342.78714 369.82794 392.69287 418.7227 442.121 447.5045 320.59268 222.27844 323.146 495.70447 651.9104 587.7322 473.39038 356.29593 323.60413 289.44827 282.8631 302.40536 327.67578 332.59772 367.1218 402.27713 428.14905 453.9391 377.81323 402.4393 326.7182 289.95212 288.59628 311.17963 396.78998 383.85123 386.16217 337.57733 310.28876 260.5889 180.74744 184.49507 259.84546 283.48114 232.42505 198.46748 244.95499 368.8386 251.69987 98.007416 106.04181 181.17264 224.83812 203.82068 187.0986 62.553204 7.4681416 -999999.0 -999999.0 -999999.0
59.243454 62.883667 68.35166 95.11471 147.14694 281.89163 383.91318 426.055 438.72092 506.6331 531.0343 304.34576 401.22324 545.33826 496.7323 426.6767 331.09882 254.76976 248.56857 247.7918 227.77654 256.08478 276.64175 298.86676 336.26404 405.914 335.9303 344.49573 324.34604 287.50076 295.10834 281.09134 289.51978 323.98596 386.78763 363.34076 328.1839 300.66498 285.83838 287.11353 230.25774 100.737625 239.62628 198.80916 175.42427 215.629 279.37048 344.7634 192.75867 56.745224 101.69124 211.73303 180.7201 213.25658 151.76839 -999999.0 -999999.0 -999999.0 -999999.0 -999999.0
32.773575 20.144817 24.528923 50.26814 107.51792 221.89424 453.30627 688.0909 666.75165 393.79205 541.34296 730.158 639.76385 575.86676 412.55652 289.8719 218.18433 176.47299 159.4851 172.71541 198.22835 224.1529 240.29353 271.64108 312.9037 299.38208 308.6391 315.21484 291.14337 266.0135 294.96692 289.5858 262.69742 380.89975 400.8126 383.80774 357.82477 224.62878 249.73476 326.6185 369.4504 261.96387 243.96817 226.75452 171.6373 192.63312 359.62656 357.85272 325.01172 207.27776 217.39363 356.99335 268.13507 225.56105 101.759315 98.20019 13.89286 -999999.0 -999999.0 -999999.0
31.29749 -999999.0 10.532485 53.144947 98.769684 287.95212 565.6516 693.4333 781.2408 793.81885 743.23944 395.68024 837.30554 668.8643 348.3376 151.08206 106.019325 85.454315 67.90697 70.89231 198.5576 209.29492 229.64822 254.14948 277.46097 301.6043 297.3651 278.73813 286.62952 265.9167 242.6353 268.96786 342.42477 409.98398 457.5648 423.77066 360.21518 180.75711 144.9878 288.52948 430.31943 421.0032 307.26892 232.98332 140.51372 178.79727 238.06197 279.059 293.7128 259.72076 295.46585 342.04626 226.42851 192.2663 174.97734 123.68563 -999999.0 -999999.0 -999999.0 -999999.0
84.15036 65.77482 89.20207 135.39932 228.2188 430.4791 588.4229 641.30493 671.52045 644.4222 1047.0916 605.31964 413.75198 671.1129 590.7478 352.91797 55.778522 16.021309 -999999.0 -999999.0 91.24818 150.48787 200.65308 240.97179 262.5798 298.68427 261.55032 261.18915 252.68486 235.41635 253.66072 313.93967 478.17038 505.25577 497.2769 443.26456 426.0977 375.66675 300.464 353.03885 483.37576 372.62317 319.06274 264.24994 176.45921 180.40736 187.50887 229.78206 269.20178 268.2704 283.37585 273.81833 147.83351 172.97528 113.860115 101.91884 -999999.0 -999999.0 -999999.0 -999999.0
185.09906 187.24344 183.52693 201.10081 294.77115 411.8721 537.4078 596.68835 597.0505 539.5518 524.5505 515.7821 372.66858 406.81033 582.68414 462.17365 233.7579 -999999.0 -999999.0 -999999.0 32.978527 131.22319 210.01239 265.99042 296.53345 342.58432 306.65878 265.86588 231.66649 186.82632 238.71225 327.53616 390.26028 543.09216 540.30676 483.0128 434.0784 527.93854 459.26135 406.62064 334.19946 348.66827 331.35455 288.1733 227.95435 219.57443 209.43987 237.30994 239.44502 273.0 266.52322 26.994862 -999999.0 81.32551 67.101845 13.4189 -999999.0 -999999.0 -999999.0 -999999.0
199.18143 257.69397 228.66797 233.65672 282.92316 373.98587 443.09485 511.06424 484.73386 450.66995 425.3454 428.47186 422.50424 378.6849 462.2746 413.08087 310.37302 147.68219 -999999.0 -999999.0 18.299139 119.5782 241.53494 342.002 386.29382 401.04028 375.77927 277.04318 274.75647 244.92506 305.94968 378.55475 405.99542 628.06714 583.56104 507.84732 407.4218 352.19394 342.51547 358.20523 341.704 376.66998 396.52338 361.7523 246.55614 225.93636 246.68808 250.54115 260.03195 188.85239 182.36542 -999999.0 184.93874 143.20943 68.46608 47.41666 -999999.0 -999999.0 -999999.0 -999999.0
264.4961 262.828 292.1194 279.06607 317.56677 397.9325 394.63712 426.34958 392.10165 374.40326 340.58212 306.24942 331.60556 396.84995 582.33075 313.60632 245.32562 151.65862 -999999.0 -999999.0 16.243717 148.93297 306.0324 428.77493 474.10593 463.0357 476.276 331.56937 355.51663 406.37506 442.24026 561.15485 563.5762 752.1609 664.8122 558.3676 400.1532 284.88306 318.60638 385.88898 400.77145 427.50214 452.9258 419.7686 278.71432 269.2091 267.60925 225.97061 215.84848 207.06741 219.93576 173.55496 107.50546 76.19268 17.722574 21.121946 -999999.0 -999999.0 -999999.0 -999999.0
357.46674 387.3823 434.49466 426.89047 480.11758 532.8541 572.89386 361.84454 348.48105 336.29965 316.0039 220.87674 223.3776 339.68594 458.3023 580.822 264.52533 189.2661 164.03392 -999999.0 51.129818 209.34354 390.17148 505.6459 567.4065 600.3465 750.9275 627.7023 574.92163 619.1737 714.50726 827.26764 917.71765 1050.5852 802.5153 583.00256 380.8797 328.91428 346.85022 402.19034 451.4306 450.2658 457.4052 425.23807 262.4429 223.97226 270.82388 301.696 305.86627 270.36148 181.34264 106.760124 95.22869 114.98495 70.67606 16.90169 -999999.0 4.463907 -999999.0 -999999.0
478.75824 507.17395 539.53827 428.3984 593.61285 574.0798 633.2378 646.0203 336.55804 324.99628 306.93985 188.4669 230.6633 305.10925 426.89743 503.897 313.62854 213.96147 165.63673 12.572239 101.94716 262.21933 420.57706 474.2583 588.9517 661.65656 872.25476 890.16754 803.408 812.2224 861.6527 967.85315 1034.9069 1070.1854 856.84344 590.9086 357.55328 343.03265 316.61163 335.98816 356.5775 396.14462 387.9887 362.1989 298.74246 217.3815 311.86697 411.91364 373.3403 233.96184 152.36441 104.70905 38.13607 47.722126 50.965393 17.115278 1.7045221 -999999.0 -999999.0 -999999.0
522.945 576.1236 543.7773 457.81357 505.5689 618.70605 734.24744 778.7249 782.4928 338.08902 275.3194 228.37956 253.18575 322.06232 393.0032 391.10446 398.67368 178.79697 151.86707 86.246315 84.27514 146.36383 135.15387 343.15628 514.4567 602.6078 710.52765 849.60236 937.552 925.41907 846.88354 791.12994 768.433 808.7042 692.7972 527.731 444.67593 408.0091 366.9699 341.61502 316.43997 390.8267 418.28458 319.2547 255.96246 193.40347 384.8361 390.63208 236.48964 160.845 201.81487 123.04369 53.61229 57.08941 27.435518 17.077492 5.2130857 -999999.0 -999999.0 -999999.0
551.0846 594.1327 592.9949 569.75464 622.7638 694.9354 702.2227 588.26056 562.05743 320.29758 298.81863 255.13928 260.02667 331.16785 414.5624 447.4961 295.7923 259.378 151.2674 110.08703 126.456825 28.699102 63.812817 209.73767 431.59973 527.081 432.7091 649.429 800.2039 750.5428 583.22375 466.529 456.87924 503.748 461.4526 454.81476 442.815 442.237 437.1827 431.8938 454.19464 367.46396 373.34552 327.01727 175.0544 214.8118 406.43674 304.22882 150.83173 39.0534 228.61787 211.75682 129.46147 72.763084 52.40755 50.807198 44.7667 36.860886 -999999.0 -999999.0
541.78186 714.67804 756.8762 665.37555 706.3718 820.1829 867.32806 714.22235 659.91974 307.642 305.3948 265.3719 312.43777 355.46222 415.3944 402.23795 357.81073 229.60513 177.5696 178.89444 203.29071 255.7625 9.715454 82.91203 196.82947 496.33575 390.84372 601.5101 701.8761 601.557 435.55548 367.2757 286.57806 265.8785 303.02112 404.74588 474.65347 500.48438 481.40942 442.58276 392.02106 346.70135 312.61658 285.83838 276.36334 331.43832 282.32108 272.1886 195.3902 180.01974 240.29797 224.65953 118.947784 64.99102 40.45112 55.218433 53.998177 -999999.0 -999999.0 -999999.0
681.33344 741.67786 809.836 814.8061 737.67474 785.6978 831.9788 769.5193 758.5876 712.51086 302.3735 312.3742 397.44788 454.63684 491.8691 390.14078 260.1463 135.77052 99.96727 181.32674 249.81131 349.0991 370.35443 8.227753 68.33181 320.67416 632.08453 726.8185 668.85394 432.7794 288.7998 371.4174 310.42133 317.89688 409.0786 547.8033 507.63666 468.0365 396.15054 360.85538 364.3731 372.6636 349.22736 -999999.0 -999999.0 273.80695 331.4305 287.71686 247.87492 223.30974 271.79736 212.78766 115.39843 75.13477 51.02848 6.731892 -999999.0 -999999.0 -999999.0 -999999.0
788.5055 816.278 809.834 877.2 901.9018 800.80505 807.0832 839.54425 812.212 845.6952 316.76294 407.28888 478.418 588.7421 587.5037 566.7093 439.8367 48.06206 7.584842 191.26111 300.50378 395.15945 408.73325 575.1404 28.04508 291.61276 559.8436 641.69464 578.42395 446.74457 376.8855 432.12558 448.06 445.56628 574.2401 642.8392 437.79886 383.6834 274.02213 294.4373 288.29953 312.6428 343.94968 -999999.0 -999999.0 296.15686 309.27213 284.68832 264.90616 244.1993 238.70023 237.54727 213.45947 150.54854 97.57689 -999999.0 -999999.0 -999999.0 -999999.0 -999999.0
893.0652 912.5328 893.1824 887.7826 931.99603 861.0075 860.9285 878.0192 869.86115 902.0177 587.6716 551.03174 628.083 666.0966 670.0268 659.28064 505.61356 389.0564 105.54188 175.90953 323.25024 412.7498 439.99622 556.7752 474.4161 242.93378 540.5158 566.6399 431.92114 320.85812 248.11089 295.25363 372.51294 419.0683 354.89392 692.0977 413.2836 298.30222 182.68437 230.14581 249.2195 243.05809 331.44617 356.75568 -999999.0 -999999.0 -999999.0 -999999.0 -999999.0 284.20422 260.8656 268.75372 -999999.0 168.52269 -999999.0 -999999.0 -999999.0 -999999.0 -999999.0 -999999.0
1136.0084 1136.4342 1039.5867 898.548 1024.6327 1126.9888 902.0397 883.75574 912.27295 971.70386 1078.4885 704.3891 843.924 820.3114 855.09265 686.10657 716.53326 249.31253 196.41547 230.28459 290.7348 425.68503 448.2484 555.28705 500.1156 395.05667 612.61536 561.7264 308.866 253.28145 196.64227 270.6559 369.1957 427.8792 517.9918 509.53473 442.42343 338.4859 227.68666 220.84224 -999999.0 -999999.0 -999999.0 326.8383 -999999.0 -999999.0 -999999.0 -999999.0 -999999.0 -999999.0 -999999.0 268.84213 -999999.0 -999999.0 -999999.0 -999999.0 -999999.0 -999999.0 -999999.0 -999999.0
1237.6476 1181.3898 1176.6825 1110.2511 1119.4478 1267.0056 1081.8927 1093.6584 960.9625 1074.4519 1142.3326 1105.8475 892.83057 1049.4203 983.3077 841.9691 637.6927 726.78894 719.842 246.23734 293.48303 320.26663 448.81064 624.2853 558.437 373.56625 714.1579 692.53455 601.9875 402.75314 269.1977 280.62048 299.43625 325.8723 410.73782 512.5387 461.6769 -999999.0 -999999.0 -999999.0 -999999.0 -999999.0 -999999.0 -999999.0 -999999.0 -999999.0 -999999.0 -999999.0 -999999.0 -999999.0 -999999.0 -999999.0 -999999.0 -999999.0 -999999.0 -999999.0 -999999.0 -999999.0 -999999.0 -999999.0
1350.2644 1480.6127 1281.691 1314.76 1280.1042 1350.1882 1250.3346 915.88354 1073.663 1145.5161 1219.005 1290.8131 1000.1764 1013.62506 940.2291 800.1365 734.6787 533.2968 823.8971 1166.254 317.8677 281.5386 321.62683 386.9984 378.12125 284.9745 205.72919 655.51355 580.2031 418.98798 340.87958 259.6533 242.60886 198.33977 391.68243 478.70636 409.74338 -999999.0 -999999.0 -999999.0 -999999.0 -999999.0 -999999.0 -999999.0 -999999.0 -999999.0 -999999.0 -999999.0 -999999.0 -999999.0 -999999.0 -999999.0 -999999.0 -999999.0 -999999.0 -999999.0 -999999.0 -999999.0 -999999.0 -999999.0
1772.7312 1895.966 1577.6536 1502.8107 1662.1393 1448.6188 1313.5194 1036.277 1074.9872 1276.4264 1406.0782 1310.8969 1392.2894 1107.7667 980.5201 919.9233 747.6182 573.8552 728.9685 934.67804 295.14603 256.00775 296.5363 182.82042 168.84015 163.40347 178.55208 151.96608 483.8472 426.09595 329.79086 329.3243 263.0234 172.52693 300.94647 327.74344 268.66132 169.35828 -999999.0 -999999.0 -999999.0 -999999.0 -999999.0 -999999.0 -999999.0 -999999.0 -999999.0 -999999.0 -999999.0 -999999.0 -999999.0 -999999.0 -999999.0 -999999.0 -999999.0 -999999.0 -999999.0 -999999.0 -999999.0 -999999.0
2013.0776 2115.9702 2294.8625 1608.6215 1774.3167 1550.7455 1394.3728 1172.5956 1266.4398 1378.7692 1420.3862 1258.224 1355.5922 1491.2639 972.52795 1060.8506 927.08685 487.0446 841.45917 841.6052 593.6064 314.03342 356.9308 313.34268 237.609 182.53476 184.90965 280.33545 158.97165 341.24326 267.11465 257.19315 253.2683 144.70076 179.35532 229.92183 157.16281 138.14061 -999999.0 -999999.0 -999999.0 -999999.0 -999999.0 -999999.0 -999999.0 -999999.0 -999999.0 -999999.0 -999999.0 -999999.0 -999999.0 -999999.0 -999999.0 -999999.0 -999999.0 -999999.0 -999999.0 -999999.0 -999999.0 -999999.0
2045.4176 2294.081 2379.1343 2495.4128 1792.959 1632.3074 1572.2079 1366.4674 1401.5693 1504.1299 1487.1729 1279.2626 1296.9592 1304.1392 1223.9414 1040.9539 1032.2192 680.4266 814.2502 429.39838 478.66943 496.20013 208.46812 263.3845 351.6469 371.25143 235.38652 279.46307 184.28842 226.00047 206.15666 193.10635 156.7597 189.69019 85.01945 280.18588 222.05856 125.289925 -999999.0 -999999.0 -999999.0 -999999.0 -999999.0 -999999.0 -999999.0 -999999.0 -999999.0 -999999.0 -999999.0 -999999.0 -999999.0 -999999.0 -999999.0 -999999.0 -999999.0 -999999.0 -999999.0 -999999.0 -999999.0 -999999.0
2288.4858 2404.835 2531.4482 2281.3157 1778.0309 1663.5171 1606.5735 1607.6654 1543.5573 1595.0465 1522.8857 1354.3433 1270.1705 1192.502 1197.3842 1199.5438 1234.4421 1610.3453 1592.3348 1263.4491 373.08118 425.91867 261.0548 251.33485 344.17755 378.12427 189.30402 265.53372 131.64476 57.893017 252.40567 131.5165 156.41045 162.84372 268.42108 426.67032 312.63617 -999999.0 -999999.0 -999999.0 -999999.0 -999999.0 -999999.0 -999999.0 -999999.0 -999999.0 -999999.0 -999999.0 -999999.0 -999999.0 -999999.0 -999999.0 -999999.0 -999999.0 -999999.0 -999999.0 -999999.0 -999999.0 -999999.0 -999999.0
2490.4287 2234.7546 2691.347 2323.7822 1865.3658 1661.237 1601.5225 1540.0632 1617.3959 1616.1222 1452.8667 1302.2106 1241.9696 1131.3875 1020.35236 1274.6421 1404.9426 1231.5914 1406.6508 1047.6694 863.7926 364.87106 406.02603 430.49442 494.60263 409.8104 343.78494 202.79076 -999999.0 94.12173 116.14571 59.95399 102.61792 162.70708 259.70996 323.89297 210.52988 85.24349 43.169605 -999999.0 -999999.0 -999999.0 -999999.0 -999999.0 -999999.0 -999999.0 -999999.0 -999999.0 -999999.0 -999999.0 -999999.0 -999999.0 -999999.0 -999999.0 -999999.0 -999999.0 -999999.0 -999999.0 -999999.0 -999999.0
2571.0288 2677.9583 2614.9443 2334.666 2077.3284 1498.7083 1501.8895 1593.3033 1638.5664 1706.0458 1681.1117 1557.2622 1236.3987 780.013 799.7201 1118.1185 1188.9602 1042.9841 1041.7819 1014.15326 794.099 759.4384 503.76645 470.4022 484.16626 507.35193 387.0214 197.3682 -999999.0 -999999.0 -999999.0 -999999.0 96.32542 196.41762 305.15628 257.9095 116.280716 -999999.0 -999999.0 -999999.0 -999999.0 -999999.0 -999999.0 -999999.0 -999999.0 -999999.0 -999999.0 -999999.0 -999999.0 -999999.0 -999999.0 -999999.0 -999999.0 -999999.0 -999999.0 -999999.0 -999999.0 -999999.0 -999999.0 -999999.0
2557.611 2708.8318 2578.732 2301.63 1953.3912 1383.6232 1296.2795 1469.2301 1620.9761 1716.584 1538.5659 1357.9458 1029.5686 763.5775 614.6233 840.13513 897.5657 919.05475 1139.4891 962.93195 821.12463 793.93445 464.03418 247.56699 373.03632 635.9826 475.93893 -999999.0 -999999.0 -999999.0 -999999.0 -999999.0 21.393536 124.27174 173.04407 217.71217 -999999.0 -999999.0 -999999.0 -999999.0 -999999.0 -999999.0 -999999.0 -999999.0 -999999.0 -999999.0 -999999.0 -999999.0 -999999.0 -999999.0 -999999.0 -999999.0 -999999.0 -999999.0 -999999.0 -999999.0 -999999.0 -999999.0 -999999.0 -999999.0
