data/TNO-HT-ATES/HT-ATES_ooz2/ooz2__flowr_olst_P50_basecase_80-45-40.asc
ncols  140
nrows  163
xllcorner  0.0
yllcorner  300000.0
cellsize  2000.0
NODATA_value  -999999.0
[rows 28 to 55 of 163, columns 62 to 123 of 140]
149.4577 133.08008 104.55181 66.806305 40.17184 7.2788315 -999999.0 -999999.0 -999999.0 -999999.0 -999999.0 -999999.0 -999999.0 -999999.0 -999999.0 -999999.0 -999999.0 -999999.0 -999999.0 -999999.0 -999999.0 -999999.0 -999999.0 -999999.0 -999999.0 -999999.0 -999999.0 -999999.0 -999999.0 -999999.0 -999999.0 -999999.0 -999999.0 -999999.0 -999999.0 -999999.0 5.106116 28.967287 54.713757 76.99575 95.37764 124.58892 145.18259 168.01616 200.71564 227.82924 237.54317 240.56456 229.07007 239.67911 233.96767 221.1885 217.09033 196.03139 162.73578 121.28046 85.570915 65.18378 70.01366 76.22349 77.60853 -999999.0
153.85223 136.82893 112.63348 86.7444 59.48164 28.650343 3.7101672 -999999.0 -999999.0 -999999.0 -999999.0 -999999.0 -999999.0 -999999.0 -999999.0 -999999.0 -999999.0 -999999.0 -999999.0 -999999.0 -999999.0 -999999.0 -999999.0 -999999.0 -999999.0 -999999.0 -999999.0 -999999.0 -999999.0 -999999.0 -999999.0 -999999.0 -999999.0 -999999.0 -999999.0 -999999.0 10.735037 35.865437 61.452564 89.37653 115.28284 145.62544 171.481 191.26683 222.42502 266.76843 245.4208 175.80609 237.0169 217.68936 205.08037 197.2955 173.25331 156.61548 118.70612 90.64362 77.43936 77.12534 90.106575 108.337105 139.12334 -999999.0
157.38516 138.87778 114.400314 88.57035 66.13838 45.866833 27.77164 2.117028 -999999.0 -999999.0 -999999.0 -999999.0 -999999.0 -999999.0 -999999.0 -999999.0 6.792465 10.655667 10.261217 -999999.0 -999999.0 -999999.0 -999999.0 -999999.0 -999999.0 -999999.0 -999999.0 -999999.0 -999999.0 -999999.0 -999999.0 -999999.0 -999999.0 -999999.0 -999999.0 -999999.0 17.967001 39.004887 68.477005 103.70545 143.51013 158.0411 183.66924 199.99481 216.2004 227.52008 215.49586 115.677635 93.60418 191.89601 155.56631 149.90982 134.94049 122.44525 94.962814 76.96735 63.268353 70.71294 87.37856 117.267685 138.35417 -999999.0
160.37596 140.46162 117.75816 94.97173 74.80346 58.146935 44.815327 16.843397 -999999.0 -999999.0 -999999.0 -999999.0 -999999.0 -999999.0 -999999.0 16.475485 29.938158 28.970192 22.55298 9.558252 -999999.0 -999999.0 -999999.0 -999999.0 -999999.0 -999999.0 -999999.0 -999999.0 -999999.0 -999999.0 -999999.0 -999999.0 -999999.0 -999999.0 -999999.0 1.4406526 26.650194 50.4346 85.49413 113.951614 145.99619 159.56119 174.6191 188.47826 184.27985 173.64789 155.6522 111.99838 89.97234 93.293144 150.22429 118.250916 114.444534 102.14052 101.4324 93.04752 71.00474 60.457634 77.904175 106.299355 132.28299 -999999.0
168.15028 149.50693 128.07246 108.06054 86.72915 65.690346 52.34286 30.262875 7.038545 -999999.0 -999999.0 -999999.0 -999999.0 -999999.0 18.776546 41.308876 49.83541 53.569008 37.382668 18.375034 1.9790231 -999999.0 -999999.0 -999999.0 -999999.0 -999999.0 -999999.0 -999999.0 -999999.0 -999999.0 -999999.0 -999999.0 -999999.0 -999999.0 -999999.0 2.2251952 35.76056 71.16587 96.38321 123.47701 141.79703 155.44601 156.70538 165.87242 154.85501 148.94443 126.38472 104.24145 88.68962 72.24172 111.193695 130.90976 119.40053 124.7328 155.51468 125.701096 82.13134 81.92942 100.8415 109.88354 133.50401 142.63939
180.04123 162.32022 141.32957 117.55091 106.1626 81.64249 67.61527 48.81043 23.293753 14.069878 11.469761 8.801493 7.263965 15.907315 35.381245 63.790382 66.58454 63.643444 48.26148 28.370527 11.842335 -999999.0 -999999.0 -999999.0 -999999.0 -999999.0 -999999.0 -999999.0 -999999.0 -999999.0 -999999.0 -999999.0 -999999.0 -999999.0 -999999.0 14.880207 50.995308 88.26189 113.10914 129.36948 142.0566 136.6836 146.26447 148.1058 143.6019 134.9778 111.54052 94.306786 77.99883 67.744286 51.538692 88.56827 201.02011 254.03874 223.935 167.11186 111.406105 110.26654 119.43792 149.18164 161.84334 161.64679
195.98865 175.84468 156.48062 138.47139 123.28819 104.84535 96.38899 75.84896 51.85079 41.1562 35.82742 33.46583 33.778095 40.55856 61.77157 80.674484 80.46499 71.7798 53.866447 34.426476 20.519642 8.498236 -999999.0 -999999.0 -999999.0 -999999.0 -999999.0 -999999.0 -999999.0 -999999.0 3.267634 -999999.0 -999999.0 -999999.0 7.5745544 39.814 74.01284 103.214935 132.17844 137.37195 135.64383 107.99944 147.40785 141.26299 140.49448 131.95317 110.12515 87.18274 68.19929 74.15055 77.42042 70.325325 261.34116 275.0068 243.69212 195.42227 109.00749 148.00954 166.73196 178.99602 170.86801 144.55534
213.59756 196.3509 179.76099 163.67508 149.67224 133.66324 130.64296 113.36654 90.21491 77.29633 65.03977 60.771915 62.241875 70.50785 91.71206 108.50763 108.10898 98.806404 78.350296 54.131702 32.24987 21.715494 13.805735 11.322834 17.64585 31.868685 30.322428 20.650787 20.976208 28.150688 31.96696 11.124999 -999999.0 -999999.0 25.334099 66.3078 98.46742 128.54471 155.6455 161.74287 152.08298 148.28879 152.93864 153.22043 151.37332 130.4436 105.18127 81.92489 72.84321 69.54611 73.55037 60.865086 70.21322 233.00194 210.1038 150.73773 158.03392 193.24559 192.83493 190.98784 174.49023 0.0
227.74196 207.43471 205.1621 188.67749 177.85811 176.4315 172.69666 156.2758 141.21225 111.7684 99.11301 99.66862 102.07331 120.676094 134.56488 134.2381 130.6019 113.93225 96.84335 67.052704 39.647247 28.513512 23.302385 27.020653 41.838634 58.932793 70.211716 67.01087 68.75733 73.69257 70.1246 55.00444 31.852217 34.969746 61.637016 95.049904 127.34346 155.17937 177.73067 180.99144 173.49092 165.82037 159.72878 156.46269 145.97375 129.87697 105.311104 84.70355 67.46665 56.90375 59.66527 47.444374 62.153038 183.58127 168.17595 163.60454 121.37107 187.44392 203.19582 204.38484 156.72261 0.0
217.85143 196.3868 204.92252 207.97675 196.36319 199.55751 199.4046 186.2355 177.41982 151.73448 147.65704 138.43538 136.27379 157.78258 177.17863 174.03313 162.31784 144.35323 116.25051 81.88643 48.178665 32.028862 35.228405 49.556084 72.304756 94.1185 113.16899 111.59749 122.15059 127.18882 130.89328 118.273506 96.08296 90.38079 102.24437 132.03227 154.10141 180.89651 195.59358 188.18533 185.27032 180.15369 170.65456 160.77588 147.87312 127.301544 115.29288 84.58412 57.1512 33.16857 44.70645 32.87517 57.854862 132.21596 104.540924 102.67986 59.10822 147.67953 181.3912 188.10416 0.0 0.0
215.89993 196.49551 196.46162 207.20665 225.75645 213.11987 210.93579 219.41978 213.52968 209.4293 192.86574 175.69939 169.8779 189.16147 208.0843 208.29427 201.94467 179.19455 145.42476 102.938065 58.897717 29.446548 42.0339 76.564445 111.5786 147.61542 168.48918 169.85966 175.87245 189.82617 189.90274 179.03891 161.01456 151.87839 158.53078 172.99632 190.83473 211.51141 216.57228 202.90608 193.64996 178.40636 169.86545 163.59364 149.65182 136.794 120.84227 90.43836 66.64343 49.96411 52.936165 23.156645 43.08502 81.83471 19.15941 24.238287 -999999.0 85.75976 150.37035 160.92198 0.0 0.0
206.14948 180.58551 194.1303 220.43854 225.96602 231.15381 229.06688 241.3885 260.8743 257.37723 235.58383 215.56863 211.62979 220.39848 237.3816 249.26335 246.0605 220.25583 187.17078 142.13736 90.82641 35.08279 71.301605 117.26795 154.65709 207.45235 223.93471 226.85861 238.50153 252.24205 255.41222 246.8448 215.40273 211.30728 219.13951 218.5749 228.72513 244.81297 243.44734 221.91243 203.9922 190.12709 172.6707 166.35661 155.70824 142.16026 132.37602 105.82492 101.412186 99.84546 19.641554 -999999.0 60.31589 73.19878 88.03115 116.926 -999999.0 119.78587 156.71832 128.70421 138.10844 103.79288
227.9302 211.87086 216.78795 227.7489 236.91573 265.811 267.0391 262.96957 258.6565 256.79898 257.27896 248.96922 254.41217 251.86855 271.89716 298.32352 291.6926 279.53592 244.32402 198.27055 157.12717 137.03848 149.66826 179.28032 196.78255 262.1189 281.5237 286.6139 304.97287 302.00558 308.41748 287.41928 269.2714 252.25688 261.72202 263.58786 269.6639 285.76193 273.33765 235.99988 223.41682 201.23347 185.64471 172.65428 158.88742 157.86066 151.05846 146.06369 175.57251 153.76178 131.51697 62.446964 23.720783 47.61776 98.511284 136.77441 142.71246 153.63322 143.53809 106.318825 119.36951 83.28656
251.55576 252.27501 244.21046 248.79927 260.24313 271.5862 267.28323 266.93384 248.39272 247.17827 256.4474 289.33942 299.18866 308.65176 315.29385 337.2229 348.4028 335.02225 303.89282 267.1129 235.65854 223.71288 230.75772 256.17047 289.95364 311.23798 339.06113 344.24854 366.25797 364.8018 353.48904 338.43143 310.0934 291.54654 292.6764 296.10736 304.01816 309.5597 279.32776 267.90845 247.73518 216.79292 197.31453 179.9905 164.99368 169.54471 150.94333 149.08276 172.99268 158.36574 124.47669 91.43452 78.07177 67.7096 106.41058 137.55879 143.89183 159.39705 123.63053 104.957794 105.608 100.77919
272.8364 266.7982 253.38834 248.11517 242.35437 242.54399 258.5282 261.60495 252.67288 261.05518 257.37976 311.44125 351.43735 363.69357 358.91415 376.92108 374.08527 358.3618 341.10043 329.52512 313.4701 307.6668 291.60294 283.02954 334.59625 363.44455 391.69095 412.19638 430.5808 429.6328 410.66833 395.14767 325.77304 316.5541 321.55484 319.99643 321.1305 317.2944 302.22928 284.21747 266.8884 244.74208 216.2942 198.04568 171.59557 168.12761 140.69641 146.41846 165.79604 161.43304 130.62671 116.284996 116.00833 89.99669 108.86399 149.65758 160.34818 146.3687 0.0 0.0 108.64156 0.0
275.1595 263.22058 256.51807 240.61528 234.64919 232.36452 249.2219 265.41037 267.5019 275.24686 305.77792 341.07886 365.57672 389.1971 404.37976 412.9299 424.99942 387.6474 400.39987 399.17938 389.5097 367.84824 364.3054 366.518 380.6471 394.67838 431.0435 449.4311 483.51065 475.83582 467.6987 437.393 389.89868 357.6054 349.45984 347.7304 356.4272 330.69565 310.32858 302.2892 292.24512 270.92715 244.00183 214.1159 191.18217 173.84717 154.83058 149.63786 167.59917 143.53548 123.81375 124.361374 129.88379 117.39811 134.16461 156.16661 150.52345 134.48438 0.0 0.0 79.47666 87.23542
260.57632 239.67224 247.6693 228.37415 217.80327 221.99002 247.10196 279.33597 288.7139 301.3705 315.61923 345.59442 365.72498 387.2354 404.47137 409.8267 430.2607 439.68622 429.4496 423.48163 411.18472 414.3087 411.33304 426.20035 423.74518 430.7008 461.05093 479.14294 493.93076 524.1541 514.0207 492.82663 446.80704 406.0439 388.17978 373.87003 374.5697 340.55215 323.20474 311.67395 312.07404 297.6804 269.36517 231.07027 182.41728 158.75089 165.12592 209.29228 142.05478 114.23475 105.84596 117.83259 132.36488 122.0771 135.50124 154.79416 144.6671 0.0 0.0 0.0 108.77148 76.66236
237.43224 205.28671 195.09747 193.96434 192.47066 202.61047 225.08098 274.6625 299.0857 292.59326 299.0226 336.50507 371.24487 389.60086 403.1618 413.39453 436.08044 466.166 455.2658 461.45468 449.37338 438.0531 451.68124 444.50076 445.90698 463.9446 482.75455 518.3023 561.18115 578.8926 577.487 542.1357 506.7578 457.07556 449.38885 420.38644 387.51215 361.9095 343.9035 322.50894 320.9231 316.714 283.49066 248.07637 203.56839 183.34006 178.75052 209.4561 191.82027 104.67781 93.16681 93.4188 106.16655 0.0 0.0 0.0 0.0 0.0 0.0 0.0 0.0 0.0
200.8761 139.05215 108.751495 119.10555 138.51045 171.37918 204.34767 249.30777 283.43903 293.53885 307.25452 333.68396 357.3911 377.10287 397.66434 417.7195 443.93515 460.13812 470.27676 466.46436 452.64496 449.63135 463.8909 457.9465 473.66647 483.095 526.45605 537.02325 585.55817 596.33057 597.071 575.5762 543.11835 533.67535 472.00006 434.45874 377.3643 368.18845 354.92108 330.31128 323.6218 311.98022 284.8219 263.5668 234.25156 226.56572 226.23212 219.68298 211.98315 165.20172 118.859245 98.22619 106.73332 0.0 0.0 0.0 0.0 0.0 0.0 0.0 0.0 160.28024
145.17593 64.19406 20.376022 22.583845 62.693058 119.4655 176.17323 234.8291 264.42093 282.6072 295.1414 327.91583 358.0447 349.98337 396.50586 424.52667 449.96768 457.6706 468.6035 468.4891 465.54587 417.79007 453.76205 474.70148 495.26602 509.12442 525.5006 564.63306 584.4838 598.83 617.4319 619.65076 601.95306 544.7789 487.99515 422.8637 393.26724 378.64124 360.7518 307.26456 325.441 312.66223 291.55405 271.1582 252.994 251.6388 234.12044 0.0 0.0 196.51125 154.04642 107.55122 101.17993 0.0 0.0 0.0 0.0 0.0 0.0 0.0 0.0 154.28537
82.58165 -999999.0 -999999.0 -999999.0 -999999.0 61.481857 132.40201 200.38835 240.42851 261.23962 287.58435 327.22894 360.8297 386.2643 403.10928 421.3709 451.60745 450.03113 457.80215 461.62057 460.61606 455.7088 470.31018 478.26755 506.7764 517.67804 522.9339 548.69495 589.76495 596.3313 627.2629 651.2581 686.1792 593.77344 524.5624 440.67816 400.95297 427.2526 405.29965 339.48566 323.56357 311.68994 288.56732 269.4148 254.93045 245.37776 223.6432 0.0 0.0 0.0 180.27718 167.34839 209.77425 180.86623 0.0 0.0 0.0 0.0 0.0 0.0 0.0 0.0
21.918423 -999999.0 -999999.0 -999999.0 -999999.0 17.194902 94.29781 159.67131 204.35065 236.26897 274.85532 322.2794 355.44827 383.41254 402.9227 420.2041 441.68976 448.36536 452.05267 457.84714 449.55142 445.5128 467.2727 504.71573 514.52423 500.91354 509.4361 481.65866 559.5325 579.0605 589.06506 676.7465 658.2343 598.70544 523.8483 465.91614 443.42816 454.65625 436.0285 377.2977 355.03693 321.32437 289.9503 282.60538 256.52795 240.46248 184.1676 185.49356 179.10295 154.7345 129.77481 141.9238 203.56343 220.34813 159.41277 0.0 0.0 0.0 0.0 0.0 0.0 0.0
-999999.0 -999999.0 -999999.0 -999999.0 -999999.0 -999999.0 61.65622 123.07962 172.71683 213.22824 254.65875 300.00806 341.41507 381.71057 409.53326 421.63 446.60452 450.18613 442.51694 445.05615 440.44104 445.4809 472.5995 489.40598 492.25034 498.63245 496.82993 510.9983 521.26 531.5587 537.4402 590.6304 605.44666 561.0876 527.6094 498.71753 459.02762 466.05722 440.3134 386.13464 353.08276 367.08887 305.77225 258.7331 255.02464 237.48364 207.35623 167.8128 141.88565 118.881424 122.2077 160.29076 200.31042 250.68109 198.65869 0.0 0.0 0.0 0.0 0.0 0.0 0.0
-999999.0 -999999.0 -999999.0 -999999.0 -999999.0 -999999.0 42.553688 97.34187 147.72177 196.8027 243.9126 282.4113 318.12012 365.235 397.27484 424.06064 438.56073 442.18774 436.3338 432.32556 433.05624 437.9439 463.9673 477.66147 489.3806 492.60287 494.87082 488.10513 493.80026 554.6352 486.4621 503.85614 506.00375 510.36688 500.5785 483.48743 453.6105 463.2135 469.87506 394.87527 411.24683 374.15805 313.46652 307.9887 267.3317 233.497 183.90044 126.24985 91.02881 88.025314 117.42487 180.9973 297.65585 365.58298 212.9616 0.0 0.0 0.0 0.0 0.0 0.0 0.0
-999999.0 -999999.0 -999999.0 -999999.0 -999999.0 -999999.0 37.03235 84.02246 130.1054 177.24435 226.81602 276.0909 322.96033 354.67502 379.18896 411.35242 426.66882 441.92407 419.4295 418.81134 429.9176 424.21268 444.7764 448.88623 461.3807 472.04132 472.21 466.13647 485.2786 484.91385 464.58246 430.42645 430.8302 443.04333 440.81604 461.0088 409.5822 461.33026 456.2213 432.8914 411.11026 362.6142 353.8384 309.71664 269.75342 206.19899 164.74736 101.06587 46.744892 49.47623 101.10697 169.49823 232.48885 235.7861 0.0 0.0 0.0 0.0 0.0 0.0 0.0 0.0
40.66175 -999999.0 -999999.0 -999999.0 -999999.0 3.1886303 37.641502 77.91015 129.95134 169.39368 221.51546 278.02283 326.34378 350.46835 375.98724 402.18802 420.8047 431.90137 426.81403 425.73254 429.22937 447.35413 438.15717 435.0445 438.91748 436.75754 438.98752 461.6282 421.1229 412.7334 407.887 378.84064 394.12836 394.63507 415.09216 424.29947 441.7845 465.51886 466.5725 441.94464 435.18225 364.0071 358.32126 309.13623 273.13428 222.59187 185.61717 114.588936 43.000957 52.618347 96.9882 142.90341 173.13907 0.0 0.0 0.0 0.0 0.0 0.0 0.0 0.0 0.0
153.73656 77.97687 5.004491 -999999.0 -999999.0 13.916928 40.9143 75.69836 119.08371 168.43137 216.11273 263.1001 319.64133 352.46152 377.4379 400.3231 416.0515 415.31964 412.56003 421.79138 427.61722 432.4469 417.08173 412.82657 406.73837 382.34406 378.00903 386.72104 362.36288 349.72534 329.97037 315.73947 306.81613 333.35657 370.72787 415.21 469.44217 482.83865 425.70108 439.296 442.34354 377.23206 371.3145 331.75836 300.58853 240.95851 212.9783 150.4773 112.037415 102.4075 0.0 0.0 0.0 0.0 0.0 0.0 0.0 0.0 0.0 0.0 0.0 -999999.0
269.5771 162.85545 53.47918 10.741248 19.28126 30.571783 54.88127 80.29311 110.90872 147.62181 189.31165 241.82544 308.33698 358.93246 369.09662 387.77084 397.2986 403.02042 411.5158 409.5787 414.61758 428.98917 408.50677 379.3234 360.4136 342.47784 364.17224 338.90942 310.224 287.57648 270.0624 275.8922 277.55713 298.77017 357.6002 397.0591 445.59726 448.80142 462.56174 428.36954 410.64832 385.7483 347.2818 317.9797 290.9537 260.0207 236.18494 199.62134 155.39952 0.0 110.7607 0.0 0.0 0.0 0.0 0.0 0.0 0.0 0.0 0.0 0.0 -999999.0
