data/TNO-HT-ATES/HT-ATES_ooz2/ooz2__energy_in_P50_basecase_80-45-40.asc
ncols  140
nrows  163
xllcorner  0.0
yllcorner  300000.0
cellsize  2000.0
NODATA_value  -999999.0
[rows 28 to 55 of 163, columns 63 to 125 of 140]
31013.059 24443.65 16270.601 0.0 0.0 -999999.0 -999999.0 -999999.0 -999999.0 -999999.0 -999999.0 -999999.0 -999999.0 -999999.0 -999999.0 -999999.0 -999999.0 -999999.0 -999999.0 -999999.0 -999999.0 -999999.0 -999999.0 -999999.0 -999999.0 -999999.0 -999999.0 -999999.0 -999999.0 -999999.0 -999999.0 -999999.0 -999999.0 -999999.0 -999999.0 0.0 0.0 14762.373 20245.158 25116.957 32699.783 38371.87 44637.95 53850.11 61245.504 63742.94 62796.176 57729.3 61057.92 60827.184 58118.49 56622.195 51938.92 43541.344 32909.145 23900.992 18405.445 19560.465 21491.244 21832.025 -999999.0 0.0 0.0
32258.215 26658.727 20448.486 14261.893 0.0 0.0 -999999.0 -999999.0 -999999.0 -999999.0 -999999.0 -999999.0 -999999.0 -999999.0 -999999.0 -999999.0 -999999.0 -999999.0 -999999.0 -999999.0 -999999.0 -999999.0 -999999.0 -999999.0 -999999.0 -999999.0 -999999.0 -999999.0 -999999.0 -999999.0 -999999.0 -999999.0 -999999.0 -999999.0 -999999.0 0.0 0.0 16620.268 23566.963 30631.174 38363.28 45664.387 50526.473 59657.445 70794.195 66733.766 46511.473 64103.246 56742.785 53728.07 51069.953 45952.387 41863.84 32769.914 24769.17 21558.094 21662.64 25188.826 30059.656 38554.914 -999999.0 19342.334 0.0
32154.045 26673.18 21015.246 16162.273 0.0 0.0 0.0 -999999.0 -999999.0 -999999.0 -999999.0 -999999.0 -999999.0 -999999.0 -999999.0 0.0 0.0 0.0 -999999.0 -999999.0 -999999.0 -999999.0 -999999.0 -999999.0 -999999.0 -999999.0 -999999.0 -999999.0 -999999.0 -999999.0 -999999.0 -999999.0 -999999.0 -999999.0 -999999.0 0.0 0.0 18392.69 27164.146 37166.902 42026.664 48039.61 53363.11 57534.586 61518.27 58899.36 31557.863 25517.383 49219.492 40938.76 40049.758 36393.4 33333.125 26623.023 21435.75 18074.77 20095.164 25156.53 31418.648 38587.23 -999999.0 29319.777 24820.438
32854.383 27742.373 22733.246 18200.717 14305.299 0.0 0.0 -999999.0 -999999.0 -999999.0 -999999.0 -999999.0 -999999.0 -999999.0 0.0 0.0 0.0 0.0 0.0 -999999.0 -999999.0 -999999.0 -999999.0 -999999.0 -999999.0 -999999.0 -999999.0 -999999.0 -999999.0 -999999.0 -999999.0 -999999.0 -999999.0 -999999.0 0.0 0.0 13937.695 22359.506 29864.56 37986.73 42210.387 46364.266 50251.273 49441.406 47054.777 42367.645 31275.484 25099.025 24298.61 38612.402 32134.5 31275.307 28425.875 28034.902 26020.355 20191.355 17807.209 21362.549 28646.623 37418.367 -999999.0 37392.953 30413.842
35189.695 30178.379 25455.764 20954.99 16281.507 13592.026 0.0 0.0 -999999.0 -999999.0 -999999.0 -999999.0 -999999.0 0.0 0.0 13050.829 12995.025 0.0 0.0 0.0 -999999.0 -999999.0 -999999.0 -999999.0 -999999.0 -999999.0 -999999.0 -999999.0 -999999.0 -999999.0 -999999.0 -999999.0 -999999.0 -999999.0 0.0 0.0 18832.803 25472.117 32212.234 37258.246 40870.836 42153.203 44364.484 42472.797 40336.902 34766.066 28861.604 23116.975 19409.787 28906.928 34280.242 32617.158 34862.723 42492.887 34421.203 22994.453 23206.799 29007.768 29949.96 35375.57 40131.492 39386.36 27950.18
37912.46 33321.004 27826.348 25243.648 19689.207 17403.553 12901.3545 0.0 0.0 0.0 0.0 0.0 0.0 0.0 16105.031 16332.195 15437.952 12020.907 0.0 0.0 -999999.0 -999999.0 -999999.0 -999999.0 -999999.0 -999999.0 -999999.0 -999999.0 -999999.0 -999999.0 -999999.0 -999999.0 -999999.0 -999999.0 0.0 13924.869 23027.613 29411.77 33955.312 37200.016 36445.918 38951.996 40169.0 39056.766 36703.527 30991.217 24678.463 20623.266 18199.275 14367.144 23382.28 54334.707 68771.34 60654.08 45726.156 30918.129 31204.701 33527.82 41079.215 45133.105 44828.465 37949.477 25608.752
41154.176 36636.348 32415.459 29499.768 25054.854 24348.713 19258.145 13112.542 0.0 0.0 0.0 0.0 0.0 15860.817 20172.387 19142.242 17175.828 13396.65 0.0 0.0 0.0 -999999.0 -999999.0 -999999.0 -999999.0 -999999.0 -999999.0 -999999.0 -999999.0 0.0 -999999.0 -999999.0 -999999.0 0.0 0.0 19636.43 27509.57 34757.33 36324.93 36156.676 29162.191 39253.46 38462.457 38433.14 36318.52 30254.1 22579.916 18387.646 19988.434 20848.996 20170.559 69804.38 73774.71 66829.305 53943.594 29551.422 40838.277 46202.766 49601.492 48127.117 41282.688 32288.42 23579.562
45070.637 42257.055 38454.25 34872.3 31301.816 32362.432 26384.867 21348.379 18655.96 16188.559 15004.18 15323.105 16996.758 21692.693 25283.477 25334.969 23194.99 18980.367 13457.007 0.0 0.0 0.0 0.0 0.0 0.0 0.0 0.0 0.0 0.0 0.0 0.0 -999999.0 -999999.0 0.0 17586.082 25761.041 33611.336 40477.156 42236.98 40326.67 39876.055 41214.895 41449.043 41125.406 36055.625 27172.387 21912.791 20873.953 18853.54 20058.395 16867.004 18868.941 62922.543 56924.38 41099.254 42887.41 52019.758 53027.336 53796.973 49668.477 0.0 0.0 19194.219
48182.7 47307.2 43804.137 40717.504 40457.273 38896.562 35755.21 32439.748 26309.51 23674.54 23736.158 23755.03 27765.03 30950.797 31060.416 30146.475 27078.805 23019.773 16587.756 0.0 0.0 0.0 0.0 0.0 14969.219 17643.488 17000.06 17402.068 19560.41 18010.549 14518.705 0.0 0.0 16403.451 24783.36 33017.445 40302.992 46220.863 47406.742 46201.01 44505.63 43532.457 42780.113 40582.707 33764.938 27695.62 22571.736 17971.053 15672.141 16421.727 13384.741 16836.412 50022.695 46113.695 44920.273 32602.6 50686.453 55945.254 57011.645 45259.297 0.0 0.0 0.0
45450.363 46541.15 46950.977 45308.074 45591.43 44958.395 42921.6 40573.035 34950.23 33764.652 31978.336 31801.904 35741.266 39837.14 39700.42 37035.67 33357.402 27347.04 19922.066 12396.538 0.0 0.0 12849.474 18124.111 23422.223 27405.922 27493.977 29676.44 31109.982 34141.94 29181.646 24600.021 23551.3 26789.404 34512.758 40258.49 46736.637 51065.113 49898.9 49610.004 48380.46 46494.418 43929.766 40952.44 33670.227 32433.37 22547.848 15749.946 0.0 12565.032 0.0 17031.004 36682.273 29049.232 28825.12 17476.84 40636.64 50147.664 52686.133 0.0 0.0 17150.074 0.0
45235.312 45111.78 47677.844 50787.32 48321.67 48099.992 49684.355 48701.395 47098.793 44349.76 40311.65 39061.04 42979.426 47406.39 47654.773 45611.137 41129.82 33429.023 24576.799 14696.682 0.0 0.0 18944.107 26948.14 35297.535 40145.625 40682.727 42074.72 45681.785 46070.824 44088.926 40329.76 38762.914 40674.207 44353.55 48963.754 54717.188 55706.867 53306.117 52043.2 48522.234 46528.86 44916.96 38888.617 35977.363 34271.95 25471.596 19290.979 14760.242 14724.519 0.0 0.0 22755.91 0.0 0.0 -999999.0 23689.84 42245.402 45335.293 0.0 0.0 0.0 0.0
41388.914 45006.387 49599.062 51196.79 52116.816 51591.766 54335.633 61993.63 57577.695 53415.055 49537.3 47978.926 50388.76 53438.367 56497.195 55510.207 51153.656 43241.73 33145.902 21827.121 0.0 17659.78 28690.518 37040.754 48165.59 52907.9 53915.25 57216.883 60212.91 60959.562 59817.707 54292.523 53619.13 54500.27 55993.47 58575.87 62283.87 63086.836 58299.113 54428.08 51281.324 47807.6 46499.516 43501.71 37479.516 35125.113 29828.865 26972.195 27307.195 0.0 -999999.0 17496.105 21167.557 25571.758 33112.67 -999999.0 33247.137 43916.426 36816.47 38992.63 30218.41 0.0 0.0
47655.31 49144.99 54518.008 56767.477 63555.695 62714.656 62855.113 57715.777 57308.586 57974.41 56872.324 57581.137 57340.62 61850.402 67962.34 67153.83 63669.32 56301.0 45951.293 36663.312 31926.084 35613.91 42362.875 46931.527 61720.137 66133.01 67572.87 71270.28 71815.13 73612.266 71328.84 67889.375 64196.02 65717.875 66915.2 68242.555 72609.69 70108.984 62249.844 59106.496 54852.613 50863.508 47682.477 41870.36 41546.54 39721.02 38381.805 47006.4 42215.934 36585.76 17824.656 0.0 14089.789 27829.037 38949.4 40563.617 43162.113 41200.1 30513.195 34076.945 22783.654 0.0 0.0
60840.598 58385.027 59299.504 62093.086 64731.82 63434.91 63224.613 55097.43 56168.754 57745.1 64399.496 67605.164 69878.016 72474.625 77100.57 79035.71 76549.53 69964.14 61553.594 54879.266 51879.73 53126.79 59556.406 67081.93 73226.61 79206.94 81642.66 86803.32 87211.52 85872.86 83137.93 77961.08 73670.44 73904.58 75326.31 76789.42 78782.06 72997.55 70170.48 65180.105 58244.074 53989.69 49838.54 42994.633 44926.457 39450.12 39534.61 46536.03 43315.188 34369.168 25831.775 21981.076 19470.844 29800.664 38515.754 40036.875 44623.37 35571.58 30388.994 30025.97 29562.113 0.0 0.0
62981.137 61168.08 58911.92 57719.98 57299.9 60261.65 61516.367 56470.883 58159.6 57973.758 69032.36 78937.73 82339.08 82205.49 84699.234 85300.62 81655.766 78263.18 75432.51 72294.7 71101.47 66976.37 64954.457 77927.125 84670.53 91902.29 97440.0 103395.95 103168.71 99643.4 96347.77 82717.45 79655.87 82540.945 82052.38 82132.84 81532.18 79517.836 74236.484 71092.79 65735.76 59205.758 54912.324 45721.734 44899.39 36695.387 38829.656 45872.18 44420.45 36210.12 32126.225 33883.645 25118.031 30274.648 40994.523 44102.887 40909.95 0.0 0.0 30510.238 0.0 0.0 0.0
62267.344 60835.543 56940.613 55351.996 54604.28 58823.383 62836.73 59291.54 61780.25 72145.98 75565.4 81524.195 86923.65 90505.06 92462.91 95111.19 87425.6 90398.6 89523.695 87409.77 84043.46 82038.98 84187.77 88616.51 92066.125 100848.87 107152.88 114632.43 115687.11 113970.48 108405.93 99064.35 91487.58 89401.34 89293.78 89714.72 85183.5 81707.734 79607.414 76971.695 72907.35 66493.945 55245.73 50512.816 46474.047 41303.742 41770.867 45708.6 39681.16 34570.746 33926.184 37364.438 32321.398 36811.13 42783.4 41883.29 38122.562 0.0 0.0 22242.895 25804.154 0.0 0.0
56678.332 57883.21 54388.965 51679.51 52414.453 54589.66 65988.15 64377.363 70614.85 75235.945 77370.04 82288.82 87116.61 89940.6 92911.37 96772.69 98513.83 97936.61 95454.48 92542.92 94031.99 94035.66 98903.695 97651.4 102076.67 107861.07 113785.26 119934.83 126384.33 125839.84 122445.97 111323.71 102769.99 99926.51 97579.21 96293.97 89750.9 85356.41 82962.84 82735.77 80023.66 73371.59 60132.79 48538.332 43059.934 44163.695 55862.582 38989.273 31778.717 29599.336 32769.57 36379.0 33994.45 37350.01 42153.184 40533.215 0.0 0.0 0.0 31494.588 21974.482 0.0 0.0
48565.527 46052.285 46074.152 45349.383 47889.89 50019.383 64628.875 70833.64 70101.29 71381.63 75743.125 82920.09 87782.83 90118.36 93075.94 98632.195 104365.33 102957.016 102982.516 101937.3 100755.32 103527.6 102686.3 104801.53 110058.89 115480.02 121849.86 134368.44 139819.22 140379.06 134898.27 125156.555 116376.71 115349.984 107413.8 101768.3 94576.945 90481.72 86057.98 85899.9 85738.914 77791.24 64686.355 54374.008 49538.805 49166.43 57053.62 51969.824 29038.36 26156.385 26378.812 29919.473 0.0 0.0 0.0 0.0 0.0 0.0 0.0 0.0 0.0 0.0 0.0
33722.883 26823.498 28525.479 32785.695 40801.336 45602.61 59316.875 67439.484 69452.09 68258.18 75702.68 81073.68 85170.29 89171.29 94357.08 100377.87 103893.77 106718.47 105948.62 104458.266 103865.766 107461.28 105352.914 109279.734 114813.3 123918.35 128205.68 140877.36 144054.3 147637.94 142312.64 136596.84 134225.03 120982.09 112334.86 100012.82 97507.57 94558.94 87923.25 87485.63 85485.74 79086.97 68590.836 63244.12 61425.58 62290.574 61222.58 60146.492 47553.395 32886.34 27755.625 29741.924 0.0 0.0 0.0 0.0 0.0 0.0 0.0 0.0 45667.926 0.0 0.0
16322.962 0.0 0.0 15825.956 28768.207 42102.504 55366.133 62052.207 67631.99 66196.69 73371.96 80929.79 79843.63 89742.945 95109.305 101611.24 104284.61 107541.05 107429.37 106653.086 97761.305 105537.01 109591.46 115641.72 119831.8 125896.34 135031.69 140527.98 145165.58 152054.6 153665.73 150471.62 138529.7 125505.1 110240.3 103942.15 100344.96 95811.28 78318.805 88525.4 85934.81 80976.95 70746.86 67700.24 69444.53 65052.55 0.0 0.0 56120.31 44342.87 29927.0 28364.586 0.0 0.0 0.0 0.0 0.0 0.0 0.0 0.0 42672.105 38936.43 0.0
-999999.0 -999999.0 -999999.0 -999999.0 15537.659 31881.898 47300.82 57163.652 62016.457 64097.027 73847.85 81910.45 86748.11 90954.65 94927.484 102247.27 103449.24 106054.86 106146.164 106454.53 104617.555 107531.27 111084.84 118224.695 120875.39 124743.08 132940.42 142816.86 146047.23 154811.5 161373.23 169415.81 149835.16 133507.42 114466.44 106061.78 112276.33 107100.445 93537.38 89347.2 85889.65 75715.336 71905.68 68590.055 68312.06 63579.473 0.0 0.0 0.0 51469.61 47885.746 60280.87 50583.164 0.0 0.0 0.0 0.0 0.0 0.0 0.0 0.0 0.0 0.0
-999999.0 -999999.0 -999999.0 -999999.0 0.0 23224.53 38593.312 49141.918 56834.04 61506.36 71907.13 80308.46 86866.68 91757.625 95802.97 100682.71 103284.234 103622.16 104825.04 105744.85 104247.92 107844.43 116669.055 118476.914 118476.82 121549.836 118668.32 134199.02 140888.27 145526.58 165546.6 165011.77 149112.38 132326.88 121655.09 117164.79 120649.94 115801.914 102486.22 97197.43 88348.95 75716.58 74778.08 69895.234 66319.73 51429.227 51757.84 49951.723 43375.855 37005.54 40102.094 55381.816 59892.38 44405.94 0.0 0.0 0.0 0.0 0.0 0.0 0.0 0.0 0.0
-999999.0 -999999.0 -999999.0 -999999.0 -999999.0 15931.42 30256.086 41840.184 51854.86 58094.855 67329.43 77159.77 86200.414 92643.3 96157.79 102431.586 104015.445 102463.36 103420.51 103069.664 103658.05 109268.0 114217.08 115348.97 117916.68 117557.64 123343.45 127251.48 129594.13 133360.55 145003.88 150118.81 142290.97 134841.58 128234.91 120794.29 123395.664 118384.91 104686.266 97214.805 101116.016 80646.11 69744.78 69184.664 64927.914 56906.957 46620.52 39254.25 33625.227 34144.477 44710.723 58110.69 72500.59 53967.645 0.0 0.0 0.0 0.0 0.0 0.0 0.0 0.0 0.0
-999999.0 -999999.0 -999999.0 -999999.0 -999999.0 0.0 24452.707 36523.42 44827.23 54947.094 63484.918 72375.89 83507.234 90899.555 97220.35 101579.734 102519.29 101438.93 102119.516 101794.805 102702.9 108171.17 111413.484 114292.51 117245.58 118311.5 118640.7 120208.805 133420.27 121036.13 125683.81 126079.46 128485.59 126721.03 124183.17 119031.16 124223.72 126049.484 108329.734 111464.32 103329.61 81899.46 87440.96 72104.4 63889.88 50368.65 35824.723 25671.21 24700.248 32572.385 52902.242 84732.04 103012.35 58577.64 0.0 0.0 0.0 0.0 0.0 0.0 0.0 0.0 0.0
-999999.0 -999999.0 -999999.0 -999999.0 -999999.0 0.0 21388.252 30681.795 40939.082 52150.703 62854.938 73513.375 81218.56 88198.21 95413.1 100010.875 101896.914 98209.54 99005.29 101492.21 101355.984 105320.33 105658.02 109058.51 111874.11 113939.06 112524.734 117523.49 118610.56 113267.89 107550.3 108898.12 112606.3 113496.42 117815.76 109284.484 123491.42 124365.66 118414.484 112516.23 100059.69 98084.805 86271.266 71565.63 57608.67 45738.07 28248.447 13630.02 14475.173 28012.016 49262.066 67175.84 63894.11 0.0 0.0 0.0 0.0 0.0 0.0 0.0 0.0 0.0 0.0
-999999.0 -999999.0 -999999.0 -999999.0 0.0 0.0 19954.9 32256.773 39700.984 50441.11 63364.8 73847.445 80153.48 86164.83 93367.54 97910.77 99225.29 99130.164 100436.81 100797.6 104344.49 104459.55 103441.38 103909.39 103493.24 104215.59 109187.77 102725.19 100688.28 100629.53 94629.46 98407.42 100824.18 107122.94 110828.92 117587.44 126254.71 127073.805 120881.16 118643.086 100639.83 98668.37 86854.53 73889.39 61560.766 50497.44 31558.545 12682.204 15177.579 27298.035 39724.996 47573.56 0.0 0.0 0.0 0.0 0.0 0.0 0.0 0.0 0.0 -999999.0 -999999.0
19489.21 0.0 -999999.0 -999999.0 0.0 0.0 19453.688 29875.965 41272.13 52709.61 60379.94 72059.695 80266.62 86818.13 92219.055 96149.39 96424.01 96614.71 99639.52 100959.03 102091.34 99730.09 98297.39 96743.76 92644.28 90828.54 93941.06 88160.48 85060.01 82341.6 79597.91 78474.586 83170.75 95850.63 107562.04 123907.71 128064.23 117741.27 121332.89 120651.12 104687.88 101351.586 92556.12 80773.29 66876.08 58165.207 41410.01 31629.498 29380.076 0.0 0.0 0.0 0.0 0.0 0.0 0.0 0.0 0.0 0.0 0.0 -999999.0 -999999.0 -999999.0
38903.617 14142.838 0.0 0.0 0.0 14511.755 19538.498 28068.963 36932.19 43976.754 55869.25 70510.516 81815.625 83985.06 89150.445 92242.34 93672.81 95325.734 97012.88 98115.14 100999.734 96397.055 90490.07 86673.85 82443.49 86618.99 82124.11 76014.52 71019.91 67581.734 68416.266 70060.65 75091.61 91067.12 102522.234 115591.33 119708.85 124685.84 116049.43 112501.25 105341.414 95304.65 83903.73 78711.516 72880.94 65568.51 55305.06 43400.566 0.0 31099.29 0.0 0.0 0.0 0.0 0.0 0.0 0.0 0.0 0.0 0.0 -999999.0 -999999.0 -999999.0
