data/TNO-HT-ATES/HT-ATES_ooz2/ooz2__welld_P50_basecase_80-45-40.asc
ncols  140
nrows  163
xllcorner  0.0
yllcorner  300000.0
cellsize  2000.0
NODATA_value  -999999.0
[rows 28 to 55 of 163, columns 62 to 123 of 140]
163.32227 161.67488 159.2729 152.98344 159.96457 162.8142 -999999.0 -999999.0 -999999.0 -999999.0 -999999.0 -999999.0 -999999.0 -999999.0 -999999.0 -999999.0 -999999.0 -999999.0 -999999.0 -999999.0 -999999.0 -999999.0 -999999.0 -999999.0 -999999.0 -999999.0 -999999.0 -999999.0 -999999.0 -999999.0 -999999.0 -999999.0 -999999.0 -999999.0 -999999.0 -999999.0 152.22527 148.45496 152.4511 149.55083 141.53058 140.44029 136.25888 133.851 133.28603 130.55336 128.23805 135.6021 124.97928 120.21203 117.972755 114.726585 113.75679 113.35507 113.47714 114.109726 111.511665 110.59653 108.55829 104.37629 102.50835 -999999.0
163.26353 162.88522 161.94614 160.95267 161.94456 163.646 170.75717 -999999.0 -999999.0 -999999.0 -999999.0 -999999.0 -999999.0 -999999.0 -999999.0 -999999.0 -999999.0 -999999.0 -999999.0 -999999.0 -999999.0 -999999.0 -999999.0 -999999.0 -999999.0 -999999.0 -999999.0 -999999.0 -999999.0 -999999.0 -999999.0 -999999.0 -999999.0 -999999.0 -999999.0 -999999.0 150.25047 155.20757 151.64403 147.76276 141.00822 137.93709 137.43991 132.65953 131.6481 130.94568 127.78998 132.78944 125.072845 121.89563 118.29088 117.986336 114.880615 114.35979 111.22832 113.618546 110.39328 110.231415 106.83213 101.086494 103.32798 -999999.0
163.49062 163.33266 163.27147 162.92319 163.05766 164.24727 178.50226 171.3096 -999999.0 -999999.0 -999999.0 -999999.0 -999999.0 -999999.0 -999999.0 -999999.0 178.991 169.99846 175.6735 -999999.0 -999999.0 -999999.0 -999999.0 -999999.0 -999999.0 -999999.0 -999999.0 -999999.0 -999999.0 -999999.0 -999999.0 -999999.0 -999999.0 -999999.0 -999999.0 -999999.0 157.96771 153.64339 151.04375 146.78613 144.60216 137.14114 136.6188 134.2693 131.88521 130.48055 126.1182 129.80215 129.62724 120.40282 117.10392 112.42377 110.918594 111.50815 109.63605 110.746445 105.86701 104.64855 101.00038 99.58787 102.99506 -999999.0
163.57848 163.43996 164.26227 164.09 164.02933 164.61806 178.5058 171.39505 -999999.0 -999999.0 -999999.0 -999999.0 -999999.0 -999999.0 -999999.0 178.48518 177.2795 169.64125 172.83311 176.33282 -999999.0 -999999.0 -999999.0 -999999.0 -999999.0 -999999.0 -999999.0 -999999.0 -999999.0 -999999.0 -999999.0 -999999.0 -999999.0 -999999.0 -999999.0 158.61992 157.81493 150.78209 150.06807 145.64664 143.6937 136.88554 135.14111 133.88614 129.86282 129.22838 127.88415 128.43054 127.198395 123.70972 120.15936 111.10218 108.61206 108.87057 109.76555 109.07104 107.06316 101.14405 95.51193 96.01737 102.2544 -999999.0
164.34402 164.73181 164.54321 164.32379 164.26134 169.77702 178.32988 178.75558 169.56422 -999999.0 -999999.0 -999999.0 -999999.0 -999999.0 178.2955 177.60527 176.02234 174.90877 174.41273 176.17302 176.73206 -999999.0 -999999.0 -999999.0 -999999.0 -999999.0 -999999.0 -999999.0 -999999.0 -999999.0 -999999.0 -999999.0 -999999.0 -999999.0 -999999.0 157.7295 155.32182 155.34471 147.23466 144.71776 142.82413 141.08888 132.71936 131.18887 129.6034 130.27708 127.90292 125.405846 124.722824 123.278244 122.314095 118.132675 108.25937 103.75604 107.2748 107.837654 108.12855 103.649124 100.41483 96.78297 99.985886 100.582794
164.5565 164.89189 165.19308 162.34169 168.85194 169.60332 176.08415 178.07396 169.1507 168.01086 167.63155 167.47026 168.29489 177.02768 177.01717 177.01054 174.7676 174.66156 174.88824 175.55519 175.95866 -999999.0 -999999.0 -999999.0 -999999.0 -999999.0 -999999.0 -999999.0 -999999.0 -999999.0 -999999.0 -999999.0 -999999.0 -999999.0 -999999.0 156.49207 153.80338 153.74388 147.86389 143.5856 143.20065 137.2832 132.47124 130.09566 129.19353 129.72607 126.13271 124.80167 123.2055 123.05201 120.40596 119.279366 108.23636 102.430084 106.48863 108.499374 110.52207 105.24852 104.334564 107.96838 106.809456 107.289856
164.50385 165.20468 165.50023 165.10083 168.86781 169.32384 176.00587 175.60387 168.33849 167.22937 166.01958 165.86066 172.66844 175.34636 175.4741 176.00873 174.47717 174.59763 174.66333 175.18623 175.6679 177.25008 -999999.0 -999999.0 -999999.0 -999999.0 -999999.0 -999999.0 -999999.0 -999999.0 175.77328 -999999.0 -999999.0 -999999.0 157.5728 155.3146 152.4716 149.66608 149.81801 142.7876 140.15143 132.11197 135.98814 129.08199 129.78859 130.94205 126.33289 123.906 120.625824 123.89144 121.56881 125.42685 111.961494 108.966644 108.604294 111.671165 118.24981 110.20084 112.3874 109.80405 106.35043 103.70216
164.35616 165.42934 168.8216 168.67262 168.68184 169.11618 175.28647 174.716 167.76077 166.21782 164.19836 163.2689 170.18694 172.15935 172.26831 171.76863 172.6205 174.06834 172.62448 173.23544 173.92488 174.92097 174.06012 173.1886 169.77092 167.35309 164.36644 165.25456 173.68573 176.40968 174.78256 168.12132 -999999.0 -999999.0 156.0578 153.81114 148.98135 147.82314 147.54555 143.79622 137.62123 136.27243 135.02478 132.29874 130.26208 127.50525 123.499016 123.16748 125.187325 123.52187 121.619835 119.34674 123.76672 110.06681 108.09127 114.393326 116.343094 120.015785 111.81803 106.131836 103.33968 0.0
169.32202 168.9695 168.94266 168.7934 168.42752 173.23674 174.4948 173.97089 173.28545 165.8698 165.03664 168.29343 169.22537 171.73822 171.77995 171.24101 172.18767 171.63017 170.0103 172.30142 173.59813 174.85228 174.24031 172.96512 168.23984 165.72641 169.20648 171.69301 173.98615 175.7849 174.05798 174.9717 161.72733 154.94908 154.26044 151.2 147.90926 146.75563 146.73392 142.83763 138.44244 134.61375 133.48988 131.62283 128.26714 124.72365 121.76889 124.169846 124.54546 123.09353 122.2838 119.39887 123.91912 110.61982 109.42812 112.500595 116.44989 118.73404 112.64805 106.669395 101.73516 0.0
169.6832 169.49277 169.22203 168.77269 168.54662 173.20132 173.84103 172.12793 171.55286 165.60443 169.56128 169.54797 169.59198 170.46959 171.53348 170.73485 170.82008 171.58255 171.2592 172.17052 173.55869 174.89522 173.99117 172.35164 166.7979 164.41475 167.5512 167.47037 173.91417 173.45227 175.76033 173.56631 162.36818 154.23042 151.72482 152.26236 147.09799 146.28622 145.8923 139.70193 137.11017 134.48395 133.35468 130.78549 125.765884 117.788315 125.994995 122.81778 124.129944 124.32878 123.05648 120.34785 125.87198 113.43911 111.4177 110.11689 125.44602 119.76653 112.984215 106.42251 0.0 0.0
170.11116 169.81584 169.6217 168.86218 173.82184 173.22487 172.38019 171.7888 170.2276 169.9743 169.46523 169.649 169.83247 170.57765 171.06064 169.19136 170.14124 171.3499 171.5252 171.8312 172.69598 174.88379 172.39156 169.27707 165.78531 168.95584 170.40504 168.2651 170.07182 172.08301 169.91248 167.27402 159.33817 155.49423 154.3847 151.48378 148.71617 148.81104 145.40945 138.96346 136.03535 131.01462 129.87573 129.93843 124.94201 123.34018 126.56725 127.174446 128.14716 125.09607 119.98518 117.25842 116.64665 111.83571 113.3222 117.09113 -999999.0 120.06163 112.503716 105.977234 0.0 0.0
170.07 170.09108 169.82675 174.9862 174.47745 173.44075 171.55804 172.32602 176.43633 174.91711 169.36636 169.2061 170.42816 170.50209 168.34651 169.12802 169.56706 170.63126 170.87428 171.29158 172.48625 173.47415 171.57222 167.6451 164.14001 170.7552 168.89493 166.6181 168.43925 169.82019 167.58699 165.0538 156.13301 154.587 154.82837 153.18977 150.10541 149.03207 146.80801 139.72942 134.84181 131.40508 128.48506 128.77785 125.748146 122.157845 124.74679 127.57759 122.81252 117.60893 125.58373 -999999.0 111.159065 106.94344 104.3674 108.81063 -999999.0 116.51876 111.438515 105.03921 104.30237 100.29241
173.94902 174.47302 174.31851 176.02995 175.55342 179.26947 178.46306 177.59297 174.31152 170.973 170.94356 168.4209 169.91203 169.2982 168.55185 169.11255 168.54419 168.78271 168.91937 169.62117 170.50758 169.96548 169.72952 165.82086 158.05913 168.46355 167.20166 164.9678 165.89957 163.12749 162.94423 159.14331 154.90082 150.65768 153.83275 154.04312 151.22804 152.52646 147.51561 138.21336 135.17221 132.40466 129.60031 128.1833 124.60259 120.9681 122.046814 124.088234 122.5431 117.57014 115.87776 118.349304 118.7819 111.14958 107.96966 107.48673 107.62761 107.44579 106.31339 105.38896 106.56722 99.876595
174.47185 180.96313 179.86531 182.1076 183.62735 178.13484 177.30235 178.12253 174.54764 171.14854 170.90343 174.30934 168.99702 168.26825 167.52824 167.4241 167.54707 166.49258 166.72476 168.01376 168.69536 167.71724 166.88297 168.69002 170.01921 167.42093 165.7897 162.70195 163.94444 161.19434 158.30536 156.34673 152.76147 149.24834 149.8753 150.75186 150.61919 151.0024 143.54617 141.1612 136.78181 131.20775 128.85207 126.5798 124.70973 119.8799 124.16045 121.849396 116.60996 115.71308 116.84486 116.37574 118.24121 112.813614 110.71726 113.17229 110.61225 117.06025 108.17876 105.44703 109.96082 104.23979
180.54257 180.51402 181.98921 180.38132 178.3128 177.11739 177.52594 178.33362 174.94954 173.7 173.34763 174.80017 174.31175 171.32207 167.229 166.9772 167.13663 166.31204 166.06136 166.40486 166.89131 171.06271 170.1443 171.67014 168.58614 166.12526 163.55113 161.21635 162.32259 159.7403 155.8541 155.79198 147.0503 145.88242 147.70148 147.27979 147.29138 145.6891 143.17769 138.27223 136.19698 132.10226 127.06681 125.25629 120.0637 117.273 124.86781 121.357574 112.57636 117.88472 119.202644 120.74247 127.63879 114.2974 111.7327 121.77595 121.79014 116.111984 0.0 0.0 115.463425 0.0
181.1914 181.01576 182.26332 180.09311 178.25024 176.67555 176.81137 177.84647 174.96835 174.28113 175.4866 174.76135 171.31512 171.07188 171.35715 170.22989 172.06775 167.66609 170.32207 171.11536 170.55351 169.53479 168.22998 169.41122 167.30673 162.97198 162.06985 160.17181 160.66748 158.06917 155.49988 154.11595 150.54002 146.73672 144.45825 145.05171 146.14366 141.71043 138.83421 137.1023 134.81694 130.85275 126.62242 123.71803 121.745056 118.4256 123.88684 109.52398 116.19018 116.27537 118.76761 121.72858 125.22047 118.37655 119.83312 124.472176 118.85061 112.51879 0.0 0.0 116.584564 106.420616
181.7277 180.5517 182.90848 182.13083 178.33537 176.19536 174.46764 176.53685 174.54355 175.94498 176.0729 173.25716 171.3905 171.0388 171.13318 169.69093 170.02507 171.06871 170.40627 169.91687 170.01097 168.62337 166.70969 167.60555 165.12651 162.7284 159.34473 158.9876 157.89542 158.68672 154.7099 153.7529 149.33324 145.43272 144.99413 143.85495 144.29576 140.50954 136.976 134.75917 133.66042 130.3869 127.210106 124.137436 116.25687 117.59474 121.00007 117.44415 118.876335 118.794136 119.08106 118.21737 122.9828 116.44119 118.1477 120.7339 115.92504 0.0 0.0 0.0 106.601974 108.237366
182.49902 182.40778 183.95041 182.83102 179.75743 175.04276 171.52734 175.86171 176.10512 176.08992 176.16493 173.59665 171.09688 170.36227 170.23717 168.83914 168.96687 171.34627 168.99985 169.96486 169.66528 165.62624 166.38815 164.61952 162.64485 160.31987 158.69193 161.21315 162.39957 160.63757 156.5599 153.97841 151.44556 147.55704 148.59885 144.41176 142.82007 139.44417 136.91028 132.48413 131.28316 130.52136 127.23437 124.53637 117.57328 115.51903 114.90792 116.33507 117.9655 121.215546 118.87929 117.43001 118.503494 0.0 0.0 0.0 0.0 0.0 0.0 0.0 0.0 0.0
184.87894 183.60555 185.13525 186.09572 182.67892 178.92229 174.06201 176.41748 178.54877 175.91592 174.10236 173.03185 169.10425 166.99152 167.66333 167.72041 167.66809 166.92622 167.25285 166.55873 165.79906 163.54787 165.34476 162.43248 161.4945 159.66885 160.07867 158.06348 161.21394 158.60199 156.07654 152.21426 151.12677 152.61784 147.63324 144.6847 138.22342 138.5982 136.33813 129.72978 128.8559 128.96695 126.148384 124.462425 119.93973 115.37264 114.762375 112.04445 125.42129 126.216324 122.079506 121.66744 123.17092 0.0 0.0 0.0 0.0 0.0 0.0 0.0 0.0 103.960335
185.99818 185.25131 186.42073 185.15431 183.80469 181.2353 178.90234 180.33176 177.07423 176.77148 172.57504 171.25009 167.84538 159.14986 167.09415 167.92645 166.92816 164.94872 164.51717 163.74858 163.91263 156.72908 162.80646 163.05484 164.00648 161.47084 158.66486 159.45242 158.18867 156.76434 155.73317 153.79811 152.57478 150.41982 148.24098 143.13809 138.84608 136.7545 133.2026 123.36099 128.20868 128.15448 125.754974 123.74027 119.42064 115.95037 110.057884 0.0 0.0 133.53061 127.00038 122.73861 123.57545 0.0 0.0 0.0 0.0 0.0 0.0 0.0 0.0 112.880035
186.90425 -999999.0 -999999.0 -999999.0 -999999.0 180.78447 179.0645 179.24203 178.03906 175.39314 174.0155 172.72214 169.25858 167.63757 168.00623 167.6018 167.35094 163.21355 163.65645 162.69527 162.03473 161.70767 163.26642 163.11803 164.94217 162.03145 159.02174 158.43295 159.94824 156.6045 156.14444 154.32343 158.62617 155.05692 151.76707 146.32294 138.53528 141.53001 137.52243 129.20345 128.03973 126.66384 124.41825 122.5133 117.48302 112.127815 106.54793 0.0 0.0 0.0 133.72932 127.72479 126.92634 116.753296 0.0 0.0 0.0 0.0 0.0 0.0 0.0 0.0
184.41353 -999999.0 -999999.0 -999999.0 -999999.0 180.29277 181.48158 179.92136 176.75906 175.0666 173.89546 172.93114 169.90399 168.71725 168.39198 167.35065 166.1186 163.84618 162.4597 162.46297 161.90857 160.98155 163.19789 167.67287 165.63132 161.15312 158.85342 151.36722 157.35794 156.86012 153.70482 158.87761 158.23984 154.2306 150.2408 147.4253 143.54924 144.13757 139.7999 133.49632 132.14629 126.88496 122.18134 122.25044 117.081154 110.34104 106.4315 110.622795 116.79689 118.512924 118.0251 115.36937 121.96616 122.275375 118.675 0.0 0.0 0.0 0.0 0.0 0.0 0.0
-999999.0 -999999.0 -999999.0 -999999.0 -999999.0 -999999.0 180.54257 178.7906 176.85413 175.42825 174.26422 171.83574 170.21243 168.80244 168.39 166.06253 166.90096 164.19589 161.78633 161.68195 161.48868 160.3821 164.33572 166.89401 164.42833 162.55627 159.59532 158.65977 157.51369 155.81659 153.4556 156.55727 158.7143 155.87555 154.3215 151.11339 145.05675 143.56581 138.42653 131.76225 129.66092 134.25868 124.588234 116.22501 116.90054 114.69393 116.89719 117.87359 119.929726 119.272644 117.59359 118.975136 126.12864 129.61275 122.58522 0.0 0.0 0.0 0.0 0.0 0.0 0.0
-999999.0 -999999.0 -999999.0 -999999.0 -999999.0 -999999.0 180.74992 178.47932 175.93423 174.01656 173.56052 171.78157 170.39651 168.98177 168.18423 167.72952 166.12207 163.52086 160.99513 161.15945 160.63014 159.79863 163.99939 166.16089 164.52213 162.9307 161.13 159.61357 157.87715 165.08487 153.52257 154.65826 154.90411 156.05109 154.59172 151.17549 144.7007 142.92612 140.24693 131.07993 136.83774 133.97809 124.981415 127.27482 123.466484 118.85698 117.26449 116.48796 118.583626 118.07459 119.52703 125.0379 134.20944 135.72331 120.79242 0.0 0.0 0.0 0.0 0.0 0.0 0.0
-999999.0 -999999.0 -999999.0 -999999.0 -999999.0 -999999.0 178.70232 176.17368 172.70451 170.94383 173.3976 173.12476 171.85643 169.35577 168.4107 167.29735 165.43153 163.48837 158.24605 158.19716 160.36261 158.85721 162.12952 162.49103 162.27933 161.78734 162.55486 161.70386 165.51683 164.12953 159.22498 154.06764 154.67339 155.24873 151.6955 151.2373 144.82599 140.50787 136.3865 133.8333 133.456 129.68234 132.51215 127.903336 123.39383 113.40227 116.41299 117.13241 121.10452 120.10879 120.36836 129.61859 129.53937 121.62454 0.0 0.0 0.0 0.0 0.0 0.0 0.0 0.0
179.19519 -999999.0 -999999.0 -999999.0 -999999.0 181.46654 178.3372 175.87921 175.09721 173.06677 173.89279 174.93492 173.65378 170.40746 169.35208 167.09198 165.2773 163.64322 160.46431 159.89986 159.59924 162.09258 162.5069 162.86348 163.50656 162.41266 162.8296 169.63107 166.10005 162.9138 162.67365 156.4376 157.68813 156.24126 152.75673 148.25777 144.04611 138.78705 134.65706 131.86647 133.91081 127.87024 132.4448 127.53752 122.34144 114.04114 119.80492 120.99891 122.34469 118.332306 116.52035 118.717186 117.565056 0.0 0.0 0.0 0.0 0.0 0.0 0.0 0.0 0.0
178.74747 180.48457 181.94154 -999999.0 -999999.0 179.08612 177.11311 175.42406 175.72078 175.43495 175.64352 174.9511 173.0975 170.5454 170.27086 168.39935 166.58235 163.79553 161.39162 161.78209 160.8639 162.80714 162.14835 162.4527 163.81454 161.98586 160.90866 167.42628 164.55833 164.02425 162.36674 158.0712 156.0219 156.54686 152.91533 148.40868 148.04732 141.02655 126.46392 131.20682 133.14674 127.32937 132.46262 128.95084 121.6575 112.106094 119.91478 118.606255 118.496796 111.3062 0.0 0.0 0.0 0.0 0.0 0.0 0.0 0.0 0.0 0.0 0.0 -999999.0
178.08482 180.44334 180.88802 181.39378 180.42628 177.29941 175.99742 174.90541 175.60892 175.18948 174.55716 173.7718 172.9988 173.18228 168.88287 168.25854 166.32094 164.91838 163.5865 162.19469 160.81094 164.69911 162.21228 158.75398 159.43001 160.43172 166.63985 165.89317 164.77237 164.97188 163.7675 164.06514 160.9342 158.73328 155.52376 150.62582 148.89328 142.19002 139.78418 133.26297 128.4832 126.687904 126.79295 122.42893 115.14273 110.756325 116.35206 119.34096 115.39953 0.0 112.22867 0.0 0.0 0.0 0.0 0.0 0.0 0.0 0.0 0.0 0.0 -999999.0
