data/TNO-HT-ATES/HT-ATES_ooz2/ooz2__top_depth_basecase_80-45-40.asc
ncols  140
nrows  163
xllcorner  0.0
yllcorner  300000.0
cellsize  2000.0
NODATA_value  -999999.0
[rows 81 to 107 of 163, columns 0 to 61 of 140]
-999999.0 -999999.0 -999999.0 -999999.0 -999999.0 -999999.0 -999999.0 -999999.0 -999999.0 -999999.0 -999999.0 -999999.0 -999999.0 -999999.0 -999999.0 -999999.0 -999999.0 -999999.0 -999999.0 -999999.0 -999999.0 -999999.0 -999999.0 -999999.0 -999999.0 -999999.0 -999999.0 -999999.0 -999999.0 -999999.0 -999999.0 -999999.0 -999999.0 -999999.0 -999999.0 -999999.0 -999999.0 -999999.0 -999999.0 -999999.0 -999999.0 308.9775 312.96497 316.35748 317.6975 313.885 305.7 308.21747 -999999.0 295.415 293.48248 293.43 293.7475 293.0975 293.435 320.1775 316.70502 313.6725 311.885 310.91498 310.125 308.8375
-999999.0 -999999.0 -999999.0 -999999.0 -999999.0 -999999.0 -999999.0 -999999.0 -999999.0 -999999.0 -999999.0 -999999.0 -999999.0 -999999.0 -999999.0 -999999.0 -999999.0 -999999.0 -999999.0 -999999.0 -999999.0 -999999.0 -999999.0 -999999.0 -999999.0 -999999.0 -999999.0 -999999.0 -999999.0 -999999.0 -999999.0 -999999.0 -999999.0 -999999.0 -999999.0 -999999.0 -999999.0 -999999.0 -999999.0 -999999.0 304.75 308.51996 312.90497 316.69748 319.4275 316.1625 309.28748 313.53748 309.63 295.29248 294.06998 295.47998 296.2625 296.565 297.66 312.8625 315.605 314.16748 313.3025 313.18 312.6525 311.07
-999999.0 -999999.0 -999999.0 -999999.0 -999999.0 -999999.0 -999999.0 -999999.0 -999999.0 -999999.0 -999999.0 -999999.0 -999999.0 -999999.0 -999999.0 -999999.0 -999999.0 -999999.0 -999999.0 -999999.0 -999999.0 -999999.0 -999999.0 -999999.0 -999999.0 -999999.0 -999999.0 -999999.0 -999999.0 -999999.0 -999999.0 -999999.0 -999999.0 -999999.0 -999999.0 -999999.0 -999999.0 -999999.0 -999999.0 302.43 302.3775 307.97998 312.35748 316.1225 318.56 318.365 317.71497 317.835 313.8225 303.505 299.36 298.9275 299.13 299.39246 301.095 303.26498 314.995 314.5975 314.775 315.15247 315.2425 313.66
-999999.0 -999999.0 -999999.0 -999999.0 -999999.0 -999999.0 -999999.0 -999999.0 -999999.0 -999999.0 -999999.0 -999999.0 -999999.0 -999999.0 -999999.0 -999999.0 -999999.0 -999999.0 -999999.0 -999999.0 -999999.0 -999999.0 -999999.0 -999999.0 -999999.0 -999999.0 -999999.0 -999999.0 -999999.0 -999999.0 -999999.0 -999999.0 -999999.0 -999999.0 -999999.0 -999999.0 -999999.0 -999999.0 -999999.0 301.195 304.405 308.65253 312.16748 315.485 317.9325 319.0025 319.21497 317.95248 315.4675 312.60748 309.78247 307.1 303.6125 303.2775 305.4925 307.225 305.93997 315.33252 315.93997 316.52496 317.3175 317.25748
-999999.0 -999999.0 -999999.0 -999999.0 -999999.0 -999999.0 -999999.0 -999999.0 -999999.0 -999999.0 -999999.0 -999999.0 -999999.0 -999999.0 -999999.0 -999999.0 -999999.0 -999999.0 -999999.0 -999999.0 -999999.0 -999999.0 -999999.0 -999999.0 -999999.0 -999999.0 -999999.0 -999999.0 -999999.0 -999999.0 -999999.0 -999999.0 -999999.0 -999999.0 -999999.0 -999999.0 -999999.0 -999999.0 300.725 302.9825 308.1175 311.28 312.7375 314.9075 317.4575 318.68747 318.24747 316.815 315.385 314.85 315.085 314.2475 309.39 308.15503 307.97748 307.96246 306.9225 307.1225 316.68 316.0625 316.87 -999999.0
-999999.0 -999999.0 -999999.0 -999999.0 -999999.0 -999999.0 -999999.0 -999999.0 -999999.0 -999999.0 -999999.0 -999999.0 -999999.0 -999999.0 -999999.0 -999999.0 -999999.0 -999999.0 -999999.0 -999999.0 -999999.0 -999999.0 -999999.0 -999999.0 -999999.0 -999999.0 -999999.0 -999999.0 -999999.0 -999999.0 -999999.0 -999999.0 -999999.0 -999999.0 -999999.0 -999999.0 -999999.0 308.53 304.56 307.9325 315.865 315.6325 312.705 313.84247 317.35498 318.57748 314.93 314.3175 313.04248 311.16 315.31497 319.50497 -999999.0 310.47498 307.5725 305.78 306.07248 307.26248 315.3875 311.32498 310.77 311.445
-999999.0 -999999.0 -999999.0 -999999.0 -999999.0 -999999.0 -999999.0 -999999.0 -999999.0 -999999.0 -999999.0 -999999.0 -999999.0 -999999.0 -999999.0 -999999.0 -999999.0 -999999.0 -999999.0 -999999.0 -999999.0 -999999.0 -999999.0 -999999.0 -999999.0 -999999.0 -999999.0 -999999.0 -999999.0 -999999.0 -999999.0 -999999.0 -999999.0 -999999.0 -999999.0 -999999.0 298.38 307.58746 309.3775 310.74 320.94998 321.54498 310.815 310.6425 315.56 319.875 312.5825 308.8225 306.9 307.13998 309.925 313.3725 314.0525 309.235 305.185 302.8225 303.2375 305.565 310.3625 305.1575 299.3 299.2525
-999999.0 -999999.0 -999999.0 -999999.0 -999999.0 -999999.0 -999999.0 -999999.0 -999999.0 -999999.0 -999999.0 -999999.0 -999999.0 -999999.0 -999999.0 -999999.0 -999999.0 -999999.0 -999999.0 -999999.0 -999999.0 -999999.0 -999999.0 -999999.0 -999999.0 -999999.0 -999999.0 -999999.0 -999999.0 -999999.0 -999999.0 -999999.0 -999999.0 -999999.0 -999999.0 280.6225 294.4925 305.9525 312.7025 305.2675 308.53998 308.40002 302.975 303.0525 305.7475 307.12 304.9425 302.0075 299.9 299.2175 299.82248 303.50998 306.12747 302.06747 298.98248 298.53748 300.02252 303.025 307.18 311.58 313.2225 290.0175
-999999.0 -999999.0 -999999.0 -999999.0 -999999.0 -999999.0 -999999.0 -999999.0 -999999.0 -999999.0 -999999.0 -999999.0 -999999.0 -999999.0 -999999.0 -999999.0 -999999.0 -999999.0 -999999.0 -999999.0 -999999.0 -999999.0 -999999.0 -999999.0 -999999.0 -999999.0 -999999.0 -999999.0 -999999.0 -999999.0 -999999.0 -999999.0 -999999.0 -999999.0 258.3875 273.0525 285.4025 292.565 294.7825 293.315 291.5875 292.9025 292.3825 291.8675 295.31 296.72498 295.45 294.6225 292.82248 289.1525 287.8025 292.9425 295.2775 291.26752 290.33002 293.82498 296.9975 299.5325 301.0375 303.7475 305.09747 305.78
-999999.0 -999999.0 -999999.0 -999999.0 -999999.0 -999999.0 -999999.0 -999999.0 -999999.0 -999999.0 -999999.0 -999999.0 -999999.0 -999999.0 -999999.0 -999999.0 -999999.0 -999999.0 -999999.0 -999999.0 -999999.0 -999999.0 -999999.0 -999999.0 -999999.0 -999999.0 -999999.0 -999999.0 -999999.0 -999999.0 -999999.0 213.48248 225.485 240.39249 253.965 256.53748 265.4325 279.0825 279.94 279.375 279.47748 279.94748 280.56998 281.645 284.4075 286.89996 288.4475 285.7 283.7525 283.64746 284.29248 285.77502 286.88 287.665 288.835 291.23 293.715 295.06747 295.41498 293.69 292.30997 289.66998
-999999.0 -999999.0 -999999.0 -999999.0 -999999.0 -999999.0 -999999.0 -999999.0 -999999.0 -999999.0 -999999.0 -999999.0 -999999.0 -999999.0 -999999.0 -999999.0 -999999.0 -999999.0 -999999.0 -999999.0 -999999.0 -999999.0 -999999.0 -999999.0 -999999.0 -999999.0 -999999.0 -999999.0 -999999.0 -999999.0 199.4675 206.735 217.94499 231.4625 243.14 245.41998 252.14749 261.335 262.39996 264.02 265.9625 267.005 268.56 270.5375 274.485 277.84497 279.635 277.1875 275.97 276.65497 277.2075 278.3275 279.5075 282.655 284.905 286.885 288.5475 288.07 285.97247 282.715 279.625 275.0575
-999999.0 -999999.0 -999999.0 -999999.0 -999999.0 -999999.0 -999999.0 -999999.0 -999999.0 -999999.0 -999999.0 -999999.0 -999999.0 -999999.0 -999999.0 -999999.0 -999999.0 -999999.0 -999999.0 -999999.0 -999999.0 -999999.0 -999999.0 -999999.0 -999999.0 -999999.0 -999999.0 -999999.0 -999999.0 -999999.0 194.5875 198.13249 210.4025 220.36499 227.53499 235.935 240.2725 236.775 243.325 247.43 251.25749 253.98999 256.295 257.2175 266.135 268.78 269.1875 269.49 268.67252 269.27252 268.01996 269.715 271.2525 276.83252 279.2725 280.8625 282.1325 279.78 273.08752 272.52002 270.07748 267.08
-999999.0 -999999.0 -999999.0 -999999.0 -999999.0 -999999.0 -999999.0 -999999.0 -999999.0 -999999.0 -999999.0 -999999.0 -999999.0 -999999.0 -999999.0 -999999.0 -999999.0 -999999.0 -999999.0 -999999.0 -999999.0 -999999.0 -999999.0 -999999.0 -999999.0 -999999.0 -999999.0 -999999.0 -999999.0 -999999.0 190.62498 196.43999 204.64499 212.01 219.64499 227.21251 229.4025 228.45 228.55249 232.965 237.755 240.07248 245.105 249.86 255.905 260.6475 262.13 261.095 258.7125 255.78 254.36998 260.04248 274.6525 274.7425 274.8425 274.505 275.275 272.53 267.235 265.1175 263.1225 261.26248
-999999.0 -999999.0 -999999.0 -999999.0 -999999.0 -999999.0 -999999.0 -999999.0 -999999.0 -999999.0 -999999.0 -999999.0 -999999.0 -999999.0 -999999.0 -999999.0 -999999.0 -999999.0 -999999.0 -999999.0 -999999.0 -999999.0 -999999.0 -999999.0 -999999.0 -999999.0 -999999.0 -999999.0 -999999.0 -999999.0 -999999.0 193.8 200.4425 206.7125 214.28998 225.77 221.525 219.8725 217.6425 219.7825 221.6125 223.01498 228.525 235.50499 243.67499 253.89 256.95248 253.86499 249.87001 244.3075 240.09 242.1025 259.60748 264.0925 266.5275 268.4925 268.96 266.4725 261.745 258.845 256.5425 255.04
-999999.0 -999999.0 -999999.0 -999999.0 -999999.0 -999999.0 -999999.0 -999999.0 -999999.0 -999999.0 -999999.0 -999999.0 -999999.0 -999999.0 -999999.0 -999999.0 -999999.0 -999999.0 -999999.0 -999999.0 -999999.0 -999999.0 -999999.0 -999999.0 -999999.0 -999999.0 -999999.0 -999999.0 -999999.0 -999999.0 -999999.0 190.4675 196.5475 201.82 208.4775 213.39 214.275 213.55249 211.7875 209.84 204.47 203.37498 203.605 213.91501 229.28749 241.51999 248.1725 246.715 242.3 234.78 227.565 218.665 237.73251 248.03998 254.75749 265.5625 262.62997 260.35748 256.5875 252.81 250.01 249.34999
-999999.0 -999999.0 -999999.0 -999999.0 -999999.0 -999999.0 -999999.0 -999999.0 -999999.0 -999999.0 -999999.0 -999999.0 -999999.0 -999999.0 -999999.0 -999999.0 -999999.0 -999999.0 -999999.0 -999999.0 -999999.0 -999999.0 -999999.0 -999999.0 -999999.0 -999999.0 -999999.0 -999999.0 -999999.0 -999999.0 -999999.0 188.515 193.60999 197.895 202.48749 205.53499 207.88 208.78 208.2175 206.70999 204.1275 195.8175 186.6175 196.515 214.81248 227.58249 235.8275 239.25499 236.92499 229.105 219.1975 210.48248 206.72249 213.1525 243.1625 252.51749 256.10498 255.44 251.855 246.805 243.08249 241.40001
-999999.0 -999999.0 -999999.0 -999999.0 -999999.0 -999999.0 -999999.0 -999999.0 -999999.0 -999999.0 -999999.0 -999999.0 -999999.0 -999999.0 -999999.0 -999999.0 -999999.0 -999999.0 -999999.0 -999999.0 -999999.0 -999999.0 -999999.0 -999999.0 -999999.0 -999999.0 -999999.0 -999999.0 -999999.0 -999999.0 -999999.0 -999999.0 192.125 196.65 200.32999 203.1675 205.11249 206.14749 206.37 205.87498 205.71498 199.6 193.02249 195.23 203.4425 215.4975 224.785 232.46 232.995 224.49748 213.27249 205.31 201.16501 199.635 197.47 247.95 250.6675 249.78 246.1125 240.45001 235.29999 233.96999
-999999.0 -999999.0 -999999.0 -999999.0 -999999.0 -999999.0 -999999.0 -999999.0 -999999.0 -999999.0 -999999.0 -999999.0 -999999.0 -999999.0 -999999.0 -999999.0 -999999.0 -999999.0 -999999.0 -999999.0 -999999.0 -999999.0 -999999.0 -999999.0 -999999.0 -999999.0 -999999.0 -999999.0 162.90001 171.71999 179.265 -999999.0 190.915 195.69499 199.495 202.2975 204.075 205.0025 205.025 204.0375 202.305 198.7975 195.53 196.12999 200.485 207.09 213.16 220.8675 221.945 215.22 204.3575 197.08499 195.37999 195.27 193.6175 189.94249 244.875 243.19498 239.2075 236.3475 227.19249 227.11499
-999999.0 -999999.0 -999999.0 -999999.0 -999999.0 -999999.0 -999999.0 -999999.0 -999999.0 -999999.0 -999999.0 -999999.0 -999999.0 -999999.0 -999999.0 -999999.0 -999999.0 -999999.0 -999999.0 -999999.0 -999999.0 -999999.0 -999999.0 -999999.0 -999999.0 133.245 140.76 149.56 158.825 168.2475 176.5925 183.655 189.9475 195.165 199.05249 201.6775 203.1275 203.5775 203.125 201.685 199.52998 196.875 194.845 194.685 196.70999 200.0925 203.46251 206.0625 206.04248 202.20749 192.76999 185.7025 189.6525 193.96999 191.92249 188.4375 189.4375 237.72998 234.53 233.975 230.6325 220.6975
-999999.0 -999999.0 -999999.0 -999999.0 -999999.0 -999999.0 -999999.0 -999999.0 -999999.0 -999999.0 -999999.0 -999999.0 -999999.0 -999999.0 -999999.0 -999999.0 -999999.0 -999999.0 -999999.0 -999999.0 -999999.0 -999999.0 -999999.0 -999999.0 -999999.0 131.16998 139.01749 144.4125 154.22499 163.435 172.71501 181.58249 -999999.0 194.89499 198.9475 201.165 202.02249 201.8375 200.8225 199.22667 196.905 194.2325 192.2275 191.515 191.85999 192.85999 193.9125 193.935 193.79001 192.47 187.29498 182.8875 183.855 193.16 187.78 185.44751 193.75 230.095 225.64249 225.415 224.77249 223.35748
-999999.0 -999999.0 -999999.0 -999999.0 -999999.0 -999999.0 -999999.0 -999999.0 -999999.0 -999999.0 -999999.0 -999999.0 -999999.0 -999999.0 -999999.0 -999999.0 -999999.0 -999999.0 -999999.0 -999999.0 -999999.0 -999999.0 -999999.0 -999999.0 -999999.0 125.1875 132.795 138.3525 148.48999 158.33 168.58249 178.88751 -999999.0 -999999.0 198.535 200.3725 200.31999 -999999.0 -999999.0 -999999.0 193.2275 190.185 187.94499 186.6375 185.97499 185.4825 185.14249 184.6175 184.1575 184.4225 186.37001 185.225 177.215 171.785 171.66249 173.75249 192.2275 198.09749 210.6175 216.3575 217.4725 216.9625
-999999.0 -999999.0 -999999.0 -999999.0 -999999.0 -999999.0 -999999.0 -999999.0 -999999.0 -999999.0 -999999.0 -999999.0 -999999.0 -999999.0 -999999.0 -999999.0 -999999.0 -999999.0 -999999.0 -999999.0 -999999.0 -999999.0 -999999.0 -999999.0 -999999.0 118.72499 122.0625 131.3675 141.5925 152.55249 163.92 175.4575 185.525 -999999.0 -999999.0 -999999.0 -999999.0 -999999.0 -999999.0 191.24501 188.33 184.965 182.26 180.575 179.275 178.22498 177.10748 176.2475 175.47 176.07498 177.7425 183.20248 170.18 162.9325 163.1125 163.0625 191.6375 197.7425 203.67749 206.76498 207.37999 206.6025
-999999.0 -999999.0 -999999.0 -999999.0 -999999.0 -999999.0 -999999.0 -999999.0 -999999.0 -999999.0 -999999.0 -999999.0 -999999.0 -999999.0 -999999.0 -999999.0 -999999.0 -999999.0 -999999.0 -999999.0 -999999.0 -999999.0 -999999.0 108.06 109.3725 115.42 117.385 124.29749 134.29 145.4725 157.5025 170.34 183.2225 -999999.0 193.8325 193.795 191.7325 189.66501 187.8625 185.73499 182.70999 178.98 175.8925 173.655 171.76749 170.105 168.46251 167.18 166.76749 167.73 173.66249 169.97499 162.14749 154.11499 146.1725 150.345 150.695 195.69249 198.4925 197.7475 195.95 196.04
-999999.0 -999999.0 -999999.0 -999999.0 -999999.0 -999999.0 -999999.0 -999999.0 -999999.0 -999999.0 -999999.0 -999999.0 -999999.0 -999999.0 -999999.0 -999999.0 -999999.0 -999999.0 -999999.0 105.877495 102.965 108.8175 105.995 107.27251 109.01 113.17 114.7825 120.314995 126.399994 136.85 148.5725 161.3075 173.51248 179.7125 182.43 183.0625 182.4325 181.605 180.85251 179.6625 176.595 172.415 168.7475 165.91751 163.39749 161.06749 159.06 157.84001 157.08499 157.335 156.025 158.205 153.73999 146.98999 141.26749 140.8425 142.06998 191.37 192.20248 187.9975 182.20248 181.01001
-999999.0 -999999.0 -999999.0 -999999.0 -999999.0 -999999.0 -999999.0 -999999.0 -999999.0 -999999.0 -999999.0 -999999.0 -999999.0 -999999.0 -999999.0 -999999.0 -999999.0 -999999.0 97.845 100.0125 99.4825 102.017494 104.06249 104.31999 105.454994 106.487495 108.225 112.555 120.45749 126.7325 137.67499 148.975 158.55748 164.85748 168.295 170.00499 170.7825 171.36499 172.57498 176.575 171.34999 164.42749 160.35751 156.9075 153.85501 150.97751 148.42499 147.28749 146.91 147.07248 147.91 148.39001 146.5325 142.97751 139.515 137.2575 137.61002 186.425 185.90749 180.215 170.2225 160.025
-999999.0 -999999.0 -999999.0 -999999.0 -999999.0 -999999.0 -999999.0 -999999.0 -999999.0 -999999.0 -999999.0 -999999.0 -999999.0 -999999.0 -999999.0 -999999.0 -999999.0 -999999.0 91.9575 101.222496 97.407486 99.927505 100.697495 99.8725 99.4075 100.917496 101.47 104.58 110.7075 115.6275 126.23 136.4825 143.8125 149.11499 152.92749 156.07999 157.97 159.39749 161.5475 163.58249 160.75 154.73 150.4975 147.005 143.8075 140.75 137.53 136.995 136.88498 137.81 141.26999 148.7725 154.1575 146.6375 139.90001 136.3875 136.335 138.45248 179.66 175.23999 168.555 165.7525
-999999.0 -999999.0 -999999.0 -999999.0 -999999.0 -999999.0 -999999.0 -999999.0 -999999.0 -999999.0 -999999.0 -999999.0 -999999.0 -999999.0 -999999.0 -999999.0 -999999.0 -999999.0 -999999.0 83.134995 90.5375 94.47 94.417496 93.77249 93.479996 95.03 95.11749 97.31 101.08 106.99249 117.8875 127.542496 131.475 135.3225 139.0 142.375 144.98499 146.375 149.20499 150.1 148.0625 144.5775 140.89749 137.08499 134.73749 132.57 131.0725 130.13 133.23001 134.3175 140.5625 144.9975 145.71501 139.70001 136.05501 135.98999 136.4175 136.9625 173.3375 170.8225 167.8475 167.8775
