data/TNO-HT-ATES/HT-ATES_ooz2/ooz2__efficiency_P50_basecase_80-45-40.asc
ncols  140
nrows  163
xllcorner  0.0
yllcorner  300000.0
cellsize  2000.0
NODATA_value  -999999.0
[rows 56 to 83 of 163, columns 63 to 125 of 140]
64.22728 59.27665 53.80199 52.55689 53.1144 57.751904 58.963737 60.259842 61.93935 64.16099 66.99364 68.9591 69.80103 70.268074 70.48691 70.609856 70.53996 70.52294 70.372406 70.12372 70.2533 69.966354 69.34887 69.01687 68.63087 68.56689 67.97798 67.22186 66.09799 64.86832 65.23922 66.36344 66.90152 67.222275 67.207756 67.192245 66.97634 66.48549 65.655525 65.04593 64.93718 64.51546 66.86931 65.39318 64.53551 64.437294 64.058395 63.29843 0.0 0.0 0.0 0.0 0.0 0.0 0.0 0.0 0.0 0.0 0.0 0.0 -999999.0 -999999.0 -999999.0
65.44541 62.53206 59.734386 58.78509 62.447193 60.78381 60.379646 57.342342 56.942688 61.177467 64.701744 67.40792 68.66435 69.548416 70.12498 70.32741 70.403275 70.43112 70.24254 69.89729 70.09082 69.76928 68.50849 68.617485 68.355385 68.19198 67.38097 66.699905 65.28157 64.256836 64.995255 66.057076 66.81428 67.13723 67.463844 67.22825 66.74024 65.83283 65.07362 64.9044 64.42853 67.271484 66.24701 64.85556 63.95051 63.968384 63.764946 0.0 0.0 0.0 0.0 0.0 0.0 0.0 0.0 0.0 0.0 0.0 0.0 0.0 -999999.0 -999999.0 -999999.0
65.81478 63.824436 61.817455 60.056553 61.796967 58.438335 57.761032 54.857346 53.848396 55.195587 62.85536 65.923454 67.56149 68.699814 69.38902 70.16414 70.30673 70.28499 70.18399 69.8509 70.02733 69.73986 69.02205 68.30517 67.74305 67.98171 67.30443 66.57466 65.61701 64.99318 65.359 66.470764 66.98674 67.52358 67.54963 67.17323 66.7819 65.82664 64.72223 64.42916 63.67631 66.63955 65.28127 63.808952 65.6282 0.0 0.0 0.0 0.0 0.0 0.0 0.0 0.0 0.0 0.0 0.0 0.0 0.0 0.0 0.0 -999999.0 -999999.0 -999999.0
66.21302 64.61493 62.807316 61.59978 52.235245 0.0 0.0 48.924156 51.205856 55.239597 59.539455 64.84919 66.85541 68.446976 69.37618 70.00075 70.10989 70.25789 69.89821 69.778275 69.93859 69.70254 69.198044 67.89678 67.14937 67.475945 67.345116 66.9593 66.49515 66.06984 65.70204 66.568 67.47998 67.675995 68.12261 67.42896 66.591515 65.77388 64.70605 63.9483 66.7634 66.06079 65.01247 64.43034 0.0 0.0 0.0 0.0 0.0 0.0 0.0 0.0 0.0 0.0 0.0 0.0 0.0 0.0 0.0 -999999.0 -999999.0 -999999.0 -999999.0
66.6171 64.502266 63.00661 59.532005 -999999.0 -999999.0 0.0 0.0 52.005272 56.26415 59.852592 61.108894 66.118935 67.636 69.10041 69.357605 69.520645 69.62283 69.65081 69.87705 70.14286 70.08598 69.69066 68.50586 66.49155 66.74945 67.513405 67.7232 67.37537 67.06886 67.00195 67.52064 67.866936 67.74958 67.99975 67.026024 66.1799 65.540855 65.340645 64.86989 64.127 63.221535 62.437374 64.79805 0.0 0.0 0.0 0.0 0.0 0.0 0.0 0.0 0.0 0.0 0.0 0.0 0.0 0.0 0.0 -999999.0 -999999.0 -999999.0 -999999.0
66.40176 64.2312 62.28281 57.537766 0.0 0.0 49.272675 53.956474 57.849754 59.92092 61.063282 64.307884 65.32413 66.8703 68.08738 68.68753 68.97701 69.15113 69.36395 69.45805 69.452446 70.05068 69.966156 69.442314 67.34606 67.5668 68.47184 68.41123 68.201584 68.47918 68.223114 67.760216 67.82093 67.47098 67.110275 66.35121 65.69931 65.28541 64.998 64.53842 64.05145 62.938766 64.91725 65.467766 0.0 0.0 0.0 0.0 0.0 0.0 0.0 0.0 0.0 0.0 0.0 0.0 0.0 0.0 0.0 -999999.0 -999999.0 -999999.0 -999999.0
66.062805 64.73971 62.89629 59.597965 54.340927 57.97031 61.480152 60.635567 62.078064 63.08116 65.25793 64.261665 64.515274 66.25338 66.873314 67.45921 68.28946 68.497955 68.95763 69.25176 69.35056 69.81661 70.050606 70.0562 68.93481 69.329056 69.434296 69.301285 69.13362 69.73328 69.67854 68.88731 67.98233 67.34667 66.82357 66.06712 65.28434 64.35624 64.08122 63.918438 63.616665 62.85692 62.33035 61.979614 0.0 0.0 0.0 0.0 0.0 0.0 0.0 0.0 0.0 0.0 0.0 0.0 0.0 0.0 0.0 -999999.0 -999999.0 -999999.0 -999999.0
66.00159 65.50448 64.11966 62.181866 60.005844 63.031757 64.51199 65.71897 63.106483 66.979294 66.084404 64.905655 64.7206 61.772724 66.06011 66.74014 67.42844 67.877785 68.59385 69.04553 69.3046 69.878265 70.19634 70.625725 70.296 70.77121 70.44902 70.4098 70.43681 70.48333 70.04337 69.03927 67.94589 67.77694 67.36836 66.53012 65.29343 64.58545 62.156708 61.983803 61.798695 61.15613 64.08109 63.334335 0.0 0.0 0.0 0.0 0.0 0.0 0.0 0.0 0.0 0.0 0.0 0.0 0.0 0.0 0.0 0.0 -999999.0 -999999.0 -999999.0
66.55044 66.575966 68.70122 67.7865 63.122272 65.13752 65.11028 65.57297 65.714966 65.875046 65.887 65.88664 62.255882 62.12816 65.61342 66.01361 66.51832 67.39925 68.3519 69.02319 69.58588 68.983635 70.49619 70.54905 70.57937 70.87828 70.44971 70.35565 69.98644 69.476616 70.61098 69.1751 67.527985 67.361374 67.584595 66.63242 65.58744 64.80829 62.053055 60.74998 60.570755 59.605244 62.560158 0.0 0.0 0.0 0.0 0.0 0.0 0.0 0.0 0.0 0.0 0.0 0.0 0.0 0.0 0.0 0.0 0.0 0.0 -999999.0 0.0
67.09474 67.12648 69.872025 69.04008 64.96751 63.77264 62.98105 62.845516 65.713005 64.921745 65.77843 66.359375 62.62944 61.86241 61.98214 64.76951 66.0158 67.15408 68.13455 69.05638 70.0074 70.462395 70.97373 70.764626 70.36879 70.26265 70.37151 70.24147 69.96304 69.88001 68.992256 68.55957 67.92247 67.6385 67.21683 66.67478 65.80727 65.320076 63.686977 62.370228 59.62144 62.10713 0.0 0.0 0.0 0.0 0.0 0.0 0.0 0.0 0.0 0.0 0.0 0.0 0.0 0.0 0.0 0.0 0.0 0.0 -999999.0 -999999.0 -999999.0
70.13151 66.966896 66.581795 66.00028 68.83438 65.13404 67.859924 67.21069 66.88152 66.50498 66.23575 66.07952 65.08968 60.25845 58.51744 61.206512 63.219315 65.92708 67.85564 69.12039 70.10571 70.70581 70.90647 70.909134 70.687744 70.06551 69.600685 70.282524 70.710945 70.08745 69.219 68.84319 68.15388 67.71273 67.258606 66.77452 65.90697 65.432365 64.10621 62.76137 64.86192 63.775253 0.0 0.0 0.0 0.0 0.0 0.0 0.0 0.0 0.0 0.0 0.0 0.0 0.0 0.0 0.0 0.0 0.0 0.0 -999999.0 -999999.0 -999999.0
69.90723 70.05716 69.76795 69.45385 65.87569 65.72354 65.83458 68.4197 67.69889 66.95073 66.37166 65.63076 64.05571 60.151867 50.892056 50.65381 58.90416 64.2574 67.39466 69.05433 69.99724 70.79113 71.041115 70.46818 70.79035 70.3897 69.824425 67.460625 67.404144 70.46193 69.45611 69.066345 68.290665 67.5245 67.22239 66.727776 65.62621 64.98078 64.18942 62.682056 64.610886 0.0 0.0 0.0 0.0 0.0 0.0 0.0 0.0 0.0 0.0 0.0 0.0 -999999.0 0.0 0.0 0.0 0.0 0.0 0.0 -999999.0 -999999.0 -999999.0
69.42835 69.60589 69.87866 69.706245 66.00213 66.214226 66.40087 69.20024 68.390976 67.35257 66.62076 65.1207 62.90487 57.044765 0.0 0.0 55.495216 63.79452 67.077515 68.72023 69.63048 70.622444 71.011406 70.84436 70.56445 70.08848 70.93338 67.532555 67.58007 70.00619 69.49697 69.2664 68.574455 67.3991 66.79968 66.40456 65.68066 64.974594 63.565006 62.041317 63.76354 0.0 0.0 0.0 0.0 0.0 0.0 0.0 0.0 0.0 0.0 0.0 0.0 0.0 -999999.0 0.0 0.0 0.0 0.0 0.0 -999999.0 -999999.0 -999999.0
68.99143 69.809166 70.085724 69.855194 69.9545 66.84356 70.12433 69.927956 69.174255 68.096146 66.942535 64.89078 62.219566 57.559536 49.84524 0.0 58.740734 64.7307 67.28414 68.50942 69.47862 69.59819 70.32137 70.533165 70.58654 70.241425 70.94627 70.6711 67.56523 70.24032 69.71164 69.78989 67.90722 67.05882 66.89813 66.33729 66.55763 64.94965 63.861633 62.30921 0.0 0.0 0.0 0.0 0.0 0.0 0.0 0.0 0.0 0.0 0.0 0.0 0.0 0.0 0.0 0.0 0.0 0.0 0.0 -999999.0 -999999.0 -999999.0 -999999.0
69.023605 70.076 70.43078 70.38873 70.65481 70.79329 70.75531 70.52725 69.84627 69.107895 67.66225 65.35491 63.011127 60.880142 60.537792 61.181503 63.949146 66.72075 68.32611 69.75432 69.43657 64.67298 64.118065 70.44183 71.10514 67.960464 67.83419 70.625854 70.530876 70.36891 69.88211 69.69567 68.85035 68.029335 67.47293 66.934784 65.02873 65.509155 64.505104 62.976994 63.396122 0.0 0.0 0.0 0.0 0.0 0.0 0.0 0.0 0.0 0.0 0.0 0.0 0.0 0.0 0.0 0.0 0.0 0.0 -999999.0 -999999.0 -999999.0 -999999.0
69.061905 69.9189 70.41744 70.70767 70.98253 71.082565 70.959885 70.74773 70.38822 69.63063 68.24919 67.06252 65.85186 65.245186 65.43731 66.0849 66.93555 68.17873 66.33882 67.48646 70.21396 66.371086 66.13327 70.39346 70.97184 68.158905 67.830444 70.8949 67.54663 67.34304 66.82637 66.63392 69.189766 68.59396 67.72692 66.52991 63.930073 60.41905 58.23286 62.464024 64.16684 0.0 0.0 0.0 0.0 0.0 0.0 0.0 0.0 0.0 0.0 0.0 0.0 0.0 0.0 0.0 0.0 0.0 -999999.0 -999999.0 -999999.0 -999999.0 -999999.0
69.03607 69.94242 70.520996 70.68861 71.013 71.28676 71.183624 71.028404 70.128044 69.91019 69.27528 68.39252 67.44458 67.27338 67.45241 68.31109 68.80351 69.812454 70.371254 68.25251 68.4112 68.23965 67.82297 70.79796 70.88373 68.33195 68.61615 67.850136 67.67441 67.68944 67.25032 66.634 65.57843 65.57517 64.706024 66.640366 62.62934 57.59207 54.774403 56.603622 61.003876 0.0 0.0 0.0 0.0 0.0 0.0 0.0 0.0 0.0 0.0 0.0 0.0 0.0 0.0 0.0 0.0 0.0 -999999.0 -999999.0 -999999.0 -999999.0 -999999.0
69.044395 69.94334 70.560356 70.82167 71.06205 71.29036 71.10397 71.094 70.645905 70.29076 69.62386 68.91788 68.431885 65.64606 65.9916 66.44748 66.94103 67.55039 67.994576 68.44492 71.92524 68.561264 68.32937 68.27925 68.580986 69.09973 68.91865 68.636696 68.458115 68.31335 67.69093 66.68667 65.499054 65.17208 64.654526 66.76259 63.33745 57.68711 54.84589 55.407284 59.44253 57.901222 58.35021 0.0 0.0 0.0 0.0 0.0 0.0 0.0 0.0 0.0 0.0 0.0 0.0 0.0 0.0 0.0 -999999.0 -999999.0 -999999.0 -999999.0 -999999.0
68.87688 69.679924 70.5179 70.21153 70.98346 71.15848 71.03689 70.888794 70.73679 70.439415 70.40943 69.62276 66.063255 66.54736 66.531494 66.95325 67.304985 67.64165 68.05606 71.54386 68.46786 71.414635 71.54392 68.413124 69.47983 69.254 68.754845 68.687515 68.7068 68.21914 68.249306 67.05896 66.16139 65.39777 68.247086 65.79876 64.87458 60.567593 57.713814 55.626984 58.64973 61.12499 0.0 0.0 0.0 0.0 0.0 0.0 0.0 0.0 0.0 0.0 0.0 0.0 0.0 0.0 0.0 0.0 -999999.0 -999999.0 -999999.0 -999999.0 -999999.0
68.73834 69.88145 70.47062 70.64721 70.888626 70.975174 70.82422 70.753174 71.18485 70.913345 70.64075 67.00273 67.07101 67.15486 67.59372 67.6551 70.770615 67.602715 71.12648 70.61892 71.41054 68.31494 68.440735 68.35605 69.161476 69.009315 69.01637 68.77353 68.82032 68.81068 68.48446 67.680565 66.43886 65.749344 64.286835 66.91923 64.32295 62.68776 60.410347 58.50597 61.09547 61.311394 0.0 0.0 0.0 0.0 0.0 0.0 0.0 0.0 0.0 0.0 0.0 0.0 0.0 0.0 0.0 -999999.0 -999999.0 -999999.0 -999999.0 -999999.0 -999999.0
68.7314 69.68677 70.297745 70.54687 70.624886 70.66738 70.773094 70.495125 71.04608 71.29983 68.00908 70.76828 67.604546 67.58028 67.46547 67.36233 70.735245 67.47236 67.63321 67.72167 68.18726 71.2877 68.16059 68.95676 67.9692 68.83499 69.29556 68.83628 68.796875 68.09087 68.00861 67.965385 67.07187 65.65349 64.50343 67.460495 64.928566 62.21922 62.020836 61.08617 62.59424 55.05419 57.814217 0.0 0.0 0.0 0.0 0.0 0.0 0.0 0.0 0.0 0.0 0.0 0.0 0.0 0.0 -999999.0 -999999.0 -999999.0 -999999.0 -999999.0 -999999.0
68.77308 69.41383 70.05475 70.22692 70.38345 71.04811 70.94188 70.27799 70.794945 71.466255 68.055336 68.174675 67.46106 67.26248 67.251076 69.784546 67.542435 67.45852 67.118 67.21963 67.6314 70.65755 68.06282 68.722534 68.72805 69.259605 69.15549 68.56924 68.67082 68.116516 67.81424 67.99195 67.06517 65.80766 68.613464 67.5982 66.09346 65.10066 64.32269 62.073708 62.779884 55.111805 59.096313 0.0 0.0 0.0 0.0 0.0 0.0 0.0 0.0 0.0 0.0 0.0 0.0 0.0 -999999.0 -999999.0 -999999.0 -999999.0 -999999.0 -999999.0 -999999.0
68.75132 69.19637 69.67565 69.971886 70.57227 70.55761 70.41859 70.350044 70.887245 71.25608 68.266884 67.928474 70.32802 70.06125 67.02785 69.85577 66.80022 66.97179 66.82209 69.99306 69.88543 70.1654 67.588234 67.744354 68.455444 68.95126 68.27006 68.0095 67.9611 68.08254 67.98006 67.65367 66.64482 65.80774 68.57317 67.664185 66.599144 65.93532 64.67317 63.00626 63.356083 60.56375 61.23584 0.0 0.0 0.0 0.0 0.0 0.0 0.0 0.0 0.0 0.0 0.0 0.0 -999999.0 -999999.0 -999999.0 -999999.0 -999999.0 -999999.0 -999999.0 -999999.0
68.47084 68.93521 69.13709 69.484 70.24267 70.209785 70.39929 70.17657 70.51485 71.05358 70.77866 70.739075 69.799866 67.13839 66.74634 69.43665 65.92593 66.019775 65.94616 65.81623 68.62211 69.48656 66.88664 66.88451 67.85705 68.25467 67.99955 66.95045 66.645744 67.11717 67.100655 66.505196 66.13196 65.46413 68.488396 68.00448 66.12758 65.26497 64.7571 62.86316 63.471222 61.834145 0.0 0.0 0.0 0.0 0.0 0.0 0.0 0.0 0.0 0.0 0.0 0.0 -999999.0 -999999.0 -999999.0 -999999.0 -999999.0 -999999.0 -999999.0 -999999.0 -999999.0
68.20258 68.62878 68.398224 69.83678 70.07471 69.97464 69.55454 69.71608 70.24418 70.432556 69.83027 69.60411 69.922676 66.72474 66.328285 69.00382 65.188705 65.012634 68.13886 65.666756 68.762405 65.88804 66.25195 66.59234 67.20042 67.37762 67.01312 65.67481 65.4702 66.06523 65.82797 65.33323 65.70822 65.2226 68.00675 67.200645 65.59182 64.350464 63.968964 62.960457 64.14136 62.35594 0.0 0.0 0.0 0.0 0.0 0.0 0.0 0.0 0.0 0.0 0.0 0.0 0.0 -999999.0 -999999.0 -999999.0 -999999.0 -999999.0 -999999.0 -999999.0 -999999.0
67.97773 68.39326 69.17743 69.54827 69.55769 69.85434 68.97051 68.03087 68.10366 68.329704 68.62322 68.45742 68.96042 69.36576 68.90681 67.80053 64.07513 67.168236 66.99988 64.67196 64.79627 65.25093 65.498146 66.0303 66.22724 66.798775 66.24804 65.03225 64.3957 64.76105 63.95179 64.53668 64.804344 64.19585 66.97397 66.24208 64.2319 62.553875 62.036285 61.844135 64.16177 61.979465 62.32621 0.0 0.0 0.0 0.0 0.0 0.0 0.0 0.0 0.0 0.0 0.0 0.0 -999999.0 -999999.0 -999999.0 -999999.0 -999999.0 -999999.0 -999999.0 -999999.0
61.404972 69.03173 69.348175 69.35788 69.27006 69.4125 68.833115 66.69387 63.510254 66.07797 67.50561 67.84808 68.40123 68.166435 66.69678 66.420044 65.834564 61.79809 65.874855 66.5921 66.94291 67.73473 64.8531 65.382 65.70116 65.04012 65.06306 63.65631 62.574333 62.370205 62.866535 64.403244 63.773304 63.279312 65.66605 64.6464 62.641727 58.743374 58.01528 59.99925 63.439495 60.468895 61.509823 0.0 0.0 0.0 0.0 0.0 0.0 0.0 0.0 0.0 0.0 0.0 -999999.0 -999999.0 -999999.0 -999999.0 -999999.0 -999999.0 -999999.0 -999999.0 -999999.0
57.372364 61.58712 66.37301 69.068054 69.25847 69.079475 68.6673 68.112976 66.024124 67.28276 68.33201 67.32044 67.077965 65.8923 63.86231 63.943832 63.80725 62.94286 63.701435 64.728264 65.527695 63.04447 64.29191 63.673412 63.799652 63.361626 62.298145 62.228985 61.711926 61.731415 62.654655 63.79911 62.99859 65.56841 64.38797 63.797028 63.40066 60.652348 51.156456 59.11821 60.341267 57.951103 0.0 0.0 0.0 0.0 0.0 0.0 0.0 0.0 0.0 0.0 -999999.0 -999999.0 -999999.0 -999999.0 -999999.0 -999999.0 -999999.0 -999999.0 -999999.0 -999999.0 -999999.0
