data/TNO-HT-ATES/HT-ATES_msz4/msz4__k_P50_basecase_80-45-40.asc
ncols  140
nrows  163
xllcorner  0.0
yllcorner  300000.0
cellsize  2000.0
NODATA_value  -999999.0
[rows 81 to 107 of 163, columns 60 to 119 of 140]
7799.6494 7878.9927 7223.9565 8132.3706 8234.709 8509.605 8826.984 8351.779 9069.316 9705.986 10834.007 10966.806 11178.134 11879.544 14511.54 12265.309 11506.521 11227.96 11221.861 11991.672 12298.307 11358.348 11175.966 11313.997 11561.134 11545.2 11891.485 11746.828 12551.076 12985.853 13065.039 14302.944 14330.191 14480.613 15907.693 16055.2705 15902.3545 14817.601 13912.81 16232.178 13915.722 12321.967 11665.011 10272.264 8987.272 8491.64 10428.033 12095.954 -999999.0 -999999.0 -999999.0 -999999.0 -999999.0 -999999.0 -999999.0 -999999.0 -999999.0 -999999.0 -999999.0 -999999.0
8758.881 8967.504 8782.66 8973.014 8941.611 9418.141 10481.884 10459.529 11466.555 11526.662 12487.926 12643.082 12759.057 14285.049 16526.418 12986.415 12765.678 12731.619 12058.795 12478.371 12332.8955 12698.437 13035.976 11935.35 11902.858 12160.914 12259.324 12342.08 12758.047 12645.178 13974.403 13791.332 13751.305 14557.904 14948.669 14461.668 14195.037 12709.261 12892.981 13173.358 12320.869 11076.262 10421.277 10174.866 8932.363 8434.342 9040.717 -999999.0 -999999.0 -999999.0 -999999.0 -999999.0 -999999.0 -999999.0 -999999.0 -999999.0 -999999.0 -999999.0 -999999.0 -999999.0
9846.738 9849.588 10295.235 10340.791 9817.571 9921.624 10875.717 10611.621 12467.453 12777.557 13564.553 12864.347 14048.74 15428.947 15443.001 13646.641 13249.623 13228.451 13122.349 12467.6 13347.413 12155.489 13211.6875 14434.484 13099.484 13058.955 13770.511 13770.155 13817.635 13457.792 13398.257 14115.246 13103.833 13915.332 14662.932 12656.77 12422.959 12329.533 12391.715 11443.183 11812.679 10207.105 10322.834 10395.552 8995.85 8442.935 9102.088 -999999.0 -999999.0 -999999.0 -999999.0 -999999.0 -999999.0 -999999.0 -999999.0 -999999.0 -999999.0 -999999.0 -999999.0 -999999.0
10433.512 9952.146 10770.543 10470.965 10131.498 -999999.0 10795.092 10824.938 12350.682 12636.869 13248.971 12450.5625 12804.268 15121.9795 17647.066 14310.844 13510.488 13246.291 13217.666 13949.272 13004.095 12486.463 12439.234 13426.031 13891.0 13300.586 12908.519 14995.597 14797.289 14817.41 13849.1455 13587.753 12868.172 12191.533 12561.976 12163.308 11790.68 11536.994 11296.322 10562.955 10524.879 10121.512 9937.898 9476.0205 8890.855 -999999.0 9502.415 -999999.0 -999999.0 -999999.0 -999999.0 -999999.0 -999999.0 -999999.0 -999999.0 -999999.0 -999999.0 -999999.0 -999999.0 -999999.0
10038.707 10740.742 11613.41 11223.35 11679.238 -999999.0 12284.669 12394.709 13784.33 12824.238 12686.987 15638.604 18622.72 17577.568 17458.838 14740.404 15698.723 14365.631 13948.561 11619.9375 12157.907 13405.3 12581.175 13667.596 13300.512 13420.581 14052.629 15495.389 14267.859 14166.98 14132.609 13837.56 13246.454 11639.326 10722.322 10000.417 11509.066 11742.562 10476.807 9949.848 10766.989 9508.657 8895.086 9290.531 9120.471 8751.174 8931.152 9259.476 -999999.0 -999999.0 -999999.0 -999999.0 -999999.0 -999999.0 -999999.0 -999999.0 -999999.0 -999999.0 -999999.0 -999999.0
10465.064 10830.633 11647.674 12413.138 11873.259 11895.314 12391.84 12310.519 13209.075 14423.084 13600.126 15300.408 19771.574 18594.66 16623.531 16091.948 16471.936 16338.411 15950.268 14678.926 12616.155 13035.436 13716.832 14627.654 13640.273 14414.836 14648.319 15245.441 14082.557 13960.546 13678.017 12782.292 12098.606 11077.881 10369.868 9673.148 10684.122 10556.271 10026.147 8865.76 8562.258 8141.3457 8299.192 9210.94 8869.498 8960.767 9406.852 10782.356 -999999.0 -999999.0 -999999.0 -999999.0 -999999.0 -999999.0 -999999.0 -999999.0 -999999.0 -999999.0 -999999.0 -999999.0
11928.781 12182.105 13006.418 13615.739 13665.663 13833.605 13887.75 14562.891 15238.859 15981.922 15829.051 17148.44 18890.014 20044.422 17285.105 15953.455 15717.898 14504.596 16272.187 16358.697 13998.857 13236.338 13642.904 14712.598 14577.116 14493.132 15281.127 14239.252 14709.204 13518.02 13193.102 11348.336 11498.855 10315.777 10702.083 10161.421 9684.56 9631.35 9751.171 8700.064 8045.622 8655.857 8682.897 8915.694 8624.337 8537.023 9377.477 9424.6455 -999999.0 -999999.0 -999999.0 -999999.0 -999999.0 -999999.0 -999999.0 -999999.0 -999999.0 -999999.0 -999999.0 -999999.0
12859.014 12857.033 13732.917 13475.285 14027.254 14598.701 14217.58 15660.114 16402.793 17311.771 18268.148 17784.572 18794.168 23695.094 19490.932 16510.197 15899.144 14841.213 15010.82 15067.295 14446.276 13334.402 13357.989 14456.396 14641.361 14710.935 14832.451 14995.721 14188.774 13689.149 13739.194 13348.034 12957.045 10188.352 10675.762 10012.214 9630.638 8755.549 9379.912 8628.122 8340.045 8148.599 7681.0503 7929.38 8668.731 8424.748 8922.496 7217.0317 9119.514 -999999.0 -999999.0 -999999.0 -999999.0 -999999.0 -999999.0 -999999.0 -999999.0 -999999.0 -999999.0 -999999.0
12926.553 13304.569 13955.306 13844.382 14627.048 14604.584 14595.425 15242.875 16862.459 18382.54 18493.703 17872.723 19053.67 19365.045 19134.066 17326.988 16159.832 15851.085 15520.344 15052.216 13655.721 13858.672 14215.854 14690.726 14748.723 14649.213 15087.665 17841.707 14338.457 12611.865 12798.09 13526.134 10731.242 9666.39 9501.992 8033.0454 7900.647 7541.3086 7930.203 7630.718 7879.634 8129.8306 7759.542 8000.757 8070.2573 -999999.0 -999999.0 -999999.0 -999999.0 -999999.0 -999999.0 -999999.0 -999999.0 -999999.0 -999999.0 -999999.0 -999999.0 -999999.0 -999999.0 -999999.0
12915.293 13901.768 13902.864 14159.1045 15388.382 15572.73 14814.279 14823.565 15139.421 17905.98 18148.797 17829.412 18877.094 18502.025 20725.562 18726.121 16978.568 15917.377 16472.67 14330.107 14612.1875 15943.056 15589.664 15066.228 14759.088 14165.415 15102.624 15474.268 13597.723 12793.747 13152.668 12334.5 11815.619 8215.38 8071.3413 7022.956 7079.4814 7029.821 7655.6094 7517.2 7667.6846 7812.4297 7914.3657 7845.799 -999999.0 -999999.0 -999999.0 -999999.0 -999999.0 -999999.0 -999999.0 -999999.0 -999999.0 -999999.0 -999999.0 -999999.0 -999999.0 -999999.0 -999999.0 -999999.0
13508.236 13568.637 14036.075 14593.599 17823.582 16086.704 15376.754 15536.482 16068.792 17885.334 17352.264 18317.135 19438.469 19628.375 18823.355 17369.984 18548.664 17076.072 17091.771 16204.551 14721.236 15317.5 15779.986 16162.794 15047.658 14979.584 16521.076 14486.526 13472.475 12472.933 12295.957 12010.4375 10902.626 7966.6426 7592.574 7419.66 6963.4106 6981.366 7586.214 7616.1064 7645.5073 7569.4067 7817.449 7900.441 -999999.0 -999999.0 -999999.0 -999999.0 -999999.0 -999999.0 -999999.0 -999999.0 -999999.0 -999999.0 -999999.0 -999999.0 -999999.0 -999999.0 -999999.0 -999999.0
15053.752 15271.461 14806.454 15089.039 15548.571 17308.29 16136.506 16173.24 15486.81 17907.006 18844.05 18516.254 18473.621 19215.865 17722.463 18469.672 18433.926 17883.63 18929.916 15861.525 15157.254 15590.422 13789.326 16398.828 16746.176 15685.847 15059.866 13910.643 12925.416 12980.464 12810.317 11769.122 11768.795 8353.217 7481.372 7338.7183 7001.7817 6909.7153 7178.4067 7886.602 7851.217 7502.4946 -999999.0 -999999.0 -999999.0 -999999.0 -999999.0 -999999.0 -999999.0 -999999.0 -999999.0 -999999.0 -999999.0 -999999.0 -999999.0 -999999.0 -999999.0 -999999.0 -999999.0 -999999.0
15037.807 15074.077 14784.299 14999.608 15687.04 16566.941 15520.246 17016.773 15250.212 18595.014 20016.527 18794.373 18034.293 18748.79 18726.146 20386.988 20225.059 18518.586 18553.953 18202.867 16329.408 14181.881 16064.086 16947.695 17884.768 15064.43 13291.3 13011.373 12113.529 13482.285 13695.658 12360.403 11137.257 7988.954 7706.874 7596.351 7652.332 7436.713 -999999.0 -999999.0 -999999.0 -999999.0 -999999.0 -999999.0 -999999.0 -999999.0 -999999.0 -999999.0 -999999.0 -999999.0 -999999.0 -999999.0 -999999.0 -999999.0 -999999.0 -999999.0 -999999.0 -999999.0 -999999.0 -999999.0
14094.395 14122.867 15805.312 16114.384 15569.258 15996.217 15790.01 16984.055 16287.027 16980.8 19643.18 18352.582 20148.234 20356.97 21551.723 22774.281 19826.889 17439.875 19378.238 17992.447 16059.389 15689.269 16154.826 17532.889 18531.176 15042.429 13152.032 12611.676 11934.472 12328.541 12572.634 12539.159 8201.659 8292.77 7987.828 7545.0674 -999999.0 -999999.0 -999999.0 -999999.0 -999999.0 -999999.0 -999999.0 -999999.0 -999999.0 -999999.0 -999999.0 -999999.0 -999999.0 -999999.0 -999999.0 -999999.0 -999999.0 -999999.0 -999999.0 -999999.0 -999999.0 -999999.0 -999999.0 -999999.0
15538.189 13968.732 15479.772 15482.091 15990.33 16828.14 16852.879 15872.331 16115.356 17536.309 17704.605 18064.797 19076.445 16970.252 19000.443 24335.916 23120.418 20664.08 20433.135 20277.965 19663.904 18692.412 17698.785 18308.402 17138.625 14245.695 12197.773 10243.559 11973.213 12924.082 10309.383 10493.347 8781.555 8987.069 8276.181 -999999.0 -999999.0 -999999.0 -999999.0 -999999.0 -999999.0 -999999.0 -999999.0 -999999.0 -999999.0 -999999.0 -999999.0 -999999.0 -999999.0 -999999.0 -999999.0 -999999.0 -999999.0 -999999.0 -999999.0 -999999.0 -999999.0 -999999.0 -999999.0 -999999.0
14976.889 15577.842 16476.035 15724.888 15864.042 15829.1875 15535.684 14643.85 16194.505 17179.988 18183.451 18226.83 18357.06 19000.74 19818.943 24127.621 23098.393 21600.932 21607.146 23305.707 20440.906 20048.844 18979.3 16061.333 14534.639 12690.74 -999999.0 -999999.0 -999999.0 -999999.0 -999999.0 -999999.0 -999999.0 -999999.0 -999999.0 -999999.0 -999999.0 -999999.0 -999999.0 -999999.0 -999999.0 -999999.0 -999999.0 -999999.0 -999999.0 -999999.0 -999999.0 -999999.0 -999999.0 -999999.0 -999999.0 -999999.0 -999999.0 -999999.0 -999999.0 -999999.0 -999999.0 -999999.0 -999999.0 -999999.0
15128.938 15489.62 16601.87 15120.65 14597.585 15008.829 16011.286 15355.426 16358.662 17479.62 17746.273 18151.344 18253.332 20256.434 21089.367 27210.78 24340.045 22446.348 22429.047 22595.242 21257.02 20445.072 16927.559 18483.336 -999999.0 13705.364 -999999.0 -999999.0 -999999.0 -999999.0 -999999.0 -999999.0 -999999.0 -999999.0 -999999.0 -999999.0 -999999.0 -999999.0 -999999.0 -999999.0 -999999.0 -999999.0 -999999.0 -999999.0 -999999.0 -999999.0 -999999.0 -999999.0 -999999.0 -999999.0 -999999.0 -999999.0 -999999.0 -999999.0 -999999.0 -999999.0 -999999.0 -999999.0 -999999.0 -999999.0
15082.128 14251.503 14949.899 14826.203 13891.109 14434.1045 15353.586 15708.079 15642.262 15569.071 17112.412 19132.59 21635.975 20325.463 21246.148 25804.09 25624.555 25030.963 24281.033 23528.408 21705.543 -999999.0 20747.898 -999999.0 -999999.0 -999999.0 -999999.0 -999999.0 -999999.0 -999999.0 -999999.0 -999999.0 -999999.0 -999999.0 -999999.0 -999999.0 -999999.0 -999999.0 -999999.0 -999999.0 -999999.0 -999999.0 -999999.0 -999999.0 -999999.0 -999999.0 -999999.0 -999999.0 -999999.0 -999999.0 -999999.0 -999999.0 -999999.0 -999999.0 -999999.0 -999999.0 -999999.0 -999999.0 -999999.0 -999999.0
14273.848 14428.071 14529.613 14543.494 14109.434 14647.303 15555.34 15933.64 16584.463 15335.967 17718.164 19268.9 20598.012 20359.992 22470.033 22610.629 24401.6 23100.062 23815.8 24161.455 21386.006 21280.125 -999999.0 -999999.0 -999999.0 -999999.0 -999999.0 -999999.0 -999999.0 -999999.0 -999999.0 -999999.0 -999999.0 -999999.0 -999999.0 -999999.0 -999999.0 -999999.0 -999999.0 -999999.0 -999999.0 -999999.0 -999999.0 -999999.0 -999999.0 -999999.0 -999999.0 -999999.0 -999999.0 -999999.0 -999999.0 -999999.0 -999999.0 -999999.0 -999999.0 -999999.0 -999999.0 -999999.0 -999999.0 -999999.0
14392.34 14234.936 14465.603 14682.3125 14640.204 15217.495 15385.38 13997.945 15631.682 17351.898 17833.781 18345.559 19973.76 20411.59 23655.512 25743.717 25149.422 25090.469 24627.836 -999999.0 -999999.0 -999999.0 -999999.0 -999999.0 -999999.0 -999999.0 -999999.0 -999999.0 -999999.0 -999999.0 -999999.0 -999999.0 -999999.0 -999999.0 -999999.0 -999999.0 -999999.0 -999999.0 -999999.0 -999999.0 -999999.0 -999999.0 -999999.0 -999999.0 -999999.0 -999999.0 -999999.0 -999999.0 -999999.0 -999999.0 -999999.0 -999999.0 -999999.0 -999999.0 -999999.0 -999999.0 -999999.0 -999999.0 -999999.0 -999999.0
14348.295 13704.404 14034.946 14872.131 17246.65 16721.46 15866.912 14833.465 15259.515 16203.671 18216.139 19344.752 21586.125 20856.744 23245.969 24500.469 26705.504 24813.432 -999999.0 -999999.0 -999999.0 -999999.0 -999999.0 -999999.0 -999999.0 -999999.0 -999999.0 -999999.0 -999999.0 -999999.0 -999999.0 -999999.0 -999999.0 -999999.0 -999999.0 -999999.0 -999999.0 -999999.0 -999999.0 -999999.0 -999999.0 -999999.0 -999999.0 -999999.0 -999999.0 -999999.0 -999999.0 -999999.0 -999999.0 -999999.0 -999999.0 -999999.0 -999999.0 -999999.0 -999999.0 -999999.0 -999999.0 -999999.0 -999999.0 -999999.0
15103.189 14840.672 14303.576 14668.58 15785.473 15497.023 16534.895 16623.09 17133.297 17866.549 18133.621 19040.85 18040.316 22423.293 21650.582 24479.809 26618.547 26914.97 -999999.0 -999999.0 -999999.0 -999999.0 -999999.0 -999999.0 -999999.0 -999999.0 -999999.0 -999999.0 -999999.0 -999999.0 -999999.0 -999999.0 -999999.0 -999999.0 -999999.0 -999999.0 -999999.0 -999999.0 -999999.0 -999999.0 -999999.0 -999999.0 -999999.0 -999999.0 -999999.0 -999999.0 -999999.0 -999999.0 -999999.0 -999999.0 -999999.0 -999999.0 -999999.0 -999999.0 -999999.0 -999999.0 -999999.0 -999999.0 -999999.0 -999999.0
15606.176 15315.509 14267.697 14658.009 16126.184 15358.605 16275.354 17225.918 18153.969 18435.469 20777.303 20635.625 20007.037 23146.07 22238.781 25962.23 24985.477 25094.502 -999999.0 -999999.0 -999999.0 -999999.0 -999999.0 -999999.0 -999999.0 -999999.0 -999999.0 -999999.0 -999999.0 -999999.0 -999999.0 -999999.0 -999999.0 -999999.0 -999999.0 -999999.0 -999999.0 -999999.0 -999999.0 -999999.0 -999999.0 -999999.0 -999999.0 -999999.0 -999999.0 -999999.0 -999999.0 -999999.0 -999999.0 -999999.0 -999999.0 -999999.0 -999999.0 -999999.0 -999999.0 -999999.0 -999999.0 -999999.0 -999999.0 -999999.0
15355.907 14553.086 14346.287 15017.077 16035.408 16955.828 16747.242 17088.525 18989.932 19256.459 19506.777 20716.535 22053.824 24420.816 23151.715 24714.26 24993.475 -999999.0 -999999.0 -999999.0 -999999.0 -999999.0 -999999.0 -999999.0 -999999.0 -999999.0 -999999.0 -999999.0 -999999.0 -999999.0 -999999.0 -999999.0 -999999.0 -999999.0 -999999.0 -999999.0 -999999.0 -999999.0 -999999.0 -999999.0 -999999.0 -999999.0 -999999.0 -999999.0 -999999.0 -999999.0 -999999.0 -999999.0 -999999.0 -999999.0 -999999.0 -999999.0 -999999.0 -999999.0 -999999.0 -999999.0 -999999.0 -999999.0 -999999.0 -999999.0
15684.221 14748.24 14626.685 14989.582 15937.318 17365.262 17060.758 19871.98 19407.453 17552.736 17991.744 20709.883 22388.182 24841.717 24898.889 24513.953 -999999.0 -999999.0 -999999.0 -999999.0 -999999.0 -999999.0 -999999.0 -999999.0 -999999.0 -999999.0 -999999.0 -999999.0 -999999.0 -999999.0 -999999.0 -999999.0 -999999.0 -999999.0 -999999.0 -999999.0 -999999.0 -999999.0 -999999.0 -999999.0 -999999.0 -999999.0 -999999.0 -999999.0 -999999.0 -999999.0 -999999.0 -999999.0 -999999.0 -999999.0 -999999.0 -999999.0 -999999.0 -999999.0 -999999.0 -999999.0 -999999.0 -999999.0 -999999.0 -999999.0
15759.259 16037.223 15107.171 15459.206 15846.059 19276.363 18089.996 21163.264 20019.934 19489.125 20183.486 21286.65 22848.824 22483.645 21223.586 25457.746 -999999.0 -999999.0 -999999.0 -999999.0 -999999.0 -999999.0 -999999.0 -999999.0 -999999.0 -999999.0 -999999.0 -999999.0 -999999.0 -999999.0 -999999.0 -999999.0 -999999.0 -999999.0 -999999.0 -999999.0 -999999.0 -999999.0 -999999.0 -999999.0 -999999.0 -999999.0 -999999.0 -999999.0 -999999.0 -999999.0 -999999.0 -999999.0 -999999.0 -999999.0 -999999.0 -999999.0 -999999.0 -999999.0 -999999.0 -999999.0 -999999.0 -999999.0 -999999.0 -999999.0
15240.006 15920.274 15073.475 15073.191 16064.557 20408.807 19033.996 21531.688 21485.438 23859.164 25303.98 22037.531 21318.027 22457.406 -999999.0 -999999.0 -999999.0 -999999.0 -999999.0 -999999.0 -999999.0 -999999.0 -999999.0 -999999.0 -999999.0 -999999.0 -999999.0 -999999.0 -999999.0 -999999.0 -999999.0 -999999.0 -999999.0 -999999.0 -999999.0 -999999.0 -999999.0 -999999.0 -999999.0 -999999.0 -999999.0 -999999.0 -999999.0 -999999.0 -999999.0 -999999.0 -999999.0 -999999.0 -999999.0 -999999.0 -999999.0 -999999.0 -999999.0 -999999.0 -999999.0 -999999.0 -999999.0 -999999.0 -999999.0 -999999.0
