data/TNO-HT-ATES/HT-ATES_msz4/msz4__k_P50_basecase_80-45-40.asc
ncols  140
nrows  163
xllcorner  0.0
yllcorner  300000.0
cellsize  2000.0
NODATA_value  -999999.0
[rows 54 to 80 of 163, columns 60 to 119 of 140]
4504.6187 4498.869 4410.2207 4349.02 -999999.0 -999999.0 -999999.0 -999999.0 -999999.0 -999999.0 -999999.0 -999999.0 -999999.0 -999999.0 -999999.0 -999999.0 -999999.0 -999999.0 -999999.0 -999999.0 5887.0156 6056.672 6274.1543 -999999.0 -999999.0 -999999.0 -999999.0 -999999.0 -999999.0 7580.578 7560.7837 7538.2227 8061.945 8926.111 8971.061 8611.449 9166.724 10075.921 9324.556 9654.84 8438.23 8803.777 -999999.0 9176.105 8901.985 8499.132 -999999.0 -999999.0 -999999.0 -999999.0 -999999.0 -999999.0 -999999.0 -999999.0 -999999.0 -999999.0 -999999.0 -999999.0 -999999.0 -999999.0
4492.6533 4459.439 4432.087 4172.5005 -999999.0 -999999.0 -999999.0 -999999.0 -999999.0 -999999.0 -999999.0 -999999.0 -999999.0 -999999.0 -999999.0 -999999.0 -999999.0 -999999.0 -999999.0 6068.524 6064.696 6076.032 6292.1836 6224.0747 6638.3535 -999999.0 -999999.0 6963.7812 7671.022 7839.297 8045.537 8168.291 8757.222 9309.699 9200.062 9088.673 9295.025 10672.6 11664.187 11376.129 10226.641 9119.205 9052.871 9479.93 8794.472 8578.11 -999999.0 -999999.0 -999999.0 -999999.0 -999999.0 -999999.0 -999999.0 -999999.0 -999999.0 -999999.0 -999999.0 -999999.0 -999999.0 -999999.0
4529.176 4484.234 4420.6836 3928.6506 -999999.0 -999999.0 -999999.0 -999999.0 -999999.0 -999999.0 -999999.0 -999999.0 -999999.0 -999999.0 -999999.0 -999999.0 -999999.0 -999999.0 -999999.0 6085.208 6075.057 6087.6396 6832.9126 6708.042 6663.244 6881.374 6977.2773 6932.177 7381.855 8084.241 8471.124 9141.127 10352.346 11194.03 10546.586 10662.026 10740.26 11523.107 12472.583 12984.111 12541.85 10523.942 10475.994 10444.994 9982.346 9466.409 9149.267 -999999.0 -999999.0 -999999.0 -999999.0 -999999.0 -999999.0 -999999.0 -999999.0 -999999.0 -999999.0 -999999.0 -999999.0 -999999.0
4333.689 4350.5938 4386.6426 4196.5303 4084.8027 -999999.0 -999999.0 -999999.0 -999999.0 -999999.0 -999999.0 -999999.0 -999999.0 -999999.0 -999999.0 -999999.0 -999999.0 -999999.0 -999999.0 6109.8223 6106.843 6113.8037 6632.869 6650.9966 7201.459 7271.5225 7369.87 7530.4824 6880.3096 8649.435 8776.485 9528.053 10714.215 12066.695 11839.333 11806.025 11827.119 12800.553 13252.995 14765.369 13637.135 10587.343 10390.074 10446.562 9579.781 9367.746 9414.872 -999999.0 -999999.0 -999999.0 -999999.0 -999999.0 -999999.0 -999999.0 -999999.0 -999999.0 -999999.0 -999999.0 -999999.0 -999999.0
4316.046 4419.1934 4375.6997 4119.26 4101.5796 -999999.0 -999999.0 -999999.0 -999999.0 -999999.0 -999999.0 -999999.0 -999999.0 -999999.0 -999999.0 -999999.0 -999999.0 -999999.0 6137.733 6170.992 6179.4326 6204.604 6699.787 6727.1255 7255.6714 7329.3633 7413.2305 7371.629 7727.1973 8838.91 9044.792 9374.113 9643.422 12130.086 12219.538 12237.293 12242.93 14144.632 15044.788 15136.522 15151.454 12781.528 12199.795 13398.509 12040.8545 9911.677 -999999.0 -999999.0 -999999.0 -999999.0 -999999.0 -999999.0 -999999.0 -999999.0 -999999.0 -999999.0 -999999.0 -999999.0 -999999.0 -999999.0
4236.78 4377.38 4357.153 4233.3804 4219.5107 -999999.0 -999999.0 -999999.0 -999999.0 4081.7039 -999999.0 -999999.0 -999999.0 -999999.0 -999999.0 -999999.0 -999999.0 -999999.0 5957.408 6291.7676 6314.218 6312.1753 -999999.0 -999999.0 -999999.0 7369.535 7450.4824 7474.415 7847.964 8941.48 9133.131 9685.292 10052.335 11725.838 13273.088 13851.783 13915.269 14914.56 16081.231 15904.089 15179.481 13751.1045 13037.844 13650.03 13411.715 12868.621 11947.127 -999999.0 -999999.0 -999999.0 -999999.0 -999999.0 -999999.0 -999999.0 -999999.0 -999999.0 -999999.0 -999999.0 -999999.0 -999999.0
4060.2056 4281.1904 4350.336 4239.659 4226.0693 -999999.0 -999999.0 -999999.0 -999999.0 -999999.0 -999999.0 -999999.0 -999999.0 -999999.0 5363.8853 5741.491 -999999.0 -999999.0 6260.853 6395.6313 6355.697 6396.052 6554.188 -999999.0 -999999.0 -999999.0 7452.8696 7616.672 8396.385 9382.292 10168.162 10319.135 10935.463 13032.143 13989.396 14697.746 14490.877 16115.885 18273.46 17022.508 16451.14 16627.879 14834.883 14652.331 14624.229 12148.745 11991.832 -999999.0 -999999.0 -999999.0 -999999.0 -999999.0 -999999.0 -999999.0 -999999.0 -999999.0 -999999.0 -999999.0 -999999.0 -999999.0
4000.9548 4063.6714 4218.9033 4125.714 4113.3125 4331.9683 -999999.0 -999999.0 -999999.0 -999999.0 -999999.0 -999999.0 -999999.0 5191.2197 5430.5146 5744.734 5805.38 6343.7827 6358.251 6386.7856 6405.571 6407.5776 6647.643 6905.1494 6993.0366 -999999.0 -999999.0 7061.815 8530.195 10236.095 10449.556 12309.869 12466.935 14046.398 14921.643 15498.97 14277.95 17099.137 19319.727 19238.072 24004.986 18863.83 16195.718 17159.676 16218.619 13774.261 15075.357 -999999.0 -999999.0 -999999.0 -999999.0 -999999.0 -999999.0 -999999.0 -999999.0 -999999.0 -999999.0 -999999.0 -999999.0 -999999.0
4246.8066 4120.3027 4136.5723 4150.576 4209.589 4396.184 -999999.0 -999999.0 -999999.0 -999999.0 -999999.0 -999999.0 5110.366 5318.774 5443.1323 5764.71 5833.437 6366.8843 6375.356 6402.4307 6410.1304 6324.76 6644.249 7117.588 7762.873 8064.283 -999999.0 8360.963 8858.815 10335.8125 10737.896 12343.953 12545.8125 13830.314 15604.73 16815.91 16812.98 21065.457 23047.045 23730.148 19103.102 21095.59 19395.346 20577.414 19652.871 13579.374 14041.727 -999999.0 -999999.0 -999999.0 -999999.0 -999999.0 -999999.0 -999999.0 -999999.0 -999999.0 -999999.0 -999999.0 -999999.0 -999999.0
4284.3027 4157.3066 4155.4253 4175.503 4230.118 4410.7236 -999999.0 -999999.0 -999999.0 -999999.0 -999999.0 -999999.0 5272.223 5414.5283 5427.0996 5742.6484 6005.9844 6321.385 6378.041 6393.03 6406.1953 6374.8945 6764.1226 7157.6875 7745.006 8060.2764 8038.948 8283.125 9026.221 10682.689 10797.304 12972.82 13055.773 13505.473 15470.656 16811.02 17150.61 20857.0 20888.104 21530.334 21515.053 20072.219 20869.805 20495.783 19533.234 14588.622 14237.998 -999999.0 -999999.0 -999999.0 -999999.0 -999999.0 -999999.0 -999999.0 -999999.0 -999999.0 -999999.0 -999999.0 -999999.0 -999999.0
4302.038 4304.3604 4292.0103 4311.9546 4363.3945 4356.341 -999999.0 -999999.0 -999999.0 -999999.0 -999999.0 -999999.0 -999999.0 5305.789 5541.673 5556.302 5774.88 6648.245 6676.037 6384.0117 6406.535 6423.0547 7371.754 7417.9263 7464.7695 7742.592 7625.7246 8171.676 9420.676 11185.714 11902.352 12813.846 12408.74 15102.864 16516.262 18854.637 19371.27 21702.727 23335.137 21330.336 21738.389 21557.812 19937.959 19301.598 19484.09 16519.0 17355.62 21284.088 -999999.0 -999999.0 -999999.0 -999999.0 -999999.0 -999999.0 -999999.0 -999999.0 -999999.0 -999999.0 -999999.0 -999999.0
4489.9556 4451.2773 4571.087 4554.6416 4459.63 4415.912 -999999.0 -999999.0 -999999.0 -999999.0 -999999.0 -999999.0 -999999.0 5313.1836 5504.961 5720.485 5762.3037 6352.203 6365.4106 6312.6694 6330.802 6350.0703 7337.789 7373.111 7758.025 8227.071 7386.416 8244.289 10037.51 11063.345 11648.529 12987.088 13344.294 15892.951 18773.588 18884.395 19018.457 20408.105 20813.58 22140.3 23223.027 21284.541 19300.004 17021.36 18477.895 17316.803 15309.869 20266.71 -999999.0 -999999.0 -999999.0 -999999.0 -999999.0 -999999.0 -999999.0 -999999.0 -999999.0 -999999.0 -999999.0 -999999.0
4441.203 4487.5566 4591.803 4577.593 4602.3364 4639.9287 -999999.0 -999999.0 -999999.0 -999999.0 -999999.0 5256.7627 -999999.0 5287.271 5479.4307 5693.601 -999999.0 -999999.0 -999999.0 6281.7646 6287.753 6337.8154 7278.136 7343.163 7748.7144 8293.806 8207.713 8743.557 10118.374 11320.246 11741.325 13290.855 13519.476 16167.021 17695.662 18793.285 19970.314 19398.527 18842.066 19998.562 24197.252 22090.707 17970.89 15966.868 19332.139 17435.98 17216.752 -999999.0 -999999.0 -999999.0 -999999.0 -999999.0 -999999.0 -999999.0 -999999.0 -999999.0 -999999.0 -999999.0 -999999.0 -999999.0
4531.9717 4794.782 4769.117 4755.435 4794.2266 4854.6724 -999999.0 -999999.0 -999999.0 -999999.0 -999999.0 5229.6343 5294.937 5279.585 5651.358 5700.118 -999999.0 -999999.0 -999999.0 -999999.0 6559.9375 6769.9688 7622.53 8097.618 8170.0713 8772.732 8822.908 9932.651 10297.965 12105.199 12491.174 14856.996 16195.521 18398.938 18768.5 18652.855 20416.37 20859.256 19577.033 20405.83 24859.654 22939.904 19714.484 18213.928 20347.668 18851.598 18264.656 -999999.0 -999999.0 -999999.0 -999999.0 -999999.0 -999999.0 -999999.0 -999999.0 -999999.0 -999999.0 -999999.0 -999999.0 -999999.0
4887.292 4858.7285 4826.0693 4808.9355 4845.103 -999999.0 -999999.0 4786.943 5025.79 4996.985 5161.464 5285.8315 5594.184 5986.885 5707.908 5994.203 -999999.0 -999999.0 -999999.0 -999999.0 6979.2363 7271.149 7867.4834 8097.0854 8129.5996 8464.874 8955.497 10714.139 11581.023 13557.871 13756.264 16025.289 16462.398 17732.893 18636.105 20378.324 20839.854 21567.56 20728.87 23261.648 24491.828 22951.56 19234.12 18239.295 25472.797 20150.738 17094.613 -999999.0 -999999.0 -999999.0 -999999.0 -999999.0 -999999.0 -999999.0 -999999.0 -999999.0 -999999.0 -999999.0 -999999.0 -999999.0
4919.035 4864.3174 4827.9688 4823.578 -999999.0 -999999.0 4631.0547 4966.604 5071.2397 5047.5166 5219.886 5331.37 5618.636 6046.8496 6063.251 6042.5044 6222.934 -999999.0 -999999.0 6952.012 7355.76 7427.7007 8101.359 8134.8496 8076.9795 8346.414 8932.553 10308.593 11131.938 12759.349 13916.857 16378.71 16625.14 17591.29 19069.87 19420.455 20120.965 21436.11 21251.281 21480.598 21404.531 20295.133 19156.34 18387.11 18470.717 16878.93 16851.547 -999999.0 -999999.0 -999999.0 -999999.0 -999999.0 -999999.0 -999999.0 -999999.0 -999999.0 -999999.0 -999999.0 -999999.0 -999999.0
5055.993 4828.1523 4815.128 4903.911 -999999.0 4886.6436 4752.13 5063.3325 5300.8745 5412.9277 5483.791 5942.837 6712.1606 6127.4673 6889.173 6125.6064 6003.754 6222.1836 6449.25 6939.362 7317.1475 7777.567 8259.57 8271.893 8079.522 8173.5933 9893.984 10862.563 11162.989 13631.014 13278.865 15032.534 15592.58 17573.617 19211.066 19231.062 19420.748 19739.695 20258.598 20776.062 21311.857 20105.365 17808.48 16262.582 15556.452 14260.127 -999999.0 -999999.0 -999999.0 -999999.0 -999999.0 -999999.0 -999999.0 -999999.0 -999999.0 -999999.0 -999999.0 -999999.0 -999999.0 -999999.0
5041.5913 4490.4297 4842.66 5102.5703 5047.8613 5126.668 5139.9634 5170.755 5327.208 5546.172 5867.6826 6063.367 6854.54 6331.613 7041.6953 6234.162 6412.0103 6653.636 6938.997 7428.7554 8261.873 8270.982 8317.303 8701.998 8705.901 9596.807 10139.97 11058.081 11160.907 12863.181 13366.356 16500.828 17145.69 18530.5 19366.076 19295.262 19324.135 19678.453 20925.951 21053.656 20291.443 18638.186 17684.225 15922.787 14841.521 -999999.0 -999999.0 -999999.0 -999999.0 -999999.0 -999999.0 -999999.0 -999999.0 -999999.0 -999999.0 -999999.0 -999999.0 -999999.0 -999999.0 -999999.0
5302.9854 5223.306 5513.6816 5454.5464 5624.131 5765.375 5430.9624 5426.43 5807.115 6331.038 6595.352 7269.1377 7178.543 7156.1704 7889.92 7811.2856 6896.925 7446.72 8153.673 9113.542 9314.836 8488.302 7581.508 8819.472 9383.508 9885.773 10333.485 11473.082 11596.051 13500.687 13674.4 16824.445 17228.51 18760.254 20327.785 19445.828 19404.896 20152.672 21059.855 22398.723 20300.941 18594.27 18378.02 14758.334 13005.144 -999999.0 -999999.0 -999999.0 -999999.0 -999999.0 -999999.0 -999999.0 -999999.0 -999999.0 -999999.0 -999999.0 -999999.0 -999999.0 -999999.0 -999999.0
5516.3765 6026.1094 5972.882 6010.0107 6083.979 6274.833 6156.174 6167.5044 6349.3516 6361.957 6711.5376 7453.9434 7263.3477 7642.4873 8334.857 7937.6206 7179.221 8587.918 9544.843 9621.354 9645.932 8974.478 9076.984 9411.487 9575.26 10174.467 9931.975 11136.907 11807.438 14643.213 14712.654 16796.166 17339.48 17956.066 19047.006 19237.8 19027.557 18172.078 21234.016 20635.79 18248.984 17780.871 17694.957 14893.439 13428.306 12850.23 -999999.0 -999999.0 -999999.0 -999999.0 -999999.0 -999999.0 -999999.0 -999999.0 -999999.0 -999999.0 -999999.0 -999999.0 -999999.0 -999999.0
5713.6045 6071.6187 5977.7827 5968.8228 6224.624 6255.0195 6398.3027 6737.0063 6377.2725 6433.922 6721.4424 7004.451 7557.737 7732.091 8245.252 7821.3438 7728.868 8790.157 9450.849 9685.212 9716.003 9134.831 9635.5 9682.252 9705.076 10280.931 10057.982 11166.5625 11063.23 14160.169 14465.834 16086.367 18178.035 18612.508 18831.951 19311.75 19468.86 19940.404 24255.086 19770.791 18670.803 17665.879 16875.2 16277.666 15045.181 12473.291 11325.293 -999999.0 -999999.0 -999999.0 -999999.0 -999999.0 -999999.0 -999999.0 -999999.0 -999999.0 -999999.0 -999999.0 -999999.0 -999999.0
5908.3223 6041.3013 5944.7085 6153.746 6181.169 6343.6484 6300.8257 6714.991 6772.2915 6764.251 7506.665 7928.718 8123.586 8116.8154 8368.284 8657.821 8775.774 9342.463 9858.741 9795.709 10423.83 9646.961 10017.552 10061.293 10319.184 10667.675 10826.211 11262.133 11681.3125 14251.401 14465.561 17319.648 18220.912 18718.18 18605.508 19389.078 19660.348 20741.402 20235.02 19516.943 19052.055 18429.734 17143.514 13364.352 14200.316 10724.066 9673.02 9347.642 -999999.0 -999999.0 -999999.0 -999999.0 -999999.0 -999999.0 -999999.0 -999999.0 -999999.0 -999999.0 -999999.0 -999999.0
6274.1797 6294.8438 6261.044 6266.2163 6305.7295 6311.007 6963.833 7413.4575 7677.9043 7873.882 6665.6484 8226.201 8506.862 8502.004 8927.304 9411.653 9261.225 9437.242 9912.307 10579.867 10096.991 8975.096 10397.649 10618.012 10713.352 10683.2295 11083.588 13156.026 12548.09 13466.795 14487.369 17992.861 18150.09 18070.7 18179.879 18861.537 18646.164 19941.049 19354.924 18868.46 18399.605 16419.668 16882.643 14752.628 11436.204 12241.055 11131.729 -999999.0 -999999.0 -999999.0 -999999.0 -999999.0 -999999.0 -999999.0 -999999.0 -999999.0 -999999.0 -999999.0 -999999.0 -999999.0
6989.5547 -999999.0 7273.8247 7012.562 7042.0303 6898.008 7420.207 7802.844 7580.6353 7866.9395 8630.57 9225.377 9321.908 9614.197 9910.807 10145.647 10187.559 9692.1 10013.259 10920.881 9668.114 8705.783 10974.532 11013.451 11006.341 11731.174 11685.412 13372.776 13533.66 13456.866 13910.378 17397.11 17532.262 16939.598 17284.367 17006.219 17351.994 19151.547 17767.66 17528.754 17359.854 15896.059 16756.193 13474.533 11751.32 10278.662 11659.3955 -999999.0 -999999.0 -999999.0 -999999.0 -999999.0 -999999.0 -999999.0 -999999.0 -999999.0 -999999.0 -999999.0 -999999.0 -999999.0
-999999.0 -999999.0 -999999.0 7030.2197 7324.1665 7721.6396 8452.824 8135.2446 7956.348 7990.0693 8855.625 9413.004 9388.426 9757.693 10025.852 10436.623 10456.118 9823.238 10599.172 10944.433 10166.213 10188.44 11284.223 11010.283 11132.414 11830.463 11678.867 12688.937 13495.741 13477.898 13461.284 16735.768 16998.293 16204.801 16566.695 16860.457 16831.195 18755.059 18677.115 16796.75 16595.951 14807.442 14599.13 11538.258 9444.162 9746.327 -999999.0 -999999.0 -999999.0 -999999.0 -999999.0 -999999.0 -999999.0 -999999.0 -999999.0 -999999.0 -999999.0 -999999.0 -999999.0 -999999.0
7231.8374 7470.835 7245.59 7522.566 7337.0547 7682.2236 8653.457 8115.0117 8180.0786 7923.2734 9210.355 9777.835 9578.094 10148.379 10211.461 10559.706 10651.005 11334.852 11001.064 11589.436 11938.28 10598.055 11293.31 11327.149 11765.551 11653.158 11733.53 12707.443 13494.11 13560.426 13461.08 15964.026 16122.345 16264.949 16609.797 16510.08 16266.884 17115.137 17101.348 16598.986 16549.586 14055.792 12352.431 10967.002 9495.03 8770.642 10330.616 -999999.0 -999999.0 -999999.0 -999999.0 -999999.0 -999999.0 -999999.0 -999999.0 -999999.0 -999999.0 -999999.0 -999999.0 -999999.0
7585.0977 7671.324 7993.2754 7845.2246 8034.55 8445.867 8654.812 7349.9375 8647.522 8832.873 10613.273 10917.089 10799.931 11407.692 11377.117 11236.3545 11084.621 11056.229 11476.97 11954.261 12262.088 10996.877 11104.033 11398.379 11527.84 11546.357 11821.291 12994.813 12441.528 12964.811 12937.833 13813.264 14181.554 14233.112 15680.373 16011.533 15974.397 15371.018 15074.539 16489.018 15520.832 12596.797 12174.814 10708.874 10143.918 9043.728 10666.62 -999999.0 -999999.0 -999999.0 -999999.0 -999999.0 -999999.0 -999999.0 -999999.0 -999999.0 -999999.0 -999999.0 -999999.0 -999999.0
