data/TNO-HT-ATES/HT-ATES_msz4/msz4__porosity_basecase_80-45-40.asc
ncols  140
nrows  163
xllcorner  0.0
yllcorner  300000.0
cellsize  2000.0
NODATA_value  -999999.0
[rows 54 to 80 of 163, columns 61 to 121 of 140]
0.3638 0.3635 0.36315006 -999999.0 -999999.0 -999999.0 -999999.0 -999999.0 -999999.0 -999999.0 -999999.0 -999999.0 -999999.0 -999999.0 -999999.0 -999999.0 -999999.0 -999999.0 -999999.0 0.3724 0.373 0.3735 0.374 -999999.0 -999999.0 -999999.0 -999999.0 0.37800002 0.37895 0.37995 0.38095 0.3819 0.38280004 0.38365 0.38465 0.38615 0.38772494 0.38907498 0.39032498 0.39142498 0.3914 -999999.0 0.3912 0.3913 0.39214998 0.3942 -999999.0 -999999.0 -999999.0 -999999.0 -999999.0 -999999.0 -999999.0 -999999.0 -999999.0 -999999.0 -999999.0 -999999.0 -999999.0 -999999.0 -999999.0
0.36437503 0.364025 0.36385006 -999999.0 -999999.0 -999999.0 -999999.0 -999999.0 -999999.0 -999999.0 -999999.0 -999999.0 -999999.0 -999999.0 -999999.0 -999999.0 -999999.0 -999999.0 0.37164998 0.37234998 0.37292498 0.37344995 0.374025 0.3747 -999999.0 -999999.0 0.37699997 0.37792498 0.3789 0.38 0.38105 0.38204998 0.3829 0.3837 0.384525 0.38595 0.38735002 0.388625 0.38975 0.39059997 0.391 0.391275 0.3913 0.391425 0.39257503 -999999.0 -999999.0 -999999.0 -999999.0 -999999.0 -999999.0 -999999.0 -999999.0 -999999.0 -999999.0 -999999.0 -999999.0 -999999.0 -999999.0 -999999.0 -999999.0
0.36525005 0.364825 0.3645 -999999.0 -999999.0 -999999.0 -999999.0 -999999.0 -999999.0 -999999.0 -999999.0 -999999.0 -999999.0 -999999.0 -999999.0 -999999.0 -999999.0 -999999.0 0.37149996 0.37217498 0.37270004 0.37335 0.374 0.3746 0.3753 0.37605 0.37685 0.3778 0.37884998 0.38 0.38114995 0.38232502 0.383275 0.38410002 0.38492504 0.38595 0.3871 0.388225 0.38919997 0.38997495 0.39057493 0.39100003 0.391325 0.39182502 0.39314997 0.39485 -999999.0 -999999.0 -999999.0 -999999.0 -999999.0 -999999.0 -999999.0 -999999.0 -999999.0 -999999.0 -999999.0 -999999.0 -999999.0 -999999.0 -999999.0
0.36602503 0.3655 0.36512503 0.3649 -999999.0 -999999.0 -999999.0 -999999.0 -999999.0 -999999.0 -999999.0 -999999.0 -999999.0 -999999.0 -999999.0 -999999.0 -999999.0 -999999.0 0.37145 0.372 0.37252495 0.3732 0.37385 0.3745 0.37520003 0.37589997 0.37670004 0.37765 0.37874997 0.37995 0.381275 0.38257504 0.38365 0.384475 0.385225 0.38605 0.3871 0.38810003 0.389 0.38965 0.3901 0.39084998 0.39152503 0.3923 0.39384997 0.395525 -999999.0 -999999.0 -999999.0 -999999.0 -999999.0 -999999.0 -999999.0 -999999.0 -999999.0 -999999.0 -999999.0 -999999.0 -999999.0 -999999.0 -999999.0
0.36662504 0.36602503 0.36567503 0.36539996 -999999.0 -999999.0 -999999.0 -999999.0 -999999.0 -999999.0 -999999.0 -999999.0 -999999.0 -999999.0 -999999.0 -999999.0 -999999.0 0.37077495 0.3714 0.371875 0.37232494 0.37297496 0.37362498 0.3743 0.375 0.37574998 0.37655 0.37747496 0.3786 0.37985 0.3813 0.38277504 0.384 0.3848 0.38545 0.3862 0.38715 0.388175 0.38905 0.38987502 0.390425 0.391325 0.39210004 0.392975 0.39424998 0.3965 -999999.0 -999999.0 -999999.0 -999999.0 -999999.0 -999999.0 -999999.0 -999999.0 -999999.0 -999999.0 -999999.0 -999999.0 -999999.0 -999999.0 -999999.0
0.367175 0.366525 0.3661 0.36580002 -999999.0 -999999.0 -999999.0 -999999.0 0.36619997 -999999.0 -999999.0 -999999.0 -999999.0 -999999.0 -999999.0 -999999.0 -999999.0 0.3706 0.3712 0.37162498 0.3721 0.37270004 -999999.0 -999999.0 0.37485 0.3756 0.37630004 0.37717497 0.37827498 0.37965 0.38114995 0.38285 0.38435 0.38490003 0.3856 0.38634998 0.3873 0.3884 0.389425 0.390575 0.391675 0.39227504 0.393 0.39377502 0.39480004 0.3964999 -999999.0 -999999.0 -999999.0 -999999.0 -999999.0 -999999.0 -999999.0 -999999.0 -999999.0 -999999.0 -999999.0 -999999.0 -999999.0 -999999.0 -999999.0
0.36765 0.367 0.36635 0.3663 -999999.0 -999999.0 -999999.0 -999999.0 -999999.0 -999999.0 -999999.0 -999999.0 -999999.0 0.3683 0.3687 -999999.0 -999999.0 0.3703 0.3708 0.37132496 0.37197497 0.3725 0.37310004 -999999.0 -999999.0 0.37545 0.376 0.37682498 0.37792498 0.379275 0.38085002 0.38235 0.383725 0.38467497 0.3856 0.38662502 0.3876 0.38884997 0.39015 0.39150006 0.39249998 0.392925 0.393825 0.394425 0.395375 0.396425 -999999.0 -999999.0 -999999.0 -999999.0 -999999.0 -999999.0 -999999.0 -999999.0 -999999.0 -999999.0 -999999.0 -999999.0 -999999.0 -999999.0 -999999.0
0.36795002 0.36712503 0.3667 0.36672503 0.36612505 -999999.0 -999999.0 -999999.0 -999999.0 -999999.0 -999999.0 -999999.0 0.3678 0.3682 0.3686 0.36904997 0.3697 0.37 0.3704 0.37097496 0.37167495 0.372275 0.37295 0.37380004 -999999.0 -999999.0 0.37579998 0.37670004 0.37785 0.37914997 0.38047498 0.38177496 0.38312495 0.38425 0.385625 0.38695002 0.38792503 0.38934997 0.39075 0.39235 0.39289996 0.39334998 0.39405 0.3949 0.3959 0.39627492 -999999.0 -999999.0 -999999.0 -999999.0 -999999.0 -999999.0 -999999.0 -999999.0 -999999.0 -999999.0 -999999.0 -999999.0 -999999.0 -999999.0 -999999.0
0.3679 0.3674 0.3671 0.367225 0.3671 -999999.0 -999999.0 -999999.0 -999999.0 -999999.0 -999999.0 0.3675 0.36777496 0.368 0.3684 0.36904997 0.3695 0.36972496 0.37002498 0.37057495 0.37127498 0.372 0.37270004 0.37364998 0.37454998 -999999.0 0.376 0.376925 0.37795 0.3791 0.3803 0.38137496 0.38262498 0.38394997 0.38564998 0.38715 0.38810003 0.38975 0.3912 0.391925 0.39242497 0.39325 0.39405 0.39494997 0.39584997 0.396425 -999999.0 -999999.0 -999999.0 -999999.0 -999999.0 -999999.0 -999999.0 -999999.0 -999999.0 -999999.0 -999999.0 -999999.0 -999999.0 -999999.0 -999999.0
0.36787504 0.36762503 0.36755005 0.3677 0.36747503 -999999.0 -999999.0 -999999.0 -999999.0 -999999.0 -999999.0 0.36767504 0.3678 0.368 0.3684 0.368825 0.36907497 0.36932495 0.36967498 0.370175 0.37087497 0.37167495 0.37245 0.3734 0.37427497 0.375 0.37594998 0.37714997 0.37864995 0.3792 0.38024998 0.38114995 0.3822 0.38375 0.38575 0.38744998 0.38845 0.39007503 0.3915 0.3922 0.39210004 0.39282498 0.39405 0.39522502 0.39634997 0.397325 -999999.0 -999999.0 -999999.0 -999999.0 -999999.0 -999999.0 -999999.0 -999999.0 -999999.0 -999999.0 -999999.0 -999999.0 -999999.0 -999999.0 -999999.0
0.368 0.36792505 0.3681 0.3683 0.36797506 -999999.0 -999999.0 -999999.0 -999999.0 -999999.0 -999999.0 -999999.0 0.3679 0.3682 0.3684 0.3685 0.3686 0.368825 0.3692 0.369775 0.37045 0.37135 0.37215 0.3731 0.37405 0.37487504 0.376 0.37694997 0.37844998 0.38002497 0.3815 0.38317496 0.38255 0.38430005 0.38610005 0.38764998 0.3887 0.389875 0.39105 0.39182496 0.392 0.39274997 0.394425 0.395875 0.39720002 0.398225 0.3989 -999999.0 -999999.0 -999999.0 -999999.0 -999999.0 -999999.0 -999999.0 -999999.0 -999999.0 -999999.0 -999999.0 -999999.0 -999999.0 -999999.0
0.3683 0.36835006 0.368675 0.3687 0.36837503 -999999.0 -999999.0 -999999.0 -999999.0 -999999.0 -999999.0 -999999.0 0.368 0.3682 0.3682 0.3682 0.3682 0.36834994 0.3687 0.36929998 0.3701 0.37097496 0.3718 0.3729 0.374 0.3749 0.3756 0.37647498 0.37777495 0.37949994 0.38142496 0.38334998 0.38474998 0.3857 0.3866 0.38764998 0.38865 0.3897 0.3908 0.39169997 0.392475 0.393575 0.39504996 0.396625 0.39795 0.39897498 0.3995 -999999.0 -999999.0 -999999.0 -999999.0 -999999.0 -999999.0 -999999.0 -999999.0 -999999.0 -999999.0 -999999.0 -999999.0 -999999.0 -999999.0
0.36887503 0.3689 0.36899996 0.36899996 0.36872503 -999999.0 -999999.0 -999999.0 -999999.0 -999999.0 0.3685 -999999.0 0.3683 0.3682 0.368 -999999.0 -999999.0 -999999.0 0.36807495 0.3688 0.36975 0.37064996 0.37152493 0.37272498 0.37385 0.3746 0.37520003 0.37577495 0.37704998 0.37905 0.38105 0.38294998 0.38452494 0.38572496 0.3867 0.38764998 0.38865 0.3897 0.39075 0.3918 0.39294997 0.39430004 0.39584997 0.39740002 0.39862502 0.39947504 -999999.0 -999999.0 -999999.0 -999999.0 -999999.0 -999999.0 -999999.0 -999999.0 -999999.0 -999999.0 -999999.0 -999999.0 -999999.0 -999999.0 -999999.0
0.36945003 0.36940002 0.36940002 0.369325 0.36915007 -999999.0 -999999.0 -999999.0 -999999.0 0.3691 0.36899996 0.3688 0.3686 0.3684 0.3681 -999999.0 -999999.0 -999999.0 -999999.0 0.36854997 0.3695 0.3704 0.3712 0.372275 0.37337497 0.37444997 0.375 0.37562504 0.37694997 0.37884998 0.38064998 0.38235 0.38384998 0.38515 0.38642496 0.38755 0.38865 0.38965 0.39067498 0.39185 0.39325 0.39485 0.39665 0.39837503 0.39937502 0.3997 0.40009996 -999999.0 -999999.0 -999999.0 -999999.0 -999999.0 -999999.0 -999999.0 -999999.0 -999999.0 -999999.0 -999999.0 -999999.0 -999999.0 -999999.0
0.37 0.3699 0.36979997 0.36975002 -999999.0 -999999.0 0.3696 0.3696 0.36965007 0.3696 0.3695 0.36929998 0.36899996 0.36882505 0.36852503 -999999.0 -999999.0 -999999.0 -999999.0 0.3687 0.36962503 0.37042502 0.371 0.37167495 0.37252495 0.37369993 0.37477496 0.37579998 0.37699997 0.37844998 0.38005 0.38164997 0.38319993 0.38465 0.38602495 0.38735002 0.388625 0.38957497 0.3903 0.39174998 0.39325 0.39504996 0.39732498 0.39914998 0.3997 0.3999 -999999.0 -999999.0 -999999.0 -999999.0 -999999.0 -999999.0 -999999.0 -999999.0 -999999.0 -999999.0 -999999.0 -999999.0 -999999.0 -999999.0 -999999.0
0.3706 0.3705 0.3704 0.3703 -999999.0 0.37025005 0.37025005 0.37025005 0.37035006 0.3703 0.3701 0.36992502 0.36967504 0.3695 0.36925006 0.36875007 -999999.0 -999999.0 0.368275 0.369325 0.37020004 0.37087503 0.371 0.3709 0.37139994 0.37285 0.374375 0.37554997 0.37665 0.377975 0.37939996 0.38095 0.38249993 0.38399994 0.38545 0.38689995 0.38832498 0.38919997 0.39 0.39145 0.39187503 0.39509997 0.39775 0.3989 0.3995 0.4002 -999999.0 -999999.0 -999999.0 -999999.0 -999999.0 -999999.0 -999999.0 -999999.0 -999999.0 -999999.0 -999999.0 -999999.0 -999999.0 -999999.0 -999999.0
0.3712 0.3711 0.37105003 -999999.0 0.371 0.371 0.371 0.3711 0.3712 0.3711 0.37097502 0.37075004 0.3706 0.3704 0.37025005 0.3701 0.36950007 0.36925003 0.36975008 0.37050003 0.37117502 0.371675 0.37127504 0.37047502 0.37035 0.37245 0.37405 0.37524998 0.3763 0.37745 0.37874997 0.38022497 0.38172498 0.38324997 0.38469997 0.38609993 0.38747498 0.38872495 0.390025 0.39114994 0.39252502 0.39497492 0.39724997 0.39854997 0.399275 -999999.0 -999999.0 -999999.0 -999999.0 -999999.0 -999999.0 -999999.0 -999999.0 -999999.0 -999999.0 -999999.0 -999999.0 -999999.0 -999999.0 -999999.0 -999999.0
0.371825 0.37175006 0.3717 0.3717 0.37175006 0.37185 0.37195003 0.3721 0.3721 0.37195003 0.37185 0.37205005 0.37172502 0.371425 0.3713 0.3713 0.3712 0.37125003 0.37155002 0.37215003 0.37265003 0.37259996 0.37225005 0.37172502 0.37175006 0.37297502 0.374125 0.37515 0.37615 0.37714997 0.37825 0.37954998 0.38099992 0.382475 0.38395 0.38524997 0.38657498 0.38797498 0.38949996 0.39084998 0.39284998 0.39454997 0.39694995 0.3985 -999999.0 -999999.0 -999999.0 -999999.0 -999999.0 -999999.0 -999999.0 -999999.0 -999999.0 -999999.0 -999999.0 -999999.0 -999999.0 -999999.0 -999999.0 -999999.0 -999999.0
0.3725 0.3724 0.37235 0.37245 0.37259996 0.372725 0.37285006 0.37305003 0.37305003 0.37335005 0.37355006 0.3731 0.37275004 0.37245 0.37235 0.37245 0.37265003 0.37285006 0.37312502 0.37345004 0.37375003 0.37370002 0.37345004 0.37325 0.37315005 0.37365004 0.3744 0.3752 0.37605 0.3769 0.37777498 0.37892497 0.38037497 0.38185 0.38327497 0.38454998 0.38572496 0.38709995 0.38879997 0.39092496 0.39334998 0.39464998 0.39560002 0.39844996 -999999.0 -999999.0 -999999.0 -999999.0 -999999.0 -999999.0 -999999.0 -999999.0 -999999.0 -999999.0 -999999.0 -999999.0 -999999.0 -999999.0 -999999.0 -999999.0 -999999.0
0.37315005 0.37305003 0.37305003 0.3732 0.373425 0.3736 0.373825 0.37445006 0.37475002 0.374875 0.37495005 0.37435 0.37405005 0.37377504 0.37375003 0.37405005 0.37440002 0.37445006 0.37455 0.37475002 0.3749 0.37505007 0.3752 0.37455 0.3742 0.37435 0.374775 0.3754 0.37605 0.3767 0.3774 0.37845 0.379725 0.38124996 0.38274997 0.38412493 0.38507497 0.38599995 0.38805 0.39047498 0.39289993 0.394175 0.39514998 0.39624998 0.39747494 0.4004 -999999.0 -999999.0 -999999.0 -999999.0 -999999.0 -999999.0 -999999.0 -999999.0 -999999.0 -999999.0 -999999.0 -999999.0 -999999.0 -999999.0 -999999.0
0.37370002 0.37370002 0.3738 0.374 0.37435 0.37475002 0.37515002 0.376175 0.3764 0.3761 0.3757 0.3756 0.3755 0.37497503 0.374875 0.375675 0.37615 0.37605003 0.376 0.37605003 0.37615 0.37615 0.376 0.37555006 0.37512505 0.375 0.375225 0.375625 0.3761 0.3766 0.3772 0.377975 0.37907496 0.38057497 0.38234997 0.38404998 0.38480002 0.38502502 0.38732502 0.38957497 0.39169994 0.39354998 0.3949 0.39614996 0.398 0.40209997 0.4031 -999999.0 -999999.0 -999999.0 -999999.0 -999999.0 -999999.0 -999999.0 -999999.0 -999999.0 -999999.0 -999999.0 -999999.0 -999999.0 -999999.0
0.3743 0.37435 0.374575 0.3749 0.375475 0.376375 0.377325 0.37725008 0.3771 0.37682503 0.37667504 0.3765 0.37645006 0.37605003 0.37595004 0.376925 0.37735003 0.37735003 0.37725008 0.37735003 0.37730002 0.37715003 0.3769 0.3765 0.37605003 0.37572503 0.3757 0.376 0.376375 0.376775 0.377175 0.377675 0.37842497 0.37985 0.38204998 0.38434997 0.38567498 0.38645002 0.38785 0.38944995 0.39094996 0.39305 0.39514998 0.39654997 0.39854997 0.40102494 0.4024999 -999999.0 -999999.0 -999999.0 -999999.0 -999999.0 -999999.0 -999999.0 -999999.0 -999999.0 -999999.0 -999999.0 -999999.0 -999999.0 -999999.0
0.37479997 0.37505007 0.37545002 0.37595004 0.3765 0.37722504 0.37815005 0.378125 0.37787503 0.37750003 0.37765002 0.37795 0.3779 0.377775 0.37795 0.37855002 0.37885004 0.3789 0.37885004 0.37865004 0.37845007 0.3782 0.3779 0.37755004 0.37705004 0.3766 0.37605003 0.37655002 0.3769 0.3772 0.37747502 0.3776 0.37772495 0.37895 0.38172495 0.38445002 0.38634998 0.38752502 0.38862503 0.38995 0.39155 0.39324996 0.39492497 0.39604995 0.39789996 0.39994997 -999999.0 -999999.0 -999999.0 -999999.0 -999999.0 -999999.0 -999999.0 -999999.0 -999999.0 -999999.0 -999999.0 -999999.0 -999999.0 -999999.0 -999999.0
-999999.0 0.376 0.3765 0.37707502 0.377525 0.37807503 0.379 0.37915003 0.37905002 0.37885004 0.37905002 0.3793 0.37932503 0.37945008 0.37965006 0.38005006 0.38050002 0.38052502 0.38025004 0.38005006 0.37975004 0.37945008 0.37905002 0.378675 0.3782 0.377775 0.37755004 0.3776 0.37775004 0.3779 0.37815005 0.37815005 0.37805006 0.37905002 0.3818 0.38439998 0.38697502 0.388475 0.389275 0.39037502 0.39155 0.39302495 0.394 0.394725 0.39714998 0.399775 0.402 -999999.0 -999999.0 -999999.0 -999999.0 -999999.0 -999999.0 -999999.0 -999999.0 -999999.0 -999999.0 -999999.0 -999999.0 -999999.0 -999999.0
-999999.0 -999999.0 0.37757504 0.378125 0.37862504 0.37915003 0.38002503 0.38045004 0.380475 0.38055003 0.380575 0.38065004 0.38095003 0.38112503 0.38125002 0.381425 0.381625 0.38175005 0.38172504 0.3815 0.38125002 0.38085005 0.38042504 0.37995005 0.37947506 0.37907502 0.37885004 0.37885004 0.37879997 0.378925 0.37912503 0.37925005 0.37965006 0.38080004 0.382775 0.385025 0.38735 0.38885 0.38972503 0.3906 0.39157498 0.39257497 0.39367497 0.39524996 0.39752498 -999999.0 -999999.0 -999999.0 -999999.0 -999999.0 -999999.0 -999999.0 -999999.0 -999999.0 -999999.0 -999999.0 -999999.0 -999999.0 -999999.0 -999999.0 -999999.0
0.37775004 0.37810004 0.37855002 0.3791 0.37965006 0.380175 0.380525 0.3815 0.38167503 0.38185003 0.38172504 0.38200003 0.3826 0.38295004 0.38305002 0.38295004 0.38300002 0.38305002 0.38295004 0.382925 0.38267502 0.38225 0.38177502 0.38135004 0.38092503 0.38055003 0.38025004 0.38007504 0.38005006 0.38 0.380225 0.380575 0.3813 0.38242504 0.384 0.38584998 0.38757503 0.3889 0.38985 0.3907 0.39140004 0.3923 0.39354998 0.39545 0.39789996 0.40049994 -999999.0 -999999.0 -999999.0 -999999.0 -999999.0 -999999.0 -999999.0 -999999.0 -999999.0 -999999.0 -999999.0 -999999.0 -999999.0 -999999.0 -999999.0
0.3746 0.379 0.37947506 0.37997502 0.380525 0.38102502 0.38167503 0.38230008 0.38245004 0.38295004 0.38322505 0.38380003 0.384575 0.38505006 0.38505006 0.38475004 0.384475 0.383875 0.38385004 0.38395005 0.384 0.38362503 0.38317502 0.38275003 0.38235003 0.38202503 0.38175005 0.38157502 0.381375 0.38145003 0.38157502 0.38197502 0.38275003 0.38380003 0.3851 0.38657498 0.38797504 0.38907498 0.3899 0.3907 0.3915 0.39247504 0.39375 0.39575 0.39809996 0.40072495 0.40313333 -999999.0 -999999.0 -999999.0 -999999.0 -999999.0 -999999.0 -999999.0 -999999.0 -999999.0 -999999.0 -999999.0 -999999.0 -999999.0 -999999.0
