data/TNO-HT-ATES/HT-ATES_msz4/msz4__flowr_olst_P50_basecase_80-45-40.asc
ncols  140
nrows  163
xllcorner  0.0
yllcorner  300000.0
cellsize  2000.0
NODATA_value  -999999.0
[rows 54 to 80 of 163, columns 61 to 121 of 140]
57.436035 37.930202 9.67766 -999999.0 -999999.0 -999999.0 -999999.0 -999999.0 -999999.0 -999999.0 -999999.0 -999999.0 -999999.0 -999999.0 -999999.0 -999999.0 -999999.0 -999999.0 -999999.0 16.466213 13.200759 3.9515789 -999999.0 -999999.0 -999999.0 -999999.0 -999999.0 -999999.0 6.568454 18.966618 42.179516 75.117516 111.54057 140.6863 143.00105 116.84555 89.91728 51.865063 25.940214 1.2517898 1.3371873 -999999.0 6.364078 17.54399 1.8169799 -999999.0 -999999.0 -999999.0 -999999.0 -999999.0 -999999.0 -999999.0 -999999.0 -999999.0 -999999.0 -999999.0 -999999.0 -999999.0 -999999.0 -999999.0 -999999.0
30.063316 14.129475 9.727038 -999999.0 -999999.0 -999999.0 -999999.0 -999999.0 -999999.0 -999999.0 -999999.0 -999999.0 -999999.0 -999999.0 -999999.0 -999999.0 -999999.0 -999999.0 5.9025416 20.127342 14.481601 5.256448 2.8346689 1.5782487 -999999.0 -999999.0 5.1139526 11.002179 19.784754 38.581696 63.13225 93.66927 122.58583 150.72261 160.61757 125.16025 99.378006 79.52914 55.169758 37.46195 25.84953 4.5585036 25.783531 60.76902 33.754486 -999999.0 -999999.0 -999999.0 -999999.0 -999999.0 -999999.0 -999999.0 -999999.0 -999999.0 -999999.0 -999999.0 -999999.0 -999999.0 -999999.0 -999999.0 -999999.0
26.815628 14.179289 4.9271083 -999999.0 -999999.0 -999999.0 -999999.0 -999999.0 -999999.0 -999999.0 -999999.0 -999999.0 -999999.0 -999999.0 -999999.0 -999999.0 -999999.0 -999999.0 0.0 11.683785 3.8914897 4.810175 4.631557 2.2915113 3.0493426 4.932253 7.6467023 15.945514 28.0849 47.35482 72.04093 113.57456 144.37613 144.86469 143.20953 115.29356 98.3927 92.68434 95.97898 103.57281 91.491615 76.123375 79.34125 92.3377 58.601498 10.781931 -999999.0 -999999.0 -999999.0 -999999.0 -999999.0 -999999.0 -999999.0 -999999.0 -999999.0 -999999.0 -999999.0 -999999.0 -999999.0 -999999.0 -999999.0
26.946875 19.643368 10.81876 0.0 -999999.0 -999999.0 -999999.0 -999999.0 -999999.0 -999999.0 -999999.0 -999999.0 -999999.0 -999999.0 -999999.0 -999999.0 -999999.0 -999999.0 15.236557 14.037364 0.0 4.046815 4.060929 3.7318778 6.390151 10.530168 11.802157 17.667667 32.655945 43.08754 64.96749 96.27848 121.4627 118.1408 102.58138 81.21762 87.38623 97.797386 131.70676 160.78378 143.90398 124.93819 105.56989 86.13591 51.38843 12.744124 -999999.0 -999999.0 -999999.0 -999999.0 -999999.0 -999999.0 -999999.0 -999999.0 -999999.0 -999999.0 -999999.0 -999999.0 -999999.0 -999999.0 -999999.0
37.828545 37.63799 22.24649 7.083492 -999999.0 -999999.0 -999999.0 -999999.0 -999999.0 -999999.0 -999999.0 -999999.0 -999999.0 -999999.0 -999999.0 -999999.0 -999999.0 14.112054 37.288776 23.51329 3.055987 1.4496808 2.3094385 2.3623602 6.667659 12.694693 15.155587 19.988161 29.601381 34.17118 42.56844 48.721375 64.25256 66.385376 55.455326 36.84248 52.5001 77.351585 113.82474 176.14911 186.20706 160.89183 142.94359 91.287346 24.921547 -999999.0 -999999.0 -999999.0 -999999.0 -999999.0 -999999.0 -999999.0 -999999.0 -999999.0 -999999.0 -999999.0 -999999.0 -999999.0 -999999.0 -999999.0 -999999.0
41.993973 47.06714 26.479536 5.644698 -999999.0 -999999.0 -999999.0 -999999.0 0.0 -999999.0 -999999.0 -999999.0 -999999.0 -999999.0 -999999.0 -999999.0 -999999.0 29.794092 48.273266 32.47922 11.789656 -999999.0 -999999.0 -999999.0 2.4445543 14.857667 25.86042 31.902147 24.632126 22.458414 27.203062 21.31679 16.352793 30.086163 26.900295 9.586195 10.047291 37.667877 68.86182 128.09857 169.256 150.66994 139.84775 99.01445 50.238354 48.088596 -999999.0 -999999.0 -999999.0 -999999.0 -999999.0 -999999.0 -999999.0 -999999.0 -999999.0 -999999.0 -999999.0 -999999.0 -999999.0 -999999.0 -999999.0
39.67478 47.134254 10.984822 21.11185 -999999.0 -999999.0 -999999.0 -999999.0 -999999.0 -999999.0 -999999.0 -999999.0 -999999.0 0.0 1.8504318 -999999.0 -999999.0 39.11794 46.582424 38.62993 33.35879 11.570309 -999999.0 -999999.0 -999999.0 8.088372 51.40088 62.732643 30.78138 20.466766 23.444773 20.462702 26.66507 28.009329 26.856903 18.918175 3.6162262 21.497562 55.55505 86.37835 130.3352 122.63764 136.5807 94.18382 59.229416 48.36148 -999999.0 -999999.0 -999999.0 -999999.0 -999999.0 -999999.0 -999999.0 -999999.0 -999999.0 -999999.0 -999999.0 -999999.0 -999999.0 -999999.0 -999999.0
38.68818 21.357391 10.48465 26.368843 5.911503 -999999.0 -999999.0 -999999.0 -999999.0 -999999.0 -999999.0 -999999.0 5.3184752 8.27938 14.299261 27.209885 71.22766 54.54837 45.004887 46.305786 45.548717 25.390831 11.058733 5.355413 -999999.0 -999999.0 61.237747 87.72846 58.472027 40.74511 45.689095 40.12549 55.99816 49.26413 63.954403 66.990364 20.783457 53.899155 97.73435 106.13676 103.42642 121.37945 139.48615 103.03067 57.645996 76.365036 -999999.0 -999999.0 -999999.0 -999999.0 -999999.0 -999999.0 -999999.0 -999999.0 -999999.0 -999999.0 -999999.0 -999999.0 -999999.0 -999999.0 -999999.0
23.964495 18.838163 18.444244 39.633766 33.854187 -999999.0 -999999.0 -999999.0 -999999.0 -999999.0 -999999.0 1.8740548 3.981926 3.3397448 26.118088 71.16821 91.79309 76.772766 56.799725 51.20456 52.36181 43.261913 31.270582 29.936028 18.430798 -999999.0 46.17489 71.56554 67.16506 58.62 67.46888 61.200333 91.284004 92.72821 115.72924 116.52961 42.891354 94.78797 160.81477 194.60684 142.90129 172.74588 182.5802 133.53284 77.57525 64.01511 -999999.0 -999999.0 -999999.0 -999999.0 -999999.0 -999999.0 -999999.0 -999999.0 -999999.0 -999999.0 -999999.0 -999999.0 -999999.0 -999999.0 -999999.0
19.419054 18.336582 24.372667 41.40966 25.818153 -999999.0 -999999.0 -999999.0 -999999.0 -999999.0 -999999.0 3.2676773 5.7458453 15.836183 49.25994 82.96602 81.52273 76.57785 67.40636 57.5088 57.415752 63.4961 54.50826 53.01146 35.52561 17.207697 33.874805 64.99514 106.39892 59.676167 72.24388 57.178112 103.67268 121.58846 158.30765 170.56549 135.7768 164.811 195.22606 244.56522 195.10236 216.70364 186.49121 123.57955 61.16521 0.0 -999999.0 -999999.0 -999999.0 -999999.0 -999999.0 -999999.0 -999999.0 -999999.0 -999999.0 -999999.0 -999999.0 -999999.0 -999999.0 -999999.0 -999999.0
24.80298 16.414421 28.88921 47.939533 22.06157 -999999.0 -999999.0 -999999.0 -999999.0 -999999.0 -999999.0 -999999.0 7.852739 36.877937 60.55392 65.84187 64.68246 65.734314 66.81345 64.27433 63.03623 88.16792 75.33852 69.55345 58.01384 45.45933 84.776306 101.03372 163.99371 169.47133 117.62058 53.530552 88.134514 130.04964 184.98499 216.93889 219.74272 218.78833 161.3372 177.69891 208.53563 182.85693 149.15935 98.13995 0.0 0.0 0.0 -999999.0 -999999.0 -999999.0 -999999.0 -999999.0 -999999.0 -999999.0 -999999.0 -999999.0 -999999.0 -999999.0 -999999.0 -999999.0 -999999.0
17.258545 11.287495 33.94818 38.271244 12.828161 -999999.0 -999999.0 -999999.0 -999999.0 -999999.0 -999999.0 -999999.0 2.7549825 25.456654 40.819996 40.017662 38.688927 41.750328 49.107758 58.73985 72.579445 97.531425 89.32681 98.62871 103.07021 84.86487 80.43057 128.22464 173.57028 161.6143 130.18541 77.02663 5.4202204 104.047035 172.46883 182.49417 181.19081 166.31482 110.98471 95.596146 138.81886 124.85343 92.156395 61.010876 0.0 0.0 0.0 -999999.0 -999999.0 -999999.0 -999999.0 -999999.0 -999999.0 -999999.0 -999999.0 -999999.0 -999999.0 -999999.0 -999999.0 -999999.0 -999999.0
10.642642 6.252424 17.570164 22.292938 7.583248 -999999.0 -999999.0 -999999.0 -999999.0 -999999.0 0.0 -999999.0 3.368053 9.598291 5.5393233 -999999.0 -999999.0 -999999.0 3.0125432 38.903023 79.81671 114.301765 111.51272 127.83035 115.35496 63.13032 69.93682 132.9155 227.32587 207.57245 183.8508 128.31279 111.82799 139.32729 167.405 168.92973 149.87158 131.05707 109.187 125.361 122.46539 89.38408 58.09551 0.0 0.0 0.0 -999999.0 -999999.0 -999999.0 -999999.0 -999999.0 -999999.0 -999999.0 -999999.0 -999999.0 -999999.0 -999999.0 -999999.0 -999999.0 -999999.0 -999999.0
8.046061 1.5456179 6.1488214 9.3007145 3.4009407 -999999.0 -999999.0 -999999.0 -999999.0 -999999.0 9.852477 7.0418363 6.2491293 9.591922 1.8061467 -999999.0 -999999.0 -999999.0 -999999.0 42.22374 99.28748 150.47937 162.96733 160.87505 113.320885 6.578297 80.47064 147.46844 240.17929 273.31833 273.23987 226.40485 186.14001 161.1897 155.6496 150.12831 140.90894 128.73071 126.400505 153.24219 129.23361 83.05782 45.3474 0.0 0.0 0.0 -999999.0 -999999.0 -999999.0 -999999.0 -999999.0 -999999.0 -999999.0 -999999.0 -999999.0 -999999.0 -999999.0 -999999.0 -999999.0 -999999.0 -999999.0
9.409595 3.5527532 4.096121 2.9042401 -999999.0 -999999.0 9.066014 10.235756 8.517016 10.3387 14.812739 16.764847 16.589804 22.066702 18.52447 -999999.0 -999999.0 -999999.0 -999999.0 80.85371 153.92354 219.61319 230.00665 214.75447 164.80687 112.68881 189.71118 260.3386 309.27106 298.75705 317.05878 269.13278 229.78938 192.60753 171.85146 116.88695 113.72657 129.48198 113.590096 174.52306 149.89194 58.927513 0.0 0.0 0.0 0.0 -999999.0 -999999.0 -999999.0 -999999.0 -999999.0 -999999.0 -999999.0 -999999.0 -999999.0 -999999.0 -999999.0 -999999.0 -999999.0 -999999.0 -999999.0
8.507766 5.9070067 2.6429956 -999999.0 -999999.0 5.2833095 16.686092 17.911116 20.563166 23.32654 24.480892 29.79134 30.030901 40.380238 41.958694 22.313183 -999999.0 -999999.0 39.89187 144.37744 225.7052 307.16098 316.42447 281.25186 250.29169 243.08301 301.999 309.00827 307.18503 308.72003 332.1436 294.5992 261.2434 231.90726 179.0358 130.38786 125.538864 132.3408 100.06865 154.8027 10.661065 31.816158 0.0 0.0 0.0 0.0 -999999.0 -999999.0 -999999.0 -999999.0 -999999.0 -999999.0 -999999.0 -999999.0 -999999.0 -999999.0 -999999.0 -999999.0 -999999.0 -999999.0 -999999.0
6.048437 5.022861 1.579904 -999999.0 3.2968287 10.523017 14.632654 26.09754 30.992588 32.24209 42.09254 48.110806 55.2318 69.15454 74.32676 82.289 64.73417 69.50675 135.83446 216.04721 295.38257 375.4515 350.01468 324.2747 315.87576 355.57 376.57236 343.6896 353.9291 303.74738 315.65808 296.56195 283.72067 256.3137 206.40001 165.64456 154.6618 159.79779 162.04889 105.987076 37.67134 33.666103 10.496101 0.0 0.0 -999999.0 -999999.0 -999999.0 -999999.0 -999999.0 -999999.0 -999999.0 -999999.0 -999999.0 -999999.0 -999999.0 -999999.0 -999999.0 -999999.0 -999999.0 -999999.0
4.459751 6.5951686 3.0726743 1.6793448 5.9581165 12.879463 22.522646 37.208466 36.123634 34.581253 44.88594 111.88441 89.86488 93.89833 101.2761 132.98228 157.5889 191.1901 243.31543 330.76233 373.38034 366.62744 364.25455 362.5295 395.7806 414.08185 418.28915 376.76172 374.9978 337.9719 372.45465 342.32944 323.65094 284.61414 238.99512 194.79956 179.22862 177.93156 153.35382 38.228752 45.515697 29.59266 11.318428 0.0 -999999.0 -999999.0 -999999.0 -999999.0 -999999.0 -999999.0 -999999.0 -999999.0 -999999.0 -999999.0 -999999.0 -999999.0 -999999.0 -999999.0 -999999.0 -999999.0 -999999.0
6.6910963 8.436281 7.0971885 7.9987335 10.018525 13.14257 19.923475 35.82308 44.943638 90.769104 158.30417 127.349266 112.285416 119.62807 136.5839 160.12062 223.4305 281.31314 340.91986 371.90668 347.27103 277.9048 296.1079 343.83292 378.55072 393.34512 417.80347 393.06396 399.051 361.58984 400.36526 358.09335 363.6029 345.28403 275.29776 227.59999 211.70618 196.66154 141.15437 49.6511 34.237816 49.912823 38.908836 0.0 -999999.0 -999999.0 -999999.0 -999999.0 -999999.0 -999999.0 -999999.0 -999999.0 -999999.0 -999999.0 -999999.0 -999999.0 -999999.0 -999999.0 -999999.0 -999999.0 -999999.0
13.019795 10.877678 9.683964 11.1541815 9.750393 7.077704 20.670084 85.91096 114.48135 149.11606 195.75311 148.10184 154.55128 172.38335 184.78223 218.10759 314.39688 357.4575 359.755 356.98492 318.69104 292.20255 256.90137 288.31207 331.55762 342.83282 378.7261 385.5123 444.21088 403.03085 414.7157 394.51456 373.7873 354.21063 299.07956 261.7964 221.92278 223.70067 155.18564 64.22682 21.806763 39.779243 18.951864 26.368473 0.0 -999999.0 -999999.0 -999999.0 -999999.0 -999999.0 -999999.0 -999999.0 -999999.0 -999999.0 -999999.0 -999999.0 -999999.0 -999999.0 -999999.0 -999999.0 -999999.0
14.658111 10.8376875 8.444589 9.218808 15.376968 29.499355 59.33579 151.35588 167.82318 151.76527 129.6587 156.66696 183.0751 179.7226 187.13327 270.1971 352.8355 353.46844 349.12695 331.4495 297.57742 287.35132 265.5169 268.3649 292.40265 306.92587 346.4578 343.73352 427.59387 407.77985 419.85455 431.62674 407.46548 371.05075 324.96448 276.8193 157.47337 142.87979 107.0351 65.75191 39.991898 67.35002 59.091908 7.320408 0.0 0.0 -999999.0 -999999.0 -999999.0 -999999.0 -999999.0 -999999.0 -999999.0 -999999.0 -999999.0 -999999.0 -999999.0 -999999.0 -999999.0 -999999.0 -999999.0
10.0417 6.1929708 6.902673 7.476945 31.500307 90.54562 168.33327 140.971 117.13733 101.542625 105.228065 112.962234 144.652 137.0173 158.53459 265.90417 309.2922 319.34103 296.81552 319.68567 284.46417 277.92212 264.9189 271.2074 288.79282 302.7579 324.0511 342.60095 406.56058 403.37936 450.8116 446.92902 424.99146 379.4597 328.71478 229.7398 38.727165 61.41187 92.52963 88.29063 62.83702 47.222385 40.388325 22.752901 0.0 0.0 0.0 -999999.0 -999999.0 -999999.0 -999999.0 -999999.0 -999999.0 -999999.0 -999999.0 -999999.0 -999999.0 -999999.0 -999999.0 -999999.0 -999999.0
3.3917944 2.2207396 4.7737675 15.335577 30.583492 72.38076 136.32854 103.75333 59.259895 14.54597 60.869392 130.28098 148.64941 158.66148 196.23807 254.76913 286.24475 289.803 299.56448 277.20682 237.6114 264.15073 257.89713 261.32724 270.2389 287.1185 301.09674 331.3142 364.872 379.08093 463.15643 448.97238 433.26505 396.76923 313.92987 191.44835 50.292538 33.208084 51.59836 59.626015 57.465553 40.220886 31.921673 35.017906 0.0 0.0 -999999.0 -999999.0 -999999.0 -999999.0 -999999.0 -999999.0 -999999.0 -999999.0 -999999.0 -999999.0 -999999.0 -999999.0 -999999.0 -999999.0 -999999.0
-999999.0 1.0476077 6.604766 21.267635 21.97529 35.01042 87.14956 56.578274 24.392736 22.26474 82.31204 138.50417 142.29007 156.33545 185.34102 231.32707 265.20593 273.86862 279.9805 239.75958 208.76051 252.23572 237.6034 245.80122 271.69568 280.51648 327.9243 333.1832 335.22272 328.68256 416.4754 396.92294 384.64645 347.2317 222.37892 97.94115 62.185 35.60095 27.176228 37.721756 40.151257 56.026825 37.813618 31.921509 9.945381 0.0 -999999.0 -999999.0 -999999.0 -999999.0 -999999.0 -999999.0 -999999.0 -999999.0 -999999.0 -999999.0 -999999.0 -999999.0 -999999.0 -999999.0 -999999.0
-999999.0 -999999.0 5.0027604 16.846375 20.6508 26.965866 65.91113 39.613754 13.068086 90.01214 146.87518 140.83936 147.19608 132.58226 137.55669 159.52257 188.71765 239.26521 252.83142 231.33218 225.52628 239.26231 224.93806 231.58638 256.91168 262.11023 285.0965 307.0101 280.9292 272.7865 337.70767 308.99704 284.738 239.81569 168.68634 90.935326 62.91265 42.613876 33.151436 38.464615 54.839706 53.00912 32.317955 17.425442 0.0 -999999.0 -999999.0 -999999.0 -999999.0 -999999.0 -999999.0 -999999.0 -999999.0 -999999.0 -999999.0 -999999.0 -999999.0 -999999.0 -999999.0 -999999.0 -999999.0
8.610403 9.330119 13.71353 19.192862 25.606855 31.665894 29.744196 60.710594 56.66911 143.06627 191.1654 152.98491 134.19313 112.87153 106.45231 113.82359 165.19295 189.48067 214.62764 240.92297 212.39203 209.04016 207.70921 223.27095 233.2121 244.21996 255.94684 254.62187 232.59853 196.15729 225.11671 217.81233 212.7454 186.93509 142.3002 87.04731 59.62149 46.822468 41.078773 49.389374 50.200348 42.99956 29.624994 14.786212 0.0 0.0 -999999.0 -999999.0 -999999.0 -999999.0 -999999.0 -999999.0 -999999.0 -999999.0 -999999.0 -999999.0 -999999.0 -999999.0 -999999.0 -999999.0 -999999.0
96.244576 43.679302 43.378864 39.67101 33.38699 31.511889 43.453854 76.25095 103.33449 176.42818 206.79031 172.23521 136.26247 100.98079 102.28722 111.277016 130.63142 98.11167 126.07158 169.88675 183.38327 183.17796 187.06136 195.49408 207.49525 220.4377 248.76558 211.79808 174.89497 159.09268 157.28305 146.36449 133.24173 132.92297 107.058556 73.8575 52.66136 43.887142 42.966114 43.464916 37.455757 37.895027 26.541616 13.971392 0.0 0.0 -999999.0 -999999.0 -999999.0 -999999.0 -999999.0 -999999.0 -999999.0 -999999.0 -999999.0 -999999.0 -999999.0 -999999.0 -999999.0 -999999.0 -999999.0
