data/TNO-HT-ATES/HT-ATES_msz4/msz4__top_depth_basecase_80-45-40.asc
ncols  140
nrows  163
xllcorner  0.0
yllcorner  300000.0
cellsize  2000.0
NODATA_value  -999999.0
[rows 81 to 107 of 163, columns 61 to 121 of 140]
279.55 242.9625 237.8675 232.94249 228.3375 223.50749 217.41 209.43 207.37999 199.48499 193.2825 188.0025 185.87749 184.2025 181.08 184.6175 187.6075 200.095 198.655 194.36499 194.11002 195.33499 197.45 199.92 202.3225 204.61499 205.96999 209.6375 213.2125 214.16998 213.4625 210.79 205.6525 198.61499 190.62 181.8225 172.4525 164.19249 157.2775 150.375 142.9175 134.5175 123.704994 110.0775 93.92749 75.21 53.964996 -999999.0 -999999.0 -999999.0 -999999.0 -999999.0 -999999.0 -999999.0 -999999.0 -999999.0 -999999.0 -999999.0 -999999.0 -999999.0 -999999.0
274.685 277.37 278.425 225.15 219.55998 214.26 207.72249 200.29 192.7225 191.545 182.17 177.52249 173.6975 170.2225 171.305 176.245 178.62 186.3675 188.26999 184.54749 186.5025 186.3425 187.8975 189.74998 192.095 194.4925 196.81499 200.22751 204.1225 204.42249 202.6275 199.5875 194.76 189.57999 184.3525 177.0675 168.95499 160.89499 153.3875 146.13249 138.68001 130.08499 119.3875 107.125 96.564995 78.95999 -999999.0 -999999.0 -999999.0 -999999.0 -999999.0 -999999.0 -999999.0 -999999.0 -999999.0 -999999.0 -999999.0 -999999.0 -999999.0 -999999.0 -999999.0
269.985 270.02 273.42 279.0875 279.295 206.63998 199.45999 191.8925 183.76999 175.7825 176.8925 173.9625 170.16249 169.325 170.56999 172.42 174.7025 177.705 180.4875 175.26749 174.23499 176.29 178.0275 179.0575 182.73499 186.7675 189.2925 191.59499 193.9925 194.66249 193.1175 189.625 185.48999 182.09 178.7375 172.805 165.7975 157.19498 148.08249 140.56499 134.5925 124.9225 113.8425 101.19499 88.8425 69.854996 -999999.0 -999999.0 -999999.0 -999999.0 -999999.0 -999999.0 -999999.0 -999999.0 -999999.0 -999999.0 -999999.0 -999999.0 -999999.0 -999999.0 -999999.0
264.93 259.32996 266.69 282.6825 284.93997 273.39252 260.18 232.535 175.33249 166.4 172.01999 168.435 163.19249 166.8775 170.0625 170.60999 173.4325 173.7425 171.85 166.9075 166.03749 169.1875 170.76749 172.13998 175.80249 179.595 182.22499 183.755 185.1975 185.8375 184.22249 180.6875 177.26749 174.6575 172.23 168.52998 163.7025 155.575 142.95 133.9675 128.55249 119.159996 107.3425 94.2875 80.42333 56.852497 -999999.0 -999999.0 -999999.0 -999999.0 -999999.0 -999999.0 -999999.0 -999999.0 -999999.0 -999999.0 -999999.0 -999999.0 -999999.0 -999999.0 -999999.0
261.62497 242.63249 255.80249 283.5675 285.77 270.37997 256.01 244.4125 230.895 225.33249 131.6775 149.5175 150.79749 158.7125 164.7425 167.0275 168.635 169.95749 168.70749 160.985 161.9875 163.78749 166.2675 166.9 170.0125 172.795 175.23749 176.4875 177.2 176.58249 174.60251 171.59999 168.91249 166.82748 165.07501 162.6825 160.0875 156.4225 146.3125 132.50749 123.435 113.825 102.3875 89.0525 74.674995 59.5075 47.445 -999999.0 -999999.0 -999999.0 -999999.0 -999999.0 -999999.0 -999999.0 -999999.0 -999999.0 -999999.0 -999999.0 -999999.0 -999999.0 -999999.0
263.43 253.45749 253.315 267.965 268.835 259.4925 250.26749 241.6525 231.89499 211.1725 178.88998 119.99 136.78 132.66249 139.48749 159.0725 162.255 163.375 164.9475 160.205 158.2325 158.17 159.89249 162.07248 165.0425 167.31 169.655 170.3225 169.44 167.035 164.0525 161.605 160.17749 158.7325 157.31749 155.04 152.75 149.82999 141.22 127.7775 118.88 108.64 97.1975 85.237495 74.2325 63.285 50.424995 -999999.0 -999999.0 -999999.0 -999999.0 -999999.0 -999999.0 -999999.0 -999999.0 -999999.0 -999999.0 -999999.0 -999999.0 -999999.0 -999999.0
250.88 244.7425 238.01498 252.755 250.65749 243.6675 242.69499 241.01749 232.98999 226.305 230.9675 114.8075 114.619995 123.1175 128.6175 136.91501 155.9075 157.7375 158.19499 156.2525 153.45749 152.09 152.54 154.745 157.9525 161.025 163.68 163.97499 161.6525 157.555 152.83249 150.20999 150.0225 149.54501 148.4475 146.69499 143.28 140.105 132.0025 120.134995 115.86499 103.24249 90.75 80.362495 70.28 59.1325 48.809998 -999999.0 -999999.0 -999999.0 -999999.0 -999999.0 -999999.0 -999999.0 -999999.0 -999999.0 -999999.0 -999999.0 -999999.0 -999999.0 -999999.0
235.2825 233.32748 229.93 229.98749 234.735 223.24 232.56999 241.01248 233.6025 230.055 231.3475 226.015 113.89 123.865005 127.48249 132.53 134.76 152.1725 152.0375 150.6125 147.95 144.6025 143.605 145.8275 149.59999 153.9425 158.075 157.61499 153.465 147.34749 140.42 136.3175 139.15001 139.49251 137.9575 137.66 138.73999 134.345 125.634995 116.5125 108.4075 94.502495 83.4975 73.97749 65.097496 55.165 44.295 35.9925 -999999.0 -999999.0 -999999.0 -999999.0 -999999.0 -999999.0 -999999.0 -999999.0 -999999.0 -999999.0 -999999.0 -999999.0 -999999.0
233.965 227.06499 226.155 225.5825 226.95 219.9875 225.3425 226.7725 229.34 229.1575 225.73 218.7175 208.89001 110.682495 127.505 128.05 128.2125 146.29248 146.41248 145.07 142.235 137.81 135.7925 136.3075 138.805 143.86249 152.53 149.89499 143.2375 135.91498 127.4675 118.485 126.20249 127.112495 124.557495 125.16499 128.95749 125.80499 117.935 108.3375 96.65 83.057495 73.89 67.2475 -999999.0 -999999.0 -999999.0 -999999.0 -999999.0 -999999.0 -999999.0 -999999.0 -999999.0 -999999.0 -999999.0 -999999.0 -999999.0 -999999.0 -999999.0 -999999.0 -999999.0
227.80249 218.9925 222.16501 221.75749 220.28 215.8625 245.02748 235.10999 230.605 227.31 222.57999 214.93748 201.82498 178.86499 123.27999 122.4575 120.11749 115.58 138.295 137.28 134.0 129.90999 127.5625 126.1525 126.2775 128.00499 134.515 135.81499 130.48 124.335 117.48999 111.515 112.3275 114.00749 110.075005 110.155 114.705 113.22749 108.4375 99.405 87.77249 74.3175 66.6425 -999999.0 -999999.0 -999999.0 -999999.0 -999999.0 -999999.0 -999999.0 -999999.0 -999999.0 -999999.0 -999999.0 -999999.0 -999999.0 -999999.0 -999999.0 -999999.0 -999999.0 -999999.0
218.78499 208.36 205.08 217.45999 214.5925 209.6325 204.78249 242.04749 232.12 224.23248 219.10999 213.6275 201.5475 178.465 167.16 128.54498 113.5625 108.212494 129.45999 126.06499 122.1625 119.15749 118.65501 115.659996 115.722496 112.942505 118.6725 121.44499 117.75 113.285 109.225 106.399994 106.2975 106.215004 105.3075 108.5675 103.267494 101.055 98.18 92.542496 80.1375 68.417496 60.875 -999999.0 -999999.0 -999999.0 -999999.0 -999999.0 -999999.0 -999999.0 -999999.0 -999999.0 -999999.0 -999999.0 -999999.0 -999999.0 -999999.0 -999999.0 -999999.0 -999999.0 -999999.0
210.6975 199.2325 192.26 184.7925 196.18501 206.42749 202.30998 202.7975 229.6725 221.2375 214.3075 209.435 201.205 188.0725 167.8225 160.2025 110.65749 105.61749 99.675 115.1075 109.6625 104.5775 101.89749 104.39 107.3725 111.78999 112.674995 110.45249 107.3675 104.68 102.0075 101.34499 99.58 100.34 100.1025 94.1775 91.08499 87.994995 86.915 85.26 71.432495 -999999.0 -999999.0 -999999.0 -999999.0 -999999.0 -999999.0 -999999.0 -999999.0 -999999.0 -999999.0 -999999.0 -999999.0 -999999.0 -999999.0 -999999.0 -999999.0 -999999.0 -999999.0 -999999.0 -999999.0
206.325 194.36249 179.62 175.79501 176.405 184.515 211.17249 200.62999 223.4025 216.71498 210.73 206.43498 198.105 183.73 174.16 159.985 155.36249 104.9975 98.1225 88.5075 100.564995 91.505 86.6175 94.16499 99.627495 112.3475 112.877495 101.895 101.02 99.97499 98.712494 100.4425 100.16499 95.075 87.799995 82.44 79.28749 75.935 -999999.0 -999999.0 -999999.0 -999999.0 -999999.0 -999999.0 -999999.0 -999999.0 -999999.0 -999999.0 -999999.0 -999999.0 -999999.0 -999999.0 -999999.0 -999999.0 -999999.0 -999999.0 -999999.0 -999999.0 -999999.0 -999999.0 -999999.0
189.76 178.0675 162.33499 169.8175 169.74251 168.80249 174.42499 182.4525 217.9075 213.0225 206.44499 201.95999 196.64 176.33751 168.54749 160.56 159.7975 105.85249 98.9225 88.3875 76.41499 90.064995 85.6025 80.0475 92.28749 102.39 102.487495 95.962494 97.655 99.3975 99.61 103.7825 103.127495 92.49999 79.854996 -999999.0 -999999.0 -999999.0 -999999.0 -999999.0 -999999.0 -999999.0 -999999.0 -999999.0 -999999.0 -999999.0 -999999.0 -999999.0 -999999.0 -999999.0 -999999.0 -999999.0 -999999.0 -999999.0 -999999.0 -999999.0 -999999.0 -999999.0 -999999.0 -999999.0 -999999.0
177.26498 174.04001 175.655 163.69249 167.9 170.7625 173.83499 174.19 172.92749 210.755 203.72998 193.89749 186.65 182.0275 160.68 164.06749 164.63 159.37999 102.917496 90.5925 78.0 66.4875 82.384995 76.125 65.365 81.697495 79.1925 79.805 86.825 92.005 88.36 93.345 86.78 73.86749 -999999.0 -999999.0 -999999.0 -999999.0 -999999.0 -999999.0 -999999.0 -999999.0 -999999.0 -999999.0 -999999.0 -999999.0 -999999.0 -999999.0 -999999.0 -999999.0 -999999.0 -999999.0 -999999.0 -999999.0 -999999.0 -999999.0 -999999.0 -999999.0 -999999.0 -999999.0 -999999.0
175.38498 173.735 175.43498 181.605 165.33499 172.2675 176.29999 173.3925 170.5875 207.9 199.1375 188.0275 178.485 172.85999 169.79749 142.8425 162.8 158.33499 104.8925 90.722496 76.69 63.43 53.782497 75.792496 57.945 52.09 -999999.0 -999999.0 -999999.0 -999999.0 -999999.0 -999999.0 -999999.0 -999999.0 -999999.0 -999999.0 -999999.0 -999999.0 -999999.0 -999999.0 -999999.0 -999999.0 -999999.0 -999999.0 -999999.0 -999999.0 -999999.0 -999999.0 -999999.0 -999999.0 -999999.0 -999999.0 -999999.0 -999999.0 -999999.0 -999999.0 -999999.0 -999999.0 -999999.0 -999999.0 -999999.0
173.9375 172.76 174.4375 177.6225 164.6 168.98001 171.7775 170.04498 167.5125 192.58998 191.9 180.4325 171.8675 165.30249 163.8525 128.71251 121.195 143.6375 131.015 87.09499 74.95 61.1625 45.034996 65.68 63.299995 -999999.0 -999999.0 -999999.0 -999999.0 -999999.0 -999999.0 -999999.0 -999999.0 -999999.0 -999999.0 -999999.0 -999999.0 -999999.0 -999999.0 -999999.0 -999999.0 -999999.0 -999999.0 -999999.0 -999999.0 -999999.0 -999999.0 -999999.0 -999999.0 -999999.0 -999999.0 -999999.0 -999999.0 -999999.0 -999999.0 -999999.0 -999999.0 -999999.0 -999999.0 -999999.0 -999999.0
172.1525 171.06999 171.47249 173.97249 178.1825 171.09 167.19 165.67749 163.67749 161.36499 184.56999 174.185 165.5725 154.95248 164.1275 159.655 110.1975 102.832504 116.17 98.815 69.64 57.679996 -999999.0 -999999.0 -999999.0 -999999.0 -999999.0 -999999.0 -999999.0 -999999.0 -999999.0 -999999.0 -999999.0 -999999.0 -999999.0 -999999.0 -999999.0 -999999.0 -999999.0 -999999.0 -999999.0 -999999.0 -999999.0 -999999.0 -999999.0 -999999.0 -999999.0 -999999.0 -999999.0 -999999.0 -999999.0 -999999.0 -999999.0 -999999.0 -999999.0 -999999.0 -999999.0 -999999.0 -999999.0 -999999.0 -999999.0
169.64249 168.5325 167.1125 170.17 175.465 182.69751 188.7625 161.905 160.60748 159.10999 157.5925 173.8975 166.93 158.4925 155.95999 172.565 159.22 129.6825 93.847496 89.6775 64.7975 -999999.0 -999999.0 -999999.0 -999999.0 -999999.0 -999999.0 -999999.0 -999999.0 -999999.0 -999999.0 -999999.0 -999999.0 -999999.0 -999999.0 -999999.0 -999999.0 -999999.0 -999999.0 -999999.0 -999999.0 -999999.0 -999999.0 -999999.0 -999999.0 -999999.0 -999999.0 -999999.0 -999999.0 -999999.0 -999999.0 -999999.0 -999999.0 -999999.0 -999999.0 -999999.0 -999999.0 -999999.0 -999999.0 -999999.0 -999999.0
174.37 164.3475 163.33748 164.5125 170.63748 180.515 191.4025 187.755 165.66 158.17 156.19998 177.81 174.155 171.2325 167.6375 161.07498 177.45999 148.06999 -999999.0 -999999.0 -999999.0 -999999.0 -999999.0 -999999.0 -999999.0 -999999.0 -999999.0 -999999.0 -999999.0 -999999.0 -999999.0 -999999.0 -999999.0 -999999.0 -999999.0 -999999.0 -999999.0 -999999.0 -999999.0 -999999.0 -999999.0 -999999.0 -999999.0 -999999.0 -999999.0 -999999.0 -999999.0 -999999.0 -999999.0 -999999.0 -999999.0 -999999.0 -999999.0 -999999.0 -999999.0 -999999.0 -999999.0 -999999.0 -999999.0 -999999.0 -999999.0
170.61499 161.41501 157.0675 156.53 162.69 173.1525 181.935 181.72751 179.01 177.6525 147.45749 146.8725 180.13249 178.51498 169.095 161.45999 161.89749 167.97 -999999.0 -999999.0 -999999.0 -999999.0 -999999.0 -999999.0 -999999.0 -999999.0 -999999.0 -999999.0 -999999.0 -999999.0 -999999.0 -999999.0 -999999.0 -999999.0 -999999.0 -999999.0 -999999.0 -999999.0 -999999.0 -999999.0 -999999.0 -999999.0 -999999.0 -999999.0 -999999.0 -999999.0 -999999.0 -999999.0 -999999.0 -999999.0 -999999.0 -999999.0 -999999.0 -999999.0 -999999.0 -999999.0 -999999.0 -999999.0 -999999.0 -999999.0 -999999.0
164.1225 163.37 153.63748 150.89 156.66249 164.91748 170.7775 174.1675 174.68999 174.8225 174.325 173.07999 146.43 178.38748 166.1125 160.525 166.61 143.31999 -999999.0 -999999.0 -999999.0 -999999.0 -999999.0 -999999.0 -999999.0 -999999.0 -999999.0 -999999.0 -999999.0 -999999.0 -999999.0 -999999.0 -999999.0 -999999.0 -999999.0 -999999.0 -999999.0 -999999.0 -999999.0 -999999.0 -999999.0 -999999.0 -999999.0 -999999.0 -999999.0 -999999.0 -999999.0 -999999.0 -999999.0 -999999.0 -999999.0 -999999.0 -999999.0 -999999.0 -999999.0 -999999.0 -999999.0 -999999.0 -999999.0 -999999.0 -999999.0
158.47249 160.39249 157.04001 153.185 156.9925 162.7425 164.5775 167.9825 171.32 173.28499 173.80249 173.495 174.72 154.1975 166.1675 158.9375 155.7975 -999999.0 -999999.0 -999999.0 -999999.0 -999999.0 -999999.0 -999999.0 -999999.0 -999999.0 -999999.0 -999999.0 -999999.0 -999999.0 -999999.0 -999999.0 -999999.0 -999999.0 -999999.0 -999999.0 -999999.0 -999999.0 -999999.0 -999999.0 -999999.0 -999999.0 -999999.0 -999999.0 -999999.0 -999999.0 -999999.0 -999999.0 -999999.0 -999999.0 -999999.0 -999999.0 -999999.0 -999999.0 -999999.0 -999999.0 -999999.0 -999999.0 -999999.0 -999999.0 -999999.0
151.57 154.9825 154.85 154.5625 156.9525 157.61249 159.7875 163.2125 167.94499 172.05751 174.745 176.2175 176.795 170.54 164.3075 157.60498 -999999.0 -999999.0 -999999.0 -999999.0 -999999.0 -999999.0 -999999.0 -999999.0 -999999.0 -999999.0 -999999.0 -999999.0 -999999.0 -999999.0 -999999.0 -999999.0 -999999.0 -999999.0 -999999.0 -999999.0 -999999.0 -999999.0 -999999.0 -999999.0 -999999.0 -999999.0 -999999.0 -999999.0 -999999.0 -999999.0 -999999.0 -999999.0 -999999.0 -999999.0 -999999.0 -999999.0 -999999.0 -999999.0 -999999.0 -999999.0 -999999.0 -999999.0 -999999.0 -999999.0 -999999.0
140.2175 146.7325 150.78749 150.7425 163.47 156.06749 154.8525 159.025 165.965 172.07 177.28 182.145 185.715 176.53 170.045 -999999.0 -999999.0 -999999.0 -999999.0 -999999.0 -999999.0 -999999.0 -999999.0 -999999.0 -999999.0 -999999.0 -999999.0 -999999.0 -999999.0 -999999.0 -999999.0 -999999.0 -999999.0 -999999.0 -999999.0 -999999.0 -999999.0 -999999.0 -999999.0 -999999.0 -999999.0 -999999.0 -999999.0 -999999.0 -999999.0 -999999.0 -999999.0 -999999.0 -999999.0 -999999.0 -999999.0 -999999.0 -999999.0 -999999.0 -999999.0 -999999.0 -999999.0 -999999.0 -999999.0 -999999.0 -999999.0
138.41501 143.3425 147.44249 144.98248 148.35999 150.00249 151.34499 157.4675 163.6525 170.45999 180.775 190.595 199.11 188.8875 182.2125 -999999.0 -999999.0 -999999.0 -999999.0 -999999.0 -999999.0 -999999.0 -999999.0 -999999.0 -999999.0 -999999.0 -999999.0 -999999.0 -999999.0 -999999.0 -999999.0 -999999.0 -999999.0 -999999.0 -999999.0 -999999.0 -999999.0 -999999.0 -999999.0 -999999.0 -999999.0 -999999.0 -999999.0 -999999.0 -999999.0 -999999.0 -999999.0 -999999.0 -999999.0 -999999.0 -999999.0 -999999.0 -999999.0 -999999.0 -999999.0 -999999.0 -999999.0 -999999.0 -999999.0 -999999.0 -999999.0
137.7925 142.3525 146.55 144.265 135.00749 142.805 149.60501 154.62 159.98251 173.25249 184.81 195.56 205.0975 -999999.0 -999999.0 -999999.0 -999999.0 -999999.0 -999999.0 -999999.0 -999999.0 -999999.0 -999999.0 -999999.0 -999999.0 -999999.0 -999999.0 -999999.0 -999999.0 -999999.0 -999999.0 -999999.0 -999999.0 -999999.0 -999999.0 -999999.0 -999999.0 -999999.0 -999999.0 -999999.0 -999999.0 -999999.0 -999999.0 -999999.0 -999999.0 -999999.0 -999999.0 -999999.0 -999999.0 -999999.0 -999999.0 -999999.0 -999999.0 -999999.0 -999999.0 -999999.0 -999999.0 -999999.0 -999999.0 -999999.0 -999999.0
