data/TNO-HT-ATES/HT-ATES_msz4/msz4__flowr_sodm_P50_basecase_80-45-40.asc
ncols  140
nrows  163
xllcorner  0.0
yllcorner  300000.0
cellsize  2000.0
NODATA_value  -999999.0
[rows 54 to 80 of 163, columns 61 to 121 of 140]
86.98006 57.477295 14.755886 -999999.0 -999999.0 -999999.0 -999999.0 -999999.0 -999999.0 -999999.0 -999999.0 -999999.0 -999999.0 -999999.0 -999999.0 -999999.0 -999999.0 -999999.0 -999999.0 25.029144 20.086237 6.074707 -999999.0 -999999.0 -999999.0 -999999.0 -999999.0 -999999.0 10.036351 28.817581 63.981983 113.88732 169.08194 213.26176 216.78362 177.17035 136.37373 78.69645 39.394028 1.9450507 2.0756078 -999999.0 9.708251 26.66449 2.8051808 -999999.0 -999999.0 -999999.0 -999999.0 -999999.0 -999999.0 -999999.0 -999999.0 -999999.0 -999999.0 -999999.0 -999999.0 -999999.0 -999999.0 -999999.0 -999999.0
45.591248 21.491922 14.830897 -999999.0 -999999.0 -999999.0 -999999.0 -999999.0 -999999.0 -999999.0 -999999.0 -999999.0 -999999.0 -999999.0 -999999.0 -999999.0 -999999.0 -999999.0 9.036403 30.571539 22.02644 8.054859 4.376063 2.4526672 -999999.0 -999999.0 7.8338137 16.75435 30.055777 58.526165 95.71891 141.98842 185.81482 228.46298 243.46237 189.75694 150.70117 120.62864 83.70748 56.86495 39.2585 6.9690194 39.160378 92.22073 51.252266 -999999.0 -999999.0 -999999.0 -999999.0 -999999.0 -999999.0 -999999.0 -999999.0 -999999.0 -999999.0 -999999.0 -999999.0 -999999.0 -999999.0 -999999.0 -999999.0
40.681995 21.567186 7.560854 -999999.0 -999999.0 -999999.0 -999999.0 -999999.0 -999999.0 -999999.0 -999999.0 -999999.0 -999999.0 -999999.0 -999999.0 -999999.0 -999999.0 -999999.0 0.0 17.79212 5.984987 7.3785114 7.106277 3.5468214 4.701649 7.559629 11.672792 24.241497 42.626328 71.81483 109.211464 172.13991 218.82564 219.58253 217.07713 174.79066 149.1956 140.5555 145.56151 157.09392 138.78976 115.49523 120.38258 140.10057 88.943794 16.404037 -999999.0 -999999.0 -999999.0 -999999.0 -999999.0 -999999.0 -999999.0 -999999.0 -999999.0 -999999.0 -999999.0 -999999.0 -999999.0 -999999.0 -999999.0
40.883076 29.832123 16.482737 0.0 -999999.0 -999999.0 -999999.0 -999999.0 -999999.0 -999999.0 -999999.0 -999999.0 -999999.0 -999999.0 -999999.0 -999999.0 -999999.0 -999999.0 23.167915 21.353619 0.0 6.2199764 6.2396526 5.738793 9.769694 16.040615 17.966602 26.848385 49.54606 65.34859 98.495186 145.93497 184.10071 179.08235 155.51332 123.147156 132.50493 148.29208 199.70567 243.81104 218.24248 189.50871 160.15826 130.70038 78.00579 19.380312 -999999.0 -999999.0 -999999.0 -999999.0 -999999.0 -999999.0 -999999.0 -999999.0 -999999.0 -999999.0 -999999.0 -999999.0 -999999.0 -999999.0 -999999.0
57.343273 57.049824 33.76838 10.82977 -999999.0 -999999.0 -999999.0 -999999.0 -999999.0 -999999.0 -999999.0 -999999.0 -999999.0 -999999.0 -999999.0 -999999.0 -999999.0 21.466621 56.532692 35.690792 4.7132025 2.2521062 3.5737176 3.6544316 10.190667 19.319134 23.045189 30.361513 44.91754 51.84136 64.56181 73.888405 97.42764 100.663765 84.10689 55.90459 79.63573 117.306885 172.6005 267.10587 282.3874 244.03789 216.84995 138.52235 37.855778 -999999.0 -999999.0 -999999.0 -999999.0 -999999.0 -999999.0 -999999.0 -999999.0 -999999.0 -999999.0 -999999.0 -999999.0 -999999.0 -999999.0 -999999.0 -999999.0
63.646687 71.317024 40.175068 8.649725 -999999.0 -999999.0 -999999.0 -999999.0 0.0 -999999.0 -999999.0 -999999.0 -999999.0 -999999.0 -999999.0 -999999.0 -999999.0 45.20361 73.16434 49.26044 17.951166 -999999.0 -999999.0 -999999.0 3.7807298 22.595621 39.253307 48.399475 37.392097 34.10151 41.288486 32.373882 24.85397 45.663437 40.83798 14.598674 15.296212 57.160904 104.44961 194.27576 256.71744 228.56221 212.17671 150.25523 76.2657 73.009094 -999999.0 -999999.0 -999999.0 -999999.0 -999999.0 -999999.0 -999999.0 -999999.0 -999999.0 -999999.0 -999999.0 -999999.0 -999999.0 -999999.0 -999999.0
60.14106 71.42428 16.73816 32.059517 -999999.0 -999999.0 -999999.0 -999999.0 -999999.0 -999999.0 -999999.0 -999999.0 -999999.0 0.0 2.8708625 -999999.0 -999999.0 59.315956 70.61536 58.57834 50.60195 17.621485 -999999.0 -999999.0 -999999.0 12.345388 77.922386 95.07685 46.704388 31.086964 35.597263 31.080473 40.47691 42.513996 40.770454 28.741644 5.5451555 32.651398 84.28353 131.03568 197.71962 186.06172 207.23499 142.93427 89.909874 73.42372 -999999.0 -999999.0 -999999.0 -999999.0 -999999.0 -999999.0 -999999.0 -999999.0 -999999.0 -999999.0 -999999.0 -999999.0 -999999.0 -999999.0 -999999.0
58.648712 32.430794 15.981383 40.01456 9.056495 -999999.0 -999999.0 -999999.0 -999999.0 -999999.0 -999999.0 -999999.0 8.155601 12.641486 21.753937 41.292313 107.89817 82.66601 68.22887 70.19808 69.05067 38.54473 16.84814 8.206179 -999999.0 -999999.0 92.81867 132.92403 88.63827 61.80155 69.29138 60.866337 84.91556 74.721695 96.98896 101.60023 31.569313 81.77103 148.24211 161.01341 156.92212 184.16698 211.65077 156.36229 87.51074 115.91393 -999999.0 -999999.0 -999999.0 -999999.0 -999999.0 -999999.0 -999999.0 -999999.0 -999999.0 -999999.0 -999999.0 -999999.0 -999999.0 -999999.0 -999999.0
36.3757 28.62086 28.02623 60.084377 51.34153 -999999.0 -999999.0 -999999.0 -999999.0 -999999.0 -999999.0 2.906488 6.126907 5.1498914 39.638027 107.80004 139.00545 116.28694 86.073715 77.610695 79.362976 65.59799 47.44994 45.428352 28.008785 -999999.0 70.016174 108.45965 101.80782 88.87691 102.283745 92.78876 138.35939 140.57335 175.45952 176.69823 65.08221 143.76349 243.89925 295.1608 216.77625 262.06583 277.01163 202.63538 117.7484 97.174065 -999999.0 -999999.0 -999999.0 -999999.0 -999999.0 -999999.0 -999999.0 -999999.0 -999999.0 -999999.0 -999999.0 -999999.0 -999999.0 -999999.0 -999999.0
29.496181 27.862606 36.99783 62.77579 39.186375 -999999.0 -999999.0 -999999.0 -999999.0 -999999.0 -999999.0 5.040575 8.804061 24.080437 74.65125 125.64186 123.45317 115.97875 102.11507 87.1489 87.01323 96.227905 82.6266 80.35223 53.883606 26.155552 51.391666 98.51581 161.22873 90.47623 109.51452 86.69615 157.12056 184.28418 239.97577 258.60855 205.89723 249.93799 296.09503 370.9198 295.91885 328.70178 282.93088 187.53009 92.84996 0.0 -999999.0 -999999.0 -999999.0 -999999.0 -999999.0 -999999.0 -999999.0 -999999.0 -999999.0 -999999.0 -999999.0 -999999.0 -999999.0 -999999.0 -999999.0
37.64106 24.953419 43.829643 72.65776 33.503075 -999999.0 -999999.0 -999999.0 -999999.0 -999999.0 -999999.0 -999999.0 11.997826 55.92298 91.743 99.73434 97.97027 99.56417 101.20606 97.374626 95.50822 133.55469 114.14754 105.390724 87.928925 68.93013 128.46353 153.08974 248.45241 256.78412 178.26608 81.18522 133.5975 197.12227 280.40683 328.8843 333.18546 331.77737 244.70619 269.52817 316.2969 277.3847 226.31613 148.94202 0.0 0.0 0.0 -999999.0 -999999.0 -999999.0 -999999.0 -999999.0 -999999.0 -999999.0 -999999.0 -999999.0 -999999.0 -999999.0 -999999.0 -999999.0 -999999.0
26.232773 17.196684 51.486904 58.029987 19.529728 -999999.0 -999999.0 -999999.0 -999999.0 -999999.0 -999999.0 -999999.0 4.2593613 38.643944 61.892143 60.67269 58.653793 63.28118 74.41506 88.99488 109.94432 147.71689 135.31345 149.40402 156.139 128.58937 121.884544 194.26164 262.94922 244.87935 197.30815 116.79191 8.287355 157.75668 261.47018 276.68933 274.74704 252.22833 168.35709 145.03085 210.59067 189.43105 139.85442 92.61475 0.0 0.0 0.0 -999999.0 -999999.0 -999999.0 -999999.0 -999999.0 -999999.0 -999999.0 -999999.0 -999999.0 -999999.0 -999999.0 -999999.0 -999999.0 -999999.0
16.22157 9.572435 26.70819 33.85645 11.589262 -999999.0 -999999.0 -999999.0 -999999.0 -999999.0 0.0 -999999.0 5.1938314 14.641572 8.492593 -999999.0 -999999.0 -999999.0 4.650735 58.980232 120.89355 173.0872 168.88008 193.59819 174.72943 95.67932 105.9924 201.35178 344.31744 314.45938 278.58887 194.49641 169.53943 211.23187 253.8118 256.15057 227.27571 198.77132 165.63084 190.17122 185.79674 135.63521 88.18337 0.0 0.0 0.0 -999999.0 -999999.0 -999999.0 -999999.0 -999999.0 -999999.0 -999999.0 -999999.0 -999999.0 -999999.0 -999999.0 -999999.0 -999999.0 -999999.0 -999999.0
12.289286 2.4006708 9.415572 14.191143 5.2445107 -999999.0 -999999.0 -999999.0 -999999.0 -999999.0 15.024141 10.767976 9.567371 14.630987 2.8028545 -999999.0 -999999.0 -999999.0 -999999.0 64.010956 150.36209 227.82956 246.73686 243.59554 171.64479 10.058763 121.93912 223.3866 363.78198 414.0218 413.97632 343.0935 282.13068 244.3583 235.99829 227.66028 213.69283 195.24141 191.72998 232.45491 196.06459 126.04327 68.84618 0.0 0.0 0.0 -999999.0 -999999.0 -999999.0 -999999.0 -999999.0 -999999.0 -999999.0 -999999.0 -999999.0 -999999.0 -999999.0 -999999.0 -999999.0 -999999.0 -999999.0
14.354851 5.4746156 6.300936 4.4873443 -999999.0 -999999.0 13.835185 15.605841 13.002529 15.7601185 22.530792 25.485136 25.221577 33.509933 28.150023 -999999.0 -999999.0 -999999.0 -999999.0 122.471886 233.03835 332.43793 348.18356 325.11765 249.55019 170.69266 287.31348 394.27893 468.41296 452.5594 480.34073 407.80826 348.25107 291.9677 260.56152 177.27673 172.4951 196.3889 172.3003 264.72687 227.40585 89.44249 0.0 0.0 0.0 0.0 -999999.0 -999999.0 -999999.0 -999999.0 -999999.0 -999999.0 -999999.0 -999999.0 -999999.0 -999999.0 -999999.0 -999999.0 -999999.0 -999999.0 -999999.0
12.9890785 9.048201 4.0881586 -999999.0 -999999.0 8.102654 25.372013 27.225794 31.23841 35.41911 37.16346 45.197716 45.560276 61.221664 63.611984 33.884163 -999999.0 -999999.0 60.487576 218.61272 341.67828 464.89914 478.9002 425.69604 378.86957 368.02988 457.27902 467.96454 465.2687 467.66217 503.17233 446.37778 395.90735 351.51694 271.4536 197.74744 190.4162 200.73515 151.80104 234.81831 16.224241 48.314327 0.0 0.0 0.0 0.0 -999999.0 -999999.0 -999999.0 -999999.0 -999999.0 -999999.0 -999999.0 -999999.0 -999999.0 -999999.0 -999999.0 -999999.0 -999999.0 -999999.0 -999999.0
9.261775 7.7065873 2.455747 -999999.0 5.0848627 16.040731 22.263592 39.6188 47.028004 48.917717 63.82157 72.92465 83.69977 104.76913 112.59871 124.65228 98.08003 105.29469 205.68398 327.10657 447.17435 568.2963 529.73267 490.72382 478.02878 538.2433 570.16156 520.4854 536.0506 460.15323 478.2402 449.39236 429.98636 388.50128 312.91452 251.18353 234.5656 242.37183 245.80049 160.79707 57.191925 51.121494 15.966402 0.0 0.0 -999999.0 -999999.0 -999999.0 -999999.0 -999999.0 -999999.0 -999999.0 -999999.0 -999999.0 -999999.0 -999999.0 -999999.0 -999999.0 -999999.0 -999999.0 -999999.0
6.8511915 10.0898285 4.7432637 2.610262 9.125421 19.610783 34.2122 56.44237 54.80011 52.465405 68.062004 169.46594 136.12654 142.22862 153.39276 201.38089 238.6208 289.46164 368.35834 500.76352 565.296 555.0506 551.4143 548.74414 599.04596 626.84174 633.3195 570.55426 567.9499 511.97168 564.26654 518.7281 490.5065 431.39963 362.312 295.36508 271.78638 269.85294 232.62402 58.040886 69.0951 44.94239 17.214874 0.0 -999999.0 -999999.0 -999999.0 -999999.0 -999999.0 -999999.0 -999999.0 -999999.0 -999999.0 -999999.0 -999999.0 -999999.0 -999999.0 -999999.0 -999999.0 -999999.0 -999999.0
10.233785 12.878105 10.850332 12.216951 15.277546 20.010614 30.279995 54.353477 68.1602 137.54361 239.79219 192.89943 170.07468 181.18314 206.84523 242.47054 338.28635 425.88812 516.09717 563.0516 525.8536 420.85046 448.37714 520.5931 573.1089 595.53296 632.60077 595.2255 604.36255 547.73126 606.50793 542.56586 550.9975 523.3051 417.3193 345.0678 320.99542 298.2228 214.11191 75.36584 51.99158 75.775795 59.080963 0.0 -999999.0 -999999.0 -999999.0 -999999.0 -999999.0 -999999.0 -999999.0 -999999.0 -999999.0 -999999.0 -999999.0 -999999.0 -999999.0 -999999.0 -999999.0 -999999.0 -999999.0
19.818142 16.574818 14.767651 16.994467 14.8694 10.820979 31.410477 130.20479 173.46124 225.88487 296.5007 224.3398 234.07834 261.05347 279.82236 330.26822 476.01263 541.1906 544.68243 540.52985 482.6373 442.55603 389.11612 436.64893 502.0458 519.09546 573.42773 583.7331 672.64404 610.40955 628.1748 597.6658 566.3653 536.7912 453.33563 396.88882 336.47617 339.18607 235.37024 97.47035 33.13379 60.40229 28.802347 40.055206 0.0 -999999.0 -999999.0 -999999.0 -999999.0 -999999.0 -999999.0 -999999.0 -999999.0 -999999.0 -999999.0 -999999.0 -999999.0 -999999.0 -999999.0 -999999.0 -999999.0
22.298279 16.513477 12.888857 14.061321 23.389061 44.779133 89.96779 229.32564 254.24178 229.90872 196.423 237.31543 277.2894 272.19855 283.40244 409.15796 534.26874 535.2416 528.6959 501.95563 450.69272 435.22443 402.18436 406.49576 442.8596 464.80487 524.6213 520.52783 647.4943 617.5749 635.9328 653.83655 617.3475 562.28253 492.54462 419.65372 238.78809 216.66145 162.35423 99.777565 60.718452 102.22773 89.7047 11.150613 0.0 0.0 -999999.0 -999999.0 -999999.0 -999999.0 -999999.0 -999999.0 -999999.0 -999999.0 -999999.0 -999999.0 -999999.0 -999999.0 -999999.0 -999999.0 -999999.0
15.307396 9.47593 10.550979 11.421373 47.80745 137.24629 255.07474 213.6124 177.50078 153.87106 159.44481 171.15036 219.13126 207.56398 240.13327 402.71252 468.42532 483.65656 449.56808 484.2076 430.87238 420.95474 401.25925 410.7845 437.4262 458.55112 490.74902 518.8525 615.7109 610.92236 682.7804 676.9906 643.8623 574.9793 498.20688 348.30884 58.787098 93.179886 140.36621 133.95395 95.365295 71.690315 61.32488 34.566788 0.0 0.0 0.0 -999999.0 -999999.0 -999999.0 -999999.0 -999999.0 -999999.0 -999999.0 -999999.0 -999999.0 -999999.0 -999999.0 -999999.0 -999999.0 -999999.0
5.224858 3.4398859 7.322458 23.324053 46.418945 109.73242 206.60124 157.25475 89.85271 22.126682 92.28429 197.40656 225.21729 240.36774 297.26895 385.93723 433.6326 439.02426 453.8033 419.937 359.98288 400.15305 390.66278 395.85272 409.34808 434.89093 456.0248 501.79193 552.61566 574.15094 701.4589 680.05615 656.32635 601.1357 475.791 290.27185 76.32297 50.42176 78.30763 90.488 87.22161 61.06889 48.478767 53.176346 0.0 0.0 -999999.0 -999999.0 -999999.0 -999999.0 -999999.0 -999999.0 -999999.0 -999999.0 -999999.0 -999999.0 -999999.0 -999999.0 -999999.0 -999999.0 -999999.0
-999999.0 1.6302811 10.09679 32.307724 33.38087 53.12692 132.11168 85.80129 37.04252 33.817604 124.77226 209.89075 215.61833 236.88354 280.82648 350.51367 401.8433 414.94482 424.19635 363.27786 316.33627 382.16742 359.98798 372.4034 411.61154 424.95517 496.72906 504.6805 507.75818 497.8755 630.82043 601.2563 582.7076 526.1335 337.08868 148.53477 94.35344 54.051 41.2769 57.27189 60.95876 85.04426 57.41508 48.475494 15.130963 0.0 -999999.0 -999999.0 -999999.0 -999999.0 -999999.0 -999999.0 -999999.0 -999999.0 -999999.0 -999999.0 -999999.0 -999999.0 -999999.0 -999999.0 -999999.0
-999999.0 -999999.0 7.6666036 25.610262 31.375263 40.941666 99.940285 60.10132 19.88511 136.4477 222.59778 213.44653 223.06808 200.9361 208.48882 241.7838 286.0184 362.56924 383.10257 350.53482 341.73975 362.5352 340.83682 350.90695 389.25568 397.12067 431.92548 465.0991 425.60413 413.29047 511.6373 468.1829 431.46863 363.45767 255.72476 137.91597 95.45436 64.68211 50.335777 58.395947 83.23381 80.461365 49.075623 26.482613 0.0 -999999.0 -999999.0 -999999.0 -999999.0 -999999.0 -999999.0 -999999.0 -999999.0 -999999.0 -999999.0 -999999.0 -999999.0 -999999.0 -999999.0 -999999.0 -999999.0
13.13421 14.223582 20.862795 29.16169 38.88011 48.059982 45.148304 92.06233 85.94021 216.8316 289.70032 231.85661 203.39418 171.10658 161.39574 172.56107 250.3905 287.18536 325.26797 365.08414 321.85995 316.77292 314.76328 338.339 353.39304 370.0603 387.80975 385.7998 352.44214 297.2489 341.13327 330.0895 322.43387 283.35333 215.74098 132.02092 90.463264 71.06674 62.35954 74.96502 76.19397 65.274796 44.989777 22.478275 0.0 0.0 -999999.0 -999999.0 -999999.0 -999999.0 -999999.0 -999999.0 -999999.0 -999999.0 -999999.0 -999999.0 -999999.0 -999999.0 -999999.0 -999999.0 -999999.0
145.80194 66.24479 65.791 60.176487 50.662983 47.827503 65.9231 115.60905 156.64034 267.39084 313.39624 261.0531 206.56294 153.11848 155.10426 168.71729 198.028 148.74097 191.10536 257.49374 277.9479 277.62756 283.509 296.28668 314.46515 334.05197 376.94635 320.96 265.05814 241.11975 238.38754 221.85579 201.98668 201.52376 162.34254 112.031 79.90915 66.61117 65.21602 65.9764 56.864765 57.533794 40.314373 21.242403 0.0 0.0 -999999.0 -999999.0 -999999.0 -999999.0 -999999.0 -999999.0 -999999.0 -999999.0 -999999.0 -999999.0 -999999.0 -999999.0 -999999.0 -999999.0 -999999.0
