data/TNO-HT-ATES/HT-ATES_msz4/msz4__temperature_basecase_80-45-40.asc
ncols  140
nrows  163
xllcorner  0.0
yllcorner  300000.0
cellsize  2000.0
NODATA_value  -999999.0
[rows 78 to 103 of 163, columns 60 to 119 of 140]
-999999.0 -999999.0 -999999.0 18.730553 18.505917 18.138641 17.99916 17.777283 17.778145 17.848452 17.793955 17.603529 17.711737 17.799913 17.728981 17.473366 17.233265 17.17242 17.373182 17.499104 17.531513 17.547617 17.64812 17.681816 17.691736 17.769468 17.84062 17.889359 17.959494 17.965492 17.840538 17.63317 17.479086 17.281483 16.962046 16.504103 15.954556 15.245547 14.843562 14.535178 14.210337 13.944944 13.639693 13.397992 12.944478 12.197952 -999999.0 -999999.0 -999999.0 -999999.0 -999999.0 -999999.0 -999999.0 -999999.0 -999999.0 -999999.0 -999999.0 -999999.0 -999999.0 -999999.0
19.452793 18.690435 18.697796 18.626522 18.48942 18.09328 17.895884 17.8555 17.622728 17.582102 17.491966 17.442974 17.49731 17.393192 17.118868 16.826902 16.909363 16.977802 17.009811 17.16141 17.314163 17.36493 17.472874 17.425644 17.413757 17.464197 17.526361 17.634554 17.665358 17.677597 17.647097 17.4725 17.274004 17.062584 16.780813 16.427307 15.937349 15.257399 14.687983 14.392277 14.173364 14.110223 13.858699 13.486914 12.8515215 12.102261 11.195134 -999999.0 -999999.0 -999999.0 -999999.0 -999999.0 -999999.0 -999999.0 -999999.0 -999999.0 -999999.0 -999999.0 -999999.0 -999999.0
19.611084 19.869173 18.65079 18.534046 18.406794 18.07314 17.683624 17.405825 17.458202 17.455227 17.229252 17.138445 17.028538 16.80628 16.424374 16.305107 16.533388 16.847532 17.108198 17.097227 17.043684 16.97067 17.087307 17.12447 17.117538 17.158667 17.35098 17.487814 17.408691 17.410671 17.400589 17.277987 17.126537 16.890995 16.536337 16.180378 15.7897215 15.27386 14.874897 14.673541 14.345257 14.098332 13.747926 13.263236 12.651816 11.982094 11.134562 -999999.0 -999999.0 -999999.0 -999999.0 -999999.0 -999999.0 -999999.0 -999999.0 -999999.0 -999999.0 -999999.0 -999999.0 -999999.0
19.795994 20.129173 18.569244 18.541922 18.299694 18.03006 17.64064 17.199036 17.030783 17.2682 17.029984 16.664408 16.409216 16.206081 15.7515335 15.7089815 16.114702 16.408241 16.82738 16.862808 16.707052 16.657595 16.739014 16.868933 16.934752 16.966555 17.168587 17.344826 17.297926 17.241385 17.127022 16.989727 16.728111 16.553665 16.215786 15.864416 15.529067 15.163868 14.854357 14.706117 14.458922 14.123876 13.702118 13.130849 12.566581 11.946993 11.189268 10.280304 -999999.0 -999999.0 -999999.0 -999999.0 -999999.0 -999999.0 -999999.0 -999999.0 -999999.0 -999999.0 -999999.0 -999999.0
20.335144 20.39581 20.445932 20.263243 17.988813 17.720634 17.493866 17.091211 16.752996 16.50392 16.638227 16.120779 15.759698 15.541228 15.182021 15.297475 15.720862 15.93927 16.183052 16.308983 16.276125 16.242817 16.265005 16.409122 16.571993 16.661491 16.756409 16.897879 16.876118 16.87119 16.66774 16.569798 16.378714 16.161072 15.965043 15.707965 15.436827 15.168545 14.834602 14.5531 14.323236 14.092032 13.795535 13.267277 12.608487 12.0820675 11.305522 -999999.0 -999999.0 -999999.0 -999999.0 -999999.0 -999999.0 -999999.0 -999999.0 -999999.0 -999999.0 -999999.0 -999999.0 -999999.0
20.900486 20.826975 20.665052 20.329575 20.065289 19.791887 17.127178 16.81494 16.350805 15.896904 15.685114 16.137606 15.67862 15.321668 15.119447 15.2412 15.422493 15.689989 15.808653 15.89532 15.887036 15.809405 15.801624 15.842057 16.009708 16.233273 16.411242 16.548626 16.537275 16.523243 16.321714 16.223066 16.078968 15.870874 15.772684 15.688281 15.462437 15.200118 14.841364 14.429584 14.115352 13.976564 13.675483 13.177229 12.570126 12.00759 10.987733 -999999.0 -999999.0 -999999.0 -999999.0 -999999.0 -999999.0 -999999.0 -999999.0 -999999.0 -999999.0 -999999.0 -999999.0 -999999.0
20.991453 20.947775 20.579672 20.305729 20.18989 -999999.0 19.323174 18.613762 17.545185 15.663573 15.057245 15.480792 15.483275 15.224371 15.283958 15.29304 15.386269 15.646094 15.725415 15.601235 15.4971895 15.547962 15.501751 15.444869 15.647609 15.836697 16.057787 16.142595 16.085957 16.005745 15.866821 15.9471655 15.789992 15.532878 15.385968 15.375057 15.363964 15.237624 14.952841 14.364373 13.90054 13.750741 13.459696 12.910595 12.291794 -999999.0 10.52989 -999999.0 -999999.0 -999999.0 -999999.0 -999999.0 -999999.0 -999999.0 -999999.0 -999999.0 -999999.0 -999999.0 -999999.0 -999999.0
20.934244 21.080036 20.425783 20.2942 20.41054 -999999.0 19.392397 18.713047 18.105927 17.771746 17.810143 13.780427 14.659955 14.739615 15.089453 15.406967 15.501509 15.505914 15.545393 15.5097885 15.217884 15.325842 15.2748785 15.234275 15.415722 15.550989 15.539875 15.509018 15.522143 15.569766 15.607687 15.702994 15.549322 15.292763 15.153129 15.07916 15.060259 15.129452 15.094587 14.658625 14.0453005 13.573394 13.151499 12.658236 12.097389 11.396954 10.685779 10.142913 -999999.0 -999999.0 -999999.0 -999999.0 -999999.0 -999999.0 -999999.0 -999999.0 -999999.0 -999999.0 -999999.0 -999999.0
20.696041 20.84329 20.568459 20.25964 20.151356 19.888836 19.29355 18.78515 18.225943 17.90791 16.967894 15.65848 13.340034 14.114914 13.946795 14.39379 15.335122 15.360481 15.335591 15.405137 15.155971 15.081535 14.97424 15.029319 15.242229 15.365169 15.444561 15.402554 15.47914 15.4285965 15.360832 15.307924 15.178623 15.0419235 14.92593 14.811779 14.7723255 14.794115 14.832799 14.42488 13.867033 13.448887 12.912167 12.369829 11.842769 11.365305 10.865095 10.296529 -999999.0 -999999.0 -999999.0 -999999.0 -999999.0 -999999.0 -999999.0 -999999.0 -999999.0 -999999.0 -999999.0 -999999.0
20.163784 20.264776 20.091166 19.83629 19.805113 19.381388 18.905863 18.617336 18.327126 17.889442 17.594471 17.531475 13.144219 13.181737 13.575555 13.884748 14.326458 15.1956415 15.170742 15.152617 14.998554 14.81687 14.684368 14.670867 14.872508 14.996368 15.219234 15.321062 15.268476 15.120707 15.003167 14.764575 14.653882 14.620069 14.567019 14.479395 14.445124 14.315765 14.184509 13.810512 13.389605 13.243487 12.735921 12.206384 11.7000265 11.217892 10.698939 10.213069 -999999.0 -999999.0 -999999.0 -999999.0 -999999.0 -999999.0 -999999.0 -999999.0 -999999.0 -999999.0 -999999.0 -999999.0
20.02827 19.616865 19.645872 19.568396 19.280561 19.168211 18.567003 18.441025 18.26685 17.870378 17.643812 17.546875 17.421886 13.123385 13.566904 13.803272 14.082384 14.276799 15.132698 14.986689 14.851473 14.721005 14.508087 14.381072 14.400961 14.53145 14.71036 14.944476 14.909592 14.681377 14.411129 14.061122 13.87417 13.990857 14.038487 13.91671 13.927962 13.960564 13.766534 13.411716 13.126432 12.850205 12.297604 11.761971 11.346893 10.9465 10.507998 9.985729 9.592794 -999999.0 -999999.0 -999999.0 -999999.0 -999999.0 -999999.0 -999999.0 -999999.0 -999999.0 -999999.0 -999999.0
20.007149 19.75369 19.358562 19.303179 18.982199 18.64096 18.491793 18.304972 17.970547 17.755934 17.62253 17.462246 17.150526 16.841808 12.894833 13.720836 13.857976 13.998942 14.903389 14.77462 14.624944 14.522181 14.265767 14.020229 13.91457 13.968219 14.133538 14.434308 14.481505 14.189514 13.845315 13.428165 12.987567 13.32392 13.363352 13.265157 13.326172 13.51399 13.412383 13.086752 12.674493 12.196757 11.633999 11.310932 11.020545 -999999.0 -999999.0 -999999.0 -999999.0 -999999.0 -999999.0 -999999.0 -999999.0 -999999.0 -999999.0 -999999.0 -999999.0 -999999.0 -999999.0 -999999.0
19.6717 19.35427 19.020731 18.740042 18.459585 18.101957 17.58572 18.469805 18.005398 17.75467 17.615805 17.440895 17.142345 16.574026 15.75317 13.54646 13.658861 13.671639 13.455859 14.426766 14.315209 14.083573 13.834589 13.634317 13.475692 13.418362 13.481925 13.710297 13.771376 13.583462 13.340465 13.060828 12.7768 12.81476 12.889011 12.714835 12.745388 13.007414 12.930407 12.6954565 12.306818 11.877637 11.246501 10.934118 -999999.0 -999999.0 -999999.0 -999999.0 -999999.0 -999999.0 -999999.0 -999999.0 -999999.0 -999999.0 -999999.0 -999999.0 -999999.0 -999999.0 -999999.0 -999999.0
19.13348 18.668636 18.238104 17.441225 17.894407 17.690527 17.298199 16.96583 18.091236 17.699308 17.456457 17.447239 17.18116 16.680603 15.723557 15.320948 13.853194 13.346975 13.113305 13.965848 13.736511 13.44117 13.256307 13.189822 12.97023 12.970517 12.8577795 13.103782 13.218424 13.032802 12.79113 12.668468 12.581161 12.616623 12.673235 12.677332 12.781904 12.618333 12.512513 12.302036 12.021368 11.514431 10.960339 10.62678 -999999.0 -999999.0 -999999.0 -999999.0 -999999.0 -999999.0 -999999.0 -999999.0 -999999.0 -999999.0 -999999.0 -999999.0 -999999.0 -999999.0 -999999.0 -999999.0
18.50745 18.260645 17.82089 16.92278 16.626204 16.909046 17.178755 17.014069 16.9813 17.783615 17.303566 17.10294 16.863886 16.587152 16.184042 15.305636 15.157412 13.090793 12.930343 12.526687 13.101471 12.80003 12.539427 12.389346 12.460472 12.621891 12.793882 12.82551 12.765437 12.600509 12.412785 12.352262 12.35763 12.325925 12.463424 12.5292015 12.267867 12.099886 11.951875 11.927046 11.809825 11.087837 -999999.0 -999999.0 -999999.0 -999999.0 -999999.0 -999999.0 -999999.0 -999999.0 -999999.0 -999999.0 -999999.0 -999999.0 -999999.0 -999999.0 -999999.0 -999999.0 -999999.0 -999999.0
17.886692 17.92597 17.525972 16.440823 16.218582 16.125065 16.334072 17.03294 16.75032 17.735447 17.225899 16.83355 16.547571 16.304737 15.887509 15.6086235 15.12514 15.013608 12.810118 12.378022 11.858258 12.35041 11.891041 11.672673 12.019903 12.2713995 12.780983 12.73781 12.323505 12.274876 12.188711 12.2163725 12.396916 12.399866 12.185004 11.899743 11.66373 11.460898 -999999.0 -999999.0 -999999.0 -999999.0 -999999.0 -999999.0 -999999.0 -999999.0 -999999.0 -999999.0 -999999.0 -999999.0 -999999.0 -999999.0 -999999.0 -999999.0 -999999.0 -999999.0 -999999.0 -999999.0 -999999.0 -999999.0
17.376917 17.410044 17.057962 15.971247 15.98901 15.818758 15.722664 16.019516 16.18601 17.472445 17.229122 16.813858 16.465746 16.271574 15.495977 15.28469 15.025185 15.035117 12.716984 12.312812 11.746162 11.263357 11.74344 11.5625105 11.407198 11.92606 12.307966 12.217355 11.92271 11.999193 12.111994 12.27701 12.590927 12.533207 12.069983 11.491656 -999999.0 -999999.0 -999999.0 -999999.0 -999999.0 -999999.0 -999999.0 -999999.0 -999999.0 -999999.0 -999999.0 -999999.0 -999999.0 -999999.0 -999999.0 -999999.0 -999999.0 -999999.0 -999999.0 -999999.0 -999999.0 -999999.0 -999999.0 -999999.0
17.02054 16.983376 16.797884 16.613958 15.770346 15.70811 15.710829 15.892369 15.847046 15.719341 17.147264 16.798367 16.349855 16.040846 15.745023 14.878031 15.053605 15.063215 14.8684025 12.402963 11.811781 11.297532 10.748503 11.428665 11.244594 10.77313 11.384322 11.184611 11.195095 11.508781 11.805721 11.716417 12.050455 11.774576 11.196059 -999999.0 -999999.0 -999999.0 -999999.0 -999999.0 -999999.0 -999999.0 -999999.0 -999999.0 -999999.0 -999999.0 -999999.0 -999999.0 -999999.0 -999999.0 -999999.0 -999999.0 -999999.0 -999999.0 -999999.0 -999999.0 -999999.0 -999999.0 -999999.0 -999999.0
16.50912 16.578268 16.58213 16.441898 16.398045 15.435536 15.568025 15.788681 15.72316 15.598651 17.03208 16.638468 16.177486 15.754471 15.487525 15.355748 14.21849 15.107203 14.839944 12.454667 11.855397 11.234796 10.620633 10.217941 11.204062 10.424515 -999999.0 -999999.0 -999999.0 -999999.0 -999999.0 -999999.0 -999999.0 -999999.0 -999999.0 -999999.0 -999999.0 -999999.0 -999999.0 -999999.0 -999999.0 -999999.0 -999999.0 -999999.0 -999999.0 -999999.0 -999999.0 -999999.0 -999999.0 -999999.0 -999999.0 -999999.0 -999999.0 -999999.0 -999999.0 -999999.0 -999999.0 -999999.0 -999999.0 -999999.0
16.234793 16.248013 16.258581 16.24822 16.180902 15.337175 15.33968 15.533618 15.531206 15.425875 16.452154 16.439169 15.989438 15.545092 15.254128 15.101463 13.48265 13.339714 14.308925 13.577483 11.647047 11.05988 10.451604 9.786196 -999999.0 10.559764 -999999.0 -999999.0 -999999.0 -999999.0 -999999.0 -999999.0 -999999.0 -999999.0 -999999.0 -999999.0 -999999.0 -999999.0 -999999.0 -999999.0 -999999.0 -999999.0 -999999.0 -999999.0 -999999.0 -999999.0 -999999.0 -999999.0 -999999.0 -999999.0 -999999.0 -999999.0 -999999.0 -999999.0 -999999.0 -999999.0 -999999.0 -999999.0 -999999.0 -999999.0
16.061998 16.087143 15.979753 15.941057 15.94838 15.985537 15.495634 15.322855 15.311279 15.254551 15.141506 16.164663 15.831647 15.343348 14.74548 15.235007 14.92752 12.759704 12.575478 12.984364 12.078159 -999999.0 10.298958 -999999.0 -999999.0 -999999.0 -999999.0 -999999.0 -999999.0 -999999.0 -999999.0 -999999.0 -999999.0 -999999.0 -999999.0 -999999.0 -999999.0 -999999.0 -999999.0 -999999.0 -999999.0 -999999.0 -999999.0 -999999.0 -999999.0 -999999.0 -999999.0 -999999.0 -999999.0 -999999.0 -999999.0 -999999.0 -999999.0 -999999.0 -999999.0 -999999.0 -999999.0 -999999.0 -999999.0 -999999.0
16.24596 15.837622 15.782838 15.623816 15.65698 15.838499 15.997368 16.270592 15.184809 15.085486 15.039044 15.082271 15.9228115 15.428205 14.860396 14.775835 15.5564785 14.944652 13.552151 11.98477 11.728138 10.632103 -999999.0 -999999.0 -999999.0 -999999.0 -999999.0 -999999.0 -999999.0 -999999.0 -999999.0 -999999.0 -999999.0 -999999.0 -999999.0 -999999.0 -999999.0 -999999.0 -999999.0 -999999.0 -999999.0 -999999.0 -999999.0 -999999.0 -999999.0 -999999.0 -999999.0 -999999.0 -999999.0 -999999.0 -999999.0 -999999.0 -999999.0 -999999.0 -999999.0 -999999.0 -999999.0 -999999.0 -999999.0 -999999.0
16.207932 16.18464 15.549648 15.397905 15.429861 15.645712 15.952684 16.412151 16.341133 15.32104 14.945012 14.898586 15.979111 15.750939 15.530623 15.35741 15.01723 15.665353 14.209115 -999999.0 -999999.0 -999999.0 -999999.0 -999999.0 -999999.0 -999999.0 -999999.0 -999999.0 -999999.0 -999999.0 -999999.0 -999999.0 -999999.0 -999999.0 -999999.0 -999999.0 -999999.0 -999999.0 -999999.0 -999999.0 -999999.0 -999999.0 -999999.0 -999999.0 -999999.0 -999999.0 -999999.0 -999999.0 -999999.0 -999999.0 -999999.0 -999999.0 -999999.0 -999999.0 -999999.0 -999999.0 -999999.0 -999999.0 -999999.0 -999999.0
16.100605 16.04199 15.318452 15.084981 15.088562 15.349074 15.737442 16.091307 16.098188 16.15212 16.167393 14.733937 14.598076 16.02932 15.914153 15.456465 15.093336 15.053104 -999999.0 -999999.0 -999999.0 -999999.0 -999999.0 -999999.0 -999999.0 -999999.0 -999999.0 -999999.0 -999999.0 -999999.0 -999999.0 -999999.0 -999999.0 -999999.0 -999999.0 -999999.0 -999999.0 -999999.0 -999999.0 -999999.0 -999999.0 -999999.0 -999999.0 -999999.0 -999999.0 -999999.0 -999999.0 -999999.0 -999999.0 -999999.0 -999999.0 -999999.0 -999999.0 -999999.0 -999999.0 -999999.0 -999999.0 -999999.0 -999999.0 -999999.0
15.847598 15.706353 15.50077 14.797135 14.795495 15.134878 15.447126 15.666305 15.840715 16.040089 16.169466 16.159264 15.975279 14.522477 15.974478 15.2878 14.996888 15.244734 -999999.0 -999999.0 -999999.0 -999999.0 -999999.0 -999999.0 -999999.0 -999999.0 -999999.0 -999999.0 -999999.0 -999999.0 -999999.0 -999999.0 -999999.0 -999999.0 -999999.0 -999999.0 -999999.0 -999999.0 -999999.0 -999999.0 -999999.0 -999999.0 -999999.0 -999999.0 -999999.0 -999999.0 -999999.0 -999999.0 -999999.0 -999999.0 -999999.0 -999999.0 -999999.0 -999999.0 -999999.0 -999999.0 -999999.0 -999999.0 -999999.0 -999999.0
15.559837 15.452051 15.384558 15.242953 14.746038 14.937323 15.173951 15.3092575 15.530336 15.832031 16.018393 16.06332 16.001873 15.918062 14.818695 15.245722 14.834375 14.652941 -999999.0 -999999.0 -999999.0 -999999.0 -999999.0 -999999.0 -999999.0 -999999.0 -999999.0 -999999.0 -999999.0 -999999.0 -999999.0 -999999.0 -999999.0 -999999.0 -999999.0 -999999.0 -999999.0 -999999.0 -999999.0 -999999.0 -999999.0 -999999.0 -999999.0 -999999.0 -999999.0 -999999.0 -999999.0 -999999.0 -999999.0 -999999.0 -999999.0 -999999.0 -999999.0 -999999.0 -999999.0 -999999.0 -999999.0 -999999.0 -999999.0 -999999.0
