data/TNO-HT-ATES/HT-ATES_msz4/msz4__kh_P50_basecase_80-45-40.asc
ncols  140
nrows  163
xllcorner  0.0
yllcorner  300000.0
cellsize  2000.0
NODATA_value  -999999.0
[rows 81 to 107 of 163, columns 60 to 119 of 140]
157.41736 133.48102 54.928627 68.16729 70.55042 65.716805 69.466545 75.712204 94.619316 149.32701 195.96323 210.70842 192.89244 121.36622 56.586666 125.87794 144.56512 157.6425 58.10753 95.27373 156.76093 163.39256 174.12982 195.59094 213.40816 219.73517 237.75139 247.42537 204.97964 169.34923 152.45479 151.27301 133.55287 115.98454 116.090866 104.85151 82.78082 69.09792 62.9453 74.80133 64.869675 63.94109 59.147793 41.60312 27.432686 23.260328 17.70107 3.1394367 -999999.0 -999999.0 -999999.0 -999999.0 -999999.0 -999999.0 -999999.0 -999999.0 -999999.0 -999999.0 -999999.0 -999999.0
221.57916 209.71767 164.62361 125.72401 98.77426 109.84118 116.618614 120.88885 143.83675 122.813705 180.24678 217.44034 217.63808 181.81331 121.957664 147.93767 160.37201 170.52557 99.75341 91.25658 134.2137 122.47696 161.32117 176.03088 195.33305 209.05542 206.6633 179.9566 130.69331 115.0427 128.82414 122.953575 109.12332 99.428375 92.143524 84.03643 74.91216 60.88288 60.367775 62.82182 61.91988 57.950134 52.538647 40.844025 31.094648 29.798834 19.850481 -999999.0 -999999.0 -999999.0 -999999.0 -999999.0 -999999.0 -999999.0 -999999.0 -999999.0 -999999.0 -999999.0 -999999.0 -999999.0
293.5959 297.63336 288.14975 213.55919 101.95049 34.82299 153.18997 154.56451 187.66556 116.2171 72.16002 295.9646 254.26167 223.95737 189.85393 173.22913 174.84024 163.83739 121.20391 73.487076 121.14442 111.14118 137.72887 190.51117 209.98973 199.43608 182.00354 149.13345 121.18296 112.46692 109.100876 107.482574 92.96978 84.86539 81.68696 71.37705 63.83739 59.86129 62.116592 55.799145 59.036488 57.803856 50.511192 43.8288 33.62219 26.049091 9.996139 -999999.0 -999999.0 -999999.0 -999999.0 -999999.0 -999999.0 -999999.0 -999999.0 -999999.0 -999999.0 -999999.0 -999999.0 -999999.0
350.63898 381.44186 440.94714 302.9388 89.94525 -999999.0 26.094048 59.335552 127.77132 265.88815 23.921558 80.73479 210.23628 245.46635 272.82706 216.95967 194.70583 143.87016 118.82693 106.17842 114.39624 110.01454 113.21783 149.99739 184.97125 169.00552 141.47523 139.09724 124.61532 116.387596 103.23906 98.707146 84.069725 71.8004 67.74444 62.493725 55.384777 50.38389 57.505486 50.2002 46.59426 47.064022 42.644634 37.949574 27.915422 -999999.0 1.08546 -999999.0 -999999.0 -999999.0 -999999.0 -999999.0 -999999.0 -999999.0 -999999.0 -999999.0 -999999.0 -999999.0 -999999.0 -999999.0
342.654 468.36276 650.7231 435.77255 101.071175 -999999.0 74.627495 134.2602 185.01683 300.72165 403.3678 166.73872 272.03433 263.5868 284.92892 257.6552 232.77321 160.87871 130.83044 100.40952 99.1738 109.32623 102.06629 111.6149 138.0094 138.51338 137.59917 134.36244 113.60422 99.78772 97.07163 90.93691 78.021576 63.371437 53.491295 46.525364 49.83205 48.276978 49.799164 47.649532 47.273514 39.571465 35.345757 31.909435 25.036716 14.047454 6.373862 0.45444557 -999999.0 -999999.0 -999999.0 -999999.0 -999999.0 -999999.0 -999999.0 -999999.0 -999999.0 -999999.0 -999999.0 -999999.0
322.18948 360.02368 475.79648 464.70737 239.391 173.51244 207.5043 231.45392 282.1087 393.8783 259.20883 183.71576 275.599 249.06517 200.97026 227.89578 222.32222 173.9233 158.3052 144.76779 110.89476 105.392746 107.8106 112.30793 110.173416 117.52674 124.29441 120.275856 99.649376 91.096756 83.525276 71.94041 61.3346 54.3569 47.818916 41.360203 45.124935 40.83923 41.099224 36.682003 31.778957 28.743061 29.08294 29.552986 20.646318 16.693422 11.896958 6.0040364 -999999.0 -999999.0 -999999.0 -999999.0 -999999.0 -999999.0 -999999.0 -999999.0 -999999.0 -999999.0 -999999.0 -999999.0
384.98553 416.45187 511.04053 592.28766 420.2838 409.33066 432.8126 386.35706 360.64807 428.4451 397.09082 210.60411 301.15356 285.5857 200.96204 169.96657 150.91364 136.2098 135.28745 143.63995 118.150856 101.75764 97.105316 103.15568 104.5154 103.78392 117.68884 104.89924 96.56003 76.28961 66.02424 51.91126 49.880154 44.47209 42.42464 35.761784 32.408264 29.310244 32.526955 29.695024 24.924685 22.970152 28.144398 28.921783 16.308775 11.70698 8.464212 5.2795815 -999999.0 -999999.0 -999999.0 -999999.0 -999999.0 -999999.0 -999999.0 -999999.0 -999999.0 -999999.0 -999999.0 -999999.0
646.9484 495.4113 577.6694 575.5885 540.7136 622.3694 703.248 561.7675 386.48645 441.04422 398.36212 209.73827 100.49326 309.4859 200.22992 144.50969 110.80841 99.4811 110.84776 117.11874 115.19963 98.34649 85.472176 92.663925 94.161156 97.57627 103.14012 105.45688 89.2428 64.24738 53.819344 47.89576 43.9293 41.125473 39.10557 31.196783 28.002602 25.388474 28.019707 28.705896 24.87513 19.253706 19.846273 14.812102 11.087144 5.544958 3.6657813 3.2227647 1.5095305 -999999.0 -999999.0 -999999.0 -999999.0 -999999.0 -999999.0 -999999.0 -999999.0 -999999.0 -999999.0 -999999.0
610.92194 623.30286 547.84033 515.8666 482.70132 443.7186 741.70953 633.40155 595.8122 517.25946 418.78387 327.16632 243.70099 91.65301 114.5569 107.90661 98.68591 97.89019 105.117874 99.909386 104.895294 97.10565 86.44843 80.78978 82.06653 81.84172 94.24073 129.44234 88.74387 55.32776 44.682228 38.168823 23.9418 34.899513 31.52146 20.926338 22.41401 27.57866 28.89472 28.753586 27.221346 23.108812 15.115466 6.222793 2.646429 -999999.0 -999999.0 -999999.0 -999999.0 -999999.0 -999999.0 -999999.0 -999999.0 -999999.0 -999999.0 -999999.0 -999999.0 -999999.0 -999999.0 -999999.0
486.24835 519.9636 552.4958 360.16177 320.7499 289.92184 286.32272 332.1139 402.98126 447.293 415.6589 435.99362 372.68076 170.9074 130.06801 102.01015 101.539734 97.39517 95.27498 90.57162 98.85788 101.4053 84.4331 71.06926 67.40087 64.65242 70.6087 83.96525 70.7556 54.54835 43.06597 30.883787 26.435905 21.246593 21.652822 16.174961 17.510025 23.261974 27.305954 29.199919 27.814314 24.669733 19.256844 3.769464 -999999.0 -999999.0 -999999.0 -999999.0 -999999.0 -999999.0 -999999.0 -999999.0 -999999.0 -999999.0 -999999.0 -999999.0 -999999.0 -999999.0 -999999.0 -999999.0
364.07214 442.15714 504.5496 171.76894 234.22668 238.61685 256.73843 351.4188 290.61118 379.42902 387.3646 484.99396 405.62332 188.74861 117.31639 94.06857 105.207886 101.33174 92.85782 95.40802 83.87221 84.19012 74.272 59.334797 57.11184 57.845943 57.79819 62.290073 58.069057 52.72836 36.62603 26.909456 24.122862 23.410532 21.76688 23.369915 13.542162 21.632236 23.350103 24.8675 22.969028 18.004726 7.9080634 0.774504 -999999.0 -999999.0 -999999.0 -999999.0 -999999.0 -999999.0 -999999.0 -999999.0 -999999.0 -999999.0 -999999.0 -999999.0 -999999.0 -999999.0 -999999.0 -999999.0
422.4016 506.52826 605.91394 295.38034 387.73743 354.47583 291.77875 362.4619 356.9863 374.40976 406.66455 356.3246 211.26811 126.87124 127.55203 99.02311 82.80953 94.07088 93.011566 75.40031 76.2759 72.49958 59.479244 62.953613 60.235825 57.26065 61.598507 66.283554 55.246555 44.857716 31.737114 18.47724 15.470711 19.002314 23.974648 23.868298 20.079056 16.66122 15.00046 17.378382 17.523438 5.1498947 -999999.0 -999999.0 -999999.0 -999999.0 -999999.0 -999999.0 -999999.0 -999999.0 -999999.0 -999999.0 -999999.0 -999999.0 -999999.0 -999999.0 -999999.0 -999999.0 -999999.0 -999999.0
539.4826 482.45752 609.2322 404.45245 447.01547 427.515 323.36584 86.83268 194.4362 455.46738 453.21133 315.43915 142.2691 71.582695 112.413956 113.22451 88.19692 74.58538 82.095345 77.69181 69.92094 59.588326 61.088764 66.53962 63.239906 50.865395 54.518982 58.387657 42.24611 36.849873 27.29671 18.451717 24.457302 24.924635 25.450901 20.578505 14.160208 9.908907 -999999.0 -999999.0 -999999.0 -999999.0 -999999.0 -999999.0 -999999.0 -999999.0 -999999.0 -999999.0 -999999.0 -999999.0 -999999.0 -999999.0 -999999.0 -999999.0 -999999.0 -999999.0 -999999.0 -999999.0 -999999.0 -999999.0
616.8108 592.964 818.7467 628.1139 463.44855 412.73187 425.3816 519.94745 416.74686 465.78433 500.70706 401.39816 269.25684 149.0569 101.8864 102.26026 79.01099 68.30483 75.260704 67.4656 59.511745 56.11558 57.181538 59.130463 57.24253 43.584194 42.323776 38.12694 28.771687 28.188309 27.527328 29.171268 29.33916 31.802116 26.1509 14.911258 -999999.0 -999999.0 -999999.0 -999999.0 -999999.0 -999999.0 -999999.0 -999999.0 -999999.0 -999999.0 -999999.0 -999999.0 -999999.0 -999999.0 -999999.0 -999999.0 -999999.0 -999999.0 -999999.0 -999999.0 -999999.0 -999999.0 -999999.0 -999999.0
704.438 674.98816 777.23724 757.8381 542.959 483.4391 466.22653 468.4506 485.7582 537.7493 463.78207 418.925 351.80737 210.47247 142.09702 97.71679 91.97055 81.62605 94.93185 56.6849 57.548435 46.18292 34.15042 58.73711 51.71973 28.08626 18.54258 7.10723 8.066926 15.557442 15.566619 13.665337 18.805174 17.277891 11.35324 -999999.0 -999999.0 -999999.0 -999999.0 -999999.0 -999999.0 -999999.0 -999999.0 -999999.0 -999999.0 -999999.0 -999999.0 -999999.0 -999999.0 -999999.0 -999999.0 -999999.0 -999999.0 -999999.0 -999999.0 -999999.0 -999999.0 -999999.0 -999999.0 -999999.0
648.7897 687.8178 754.23627 702.5927 632.14655 521.71857 462.81638 431.4167 480.63058 488.13995 490.40607 417.78772 339.17313 268.16446 194.30862 176.38187 67.3454 118.88672 108.72942 45.541042 51.713226 45.006687 23.712555 16.524054 43.455135 18.997992 -999999.0 -999999.0 -999999.0 -999999.0 -999999.0 -999999.0 -999999.0 -999999.0 -999999.0 -999999.0 -999999.0 -999999.0 -999999.0 -999999.0 -999999.0 -999999.0 -999999.0 -999999.0 -999999.0 -999999.0 -999999.0 -999999.0 -999999.0 -999999.0 -999999.0 -999999.0 -999999.0 -999999.0 -999999.0 -999999.0 -999999.0 -999999.0 -999999.0 -999999.0
582.31604 611.6846 676.64703 604.268 557.62775 502.1039 512.055 479.2556 476.61136 474.38144 455.13904 395.6221 322.8374 258.4932 212.59895 124.182 68.52297 57.85789 104.193825 90.31692 32.546368 18.841276 6.8941493 3.980933 -999999.0 23.193136 -999999.0 -999999.0 -999999.0 -999999.0 -999999.0 -999999.0 -999999.0 -999999.0 -999999.0 -999999.0 -999999.0 -999999.0 -999999.0 -999999.0 -999999.0 -999999.0 -999999.0 -999999.0 -999999.0 -999999.0 -999999.0 -999999.0 -999999.0 -999999.0 -999999.0 -999999.0 -999999.0 -999999.0 -999999.0 -999999.0 -999999.0 -999999.0 -999999.0 -999999.0
526.49835 495.58313 532.50085 529.11273 488.1371 475.72482 463.17242 450.2388 431.25406 391.1305 399.4615 382.4357 338.59662 221.79892 123.33757 184.47453 202.9773 75.91926 62.937786 81.28209 43.527348 -999999.0 0.93330234 -999999.0 -999999.0 -999999.0 -999999.0 -999999.0 -999999.0 -999999.0 -999999.0 -999999.0 -999999.0 -999999.0 -999999.0 -999999.0 -999999.0 -999999.0 -999999.0 -999999.0 -999999.0 -999999.0 -999999.0 -999999.0 -999999.0 -999999.0 -999999.0 -999999.0 -999999.0 -999999.0 -999999.0 -999999.0 -999999.0 -999999.0 -999999.0 -999999.0 -999999.0 -999999.0 -999999.0 -999999.0
532.3145 457.0599 447.70197 476.07013 447.40128 434.36884 451.7196 458.61862 422.4923 348.61417 353.713 330.0353 302.39157 215.20016 141.69211 156.13857 216.18314 210.34906 112.688934 38.24607 28.583366 5.4287744 -999999.0 -999999.0 -999999.0 -999999.0 -999999.0 -999999.0 -999999.0 -999999.0 -999999.0 -999999.0 -999999.0 -999999.0 -999999.0 -999999.0 -999999.0 -999999.0 -999999.0 -999999.0 -999999.0 -999999.0 -999999.0 -999999.0 -999999.0 -999999.0 -999999.0 -999999.0 -999999.0 -999999.0 -999999.0 -999999.0 -999999.0 -999999.0 -999999.0 -999999.0 -999999.0 -999999.0 -999999.0 -999999.0
510.03467 491.69815 393.7122 401.882 405.40717 408.49036 418.46045 394.2818 431.22736 357.16193 268.32687 232.60901 279.41397 243.77527 241.0052 261.1769 231.384 209.07793 79.06789 -999999.0 -999999.0 -999999.0 -999999.0 -999999.0 -999999.0 -999999.0 -999999.0 -999999.0 -999999.0 -999999.0 -999999.0 -999999.0 -999999.0 -999999.0 -999999.0 -999999.0 -999999.0 -999999.0 -999999.0 -999999.0 -999999.0 -999999.0 -999999.0 -999999.0 -999999.0 -999999.0 -999999.0 -999999.0 -999999.0 -999999.0 -999999.0 -999999.0 -999999.0 -999999.0 -999999.0 -999999.0 -999999.0 -999999.0 -999999.0 -999999.0
475.07922 441.7235 302.6335 350.05762 412.4433 409.51685 401.8128 386.4874 396.9424 405.27567 409.20523 290.49136 240.02214 266.97293 256.46176 189.52159 269.80667 244.6044 -999999.0 -999999.0 -999999.0 -999999.0 -999999.0 -999999.0 -999999.0 -999999.0 -999999.0 -999999.0 -999999.0 -999999.0 -999999.0 -999999.0 -999999.0 -999999.0 -999999.0 -999999.0 -999999.0 -999999.0 -999999.0 -999999.0 -999999.0 -999999.0 -999999.0 -999999.0 -999999.0 -999999.0 -999999.0 -999999.0 -999999.0 -999999.0 -999999.0 -999999.0 -999999.0 -999999.0 -999999.0 -999999.0 -999999.0 -999999.0 -999999.0 -999999.0
444.24442 425.74472 395.32013 262.8626 327.90134 320.7992 362.97842 388.16666 392.90305 404.41486 372.10916 333.6339 261.77524 101.60013 219.37701 122.774704 177.82666 264.26425 -999999.0 -999999.0 -999999.0 -999999.0 -999999.0 -999999.0 -999999.0 -999999.0 -999999.0 -999999.0 -999999.0 -999999.0 -999999.0 -999999.0 -999999.0 -999999.0 -999999.0 -999999.0 -999999.0 -999999.0 -999999.0 -999999.0 -999999.0 -999999.0 -999999.0 -999999.0 -999999.0 -999999.0 -999999.0 -999999.0 -999999.0 -999999.0 -999999.0 -999999.0 -999999.0 -999999.0 -999999.0 -999999.0 -999999.0 -999999.0 -999999.0 -999999.0
395.29025 355.87378 301.9782 365.56342 186.73788 194.82231 242.35992 328.57193 365.36172 348.4093 354.92166 303.8578 245.67625 164.37056 73.26067 111.17483 80.10715 96.04028 -999999.0 -999999.0 -999999.0 -999999.0 -999999.0 -999999.0 -999999.0 -999999.0 -999999.0 -999999.0 -999999.0 -999999.0 -999999.0 -999999.0 -999999.0 -999999.0 -999999.0 -999999.0 -999999.0 -999999.0 -999999.0 -999999.0 -999999.0 -999999.0 -999999.0 -999999.0 -999999.0 -999999.0 -999999.0 -999999.0 -999999.0 -999999.0 -999999.0 -999999.0 -999999.0 -999999.0 -999999.0 -999999.0 -999999.0 -999999.0 -999999.0 -999999.0
350.0894 240.32033 229.27948 299.3035 72.26298 121.33721 240.85309 272.2278 344.25137 315.5914 272.14938 238.50174 218.82178 162.0308 141.92624 71.95169 15.385319 -999999.0 -999999.0 -999999.0 -999999.0 -999999.0 -999999.0 -999999.0 -999999.0 -999999.0 -999999.0 -999999.0 -999999.0 -999999.0 -999999.0 -999999.0 -999999.0 -999999.0 -999999.0 -999999.0 -999999.0 -999999.0 -999999.0 -999999.0 -999999.0 -999999.0 -999999.0 -999999.0 -999999.0 -999999.0 -999999.0 -999999.0 -999999.0 -999999.0 -999999.0 -999999.0 -999999.0 -999999.0 -999999.0 -999999.0 -999999.0 -999999.0 -999999.0 -999999.0
349.24942 202.97809 232.77956 271.49692 131.49971 70.89684 295.8914 406.14175 381.67084 273.05765 213.07974 198.76118 181.3867 135.16806 166.00981 63.0951 -999999.0 -999999.0 -999999.0 -999999.0 -999999.0 -999999.0 -999999.0 -999999.0 -999999.0 -999999.0 -999999.0 -999999.0 -999999.0 -999999.0 -999999.0 -999999.0 -999999.0 -999999.0 -999999.0 -999999.0 -999999.0 -999999.0 -999999.0 -999999.0 -999999.0 -999999.0 -999999.0 -999999.0 -999999.0 -999999.0 -999999.0 -999999.0 -999999.0 -999999.0 -999999.0 -999999.0 -999999.0 -999999.0 -999999.0 -999999.0 -999999.0 -999999.0 -999999.0 -999999.0
347.5263 286.08197 253.78697 288.50177 400.0704 314.35132 413.19275 519.2742 417.9256 324.00204 243.56732 179.0522 165.55441 180.92255 163.54105 50.205315 -999999.0 -999999.0 -999999.0 -999999.0 -999999.0 -999999.0 -999999.0 -999999.0 -999999.0 -999999.0 -999999.0 -999999.0 -999999.0 -999999.0 -999999.0 -999999.0 -999999.0 -999999.0 -999999.0 -999999.0 -999999.0 -999999.0 -999999.0 -999999.0 -999999.0 -999999.0 -999999.0 -999999.0 -999999.0 -999999.0 -999999.0 -999999.0 -999999.0 -999999.0 -999999.0 -999999.0 -999999.0 -999999.0 -999999.0 -999999.0 -999999.0 -999999.0 -999999.0 -999999.0
337.3193 303.74503 257.2568 264.9759 398.63782 571.06274 557.69574 560.1861 509.99542 512.002 268.44904 161.8806 119.01845 80.02222 -999999.0 -999999.0 -999999.0 -999999.0 -999999.0 -999999.0 -999999.0 -999999.0 -999999.0 -999999.0 -999999.0 -999999.0 -999999.0 -999999.0 -999999.0 -999999.0 -999999.0 -999999.0 -999999.0 -999999.0 -999999.0 -999999.0 -999999.0 -999999.0 -999999.0 -999999.0 -999999.0 -999999.0 -999999.0 -999999.0 -999999.0 -999999.0 -999999.0 -999999.0 -999999.0 -999999.0 -999999.0 -999999.0 -999999.0 -999999.0 -999999.0 -999999.0 -999999.0 -999999.0 -999999.0 -999999.0
