data/TNO-HT-ATES/HT-ATES_msz4/msz4__flowr_P50_basecase_80-45-40.asc
ncols  140
nrows  163
xllcorner  0.0
yllcorner  300000.0
cellsize  2000.0
NODATA_value  -999999.0
[rows 54 to 80 of 163, columns 61 to 121 of 140]
29.775183 19.809069 5.352494 -999999.0 -999999.0 -999999.0 -999999.0 -999999.0 -999999.0 -999999.0 -999999.0 -999999.0 -999999.0 -999999.0 -999999.0 -999999.0 -999999.0 -999999.0 -999999.0 9.214868 7.688307 2.263295 -999999.0 -999999.0 -999999.0 -999999.0 -999999.0 -999999.0 3.99616 11.055985 23.544277 40.9666 61.67079 76.74501 79.895935 65.439964 50.90047 29.661926 15.363511 0.7742967 1.0097833 -999999.0 3.984879 10.789501 1.2595415 -999999.0 -999999.0 -999999.0 -999999.0 -999999.0 -999999.0 -999999.0 -999999.0 -999999.0 -999999.0 -999999.0 -999999.0 -999999.0 -999999.0 -999999.0 -999999.0
16.050732 7.8454356 5.4065466 -999999.0 -999999.0 -999999.0 -999999.0 -999999.0 -999999.0 -999999.0 -999999.0 -999999.0 -999999.0 -999999.0 -999999.0 -999999.0 -999999.0 -999999.0 3.3941555 11.412993 8.436473 3.1943588 1.714322 0.9513461 -999999.0 -999999.0 2.939492 6.523219 11.788008 21.509157 35.05832 51.159237 68.57034 83.311615 88.355576 69.990875 56.32363 44.90683 31.885355 22.1345 15.433256 2.8491392 15.577074 35.457153 19.87177 -999999.0 -999999.0 -999999.0 -999999.0 -999999.0 -999999.0 -999999.0 -999999.0 -999999.0 -999999.0 -999999.0 -999999.0 -999999.0 -999999.0 -999999.0 -999999.0
14.430773 7.653258 2.898245 -999999.0 -999999.0 -999999.0 -999999.0 -999999.0 -999999.0 -999999.0 -999999.0 -999999.0 -999999.0 -999999.0 -999999.0 -999999.0 -999999.0 -999999.0 0.0 6.781087 2.358228 2.897417 2.7977057 1.3776991 2.0360749 2.9877334 4.4187183 9.379978 15.921756 26.303553 40.08566 62.14347 79.19007 80.22644 78.743576 64.33524 55.152596 52.361553 54.44525 59.560684 52.606853 43.831715 45.77882 52.9105 34.387356 6.9090157 -999999.0 -999999.0 -999999.0 -999999.0 -999999.0 -999999.0 -999999.0 -999999.0 -999999.0 -999999.0 -999999.0 -999999.0 -999999.0 -999999.0 -999999.0
14.448825 10.654771 6.031915 0.0 -999999.0 -999999.0 -999999.0 -999999.0 -999999.0 -999999.0 -999999.0 -999999.0 -999999.0 -999999.0 -999999.0 -999999.0 -999999.0 -999999.0 8.600088 8.041199 0.0 2.4377995 2.5841436 2.1156034 3.8613756 6.059397 6.9909415 10.027844 18.286066 24.199406 35.76293 52.92544 66.72291 65.51749 57.42538 45.716007 49.394524 54.563297 74.97267 91.23142 82.484566 71.1396 60.861465 50.00991 30.2799 7.9676657 -999999.0 -999999.0 -999999.0 -999999.0 -999999.0 -999999.0 -999999.0 -999999.0 -999999.0 -999999.0 -999999.0 -999999.0 -999999.0 -999999.0 -999999.0
20.006613 19.749813 11.96625 4.1744547 -999999.0 -999999.0 -999999.0 -999999.0 -999999.0 -999999.0 -999999.0 -999999.0 -999999.0 -999999.0 -999999.0 -999999.0 -999999.0 7.9446936 20.396042 12.743231 1.843549 0.87323904 1.3851146 1.4092077 4.2437234 7.5159106 8.638924 11.719966 16.65102 19.39682 24.034771 27.573057 35.82176 37.740105 31.242334 21.515366 29.906073 44.502495 64.40703 100.03827 104.87352 92.144554 82.7019 53.224876 15.011026 -999999.0 -999999.0 -999999.0 -999999.0 -999999.0 -999999.0 -999999.0 -999999.0 -999999.0 -999999.0 -999999.0 -999999.0 -999999.0 -999999.0 -999999.0 -999999.0
22.261894 24.94686 14.452443 3.1225202 -999999.0 -999999.0 -999999.0 -999999.0 0.0 -999999.0 -999999.0 -999999.0 -999999.0 -999999.0 -999999.0 -999999.0 -999999.0 16.169216 26.17192 17.853794 6.8207245 -999999.0 -999999.0 -999999.0 1.457309 8.558665 14.763936 17.684235 14.114019 13.06485 15.828212 12.411262 9.558772 17.483177 16.027107 5.844418 5.9540367 21.968063 39.879623 73.22021 97.62819 87.21454 81.589935 57.866016 29.743057 28.779448 -999999.0 -999999.0 -999999.0 -999999.0 -999999.0 -999999.0 -999999.0 -999999.0 -999999.0 -999999.0 -999999.0 -999999.0 -999999.0 -999999.0 -999999.0
21.086037 24.809856 6.313037 11.5079565 -999999.0 -999999.0 -999999.0 -999999.0 -999999.0 -999999.0 -999999.0 -999999.0 -999999.0 0.0 1.1177026 -999999.0 -999999.0 21.466633 25.186209 20.905254 18.323515 6.674515 -999999.0 -999999.0 -999999.0 4.760231 28.324873 34.381096 17.32258 11.9430275 13.731185 11.972076 15.455814 16.409761 15.924689 11.103715 2.5685825 12.9882965 32.940067 50.011356 76.15286 70.77657 79.109146 55.37632 35.404583 28.908821 -999999.0 -999999.0 -999999.0 -999999.0 -999999.0 -999999.0 -999999.0 -999999.0 -999999.0 -999999.0 -999999.0 -999999.0 -999999.0 -999999.0 -999999.0
20.3454 11.840607 6.0413766 14.221486 3.4613104 -999999.0 -999999.0 -999999.0 -999999.0 -999999.0 -999999.0 -999999.0 3.0703366 4.9278216 8.057702 14.9644985 37.378216 29.041357 24.671999 24.854036 24.667328 14.296394 6.5320287 3.2265744 -999999.0 -999999.0 33.228165 47.34936 32.50261 23.134867 26.05077 22.771278 31.181683 27.95302 36.353455 37.992462 12.41829 31.729427 56.44781 62.24932 60.439598 71.12557 82.13288 60.85243 34.53811 45.56578 -999999.0 -999999.0 -999999.0 -999999.0 -999999.0 -999999.0 -999999.0 -999999.0 -999999.0 -999999.0 -999999.0 -999999.0 -999999.0 -999999.0 -999999.0
12.946349 10.299837 10.072921 21.236757 18.050297 -999999.0 -999999.0 -999999.0 -999999.0 -999999.0 -999999.0 1.142084 2.4166176 1.9107233 14.353063 37.142166 47.63132 40.44031 30.228912 27.470453 27.746147 23.708294 17.53749 16.937243 10.533934 -999999.0 25.599754 38.92039 37.061222 32.78058 37.95397 34.23709 51.072174 52.460236 65.4385 65.776794 25.759956 54.789112 92.6695 112.4725 82.34736 100.99798 106.53219 79.80477 46.12431 38.181927 -999999.0 -999999.0 -999999.0 -999999.0 -999999.0 -999999.0 -999999.0 -999999.0 -999999.0 -999999.0 -999999.0 -999999.0 -999999.0 -999999.0 -999999.0
10.62841 10.176124 13.138967 22.198738 13.959392 -999999.0 -999999.0 -999999.0 -999999.0 -999999.0 -999999.0 1.9808972 3.685818 8.707341 26.369635 43.36931 43.102993 40.159428 35.610928 30.612461 30.848013 34.2591 29.516861 29.002327 19.802649 9.844237 18.76934 35.422836 58.512394 33.24763 40.47643 31.96447 56.450645 67.20245 87.49578 95.845726 77.497246 93.47113 112.36708 140.53557 112.170364 125.14045 108.12212 72.00766 36.451347 0.0 -999999.0 -999999.0 -999999.0 -999999.0 -999999.0 -999999.0 -999999.0 -999999.0 -999999.0 -999999.0 -999999.0 -999999.0 -999999.0 -999999.0 -999999.0
13.356129 9.08093 15.565801 25.082006 12.03073 -999999.0 -999999.0 -999999.0 -999999.0 -999999.0 -999999.0 -999999.0 4.5468674 19.910883 32.28446 34.748363 34.25606 34.555786 35.144802 34.209984 33.83781 46.904705 40.399303 37.904346 31.793272 25.149761 45.998554 54.9109 88.7748 92.47322 64.8939 30.323723 48.759403 71.609085 104.11705 122.03397 124.717834 124.01154 93.42724 102.98882 119.960464 105.66035 86.98712 57.94577 0.0 0.0 0.0 -999999.0 -999999.0 -999999.0 -999999.0 -999999.0 -999999.0 -999999.0 -999999.0 -999999.0 -999999.0 -999999.0 -999999.0 -999999.0 -999999.0
9.669839 6.28323 18.23833 20.770496 7.1721406 -999999.0 -999999.0 -999999.0 -999999.0 -999999.0 -999999.0 -999999.0 1.850734 14.030119 21.822426 21.70434 20.968187 22.30866 26.293432 31.49711 38.409042 51.111126 46.85405 52.425953 54.444645 45.47662 43.715244 68.775826 93.73684 88.52807 71.23063 43.283875 3.4857717 59.29815 96.35142 103.537094 102.73236 95.159004 64.436935 56.036175 80.752014 73.37683 54.39462 37.271492 0.0 0.0 0.0 -999999.0 -999999.0 -999999.0 -999999.0 -999999.0 -999999.0 -999999.0 -999999.0 -999999.0 -999999.0 -999999.0 -999999.0 -999999.0 -999999.0
6.112611 3.6641028 9.832115 12.490556 4.323018 -999999.0 -999999.0 -999999.0 -999999.0 -999999.0 0.0 -999999.0 2.043576 5.5581975 2.991418 -999999.0 -999999.0 -999999.0 1.7988724 21.284182 41.908974 59.708195 59.08127 67.478546 61.354652 34.479633 38.189117 71.13748 122.64978 112.801414 100.95433 71.782486 62.55344 78.910965 94.53973 95.89643 84.984726 74.007095 63.70381 72.595055 71.13331 52.26958 34.697117 0.0 0.0 0.0 -999999.0 -999999.0 -999999.0 -999999.0 -999999.0 -999999.0 -999999.0 -999999.0 -999999.0 -999999.0 -999999.0 -999999.0 -999999.0 -999999.0 -999999.0
4.7180758 0.9529577 3.594743 5.4606404 2.0826015 -999999.0 -999999.0 -999999.0 -999999.0 -999999.0 5.7421956 4.0808115 3.8209345 5.5426154 1.0909657 -999999.0 -999999.0 -999999.0 -999999.0 23.008532 52.437897 79.2213 84.87489 84.05332 60.37284 3.9006486 43.78821 79.238945 128.83699 146.4873 148.9534 124.7646 103.12502 90.56514 87.84199 85.71859 79.809616 73.32491 72.28527 88.62998 75.83525 49.48089 27.804787 0.0 0.0 0.0 -999999.0 -999999.0 -999999.0 -999999.0 -999999.0 -999999.0 -999999.0 -999999.0 -999999.0 -999999.0 -999999.0 -999999.0 -999999.0 -999999.0 -999999.0
5.527333 2.1812475 2.518889 1.9741626 -999999.0 -999999.0 5.3251786 5.9950943 4.8401537 6.042914 8.547644 9.49569 9.334651 12.131612 10.420486 -999999.0 -999999.0 -999999.0 -999999.0 42.652023 80.469734 114.59195 121.016205 111.58683 86.71869 60.30141 101.490906 138.82605 167.02977 163.01726 172.9185 147.65016 125.9986 107.42134 96.49949 68.19338 65.38149 73.98996 65.9902 101.92023 86.84604 35.644245 0.0 0.0 0.0 0.0 -999999.0 -999999.0 -999999.0 -999999.0 -999999.0 -999999.0 -999999.0 -999999.0 -999999.0 -999999.0 -999999.0 -999999.0 -999999.0 -999999.0 -999999.0
4.9974203 3.6526337 1.6211239 -999999.0 -999999.0 3.095537 9.426684 9.959118 11.453624 13.157544 13.784567 16.470257 16.489567 21.702906 22.886753 12.533131 -999999.0 -999999.0 21.767878 74.896095 117.39075 162.07869 166.70038 147.29434 130.77005 129.2498 160.16467 164.1379 164.80968 167.0354 181.31584 162.61942 144.59126 127.78908 101.94902 74.94026 72.37602 76.11783 58.804104 88.99804 6.612075 19.722216 0.0 0.0 0.0 0.0 -999999.0 -999999.0 -999999.0 -999999.0 -999999.0 -999999.0 -999999.0 -999999.0 -999999.0 -999999.0 -999999.0 -999999.0 -999999.0 -999999.0 -999999.0
3.5448306 3.1048844 1.1832262 -999999.0 2.024858 6.039282 8.377064 14.517592 17.228903 17.905804 22.72949 25.908907 29.984945 36.768585 39.313244 43.26446 34.514446 36.94008 71.404755 113.93182 155.24832 197.92812 183.9524 169.82007 163.1519 189.10408 200.31238 184.46085 190.28583 164.2978 172.27933 162.92793 156.29486 143.30508 116.6042 93.381096 88.35735 92.15365 93.60362 62.434307 22.668537 20.857143 6.83698 0.0 0.0 -999999.0 -999999.0 -999999.0 -999999.0 -999999.0 -999999.0 -999999.0 -999999.0 -999999.0 -999999.0 -999999.0 -999999.0 -999999.0 -999999.0 -999999.0 -999999.0
2.6243122 3.6530564 1.8813941 1.0305043 3.6749747 7.473886 12.563461 20.463892 19.499023 18.70684 24.783947 59.12007 47.5666 49.41478 53.248024 69.94415 82.48992 99.7993 128.40216 176.50241 199.22012 194.21526 193.47777 191.64201 208.93318 222.0007 223.74158 201.53618 203.14307 183.2987 202.60103 188.769 178.27957 158.15042 134.71342 110.3539 102.842255 101.73997 89.30132 23.705349 27.252602 18.174494 7.371935 0.0 -999999.0 -999999.0 -999999.0 -999999.0 -999999.0 -999999.0 -999999.0 -999999.0 -999999.0 -999999.0 -999999.0 -999999.0 -999999.0 -999999.0 -999999.0 -999999.0 -999999.0
4.1347103 4.921168 4.251652 4.918247 5.8324523 7.713321 11.241443 19.87798 24.783007 48.746086 84.83445 67.4457 59.201965 63.714794 72.55167 83.786766 117.24928 148.21529 179.83488 196.56458 185.22899 148.52849 158.05833 183.78564 199.8365 210.76677 225.5526 209.444 216.23767 197.75145 217.44017 197.27437 201.22418 191.38374 153.78319 129.3255 118.7219 111.889595 80.97966 29.848785 21.080956 30.007822 23.480572 0.0 -999999.0 -999999.0 -999999.0 -999999.0 -999999.0 -999999.0 -999999.0 -999999.0 -999999.0 -999999.0 -999999.0 -999999.0 -999999.0 -999999.0 -999999.0 -999999.0 -999999.0
7.3704486 6.3283305 5.62334 6.4818335 5.644673 4.0891066 11.899547 46.566578 61.454872 79.04833 104.32641 79.210075 83.04772 91.587746 97.30801 115.393974 165.89223 190.56044 190.6229 190.74968 170.4717 156.84042 138.30315 154.97084 175.19724 180.81145 201.76244 206.90367 239.46362 217.5572 225.72249 214.82378 203.38489 195.0553 167.57076 146.85579 125.92395 127.82337 88.366554 38.406464 13.777038 24.234463 12.142788 16.306051 0.0 -999999.0 -999999.0 -999999.0 -999999.0 -999999.0 -999999.0 -999999.0 -999999.0 -999999.0 -999999.0 -999999.0 -999999.0 -999999.0 -999999.0 -999999.0 -999999.0
8.552374 6.3140955 4.9080663 5.346795 8.838022 16.520872 32.605618 81.924164 90.53884 81.15783 69.76472 83.45973 97.561264 95.12231 99.50167 144.9333 186.37866 189.31091 185.82588 178.28029 159.97646 154.42831 142.76117 143.56998 157.72398 163.03502 187.00436 184.83385 230.12865 220.82568 227.85457 235.9802 223.26538 202.59421 180.6351 153.94551 89.826294 81.73929 62.281662 38.971832 23.915304 40.318893 35.742046 4.757363 0.0 0.0 -999999.0 -999999.0 -999999.0 -999999.0 -999999.0 -999999.0 -999999.0 -999999.0 -999999.0 -999999.0 -999999.0 -999999.0 -999999.0 -999999.0 -999999.0
5.8486733 4.002569 4.113432 4.5849347 17.693502 49.524853 91.16519 76.07779 62.92366 54.19775 56.946445 61.335514 77.598114 73.35503 85.129875 142.36993 167.3125 171.15941 160.67424 171.87921 153.60188 149.78484 143.10965 146.8432 155.47838 161.37099 174.27063 182.32715 221.08168 217.34227 245.34259 244.56076 235.19972 209.53653 182.97478 129.0032 23.519741 36.21411 53.444958 51.40344 37.11906 28.319845 24.18584 14.402453 0.0 0.0 0.0 -999999.0 -999999.0 -999999.0 -999999.0 -999999.0 -999999.0 -999999.0 -999999.0 -999999.0 -999999.0 -999999.0 -999999.0 -999999.0 -999999.0
2.0553508 1.3428967 2.7535806 8.717746 17.228 39.302853 74.66367 56.902714 32.47325 8.2587595 33.70494 70.34252 79.41014 85.35578 106.20293 137.94014 154.97086 158.5335 162.92245 150.57362 129.85983 143.01881 138.36903 141.89722 146.33417 155.27486 163.19972 178.3485 196.01639 207.1046 250.40555 242.14513 236.0139 218.29916 174.35435 108.48769 30.340292 20.399078 30.725214 35.309196 34.356773 24.168198 19.698305 21.231544 0.0 0.0 -999999.0 -999999.0 -999999.0 -999999.0 -999999.0 -999999.0 -999999.0 -999999.0 -999999.0 -999999.0 -999999.0 -999999.0 -999999.0 -999999.0 -999999.0
-999999.0 0.6337063 3.9084327 12.381314 12.653428 19.678701 48.33969 31.430904 14.149469 12.800719 44.842842 75.85024 77.873375 85.55917 100.25035 125.554504 145.69574 150.74901 152.55774 130.89787 114.733894 138.08023 130.33086 133.97844 148.88461 153.21729 178.35135 181.39532 179.44107 178.01743 225.68488 214.86972 209.81674 191.9321 123.6901 56.09409 36.5436 21.270378 16.29118 23.054235 24.208649 33.677116 22.944824 19.2763 6.4012437 0.0 -999999.0 -999999.0 -999999.0 -999999.0 -999999.0 -999999.0 -999999.0 -999999.0 -999999.0 -999999.0 -999999.0 -999999.0 -999999.0 -999999.0 -999999.0
-999999.0 -999999.0 3.0401728 9.7881 11.972368 15.555612 36.63278 22.127108 7.78461 49.608967 80.51817 76.947876 79.81033 72.2463 75.550934 87.83476 103.68183 130.35127 138.8984 126.144936 122.82927 130.22285 122.70546 126.05372 140.76123 141.82002 155.21031 166.01413 154.17345 148.1418 182.89438 168.27505 154.98032 133.58488 94.08417 51.60755 36.838234 25.405476 19.733948 23.469854 32.64566 31.741709 19.433783 10.589834 0.0 -999999.0 -999999.0 -999999.0 -999999.0 -999999.0 -999999.0 -999999.0 -999999.0 -999999.0 -999999.0 -999999.0 -999999.0 -999999.0 -999999.0 -999999.0 -999999.0
4.9598846 5.5520225 7.947916 11.189922 14.912837 18.295929 17.294724 33.73872 31.820265 78.44676 104.558945 83.35086 72.84157 61.931236 59.722412 63.128666 90.45603 106.0043 118.085594 132.53476 116.62822 115.21671 115.100586 123.18082 128.6352 133.79094 139.541 138.41325 126.77197 108.42247 123.86198 119.63404 119.02938 104.51597 79.36365 49.330975 35.09093 27.948336 24.828966 29.393147 29.382477 25.371967 17.87469 9.241372 0.0 0.0 -999999.0 -999999.0 -999999.0 -999999.0 -999999.0 -999999.0 -999999.0 -999999.0 -999999.0 -999999.0 -999999.0 -999999.0 -999999.0 -999999.0 -999999.0
51.59344 24.487204 24.212463 22.441837 19.0886 18.250826 24.532951 41.996708 57.31926 97.377785 113.21221 95.51766 75.723236 57.051777 57.442863 61.860367 72.10257 54.404694 69.71511 94.221756 101.630905 100.02197 103.63252 108.44964 113.95502 121.38125 136.09221 115.72662 96.11923 88.67609 87.52173 80.9108 74.29079 73.87438 60.64498 42.586555 30.584307 26.14374 25.997372 25.828777 22.728506 22.861795 16.060295 8.692438 0.0 0.0 -999999.0 -999999.0 -999999.0 -999999.0 -999999.0 -999999.0 -999999.0 -999999.0 -999999.0 -999999.0 -999999.0 -999999.0 -999999.0 -999999.0 -999999.0
