data/TNO-HT-ATES/HT-ATES_msz4/msz4__top_depth_basecase_80-45-40.asc
ncols  140
nrows  163
xllcorner  0.0
yllcorner  300000.0
cellsize  2000.0
NODATA_value  -999999.0
[rows 54 to 80 of 163, columns 61 to 121 of 140]
381.025 385.365 390.53497 -999999.0 -999999.0 -999999.0 -999999.0 -999999.0 -999999.0 -999999.0 -999999.0 -999999.0 -999999.0 -999999.0 -999999.0 -999999.0 -999999.0 -999999.0 -999999.0 309.055 304.15497 300.39752 296.02 -999999.0 -999999.0 -999999.0 -999999.0 262.245 253.57 243.985 233.69 223.2525 213.35 204.01999 194.2325 183.69 173.19751 164.0875 156.28 149.49251 149.8 -999999.0 150.35999 148.4525 143.295 126.725 -999999.0 -999999.0 -999999.0 -999999.0 -999999.0 -999999.0 -999999.0 -999999.0 -999999.0 -999999.0 -999999.0 -999999.0 -999999.0 -999999.0 -999999.0
378.115 382.365 384.24997 -999999.0 -999999.0 -999999.0 -999999.0 -999999.0 -999999.0 -999999.0 -999999.0 -999999.0 -999999.0 -999999.0 -999999.0 -999999.0 -999999.0 -999999.0 316.49747 309.2075 304.52 300.70996 295.91748 290.4675 -999999.0 -999999.0 270.22748 261.9975 252.8575 242.45749 231.51498 221.30249 211.875 202.885 194.5525 184.96999 176.16998 167.14 159.055 152.8825 150.4075 150.42249 147.81999 142.5025 135.7625 -999999.0 -999999.0 -999999.0 -999999.0 -999999.0 -999999.0 -999999.0 -999999.0 -999999.0 -999999.0 -999999.0 -999999.0 -999999.0 -999999.0 -999999.0 -999999.0
370.61002 375.39496 378.835 -999999.0 -999999.0 -999999.0 -999999.0 -999999.0 -999999.0 -999999.0 -999999.0 -999999.0 -999999.0 -999999.0 -999999.0 -999999.0 -999999.0 -999999.0 318.1175 311.43 307.1525 301.675 296.33 291.0175 284.99002 278.355 271.2475 262.5325 252.93251 241.8925 230.4075 218.685 209.0225 201.23001 194.13249 187.02249 178.75749 170.015 161.5975 153.935 148.4625 146.0975 142.76001 136.6925 128.29749 120.0275 -999999.0 -999999.0 -999999.0 -999999.0 -999999.0 -999999.0 -999999.0 -999999.0 -999999.0 -999999.0 -999999.0 -999999.0 -999999.0 -999999.0 -999999.0
363.6475 368.955 372.8125 375.58746 -999999.0 -999999.0 -999999.0 -999999.0 -999999.0 -999999.0 -999999.0 -999999.0 -999999.0 -999999.0 -999999.0 -999999.0 -999999.0 -999999.0 317.3275 312.54498 309.04 303.0575 297.53 292.01 285.88 279.1975 272.2625 263.5725 253.55 242.4925 230.165 217.6225 207.59749 200.4825 194.9 189.045 180.20749 171.2275 162.065 153.4175 147.57498 142.5 138.45 132.73999 123.1775 114.2025 -999999.0 -999999.0 -999999.0 -999999.0 -999999.0 -999999.0 -999999.0 -999999.0 -999999.0 -999999.0 -999999.0 -999999.0 -999999.0 -999999.0 -999999.0
357.56998 362.805 367.1375 370.565 -999999.0 -999999.0 -999999.0 -999999.0 -999999.0 -999999.0 -999999.0 -999999.0 -999999.0 -999999.0 -999999.0 -999999.0 -999999.0 323.375 316.15747 313.29248 310.6475 305.22247 299.4875 293.60248 287.235 280.43 273.51752 265.12747 255.26248 243.93 231.31999 218.27 207.6925 200.93001 195.98 190.62749 181.92749 172.23499 162.7675 151.8075 143.93001 136.795 132.63501 128.4975 123.6025 107.81999 -999999.0 -999999.0 -999999.0 -999999.0 -999999.0 -999999.0 -999999.0 -999999.0 -999999.0 -999999.0 -999999.0 -999999.0 -999999.0 -999999.0 -999999.0
352.22498 357.34 362.9425 367.535 -999999.0 -999999.0 -999999.0 -999999.0 364.415 -999999.0 -999999.0 -999999.0 -999999.0 -999999.0 -999999.0 -999999.0 -999999.0 323.77 317.39 314.6375 311.775 307.61 -999999.0 -999999.0 288.935 281.875 274.94498 267.0125 258.27 246.825 233.41998 219.58499 207.32748 202.09999 196.60999 191.0675 183.335 172.57501 162.36998 148.6875 134.635 130.04999 124.935 121.4375 117.06 102.0625 -999999.0 -999999.0 -999999.0 -999999.0 -999999.0 -999999.0 -999999.0 -999999.0 -999999.0 -999999.0 -999999.0 -999999.0 -999999.0 -999999.0 -999999.0
348.055 353.1825 362.11 361.53998 -999999.0 -999999.0 -999999.0 -999999.0 -999999.0 -999999.0 -999999.0 -999999.0 -999999.0 345.9575 342.1325 -999999.0 -999999.0 325.9875 321.025 317.0025 311.7775 308.495 303.85498 -999999.0 -999999.0 283.27997 276.11002 268.4025 261.06 249.98749 236.7575 223.825 212.1675 204.3275 196.56 188.4125 180.9975 169.9325 157.0475 143.7425 132.29248 128.2 118.697495 116.985 110.8675 103.07 -999999.0 -999999.0 -999999.0 -999999.0 -999999.0 -999999.0 -999999.0 -999999.0 -999999.0 -999999.0 -999999.0 -999999.0 -999999.0 -999999.0 -999999.0
345.315 354.2 358.8375 357.27002 364.63498 -999999.0 -999999.0 -999999.0 -999999.0 -999999.0 -999999.0 -999999.0 349.68 346.16248 342.45502 337.5525 329.18002 327.70248 324.75247 319.62 313.5625 309.72 304.76 297.6275 -999999.0 -999999.0 276.4975 268.01 260.27 250.29498 238.76498 227.90999 216.26001 206.8225 194.86 182.93 177.51498 164.1375 150.17249 137.435 131.175 125.159996 118.1425 112.822495 107.119995 102.7475 -999999.0 -999999.0 -999999.0 -999999.0 -999999.0 -999999.0 -999999.0 -999999.0 -999999.0 -999999.0 -999999.0 -999999.0 -999999.0 -999999.0 -999999.0
347.06747 352.1525 354.635 351.63998 353.445 -999999.0 -999999.0 -999999.0 -999999.0 -999999.0 -999999.0 352.545 350.4325 348.515 343.03497 334.61 329.945 328.48248 327.185 322.8225 316.5375 311.01498 305.5125 297.60498 290.51498 -999999.0 276.3675 267.1725 258.925 249.6375 239.3125 230.4925 218.805 207.59 192.67249 179.665 175.41751 159.81499 144.84 134.7475 134.06999 124.265 117.072495 111.9125 105.454994 102.115 -999999.0 -999999.0 -999999.0 -999999.0 -999999.0 -999999.0 -999999.0 -999999.0 -999999.0 -999999.0 -999999.0 -999999.0 -999999.0 -999999.0 -999999.0
348.00998 350.035 350.27002 347.645 350.94748 -999999.0 -999999.0 -999999.0 -999999.0 -999999.0 -999999.0 351.4025 350.05502 347.45248 341.61 335.84247 334.1875 332.1775 329.77 326.025 319.80002 312.43497 306.51248 298.5675 292.055 286.6775 277.7225 265.965 251.28 248.9175 239.6975 232.8925 221.9 208.19498 189.905 174.79999 168.79999 153.34248 139.72998 130.94751 133.75499 126.6375 117.049995 110.18 103.3225 98.2075 -999999.0 -999999.0 -999999.0 -999999.0 -999999.0 -999999.0 -999999.0 -999999.0 -999999.0 -999999.0 -999999.0 -999999.0 -999999.0 -999999.0 -999999.0
346.25748 347.61 345.04498 341.8625 346.90497 -999999.0 -999999.0 -999999.0 -999999.0 -999999.0 -999999.0 -999999.0 348.85248 344.43997 340.81 339.735 339.6025 337.40747 333.7725 329.12 323.03247 314.25748 308.11 299.9525 292.6375 285.995 274.09247 265.5975 250.64249 236.92499 226.8125 215.395 219.9775 203.67249 186.345 171.98499 163.54999 153.82 145.2975 137.85498 134.4175 128.71501 115.52249 106.25749 98.7 92.64 88.22 -999999.0 -999999.0 -999999.0 -999999.0 -999999.0 -999999.0 -999999.0 -999999.0 -999999.0 -999999.0 -999999.0 -999999.0 -999999.0 -999999.0
344.15747 344.60248 339.84747 338.88248 344.20752 -999999.0 -999999.0 -999999.0 -999999.0 -999999.0 -999999.0 -999999.0 348.0825 345.265 344.0125 344.34998 344.6775 343.0075 339.27 333.335 325.62747 317.16498 310.255 300.33002 290.845 283.175 278.01498 268.87253 255.73 241.4925 227.185 212.72249 204.61249 192.95248 182.69249 173.095 165.22 156.525 150.0575 143.0825 133.95 124.45 112.9375 102.295 93.774994 87.595 83.6925 -999999.0 -999999.0 -999999.0 -999999.0 -999999.0 -999999.0 -999999.0 -999999.0 -999999.0 -999999.0 -999999.0 -999999.0 -999999.0 -999999.0
340.0325 340.3775 338.1225 337.7175 341.54248 -999999.0 -999999.0 -999999.0 -999999.0 -999999.0 343.9075 -999999.0 345.88748 346.245 348.185 -999999.0 -999999.0 -999999.0 347.77252 338.9725 328.34 319.095 311.35 300.2875 291.465 287.425 282.2775 274.84497 260.0625 243.0625 227.89749 214.0175 202.22499 191.16501 182.01 173.9625 166.12 157.7125 150.08499 141.355 131.1075 120.009995 108.4775 97.435 89.31 83.8125 -999999.0 -999999.0 -999999.0 -999999.0 -999999.0 -999999.0 -999999.0 -999999.0 -999999.0 -999999.0 -999999.0 -999999.0 -999999.0 -999999.0 -999999.0
335.2525 336.4475 335.88998 336.03748 338.225 -999999.0 -999999.0 -999999.0 -999999.0 339.24667 338.76248 340.79248 342.8075 344.275 347.42502 -999999.0 -999999.0 -999999.0 -999999.0 341.175 329.555 319.39996 312.0875 302.8725 295.84747 292.255 283.94748 275.46002 261.21497 242.7925 228.67499 216.5475 206.0 195.485 184.875 175.61249 166.855 158.2625 149.9975 139.82751 128.50499 116.04749 103.12999 90.95249 84.07 81.509995 78.83666 -999999.0 -999999.0 -999999.0 -999999.0 -999999.0 -999999.0 -999999.0 -999999.0 -999999.0 -999999.0 -999999.0 -999999.0 -999999.0 -999999.0
330.16998 331.7825 332.27747 333.0475 -999999.0 -999999.0 333.85248 333.675 333.60498 333.76 334.45 336.13748 338.4675 339.7475 342.68 -999999.0 -999999.0 -999999.0 -999999.0 337.8525 325.835 315.7525 310.14252 305.42252 300.44998 293.33 281.3075 269.7975 258.79 246.1475 233.09749 221.01 209.67749 198.635 188.15999 179.00249 168.3 159.435 154.27249 139.575 127.3175 115.75 98.795 84.81749 81.2175 80.17 -999999.0 -999999.0 -999999.0 -999999.0 -999999.0 -999999.0 -999999.0 -999999.0 -999999.0 -999999.0 -999999.0 -999999.0 -999999.0 -999999.0 -999999.0
325.0875 326.41748 327.5875 328.46335 -999999.0 328.5375 327.3875 327.2975 326.4525 326.6025 328.08002 329.47748 331.90997 332.73248 334.7525 340.5725 -999999.0 -999999.0 343.91248 329.1475 316.835 307.19998 305.12 308.165 306.04752 294.0225 279.0875 269.395 261.2125 250.255 238.61499 226.36499 214.555 203.17249 192.41 181.9975 170.40001 162.51501 157.15 142.215 145.2475 117.53 96.4825 87.4425 82.939995 77.97749 -999999.0 -999999.0 -999999.0 -999999.0 -999999.0 -999999.0 -999999.0 -999999.0 -999999.0 -999999.0 -999999.0 -999999.0 -999999.0 -999999.0 -999999.0
320.09003 321.175 321.91498 -999999.0 322.22748 321.28 321.10248 319.3525 318.3625 318.85498 319.64252 321.5925 322.01752 323.41 323.90747 324.6775 331.2575 333.57 325.51752 314.275 304.2975 296.26248 301.70752 309.8375 311.775 293.7425 279.5075 270.44247 263.51498 254.5275 243.87 231.98999 220.57251 208.8225 197.84 187.305 176.0625 165.215 153.9975 146.78 138.495 117.91249 100.8275 90.6575 85.502495 -999999.0 -999999.0 -999999.0 -999999.0 -999999.0 -999999.0 -999999.0 -999999.0 -999999.0 -999999.0 -999999.0 -999999.0 -999999.0 -999999.0 -999999.0 -999999.0
314.7175 315.3325 315.9275 316.025 315.19 313.8975 312.34 309.8325 310.15 311.46 311.75748 306.10498 310.15747 313.10248 312.79752 310.8325 310.6525 308.85498 303.5075 294.1525 286.925 288.09 292.64252 297.625 297.31998 286.09 277.0525 269.56 262.8025 256.0275 247.72 237.4425 226.01498 214.6575 203.32498 193.495 182.6975 171.15 158.8675 152.465 135.42249 121.704994 103.395004 91.454994 -999999.0 -999999.0 -999999.0 -999999.0 -999999.0 -999999.0 -999999.0 -999999.0 -999999.0 -999999.0 -999999.0 -999999.0 -999999.0 -999999.0 -999999.0 -999999.0 -999999.0
308.74 309.44998 309.96 309.21 307.8175 306.28003 304.68997 301.98248 301.16248 295.9525 289.995 296.2925 300.49747 303.0475 302.9 299.52 294.405 290.5275 286.87 282.3975 278.9375 281.7675 285.19 285.675 285.8825 281.3075 275.06 269.19 263.7625 257.58002 251.1525 242.56 230.25499 218.6475 207.9775 198.26999 189.265 178.045 165.94249 151.3125 131.79999 119.972496 111.86499 91.8375 -999999.0 -999999.0 -999999.0 -999999.0 -999999.0 -999999.0 -999999.0 -999999.0 -999999.0 -999999.0 -999999.0 -999999.0 -999999.0 -999999.0 -999999.0 -999999.0 -999999.0
302.78 303.69498 303.8 302.39 300.6875 299.51752 296.35 286.0575 281.59247 278.2075 275.58252 283.81747 286.3225 288.665 288.1575 281.57748 275.3925 274.025 273.35748 271.66998 271.21 271.51498 272.72498 277.1725 279.2425 276.8625 273.22 268.235 263.3625 259.0775 253.885 245.8675 235.4475 223.2225 211.8125 200.8725 193.45248 186.69 171.4025 153.8875 136.145 124.2975 117.31 107.39 98.27 75.63 -999999.0 -999999.0 -999999.0 -999999.0 -999999.0 -999999.0 -999999.0 -999999.0 -999999.0 -999999.0 -999999.0 -999999.0 -999999.0 -999999.0 -999999.0
297.71002 298.225 297.66248 295.6025 292.08 287.81497 282.2 265.5075 262.44748 267.03748 272.675 272.6275 272.06 277.59747 277.5125 264.1225 257.52747 259.495 260.735 261.30002 261.2575 262.635 265.3825 269.3975 272.6875 272.78998 270.32248 266.76 262.9 259.1225 254.965 249.2625 240.36751 228.485 214.38 200.93748 199.22499 198.6925 179.11751 161.5975 144.99751 127.71999 116.435 109.955 94.92999 62.275 54.534996 -999999.0 -999999.0 -999999.0 -999999.0 -999999.0 -999999.0 -999999.0 -999999.0 -999999.0 -999999.0 -999999.0 -999999.0 -999999.0 -999999.0
293.25 293.0 290.9625 288.07498 281.26248 268.76 254.5425 257.66 260.77252 265.325 266.71002 267.8775 266.185 270.79498 270.65253 255.47498 249.97 250.3075 252.14249 251.58499 252.3675 254.535 257.7625 261.3175 265.0375 267.6025 267.2275 264.64252 261.28748 258.1175 255.4525 251.6925 245.81749 234.305 217.0525 200.08751 195.83249 188.51999 175.14499 161.57501 150.26248 133.04001 115.465 105.112495 90.13 71.0675 59.420002 -999999.0 -999999.0 -999999.0 -999999.0 -999999.0 -999999.0 -999999.0 -999999.0 -999999.0 -999999.0 -999999.0 -999999.0 -999999.0 -999999.0
289.3225 287.21497 283.5475 278.435 272.44998 263.31747 250.83249 253.78749 259.16248 265.32748 261.35498 254.555 253.69499 254.45999 251.23248 242.23499 237.29999 237.7275 239.11 240.9175 243.38249 246.4225 249.88748 253.0325 256.91 260.59747 267.20996 260.84747 257.3425 255.17749 253.0025 252.255 251.39499 241.525 220.125 200.31999 189.8725 180.535 170.4625 158.885 145.295 131.58 117.92 107.57749 94.6225 79.53249 -999999.0 -999999.0 -999999.0 -999999.0 -999999.0 -999999.0 -999999.0 -999999.0 -999999.0 -999999.0 -999999.0 -999999.0 -999999.0 -999999.0 -999999.0
-999999.0 279.1325 274.51 268.49 264.4575 258.82498 247.38748 247.9325 251.24 253.4175 248.56747 242.66249 242.62 240.95499 237.53499 231.35 224.1525 224.11499 227.4675 229.8125 232.9075 236.565 240.78 243.905 247.65749 250.9075 252.77501 252.28 250.97247 250.275 247.8525 248.68 249.20999 241.73499 221.65999 204.085 183.8575 172.35999 166.0675 156.0025 146.08499 132.8075 125.049995 119.09 101.072495 81.0975 63.739998 -999999.0 -999999.0 -999999.0 -999999.0 -999999.0 -999999.0 -999999.0 -999999.0 -999999.0 -999999.0 -999999.0 -999999.0 -999999.0 -999999.0
-999999.0 -999999.0 265.4275 259.69247 255.31499 250.56 240.1275 238.3625 240.0025 234.56 230.92499 230.94751 228.07999 227.8775 226.44499 223.86249 219.4675 216.0025 216.01251 218.28749 221.135 225.12251 229.6 233.4925 236.9 240.2175 242.1875 242.43999 243.52249 243.09248 241.23248 241.3825 237.9225 229.63998 215.26248 198.825 180.95749 169.12 161.78749 154.0325 144.57999 136.215 127.7625 115.994995 98.84999 -999999.0 -999999.0 -999999.0 -999999.0 -999999.0 -999999.0 -999999.0 -999999.0 -999999.0 -999999.0 -999999.0 -999999.0 -999999.0 -999999.0 -999999.0 -999999.0
263.64496 260.53 256.44 251.28 246.09999 241.53499 238.3425 227.9675 226.54251 219.76999 218.36751 218.37 214.795 213.00249 212.6875 213.135 210.31248 207.97751 208.03 207.155 209.32498 214.375 218.45999 222.09499 225.19499 227.98999 231.18999 233.395 234.90999 236.5275 235.075 232.17749 225.965 217.36499 205.41249 192.065 178.49 168.085 160.13 152.63 146.1 138.56999 129.17 114.27 95.9275 75.462494 -999999.0 -999999.0 -999999.0 -999999.0 -999999.0 -999999.0 -999999.0 -999999.0 -999999.0 -999999.0 -999999.0 -999999.0 -999999.0 -999999.0 -999999.0
285.56 250.5425 246.45999 242.35251 238.2375 234.15 227.34 220.225 216.9675 209.23499 205.4625 202.09 198.1875 196.1825 195.935 197.8875 199.17001 206.7125 205.7475 202.41 199.99998 203.6 207.36249 210.84 213.60251 216.32498 218.2375 221.17499 225.155 225.425 224.64001 221.8875 215.935 207.41 197.2525 186.12 175.2025 166.4025 159.54752 152.73749 145.95999 137.56248 127.49 112.22749 93.9625 73.2725 54.236664 -999999.0 -999999.0 -999999.0 -999999.0 -999999.0 -999999.0 -999999.0 -999999.0 -999999.0 -999999.0 -999999.0 -999999.0 -999999.0 -999999.0
