data/TNO-HT-ATES/HT-ATES_msz4/msz4__kh_P50_basecase_80-45-40.asc
ncols  140
nrows  163
xllcorner  0.0
yllcorner  300000.0
cellsize  2000.0
NODATA_value  -999999.0
[rows 54 to 80 of 163, columns 60 to 119 of 140]
45.54543 34.94005 22.748236 5.8241024 -999999.0 -999999.0 -999999.0 -999999.0 -999999.0 -999999.0 -999999.0 -999999.0 -999999.0 -999999.0 -999999.0 -999999.0 -999999.0 -999999.0 -999999.0 -999999.0 12.697974 10.392615 3.2713737 -999999.0 -999999.0 -999999.0 -999999.0 -999999.0 -999999.0 6.3895006 18.903969 43.85073 81.971504 127.83199 169.3722 181.37798 157.38867 129.06728 78.91923 41.74134 2.2945535 2.4384558 -999999.0 10.869658 30.022459 3.4060633 -999999.0 -999999.0 -999999.0 -999999.0 -999999.0 -999999.0 -999999.0 -999999.0 -999999.0 -999999.0 -999999.0 -999999.0 -999999.0 -999999.0
35.5304 18.509493 8.656745 5.965382 -999999.0 -999999.0 -999999.0 -999999.0 -999999.0 -999999.0 -999999.0 -999999.0 -999999.0 -999999.0 -999999.0 -999999.0 -999999.0 -999999.0 -999999.0 4.5555468 15.495794 11.392167 4.2992682 2.4292982 1.4334233 -999999.0 -999999.0 4.678436 10.212541 18.947615 38.48248 66.12245 102.97799 141.42184 182.29135 202.84169 166.8594 139.65714 118.3384 86.63914 61.58991 43.40985 7.828094 44.20472 108.07187 63.332336 -999999.0 -999999.0 -999999.0 -999999.0 -999999.0 -999999.0 -999999.0 -999999.0 -999999.0 -999999.0 -999999.0 -999999.0 -999999.0 -999999.0
26.956556 16.89393 8.860338 3.1430476 -999999.0 -999999.0 -999999.0 -999999.0 -999999.0 -999999.0 -999999.0 -999999.0 -999999.0 -999999.0 -999999.0 -999999.0 -999999.0 -999999.0 -999999.0 0.8810936 9.017109 3.1595013 3.9394336 3.8651552 2.0213478 2.7026837 4.3809443 6.892921 14.699577 26.817322 47.33546 75.73554 126.221504 168.671 176.3515 180.74625 151.39291 135.73846 134.88556 147.48941 168.16714 154.7556 131.28879 140.50294 171.37582 116.59046 23.211254 -999999.0 -999999.0 -999999.0 -999999.0 -999999.0 -999999.0 -999999.0 -999999.0 -999999.0 -999999.0 -999999.0 -999999.0 -999999.0
21.630548 17.347006 12.447147 6.8407125 0.6661559 -999999.0 -999999.0 -999999.0 -999999.0 -999999.0 -999999.0 -999999.0 -999999.0 -999999.0 -999999.0 -999999.0 -999999.0 -999999.0 -999999.0 11.431223 10.73126 0.9152328 3.3202696 3.3832078 3.176016 5.453243 9.124187 10.49289 16.173046 31.003878 42.8941 68.317726 107.38465 142.45021 143.92271 128.72318 105.23715 119.160675 140.71986 201.17303 261.21643 244.26859 220.63072 192.83862 165.0377 106.81111 28.880527 -999999.0 -999999.0 -999999.0 -999999.0 -999999.0 -999999.0 -999999.0 -999999.0 -999999.0 -999999.0 -999999.0 -999999.0 -999999.0
17.200739 24.742655 24.17965 14.140247 4.5720015 -999999.0 -999999.0 -999999.0 -999999.0 -999999.0 -999999.0 -999999.0 -999999.0 -999999.0 -999999.0 -999999.0 -999999.0 -999999.0 10.393727 27.731009 17.734169 2.4651413 1.2504902 1.967475 2.0525444 5.659657 10.926515 13.366593 18.141712 27.852001 33.76595 44.441143 54.129276 75.354614 80.64465 69.24564 47.45547 70.94608 110.72214 173.01561 289.29877 324.69556 296.8242 273.47476 181.16206 51.74483 -999999.0 -999999.0 -999999.0 -999999.0 -999999.0 -999999.0 -999999.0 -999999.0 -999999.0 -999999.0 -999999.0 -999999.0 -999999.0 -999999.0
13.000862 27.916452 30.77381 17.068329 3.709413 -999999.0 -999999.0 -999999.0 -999999.0 0.47897577 -999999.0 -999999.0 -999999.0 -999999.0 -999999.0 -999999.0 -999999.0 -999999.0 21.828972 35.91829 24.371035 9.065381 -999999.0 -999999.0 -999999.0 2.167017 12.713704 22.5504 28.602219 22.905903 21.94845 28.180264 23.623129 19.335955 36.41421 33.59217 12.467119 13.63776 53.93422 105.04016 215.17044 316.98834 293.73953 285.4574 208.78146 110.25569 121.77364 -999999.0 -999999.0 -999999.0 -999999.0 -999999.0 -999999.0 -999999.0 -999999.0 -999999.0 -999999.0 -999999.0 -999999.0 -999999.0
11.409836 26.739616 31.264292 7.222786 13.740464 -999999.0 -999999.0 -999999.0 -999999.0 -999999.0 -999999.0 -999999.0 -999999.0 -999999.0 0.8062313 1.4063945 -999999.0 -999999.0 28.452215 34.433903 28.92467 25.446709 9.046135 -999999.0 -999999.0 -999999.0 6.9861817 44.494446 55.794132 28.291456 19.788593 23.98146 22.239468 30.607807 33.44092 33.482292 24.774212 5.1001983 31.396805 87.9097 150.66818 249.18933 243.0306 294.29852 206.64536 137.62671 121.29968 -999999.0 -999999.0 -999999.0 -999999.0 -999999.0 -999999.0 -999999.0 -999999.0 -999999.0 -999999.0 -999999.0 -999999.0 -999999.0
18.11743 26.291327 14.204928 6.978104 17.379595 3.9378955 -999999.0 -999999.0 -999999.0 -999999.0 -999999.0 -999999.0 -999999.0 3.7187266 5.7599597 9.944145 19.091076 51.038757 39.390312 32.90437 34.406025 34.47277 19.59269 8.795648 4.4536166 -999999.0 -999999.0 52.994804 78.205605 53.904766 39.292885 46.24927 42.658817 62.866592 58.1282 80.414 90.1708 29.00381 81.45567 162.46358 194.57451 199.98727 247.23447 302.46155 234.9166 138.9416 191.95343 -999999.0 -999999.0 -999999.0 -999999.0 -999999.0 -999999.0 -999999.0 -999999.0 -999999.0 -999999.0 -999999.0 -999999.0 -999999.0
15.6139345 16.273787 12.644636 12.310181 26.515335 22.562132 -999999.0 -999999.0 -999999.0 -999999.0 -999999.0 -999999.0 1.37862 2.8166378 2.3987522 17.993532 50.03735 65.430046 55.09316 41.088573 37.627228 39.257286 33.171234 24.526878 24.115805 15.287212 -999999.0 40.069057 64.14823 62.372032 56.720585 68.19856 64.23784 100.92064 108.852646 147.67732 160.43958 60.533466 147.4573 278.32275 364.07178 269.43903 353.6864 398.9355 306.73105 189.86664 161.84389 -999999.0 -999999.0 -999999.0 -999999.0 -999999.0 -999999.0 -999999.0 -999999.0 -999999.0 -999999.0 -999999.0 -999999.0 -999999.0
12.366798 13.143752 12.400954 16.45685 28.090654 17.409513 -999999.0 -999999.0 -999999.0 -999999.0 -999999.0 -999999.0 2.332428 4.0050006 10.834909 33.93667 57.977722 57.162422 54.119656 48.203888 41.784317 42.618774 48.441727 42.469883 42.25467 29.005886 14.465274 29.275387 58.63384 101.979805 57.899624 72.84939 59.39675 112.90184 141.87302 204.76097 241.9545 200.01042 268.58514 351.7873 471.6561 368.0203 433.6363 406.6296 287.83667 152.81258 76.52118 -999999.0 -999999.0 -999999.0 -999999.0 -999999.0 -999999.0 -999999.0 -999999.0 -999999.0 -999999.0 -999999.0 -999999.0 -999999.0
20.011276 16.83188 11.190815 19.755144 33.083042 15.094525 -999999.0 -999999.0 -999999.0 -999999.0 -999999.0 -999999.0 -999999.0 5.454626 25.313427 41.85898 45.49817 44.552353 45.609028 47.008316 46.03824 46.11868 66.51143 58.141228 55.141487 47.260815 38.060684 74.11803 91.35216 157.78369 173.31534 125.94164 60.60419 97.1728 155.73961 244.07832 312.45938 334.89172 356.18002 279.27457 324.9566 391.97644 360.46707 330.04874 237.4616 106.33499 36.641884 9.332202 -999999.0 -999999.0 -999999.0 -999999.0 -999999.0 -999999.0 -999999.0 -999999.0 -999999.0 -999999.0 -999999.0 -999999.0
18.991262 11.912443 7.846374 23.594866 26.689697 8.920839 -999999.0 -999999.0 -999999.0 -999999.0 -999999.0 -999999.0 -999999.0 2.0145435 17.529432 28.105967 27.446186 26.38374 28.537254 33.970577 41.455074 52.580795 72.760765 68.33015 78.12687 84.52098 71.672676 69.35218 114.54019 163.61162 162.0667 139.43803 88.52389 6.6667542 132.57205 233.17862 261.41348 273.2524 266.1093 185.98111 168.4632 262.30334 255.27264 209.0499 153.8168 69.60071 11.216758 0.12952021 -999999.0 -999999.0 -999999.0 -999999.0 -999999.0 -999999.0 -999999.0 -999999.0 -999999.0 -999999.0 -999999.0 -999999.0
14.391549 7.535117 4.493764 12.416239 15.736696 5.3979683 -999999.0 -999999.0 -999999.0 -999999.0 -999999.0 0.9457905 -999999.0 2.4466631 6.691789 3.910564 -999999.0 -999999.0 -999999.0 2.1772227 27.021778 57.312893 84.621994 84.80171 101.16899 94.282 52.450417 59.32274 115.914764 210.256 206.36673 196.08218 146.56136 135.71173 179.64337 227.81293 241.58926 224.96931 207.97542 182.95758 223.79182 236.79866 189.74265 137.40033 105.05952 41.65548 6.3792987 -999999.0 -999999.0 -999999.0 -999999.0 -999999.0 -999999.0 -999999.0 -999999.0 -999999.0 -999999.0 -999999.0 -999999.0 -999999.0
12.205815 5.8272295 1.2158153 4.493994 6.7166247 2.5384243 -999999.0 -999999.0 -999999.0 -999999.0 -999999.0 7.002349 5.0233645 4.453172 6.7160954 1.3582858 -999999.0 -999999.0 -999999.0 -999999.0 29.224781 71.13747 111.30315 123.47449 125.96958 91.145195 5.5314016 67.79698 128.36525 221.26971 272.44543 290.74014 255.43678 221.52563 203.0951 208.6734 213.04436 210.71826 203.41435 211.80789 276.79028 255.12569 182.63898 113.23062 62.38709 24.482786 8.95565 -999999.0 -999999.0 -999999.0 -999999.0 -999999.0 -999999.0 -999999.0 -999999.0 -999999.0 -999999.0 -999999.0 -999999.0 -999999.0
11.16394 6.9140916 2.694909 3.0828168 2.223217 -999999.0 -999999.0 6.593209 7.414918 6.1925583 7.461678 10.561248 11.865381 11.675866 15.414307 12.85527 -999999.0 -999999.0 -999999.0 -999999.0 56.564938 111.62409 164.4733 175.65117 166.6471 130.14278 91.4899 161.24416 231.94545 288.51724 294.35056 331.3503 297.52695 268.5417 238.97742 226.68425 163.03598 169.08652 203.50587 184.75511 315.96066 299.39566 130.23848 81.24587 62.864456 24.248016 9.814661 -999999.0 -999999.0 -999999.0 -999999.0 -999999.0 -999999.0 -999999.0 -999999.0 -999999.0 -999999.0 -999999.0 -999999.0 -999999.0
9.138247 6.385626 4.4644666 2.0699358 -999999.0 -999999.0 3.9828215 12.255086 13.134857 15.065093 17.026184 17.730862 21.409914 21.410416 28.678806 29.64219 15.5633335 -999999.0 -999999.0 27.472294 103.9674 168.93144 236.80647 245.38533 215.93478 193.55698 196.74956 259.2429 276.23972 284.35736 299.7325 338.9667 318.17218 298.81033 281.49567 231.1841 179.0684 184.95854 204.66234 159.96465 274.87582 18.708931 69.40587 41.277798 31.180172 20.663248 1.8523927 -999999.0 -999999.0 -999999.0 -999999.0 -999999.0 -999999.0 -999999.0 -999999.0 -999999.0 -999999.0 -999999.0 -999999.0 -999999.0
5.880158 4.662982 3.8855782 1.3058262 -999999.0 2.5960412 7.955403 11.003865 19.581102 23.28587 24.149849 31.290998 35.428837 40.582405 50.560585 54.307903 60.05353 46.216747 49.15132 98.8795 163.70967 231.56401 302.13828 274.9789 246.87029 239.08972 288.56473 323.697 306.84387 325.3875 290.60883 316.21286 313.96582 316.82452 303.0755 258.86942 220.69731 220.42099 243.51904 265.58728 182.61023 69.07202 73.238945 27.088768 16.586458 2.7193677 -999999.0 -999999.0 -999999.0 -999999.0 -999999.0 -999999.0 -999999.0 -999999.0 -999999.0 -999999.0 -999999.0 -999999.0 -999999.0 -999999.0
0.19560416 3.5410783 5.150091 2.4826732 1.412363 4.6902394 9.982654 17.41306 28.80676 27.941538 26.644047 34.437725 86.9657 68.76332 71.11967 76.77352 101.52987 120.423256 146.82895 190.6089 269.3109 312.7079 305.21988 297.61615 290.18854 317.10626 346.7577 363.61224 337.889 346.04712 321.51834 368.10718 354.7753 353.99725 328.3089 291.90564 250.94753 245.28307 261.22736 244.08647 63.71508 85.69946 62.3843 28.450466 7.478165 -999999.0 -999999.0 -999999.0 -999999.0 -999999.0 -999999.0 -999999.0 -999999.0 -999999.0 -999999.0 -999999.0 -999999.0 -999999.0 -999999.0 -999999.0
3.8023407 5.331181 6.6612573 5.6367497 6.358801 7.9766235 10.49268 15.901717 28.643799 35.92196 73.721245 131.19765 102.746574 88.90384 93.812805 107.15513 127.178955 180.65182 230.75739 283.60138 315.73224 300.1699 237.46336 249.37762 288.96655 317.55774 336.01312 366.04956 352.93057 367.04987 342.06082 389.97632 362.44446 389.82867 391.00565 328.79932 285.85666 278.9637 276.54254 214.48096 83.37723 66.606155 107.10247 89.79573 11.774739 -999999.0 -999999.0 -999999.0 -999999.0 -999999.0 -999999.0 -999999.0 -999999.0 -999999.0 -999999.0 -999999.0 -999999.0 -999999.0 -999999.0 -999999.0
8.143523 10.408496 8.704552 7.778454 8.981457 7.9447217 5.8621674 16.989779 72.53713 98.01427 128.80415 170.92719 125.20103 129.00581 142.36397 152.95691 184.9863 273.15918 312.50525 315.5735 315.89957 283.80298 260.13947 227.59895 251.0598 285.3053 297.27765 333.00113 345.87033 407.6144 377.67175 398.23636 392.7261 390.47598 392.00928 350.2958 324.58978 286.13947 299.23526 227.59195 105.86044 41.11014 82.45435 41.89364 63.74537 36.399117 -999999.0 -999999.0 -999999.0 -999999.0 -999999.0 -999999.0 -999999.0 -999999.0 -999999.0 -999999.0 -999999.0 -999999.0 -999999.0 -999999.0
10.546848 11.908829 8.843603 6.947425 7.62292 12.793352 24.856588 50.939445 138.09505 154.42372 136.79497 114.13303 137.96902 161.45074 154.9985 161.19017 245.39696 329.68018 328.0044 322.93768 306.2244 275.15817 264.49088 242.1893 241.19435 259.0633 271.0035 308.26413 310.51035 392.9555 381.5614 401.0662 423.56253 416.6958 400.9824 375.92096 343.08545 196.99046 178.90826 149.77725 102.85438 70.37684 135.39578 130.88403 17.42565 19.664759 7.4730983 -999999.0 -999999.0 -999999.0 -999999.0 -999999.0 -999999.0 -999999.0 -999999.0 -999999.0 -999999.0 -999999.0 -999999.0 -999999.0
6.9503736 8.3571415 5.2213674 5.8383813 6.3886185 27.125 81.87245 161.12558 132.7567 108.6061 92.203064 94.88547 101.29009 130.52345 121.36507 140.33469 250.52823 298.73065 308.4295 284.827 307.83774 272.78748 263.87726 248.13817 250.74014 263.76752 273.54056 292.39487 312.68796 376.9234 379.04898 429.50388 434.20673 424.63446 398.9802 375.01996 285.86893 49.503834 81.556435 132.61043 137.91386 106.24986 90.98059 90.16912 56.102104 21.00699 8.946588 1.2020053 -999999.0 -999999.0 -999999.0 -999999.0 -999999.0 -999999.0 -999999.0 -999999.0 -999999.0 -999999.0 -999999.0 -999999.0
4.577897 2.9706972 2.0055995 4.2038493 13.395944 27.22383 66.76786 132.31389 99.367485 55.402046 13.376798 56.2718 123.67195 141.45079 150.25781 188.33224 254.93144 293.41528 296.57724 304.6864 279.52075 237.31984 260.03195 249.82088 249.97557 254.72668 266.56094 271.92496 307.12405 343.40237 360.36426 445.317 434.50955 421.90146 403.43008 352.65128 237.79622 66.38496 46.300045 76.20976 94.9164 100.75325 78.404816 69.76369 84.092636 42.62356 8.258714 -999999.0 -999999.0 -999999.0 -999999.0 -999999.0 -999999.0 -999999.0 -999999.0 -999999.0 -999999.0 -999999.0 -999999.0 -999999.0
0.5369429 -999999.0 1.0265106 5.944561 19.235247 20.224186 32.90706 85.78216 55.590935 23.678759 21.395126 80.30466 138.63023 142.25626 157.17043 189.41612 244.0121 289.401 298.3525 300.32086 254.47853 218.93631 259.90613 240.04422 245.23036 266.9049 271.75027 315.15045 320.55667 323.90305 318.8673 408.91586 389.245 377.425 353.05038 248.1021 119.14752 84.756546 52.100037 41.453163 61.41244 70.03822 107.930595 77.55618 68.83181 25.640854 6.2581286 -999999.0 -999999.0 -999999.0 -999999.0 -999999.0 -999999.0 -999999.0 -999999.0 -999999.0 -999999.0 -999999.0 -999999.0 -999999.0
-999999.0 -999999.0 -999999.0 4.7086606 15.809983 19.75715 26.266195 66.879906 40.530464 13.387678 93.383255 155.19588 148.56473 156.96764 141.59955 148.33902 174.58076 210.91425 271.02982 285.9371 258.81302 249.04604 259.25046 238.9441 241.98997 264.4588 265.94424 286.7879 308.23004 280.70764 273.4623 342.04257 313.3116 293.5649 256.9234 193.51817 113.55425 87.031105 63.39039 51.765335 63.296 96.35195 99.20489 64.71419 38.715054 14.521736 -999999.0 -999999.0 -999999.0 -999999.0 -999999.0 -999999.0 -999999.0 -999999.0 -999999.0 -999999.0 -999999.0 -999999.0 -999999.0 -999999.0
58.769012 8.03306 8.786653 13.036759 18.568338 25.352848 31.965689 30.44141 64.92296 61.01495 158.86336 213.9114 170.92934 152.49513 129.77483 123.065025 131.16757 192.77567 223.60077 252.7315 284.3832 247.98819 238.00298 232.31252 245.79335 253.20132 261.79306 270.20355 266.1365 241.46504 202.2772 234.05208 229.81183 231.142 211.64967 171.01526 112.46992 83.58734 70.22473 64.89466 82.00805 87.09294 78.89827 58.622726 33.414524 11.333537 1.4392085 -999999.0 -999999.0 -999999.0 -999999.0 -999999.0 -999999.0 -999999.0 -999999.0 -999999.0 -999999.0 -999999.0 -999999.0 -999999.0
97.4595 80.29009 42.066666 42.5136 39.595013 34.057632 32.87353 46.774834 84.48125 116.185646 206.30612 246.58467 208.9142 168.82762 126.99029 129.01596 138.5682 160.97542 116.106514 149.93202 205.58182 224.92874 220.40413 220.9747 227.26329 238.07532 249.18774 278.29053 234.00732 189.78928 172.43513 171.28734 161.62874 151.56569 158.00468 134.29681 98.6176 75.18038 66.299446 67.8202 71.95157 65.095345 70.16661 53.40192 32.246346 16.935265 10.488481 -999999.0 -999999.0 -999999.0 -999999.0 -999999.0 -999999.0 -999999.0 -999999.0 -999999.0 -999999.0 -999999.0 -999999.0 -999999.0
