data/TNO-HT-ATES/HT-ATES_msz4/msz4__welld_P50_basecase_80-45-40.asc
ncols  140
nrows  163
xllcorner  0.0
yllcorner  300000.0
cellsize  2000.0
NODATA_value  -999999.0
[rows 54 to 80 of 163, columns 61 to 121 of 140]
136.62984 135.9883 135.87674 -999999.0 -999999.0 -999999.0 -999999.0 -999999.0 -999999.0 -999999.0 -999999.0 -999999.0 -999999.0 -999999.0 -999999.0 -999999.0 -999999.0 -999999.0 -999999.0 141.77559 142.73178 144.42805 -999999.0 -999999.0 -999999.0 -999999.0 -999999.0 -999999.0 146.58754 143.75417 140.63982 142.32573 146.56638 143.84142 137.66475 138.29831 140.97078 132.14516 131.35403 120.205345 122.902855 -999999.0 125.70032 123.05035 118.20401 -999999.0 -999999.0 -999999.0 -999999.0 -999999.0 -999999.0 -999999.0 -999999.0 -999999.0 -999999.0 -999999.0 -999999.0 -999999.0 -999999.0 -999999.0 -999999.0
135.54738 135.83252 132.09511 -999999.0 -999999.0 -999999.0 -999999.0 -999999.0 -999999.0 -999999.0 -999999.0 -999999.0 -999999.0 -999999.0 -999999.0 -999999.0 -999999.0 -999999.0 145.55597 143.93245 143.04008 144.70592 142.84058 146.23662 -999999.0 -999999.0 144.77693 149.75221 148.8701 147.85106 145.7522 147.71956 149.18953 145.27924 141.53897 139.72578 146.27177 149.10909 143.7939 133.76706 125.3291 124.878334 126.72128 119.919655 115.70046 -999999.0 -999999.0 -999999.0 -999999.0 -999999.0 -999999.0 -999999.0 -999999.0 -999999.0 -999999.0 -999999.0 -999999.0 -999999.0 -999999.0 -999999.0 -999999.0
134.6661 134.50621 127.337204 -999999.0 -999999.0 -999999.0 -999999.0 -999999.0 -999999.0 -999999.0 -999999.0 -999999.0 -999999.0 -999999.0 -999999.0 -999999.0 -999999.0 -999999.0 0.0 144.53897 143.75494 151.02214 148.38698 146.64069 147.56407 146.95242 144.70454 147.04398 151.19917 151.5438 153.83751 159.70561 162.54114 154.94199 153.14311 150.99008 153.0526 155.45541 154.79485 148.62662 133.79613 132.46304 130.80292 125.22375 118.269485 112.58416 -999999.0 -999999.0 -999999.0 -999999.0 -999999.0 -999999.0 -999999.0 -999999.0 -999999.0 -999999.0 -999999.0 -999999.0 -999999.0 -999999.0 -999999.0
131.48186 132.91637 130.63297 0.0 -999999.0 -999999.0 -999999.0 -999999.0 -999999.0 -999999.0 -999999.0 -999999.0 -999999.0 -999999.0 -999999.0 -999999.0 -999999.0 -999999.0 146.2294 145.15915 0.0 149.11415 148.035 152.69186 151.91194 151.245 151.08542 142.22571 156.5755 154.43188 156.98116 162.09737 168.20935 163.87256 161.45316 159.2617 161.93793 160.79167 165.30078 154.73006 133.81203 130.34422 128.89412 120.948 115.357666 111.48771 -999999.0 -999999.0 -999999.0 -999999.0 -999999.0 -999999.0 -999999.0 -999999.0 -999999.0 -999999.0 -999999.0 -999999.0 -999999.0 -999999.0 -999999.0
131.48097 131.71877 128.50699 128.78496 -999999.0 -999999.0 -999999.0 -999999.0 -999999.0 -999999.0 -999999.0 -999999.0 -999999.0 -999999.0 -999999.0 -999999.0 -999999.0 147.86166 146.70607 146.18262 145.90007 150.365 149.33824 153.65718 152.85408 152.00377 149.80734 151.14345 158.78503 157.2136 156.07771 154.00117 168.68718 166.65988 164.8093 162.68324 171.00262 171.79877 167.7132 162.26958 145.26576 138.48547 142.9827 133.48602 118.85721 -999999.0 -999999.0 -999999.0 -999999.0 -999999.0 -999999.0 -999999.0 -999999.0 -999999.0 -999999.0 -999999.0 -999999.0 -999999.0 -999999.0 -999999.0 -999999.0
129.94441 130.51581 129.58176 130.12662 -999999.0 -999999.0 -999999.0 -999999.0 0.0 -999999.0 -999999.0 -999999.0 -999999.0 -999999.0 -999999.0 -999999.0 -999999.0 145.75653 148.40448 148.06471 147.40912 -999999.0 -999999.0 -999999.0 153.69772 152.75386 151.21819 152.8294 160.58902 158.86327 159.32799 157.68152 165.71358 174.177 175.61288 173.62958 176.2431 177.78563 171.71115 160.80489 145.90211 139.71094 140.2078 137.08252 131.9126 118.9229 -999999.0 -999999.0 -999999.0 -999999.0 -999999.0 -999999.0 -999999.0 -999999.0 -999999.0 -999999.0 -999999.0 -999999.0 -999999.0 -999999.0 -999999.0
127.79869 129.70605 129.53954 129.2372 -999999.0 -999999.0 -999999.0 -999999.0 -999999.0 -999999.0 -999999.0 -999999.0 -999999.0 0.0 146.8202 -999999.0 -999999.0 149.89958 150.42285 149.07133 148.38588 149.46675 -999999.0 -999999.0 -999999.0 153.13577 152.95453 158.46642 165.33585 168.63516 165.56859 165.9623 176.62915 179.75122 180.87404 176.0044 182.08293 188.12057 174.8256 164.7009 159.08566 148.0004 141.70857 140.57964 124.83774 119.71517 -999999.0 -999999.0 -999999.0 -999999.0 -999999.0 -999999.0 -999999.0 -999999.0 -999999.0 -999999.0 -999999.0 -999999.0 -999999.0 -999999.0 -999999.0
124.05256 127.902596 127.24914 126.799576 131.36533 -999999.0 -999999.0 -999999.0 -999999.0 -999999.0 -999999.0 -999999.0 141.03268 143.56947 146.92615 146.71071 151.57716 151.43158 151.13156 150.23145 148.91676 150.80812 152.54378 151.81711 -999999.0 -999999.0 147.37527 159.61414 172.44835 171.05202 181.55966 178.73 185.04686 186.71986 184.97076 172.25868 185.82008 190.23956 181.89795 194.69519 168.75175 152.85614 153.0071 145.4683 130.72801 134.02296 -999999.0 -999999.0 -999999.0 -999999.0 -999999.0 -999999.0 -999999.0 -999999.0 -999999.0 -999999.0 -999999.0 -999999.0 -999999.0 -999999.0 -999999.0
125.20862 126.30745 126.93506 127.33112 130.43277 -999999.0 -999999.0 -999999.0 -999999.0 -999999.0 -999999.0 140.46222 142.89766 144.18997 147.29747 146.46588 152.01752 151.80356 151.84473 150.98662 148.6061 151.06436 155.05157 159.94984 161.19157 -999999.0 160.32391 162.41985 172.86328 173.1806 182.00813 180.25505 184.64163 191.28296 191.63406 185.32338 205.07852 205.13742 198.53607 172.03607 180.34596 166.69579 166.8165 159.50317 128.81659 128.95927 -999999.0 -999999.0 -999999.0 -999999.0 -999999.0 -999999.0 -999999.0 -999999.0 -999999.0 -999999.0 -999999.0 -999999.0 -999999.0 -999999.0 -999999.0
125.92842 126.24029 126.584435 126.96445 130.21806 -999999.0 -999999.0 -999999.0 -999999.0 -999999.0 -999999.0 142.45401 144.10596 143.77306 146.73064 148.87128 152.37878 152.63005 152.29155 151.63771 149.91077 152.74628 155.7259 160.0078 161.55197 159.93639 159.94342 163.59767 173.27101 173.42212 186.7288 184.78705 183.68152 190.72348 190.28757 184.73196 200.3367 191.45206 185.86545 180.06999 175.71774 174.50441 166.46979 157.81825 132.19951 0.0 -999999.0 -999999.0 -999999.0 -999999.0 -999999.0 -999999.0 -999999.0 -999999.0 -999999.0 -999999.0 -999999.0 -999999.0 -999999.0 -999999.0 -999999.0
127.83554 127.883835 127.7395 127.94593 128.71698 -999999.0 -999999.0 -999999.0 -999999.0 -999999.0 -999999.0 -999999.0 142.42337 144.69505 144.1728 146.76508 157.44386 157.29654 153.043 152.31203 151.1847 159.89397 158.91795 157.42761 158.4845 155.59735 157.88348 167.02538 177.09103 177.8767 180.78545 173.59447 193.43971 195.01349 199.70871 194.80696 201.28487 202.65862 188.5158 185.54865 182.53912 171.9106 160.52252 154.8711 0.0 0.0 0.0 -999999.0 -999999.0 -999999.0 -999999.0 -999999.0 -999999.0 -999999.0 -999999.0 -999999.0 -999999.0 -999999.0 -999999.0 -999999.0 -999999.0
129.6312 131.4432 130.36023 128.8226 129.12393 -999999.0 -999999.0 -999999.0 -999999.0 -999999.0 -999999.0 -999999.0 142.3761 144.37567 146.92598 147.52936 154.96541 154.776 153.34882 152.31065 150.88606 160.21367 158.95256 160.58482 162.89738 152.42519 159.64719 173.40529 177.79906 177.5676 182.14519 178.95432 191.71796 202.62221 197.98413 193.62048 196.1426 193.00645 195.06471 195.25151 181.07355 166.40508 149.09837 148.06076 0.0 0.0 0.0 -999999.0 -999999.0 -999999.0 -999999.0 -999999.0 -999999.0 -999999.0 -999999.0 -999999.0 -999999.0 -999999.0 -999999.0 -999999.0 -999999.0
129.42938 130.98593 130.37868 130.6576 131.88033 -999999.0 -999999.0 -999999.0 -999999.0 -999999.0 0.0 -999999.0 141.61089 144.23064 147.40517 -999999.0 -999999.0 -999999.0 154.74635 152.98329 151.3253 160.0143 158.89124 160.47786 163.72032 161.80438 165.59062 175.91264 181.28313 178.821 184.53706 180.64581 192.28622 195.8474 197.15282 198.88216 191.72841 184.30603 185.40637 198.14185 182.57031 157.77527 141.61148 0.0 0.0 0.0 -999999.0 -999999.0 -999999.0 -999999.0 -999999.0 -999999.0 -999999.0 -999999.0 -999999.0 -999999.0 -999999.0 -999999.0 -999999.0 -999999.0 -999999.0
132.90662 132.77046 132.47743 133.04391 134.2855 -999999.0 -999999.0 -999999.0 -999999.0 -999999.0 139.4782 140.73755 140.91982 146.08733 147.33958 -999999.0 -999999.0 -999999.0 -999999.0 156.73163 156.66928 163.82962 167.03906 165.44661 169.56421 169.0762 176.98166 177.65372 187.85431 184.34592 195.42245 198.82535 206.94518 203.85922 197.8868 202.00195 199.2374 188.18065 187.23225 199.78667 184.25313 162.5869 147.58109 0.0 0.0 0.0 -999999.0 -999999.0 -999999.0 -999999.0 -999999.0 -999999.0 -999999.0 -999999.0 -999999.0 -999999.0 -999999.0 -999999.0 -999999.0 -999999.0 -999999.0
132.84004 132.69408 132.55048 133.1917 -999999.0 -999999.0 132.53903 135.77168 135.36877 137.60843 139.39062 143.73561 149.17458 145.91394 150.12836 -999999.0 -999999.0 -999999.0 -999999.0 160.92764 161.5069 165.55006 166.54582 165.68591 167.77254 170.6359 183.0072 186.5632 197.93402 194.71571 204.81203 202.40869 204.88321 204.69339 208.58495 205.96219 203.43112 194.32509 202.62491 198.13046 183.475 160.39423 0.0 0.0 0.0 0.0 -999999.0 -999999.0 -999999.0 -999999.0 -999999.0 -999999.0 -999999.0 -999999.0 -999999.0 -999999.0 -999999.0 -999999.0 -999999.0 -999999.0 -999999.0
131.95741 131.71428 131.87445 -999999.0 -999999.0 129.39069 133.77722 135.16173 134.68259 136.99234 138.73955 142.71112 148.55847 148.93167 149.09692 152.52698 -999999.0 -999999.0 161.9491 163.21263 161.11417 165.8482 165.66281 165.84177 168.04167 170.60617 178.84305 182.78175 192.86253 197.38695 209.36522 205.7312 206.30754 209.30258 205.8069 203.99126 204.0193 198.5743 196.45032 186.90277 183.85352 161.25716 0.0 0.0 0.0 0.0 -999999.0 -999999.0 -999999.0 -999999.0 -999999.0 -999999.0 -999999.0 -999999.0 -999999.0 -999999.0 -999999.0 -999999.0 -999999.0 -999999.0 -999999.0
130.51797 130.54807 131.88783 -999999.0 131.71512 129.71109 133.85637 136.611 137.84714 138.84682 144.70819 154.22743 147.44806 156.65977 147.82925 146.51393 150.5587 153.77945 157.70721 159.30516 161.7793 164.63907 166.17453 166.28874 167.74258 179.47292 183.71558 183.37143 200.16817 194.3573 202.65515 201.5725 208.9318 212.83743 207.53798 203.1828 198.8697 195.41994 191.32957 189.35727 178.84192 155.72545 137.92987 0.0 0.0 -999999.0 -999999.0 -999999.0 -999999.0 -999999.0 -999999.0 -999999.0 -999999.0 -999999.0 -999999.0 -999999.0 -999999.0 -999999.0 -999999.0 -999999.0 -999999.0
124.87834 129.80208 133.35736 132.65965 133.5259 133.44223 133.53029 135.02516 137.83823 142.0571 144.47098 152.2978 147.2772 156.00458 146.72021 148.36029 151.0889 153.87639 157.91737 164.11076 162.2949 163.05872 168.01909 169.39296 177.76367 179.45265 184.59412 183.0724 194.20079 195.53827 213.90015 213.7122 217.04123 216.51387 210.61113 205.84756 202.1064 202.00174 195.50653 188.17757 170.33951 157.57758 138.1591 0.0 -999999.0 -999999.0 -999999.0 -999999.0 -999999.0 -999999.0 -999999.0 -999999.0 -999999.0 -999999.0 -999999.0 -999999.0 -999999.0 -999999.0 -999999.0 -999999.0 -999999.0
133.48094 137.28854 136.65562 138.60645 140.03993 135.59958 135.21298 139.29181 145.25447 147.04764 152.91034 153.49397 154.2705 162.62921 161.77992 151.21939 155.86713 162.08649 170.34537 170.94957 162.2459 154.06432 167.11275 172.51137 177.1286 179.72737 187.38858 186.48642 199.29727 198.34383 217.39667 216.40079 220.31613 223.7747 213.72118 208.68982 208.00786 206.51602 205.91637 187.53603 167.92648 159.52817 138.19261 0.0 -999999.0 -999999.0 -999999.0 -999999.0 -999999.0 -999999.0 -999999.0 -999999.0 -999999.0 -999999.0 -999999.0 -999999.0 -999999.0 -999999.0 -999999.0 -999999.0 -999999.0
142.06934 141.6406 142.10315 142.66368 144.50122 142.86708 142.28746 141.99446 141.0885 144.09134 151.17615 151.31131 155.85237 163.38307 159.3105 149.8735 162.21606 170.61491 171.10083 170.82053 164.63641 165.66156 169.03978 171.80714 177.72224 174.88614 184.04044 187.86368 207.41058 206.29942 218.32692 218.49178 217.83221 218.75095 214.43095 207.93936 199.59639 212.12305 200.73804 179.25453 166.8034 159.24084 142.05814 129.23355 0.0 -999999.0 -999999.0 -999999.0 -999999.0 -999999.0 -999999.0 -999999.0 -999999.0 -999999.0 -999999.0 -999999.0 -999999.0 -999999.0 -999999.0 -999999.0 -999999.0
141.48051 140.49677 140.26718 142.77557 142.321 142.95125 145.33466 137.40117 137.258 141.44254 145.81721 151.45448 153.04138 159.54396 155.36626 150.8902 159.00908 165.46971 167.88588 168.32426 163.19984 168.02869 169.26414 170.66672 176.66397 174.7689 183.36247 181.37508 203.79196 204.57848 214.09264 225.16762 223.96059 219.93054 216.07715 210.36935 212.03471 233.55391 200.6715 185.62285 171.38925 157.56413 147.97562 138.36848 0.0 0.0 -999999.0 -999999.0 -999999.0 -999999.0 -999999.0 -999999.0 -999999.0 -999999.0 -999999.0 -999999.0 -999999.0 -999999.0 -999999.0 -999999.0 -999999.0
140.1311 138.95071 140.91037 140.56422 140.80745 137.36073 138.21504 139.60327 140.31293 149.02359 153.53188 155.72731 155.19832 158.86385 161.54878 158.27977 161.63873 166.15076 166.19118 171.25749 164.99402 168.81364 170.191 173.47574 177.5601 179.68835 183.14925 185.67401 203.85506 204.20174 222.34834 226.46872 226.9902 221.2262 217.78795 210.97464 214.48744 208.03983 197.25029 187.49599 178.0867 161.97322 133.53888 131.52072 0.0 0.0 0.0 -999999.0 -999999.0 -999999.0 -999999.0 -999999.0 -999999.0 -999999.0 -999999.0 -999999.0 -999999.0 -999999.0 -999999.0 -999999.0 -999999.0
142.13896 141.271 140.4786 139.72054 138.35709 143.02126 144.2218 147.58559 150.94293 140.42804 154.89728 155.57028 155.27759 159.34035 162.62248 158.5602 158.50821 162.58728 168.43465 165.13353 156.44095 169.37444 172.29314 174.09047 175.09828 179.55234 197.94446 191.13321 196.74678 203.25362 225.59955 226.26665 225.4073 221.84616 216.2438 205.57468 207.22932 199.29968 191.4443 182.77812 165.39673 159.88203 141.74062 119.364044 0.0 0.0 -999999.0 -999999.0 -999999.0 -999999.0 -999999.0 -999999.0 -999999.0 -999999.0 -999999.0 -999999.0 -999999.0 -999999.0 -999999.0 -999999.0 -999999.0
-999999.0 150.23976 146.36256 145.14644 142.63373 146.4398 146.99689 145.0394 148.68097 156.36601 160.1955 159.21126 161.67462 163.61566 164.42645 162.71927 156.35191 158.90863 167.1275 158.01642 150.89992 170.68039 172.41826 173.41737 180.33383 181.0941 194.4081 195.39304 194.36023 197.34848 219.68814 220.8875 217.34052 216.40218 206.01166 200.07913 199.98618 186.7638 182.2263 175.98393 163.1636 159.99791 139.36517 127.10984 109.78531 0.0 -999999.0 -999999.0 -999999.0 -999999.0 -999999.0 -999999.0 -999999.0 -999999.0 -999999.0 -999999.0 -999999.0 -999999.0 -999999.0 -999999.0 -999999.0
-999999.0 -999999.0 144.2428 145.71883 148.425 153.92079 147.99535 145.84877 146.63258 152.70328 156.2748 156.07784 158.17786 160.26903 163.03091 162.29744 155.83524 160.65376 163.25299 158.127 159.27716 169.05168 168.55424 170.8424 177.3301 177.3541 185.58034 191.48369 191.76074 191.48233 212.73064 214.45564 207.9643 206.77298 202.29266 194.61719 196.40645 189.75066 176.16002 171.02057 156.69423 151.18195 130.30849 112.506836 0.0 -999999.0 -999999.0 -999999.0 -999999.0 -999999.0 -999999.0 -999999.0 -999999.0 -999999.0 -999999.0 -999999.0 -999999.0 -999999.0 -999999.0 -999999.0 -999999.0
148.22273 145.15533 146.80357 143.5972 145.49672 153.05882 147.28995 144.79335 142.0792 150.99422 155.10405 153.51236 156.78166 156.64278 159.17932 160.02585 164.03987 160.75037 165.01295 167.14241 158.26418 165.23572 166.97421 171.51367 171.81923 173.42258 181.67299 188.05594 189.09615 189.01547 205.23975 205.04645 203.31953 201.71297 195.76851 188.19583 186.39507 181.03627 174.25632 170.03212 153.43622 140.2178 127.71611 111.99339 0.0 0.0 -999999.0 -999999.0 -999999.0 -999999.0 -999999.0 -999999.0 -999999.0 -999999.0 -999999.0 -999999.0 -999999.0 -999999.0 -999999.0 -999999.0 -999999.0
155.95044 149.6734 147.1339 147.71982 150.23117 150.83673 137.07043 146.45157 146.96873 158.34526 159.21094 157.1109 159.97728 158.98988 157.90819 157.58179 157.86533 163.71417 166.71194 167.53487 157.75357 159.87343 163.39694 165.6278 166.79016 169.7833 178.75735 176.02463 181.21573 181.13002 186.84819 188.21799 186.13979 191.66695 189.10202 183.71683 175.07785 169.15213 173.37448 164.71832 145.18765 138.71701 125.4083 114.749306 0.0 0.0 -999999.0 -999999.0 -999999.0 -999999.0 -999999.0 -999999.0 -999999.0 -999999.0 -999999.0 -999999.0 -999999.0 -999999.0 -999999.0 -999999.0 -999999.0
