data/TNO-HT-ATES/HT-ATES_msz4/msz4__porosity_basecase_80-45-40.asc
ncols  140
nrows  163
xllcorner  0.0
yllcorner  300000.0
cellsize  2000.0
NODATA_value  -999999.0
[rows 81 to 107 of 163, columns 61 to 121 of 140]
0.3749 0.379725 0.3803 0.38087502 0.381475 0.382025 0.38267502 0.383525 0.38345003 0.38422504 0.38490003 0.38565 0.38635004 0.38695005 0.38695005 0.38635004 0.38590002 0.38497502 0.38495004 0.38515005 0.3851 0.38485003 0.384525 0.38415003 0.383825 0.38345003 0.38325003 0.38315004 0.382925 0.38285005 0.38305002 0.38345003 0.38415003 0.38502502 0.386025 0.38717502 0.38835 0.38935 0.39017498 0.391 0.39187503 0.3929 0.394275 0.39604998 0.39804998 0.40042496 0.40314996 -999999.0 -999999.0 -999999.0 -999999.0 -999999.0 -999999.0 -999999.0 -999999.0 -999999.0 -999999.0 -999999.0 -999999.0 -999999.0 -999999.0
0.375 0.375 0.3752 0.381625 0.38222504 0.3829 0.383675 0.384475 0.3855 0.38537502 0.386325 0.38689998 0.38764998 0.3884 0.388 0.38737506 0.38700002 0.38642505 0.38625002 0.386475 0.38635004 0.38615006 0.385825 0.38545004 0.38515005 0.384875 0.38475004 0.38465005 0.38425002 0.3842 0.38445002 0.38485003 0.38552502 0.38617504 0.38682503 0.38772503 0.38875 0.38972503 0.390625 0.3915 0.392375 0.39345 0.394825 0.39634997 0.39764997 0.39989996 -999999.0 -999999.0 -999999.0 -999999.0 -999999.0 -999999.0 -999999.0 -999999.0 -999999.0 -999999.0 -999999.0 -999999.0 -999999.0 -999999.0 -999999.0
0.37510002 0.37525004 0.37530002 0.375325 0.37575 0.383625 0.38445002 0.385325 0.38670003 0.387875 0.38659996 0.38727504 0.38795006 0.3882 0.388 0.3878 0.38755006 0.38740003 0.3873 0.3877 0.38785002 0.38747504 0.387075 0.38677502 0.3864 0.38605005 0.38589996 0.38575006 0.3855 0.38545004 0.38565 0.38612503 0.386675 0.3871 0.38750002 0.38827503 0.389125 0.39015 0.391275 0.39217502 0.39287502 0.39407504 0.39547503 0.39704996 0.3986 0.40115 -999999.0 -999999.0 -999999.0 -999999.0 -999999.0 -999999.0 -999999.0 -999999.0 -999999.0 -999999.0 -999999.0 -999999.0 -999999.0 -999999.0 -999999.0
0.3752 0.3757 0.3756 0.375 0.37533328 0.37655 0.37785 0.3808233 0.386925 0.38925004 0.38825005 0.38805002 0.38865003 0.3883 0.3879 0.3879 0.3878 0.3879 0.3882 0.388725 0.3888 0.38842502 0.38809997 0.3878 0.38740003 0.38705003 0.38685 0.386725 0.3866 0.38655 0.38675004 0.38722503 0.387675 0.38802502 0.38832504 0.3888 0.3894 0.39034998 0.39185 0.393 0.39364997 0.394825 0.39630002 0.39795 0.39990005 0.402825 -999999.0 -999999.0 -999999.0 -999999.0 -999999.0 -999999.0 -999999.0 -999999.0 -999999.0 -999999.0 -999999.0 -999999.0 -999999.0 -999999.0 -999999.0
0.3752 0.3766 0.37622502 0.37492505 0.37524998 0.37665 0.378 0.37919998 0.380125 0.38025004 0.39285004 0.39045003 0.39025003 0.38920003 0.38845003 0.38832504 0.38835 0.3883 0.38852495 0.3895 0.38935006 0.38915002 0.38885006 0.3886 0.38825005 0.38795006 0.38772503 0.387625 0.3876 0.387675 0.38795006 0.38835 0.38869998 0.389 0.389225 0.38952503 0.389875 0.390275 0.39145 0.393175 0.39432502 0.3955 0.39694995 0.39865 0.40052497 0.40244997 0.404025 -999999.0 -999999.0 -999999.0 -999999.0 -999999.0 -999999.0 -999999.0 -999999.0 -999999.0 -999999.0 -999999.0 -999999.0 -999999.0 -999999.0
0.375675 0.376375 0.3766 0.376 0.37625006 0.37722504 0.37817502 0.379 0.37974998 0.38275003 0.38714838 0.3941 0.39205003 0.39265004 0.39167506 0.38935006 0.38915002 0.389075 0.3889 0.38952503 0.3898 0.38985002 0.38965005 0.38935006 0.389 0.38869998 0.38845003 0.3884 0.388575 0.38887504 0.389275 0.389625 0.3898 0.39 0.39017498 0.39045003 0.39075002 0.391125 0.39214998 0.39380002 0.394925 0.39614996 0.3976 0.39914998 0.40054995 0.40194997 0.403575 -999999.0 -999999.0 -999999.0 -999999.0 -999999.0 -999999.0 -999999.0 -999999.0 -999999.0 -999999.0 -999999.0 -999999.0 -999999.0 -999999.0
0.37715003 0.37745005 0.378 0.3771 0.37742501 0.378125 0.37852502 0.37895 0.37965 0.38057497 0.380875 0.3946 0.3947 0.393875 0.39325002 0.3923 0.39 0.38987502 0.3898 0.39002502 0.3904 0.390625 0.39057502 0.39029998 0.3899 0.3895 0.38920003 0.389225 0.38957503 0.39012504 0.39072502 0.39105004 0.39105004 0.39115003 0.3913 0.39155006 0.391975 0.39235002 0.393325 0.394775 0.39534998 0.39685 0.39837503 0.39975 0.40104997 0.402475 0.4038 -999999.0 -999999.0 -999999.0 -999999.0 -999999.0 -999999.0 -999999.0 -999999.0 -999999.0 -999999.0 -999999.0 -999999.0 -999999.0 -999999.0
0.37865004 0.37862504 0.37895003 0.37927502 0.37842503 0.37935004 0.37912503 0.378925 0.37970003 0.38034996 0.38085002 0.38187504 0.3949 0.39384997 0.3935 0.393 0.39275002 0.3906 0.3906 0.39075002 0.3911 0.39157504 0.3917 0.39145005 0.39097503 0.39042503 0.3899 0.39002502 0.390625 0.391425 0.392275 0.39275002 0.39242503 0.392375 0.392625 0.39265004 0.39250004 0.39307502 0.39410004 0.39522502 0.39630002 0.398 0.399375 0.400625 0.40174997 0.40302497 0.40434998 0.405425 -999999.0 -999999.0 -999999.0 -999999.0 -999999.0 -999999.0 -999999.0 -999999.0 -999999.0 -999999.0 -999999.0 -999999.0 -999999.0
0.37825003 0.37955004 0.37975004 0.38015002 0.38015053 0.37964997 0.3796 0.3798 0.38 0.3804 0.3811 0.38225 0.38395 0.395725 0.3937 0.3936 0.3936 0.39135003 0.39135003 0.39145005 0.391825 0.39242503 0.3927 0.39265004 0.39235002 0.39167503 0.39057502 0.39095002 0.39190003 0.392825 0.39390004 0.39505005 0.39400008 0.39395005 0.39425004 0.394175 0.39365003 0.39405003 0.395025 0.39620003 0.3977 0.3994 0.40065002 0.40152502 -999999.0 -999999.0 -999999.0 -999999.0 -999999.0 -999999.0 -999999.0 -999999.0 -999999.0 -999999.0 -999999.0 -999999.0 -999999.0 -999999.0 -999999.0 -999999.0 -999999.0
0.379575 0.380475 0.38102502 0.381375 0.38170004 0.3822 0.37855 0.379425 0.3801 0.3806 0.38105 0.38225 0.384525 0.38744998 0.39424822 0.39430004 0.394575 0.395175 0.39235002 0.39245006 0.39287502 0.39345002 0.39375004 0.39395005 0.39395005 0.39372507 0.39287508 0.392725 0.39345002 0.39425004 0.39515004 0.3959 0.3958 0.39555004 0.396075 0.39605004 0.39545003 0.39560002 0.39615005 0.3973 0.39874998 0.40047503 0.40157503 -999999.0 -999999.0 -999999.0 -999999.0 -999999.0 -999999.0 -999999.0 -999999.0 -999999.0 -999999.0 -999999.0 -999999.0 -999999.0 -999999.0 -999999.0 -999999.0 -999999.0 -999999.0
0.380975 0.38195005 0.38397503 0.3824 0.382625 0.3831 0.383275 0.379175 0.38015002 0.38099998 0.38135004 0.38234997 0.38454998 0.38749996 0.3889 0.39359868 0.3954 0.3961 0.39345002 0.393875 0.39435005 0.3948 0.39495003 0.39527503 0.39527503 0.395625 0.39487502 0.39455 0.39500004 0.39565003 0.39617503 0.39652503 0.3965 0.3965 0.3966 0.39627498 0.39685005 0.39715004 0.397475 0.398175 0.39975 0.40132505 0.402325 -999999.0 -999999.0 -999999.0 -999999.0 -999999.0 -999999.0 -999999.0 -999999.0 -999999.0 -999999.0 -999999.0 -999999.0 -999999.0 -999999.0 -999999.0 -999999.0 -999999.0 -999999.0
0.38187504 0.38274997 0.38495004 0.3855 0.384451 0.3834 0.3836 0.3835 0.38044998 0.3814 0.382375 0.38344997 0.38474998 0.386275 0.38885 0.3898 0.3958 0.39644998 0.3972 0.39527503 0.39597502 0.39665005 0.39695004 0.39667502 0.396325 0.39575002 0.39559996 0.395875 0.396325 0.39675003 0.3971 0.3972 0.39740002 0.3972 0.39725006 0.39797503 0.398425 0.39885005 0.39895 0.39915004 0.400975 -999999.0 -999999.0 -999999.0 -999999.0 -999999.0 -999999.0 -999999.0 -999999.0 -999999.0 -999999.0 -999999.0 -999999.0 -999999.0 -999999.0 -999999.0 -999999.0 -999999.0 -999999.0 -999999.0 -999999.0
0.38245004 0.383275 0.386 0.386375 0.386475 0.38580003 0.38365006 0.38442504 0.380975 0.38185 0.38294998 0.38404998 0.385325 0.38687497 0.388075 0.38985 0.39042503 0.39655 0.39740002 0.3986 0.397125 0.39824998 0.39885005 0.39795005 0.39727503 0.39567503 0.39554998 0.397 0.39715004 0.3973 0.3975 0.397275 0.39722496 0.39784998 0.39877498 0.39952502 0.39995003 0.40044996 -999999.0 -999999.0 -999999.0 -999999.0 -999999.0 -999999.0 -999999.0 -999999.0 -999999.0 -999999.0 -999999.0 -999999.0 -999999.0 -999999.0 -999999.0 -999999.0 -999999.0 -999999.0 -999999.0 -999999.0 -999999.0 -999999.0 -999999.0
0.38377503 0.384575 0.3873 0.38700002 0.38725 0.3873 0.3864 0.38575006 0.3814 0.382125 0.38314998 0.38422504 0.38524997 0.38785 0.38882503 0.3898 0.38989982 0.3965 0.39734998 0.39865 0.40015 0.39845 0.39902502 0.39972502 0.3982 0.3969501 0.39695007 0.39779997 0.3976 0.39740002 0.39737505 0.39675003 0.39682505 0.398175 0.39980003 -999999.0 -999999.0 -999999.0 -999999.0 -999999.0 -999999.0 -999999.0 -999999.0 -999999.0 -999999.0 -999999.0 -999999.0 -999999.0 -999999.0 -999999.0 -999999.0 -999999.0 -999999.0 -999999.0 -999999.0 -999999.0 -999999.0 -999999.0 -999999.0 -999999.0 -999999.0
0.384875 0.3851 0.385 0.38740003 0.3873 0.38700002 0.38649997 0.3864 0.3866 0.382325 0.38334998 0.38484997 0.38612503 0.38697502 0.38977504 0.3894 0.3893 0.3899 0.39692497 0.39845 0.40004998 0.401475 0.39942503 0.400225 0.40162504 0.39965004 0.40000007 0.39995003 0.39902508 0.39835006 0.39885005 0.3981501 0.39897507 0.40065008 -999999.0 -999999.0 -999999.0 -999999.0 -999999.0 -999999.0 -999999.0 -999999.0 -999999.0 -999999.0 -999999.0 -999999.0 -999999.0 -999999.0 -999999.0 -999999.0 -999999.0 -999999.0 -999999.0 -999999.0 -999999.0 -999999.0 -999999.0 -999999.0 -999999.0 -999999.0 -999999.0
0.38535002 0.3855 0.3853 0.38490003 0.3873 0.38669997 0.3862 0.38657498 0.387 0.38262498 0.38395 0.38554996 0.38697502 0.387925 0.388475 0.39205003 0.38945 0.39 0.39675003 0.39845 0.4002 0.40195 0.40312502 0.40025 0.40257496 0.4034 -999999.0 -999999.0 -999999.0 -999999.0 -999999.0 -999999.0 -999999.0 -999999.0 -999999.0 -999999.0 -999999.0 -999999.0 -999999.0 -999999.0 -999999.0 -999999.0 -999999.0 -999999.0 -999999.0 -999999.0 -999999.0 -999999.0 -999999.0 -999999.0 -999999.0 -999999.0 -999999.0 -999999.0 -999999.0 -999999.0 -999999.0 -999999.0 -999999.0 -999999.0 -999999.0
0.38585 0.3859 0.38577503 0.3855 0.38735002 0.38692504 0.38665003 0.387 0.387425 0.3845258 0.38485 0.3865 0.38787502 0.388825 0.3894 0.393775 0.39470002 0.39180002 0.39340004 0.398975 0.400525 0.40225 0.4043 0.4016 0.40192503 -999999.0 -999999.0 -999999.0 -999999.0 -999999.0 -999999.0 -999999.0 -999999.0 -999999.0 -999999.0 -999999.0 -999999.0 -999999.0 -999999.0 -999999.0 -999999.0 -999999.0 -999999.0 -999999.0 -999999.0 -999999.0 -999999.0 -999999.0 -999999.0 -999999.0 -999999.0 -999999.0 -999999.0 -999999.0 -999999.0 -999999.0 -999999.0 -999999.0 -999999.0 -999999.0 -999999.0
0.386375 0.38645 0.386375 0.38612503 0.38577503 0.3867746 0.387375 0.38762498 0.388 0.38839996 0.38585 0.387375 0.38874996 0.390375 0.38917497 0.38967496 0.396025 0.39695 0.39525002 0.39747444 0.40125003 0.40275 -999999.0 -999999.0 -999999.0 -999999.0 -999999.0 -999999.0 -999999.0 -999999.0 -999999.0 -999999.0 -999999.0 -999999.0 -999999.0 -999999.0 -999999.0 -999999.0 -999999.0 -999999.0 -999999.0 -999999.0 -999999.0 -999999.0 -999999.0 -999999.0 -999999.0 -999999.0 -999999.0 -999999.0 -999999.0 -999999.0 -999999.0 -999999.0 -999999.0 -999999.0 -999999.0 -999999.0 -999999.0 -999999.0 -999999.0
0.3869 0.38705003 0.3871 0.386825 0.3863 0.3855 0.38480002 0.38822502 0.388575 0.38892502 0.38929996 0.3875 0.38859996 0.38989994 0.39014998 0.38804996 0.38962495 0.39352402 0.39812523 0.39867502 0.40185004 -999999.0 -999999.0 -999999.0 -999999.0 -999999.0 -999999.0 -999999.0 -999999.0 -999999.0 -999999.0 -999999.0 -999999.0 -999999.0 -999999.0 -999999.0 -999999.0 -999999.0 -999999.0 -999999.0 -999999.0 -999999.0 -999999.0 -999999.0 -999999.0 -999999.0 -999999.0 -999999.0 -999999.0 -999999.0 -999999.0 -999999.0 -999999.0 -999999.0 -999999.0 -999999.0 -999999.0 -999999.0 -999999.0 -999999.0 -999999.0
0.3861 0.3878 0.3879 0.38775 0.38707504 0.38585 0.3845 0.385 0.3880744 0.389375 0.389775 0.38707498 0.38764998 0.388125 0.38854998 0.389375 0.38747495 0.39139992 -999999.0 -999999.0 -999999.0 -999999.0 -999999.0 -999999.0 -999999.0 -999999.0 -999999.0 -999999.0 -999999.0 -999999.0 -999999.0 -999999.0 -999999.0 -999999.0 -999999.0 -999999.0 -999999.0 -999999.0 -999999.0 -999999.0 -999999.0 -999999.0 -999999.0 -999999.0 -999999.0 -999999.0 -999999.0 -999999.0 -999999.0 -999999.0 -999999.0 -999999.0 -999999.0 -999999.0 -999999.0 -999999.0 -999999.0 -999999.0 -999999.0 -999999.0 -999999.0
0.386725 0.388525 0.38892502 0.38895005 0.38820004 0.38690007 0.38575003 0.38582498 0.3862 0.386525 0.390675 0.39100003 0.3869 0.387175 0.388525 0.38929996 0.38924995 0.3891 -999999.0 -999999.0 -999999.0 -999999.0 -999999.0 -999999.0 -999999.0 -999999.0 -999999.0 -999999.0 -999999.0 -999999.0 -999999.0 -999999.0 -999999.0 -999999.0 -999999.0 -999999.0 -999999.0 -999999.0 -999999.0 -999999.0 -999999.0 -999999.0 -999999.0 -999999.0 -999999.0 -999999.0 -999999.0 -999999.0 -999999.0 -999999.0 -999999.0 -999999.0 -999999.0 -999999.0 -999999.0 -999999.0 -999999.0 -999999.0 -999999.0 -999999.0 -999999.0
0.38775 0.38787502 0.38972503 0.3899 0.38915002 0.38807505 0.38727504 0.3869 0.3869 0.387 0.38727504 0.3876 0.3915 0.38725 0.38905 0.38962513 0.38867503 0.39205003 -999999.0 -999999.0 -999999.0 -999999.0 -999999.0 -999999.0 -999999.0 -999999.0 -999999.0 -999999.0 -999999.0 -999999.0 -999999.0 -999999.0 -999999.0 -999999.0 -999999.0 -999999.0 -999999.0 -999999.0 -999999.0 -999999.0 -999999.0 -999999.0 -999999.0 -999999.0 -999999.0 -999999.0 -999999.0 -999999.0 -999999.0 -999999.0 -999999.0 -999999.0 -999999.0 -999999.0 -999999.0 -999999.0 -999999.0 -999999.0 -999999.0 -999999.0 -999999.0
0.3888 0.3887 0.3888 0.3902 0.38967502 0.388825 0.388325 0.38785005 0.3875 0.3874 0.3875 0.3877 0.3879 0.390625 0.389125 0.39005 0.3904 -999999.0 -999999.0 -999999.0 -999999.0 -999999.0 -999999.0 -999999.0 -999999.0 -999999.0 -999999.0 -999999.0 -999999.0 -999999.0 -999999.0 -999999.0 -999999.0 -999999.0 -999999.0 -999999.0 -999999.0 -999999.0 -999999.0 -999999.0 -999999.0 -999999.0 -999999.0 -999999.0 -999999.0 -999999.0 -999999.0 -999999.0 -999999.0 -999999.0 -999999.0 -999999.0 -999999.0 -999999.0 -999999.0 -999999.0 -999999.0 -999999.0 -999999.0 -999999.0 -999999.0
0.39005002 0.38967502 0.38945 0.3905 0.39005002 0.3895 0.38910002 0.38857502 0.38810003 0.3878 0.3876 0.3875 0.3877 0.38844997 0.38944995 0.3904 -999999.0 -999999.0 -999999.0 -999999.0 -999999.0 -999999.0 -999999.0 -999999.0 -999999.0 -999999.0 -999999.0 -999999.0 -999999.0 -999999.0 -999999.0 -999999.0 -999999.0 -999999.0 -999999.0 -999999.0 -999999.0 -999999.0 -999999.0 -999999.0 -999999.0 -999999.0 -999999.0 -999999.0 -999999.0 -999999.0 -999999.0 -999999.0 -999999.0 -999999.0 -999999.0 -999999.0 -999999.0 -999999.0 -999999.0 -999999.0 -999999.0 -999999.0 -999999.0 -999999.0 -999999.0
0.391625 0.3907 0.39007503 0.3906998 0.38945 0.389475 0.3894 0.38897502 0.38839996 0.3879 0.3874 0.38694996 0.38669997 0.38769996 0.38877496 -999999.0 -999999.0 -999999.0 -999999.0 -999999.0 -999999.0 -999999.0 -999999.0 -999999.0 -999999.0 -999999.0 -999999.0 -999999.0 -999999.0 -999999.0 -999999.0 -999999.0 -999999.0 -999999.0 -999999.0 -999999.0 -999999.0 -999999.0 -999999.0 -999999.0 -999999.0 -999999.0 -999999.0 -999999.0 -999999.0 -999999.0 -999999.0 -999999.0 -999999.0 -999999.0 -999999.0 -999999.0 -999999.0 -999999.0 -999999.0 -999999.0 -999999.0 -999999.0 -999999.0 -999999.0 -999999.0
0.3916 0.39105 0.3904 0.3903 0.390475 0.3898 0.389575 0.38905 0.3886 0.38810003 0.387075 0.385975 0.384925 0.38617498 0.38735 -999999.0 -999999.0 -999999.0 -999999.0 -999999.0 -999999.0 -999999.0 -999999.0 -999999.0 -999999.0 -999999.0 -999999.0 -999999.0 -999999.0 -999999.0 -999999.0 -999999.0 -999999.0 -999999.0 -999999.0 -999999.0 -999999.0 -999999.0 -999999.0 -999999.0 -999999.0 -999999.0 -999999.0 -999999.0 -999999.0 -999999.0 -999999.0 -999999.0 -999999.0 -999999.0 -999999.0 -999999.0 -999999.0 -999999.0 -999999.0 -999999.0 -999999.0 -999999.0 -999999.0 -999999.0 -999999.0
0.3916 0.39115 0.3906 0.3904 0.39129996 0.39025003 0.38965002 0.3892 0.38872498 0.38784996 0.386675 0.3855 0.3845 -999999.0 -999999.0 -999999.0 -999999.0 -999999.0 -999999.0 -999999.0 -999999.0 -999999.0 -999999.0 -999999.0 -999999.0 -999999.0 -999999.0 -999999.0 -999999.0 -999999.0 -999999.0 -999999.0 -999999.0 -999999.0 -999999.0 -999999.0 -999999.0 -999999.0 -999999.0 -999999.0 -999999.0 -999999.0 -999999.0 -999999.0 -999999.0 -999999.0 -999999.0 -999999.0 -999999.0 -999999.0 -999999.0 -999999.0 -999999.0 -999999.0 -999999.0 -999999.0 -999999.0 -999999.0 -999999.0 -999999.0 -999999.0
