data/TNO-HT-ATES/HT-ATES_msz4/msz4__flowr_prodnorm_P50_basecase_80-45-40.asc
ncols  140
nrows  163
xllcorner  0.0
yllcorner  300000.0
cellsize  2000.0
NODATA_value  -999999.0
[rows 54 to 80 of 163, columns 61 to 121 of 140]
29.676838 19.856987 5.4385285 -999999.0 -999999.0 -999999.0 -999999.0 -999999.0 -999999.0 -999999.0 -999999.0 -999999.0 -999999.0 -999999.0 -999999.0 -999999.0 -999999.0 -999999.0 -999999.0 9.224311 7.627238 2.2562528 -999999.0 -999999.0 -999999.0 -999999.0 -999999.0 -999999.0 3.9243689 11.038862 23.577713 40.995495 61.6114 76.75602 79.82016 65.4317 50.801174 29.583471 15.346029 0.842297 1.0821908 -999999.0 3.951634 10.72578 1.280338 -999999.0 -999999.0 -999999.0 -999999.0 -999999.0 -999999.0 -999999.0 -999999.0 -999999.0 -999999.0 -999999.0 -999999.0 -999999.0 -999999.0 -999999.0 -999999.0
16.026426 7.820116 5.492284 -999999.0 -999999.0 -999999.0 -999999.0 -999999.0 -999999.0 -999999.0 -999999.0 -999999.0 -999999.0 -999999.0 -999999.0 -999999.0 -999999.0 -999999.0 3.43582 11.349091 8.477854 3.1108265 1.8035449 0.9784443 -999999.0 -999999.0 2.939468 6.4979115 11.695705 21.494028 35.064114 51.127834 68.50266 83.36125 88.3368 70.01515 56.3429 44.97188 31.879774 22.068066 15.370833 2.8799944 15.504694 35.437412 19.915974 -999999.0 -999999.0 -999999.0 -999999.0 -999999.0 -999999.0 -999999.0 -999999.0 -999999.0 -999999.0 -999999.0 -999999.0 -999999.0 -999999.0 -999999.0 -999999.0
14.439197 7.7059054 2.8581107 -999999.0 -999999.0 -999999.0 -999999.0 -999999.0 -999999.0 -999999.0 -999999.0 -999999.0 -999999.0 -999999.0 -999999.0 -999999.0 -999999.0 -999999.0 0.0 6.839684 2.4309747 2.8868842 2.7367752 1.4565421 1.9431362 3.0395465 4.5129457 9.363904 15.922377 26.401985 40.06484 62.145477 79.152435 80.28171 78.71061 64.394226 55.181644 52.356224 54.469433 59.58268 52.627174 43.926525 45.76187 52.98547 34.310387 6.8132834 -999999.0 -999999.0 -999999.0 -999999.0 -999999.0 -999999.0 -999999.0 -999999.0 -999999.0 -999999.0 -999999.0 -999999.0 -999999.0 -999999.0 -999999.0
14.436454 10.737874 6.036973 0.0 -999999.0 -999999.0 -999999.0 -999999.0 -999999.0 -999999.0 -999999.0 -999999.0 -999999.0 -999999.0 -999999.0 -999999.0 -999999.0 -999999.0 8.67442 8.044027 0.0 2.5052118 2.576483 2.1127334 3.767003 5.9680343 7.0373487 10.083537 18.326462 24.122175 35.7807 52.901447 66.72355 65.434975 57.391468 45.689816 49.306953 54.51877 75.049805 91.24642 82.58418 71.20275 60.80459 50.081062 30.19026 8.053439 -999999.0 -999999.0 -999999.0 -999999.0 -999999.0 -999999.0 -999999.0 -999999.0 -999999.0 -999999.0 -999999.0 -999999.0 -999999.0 -999999.0 -999999.0
19.957857 19.71564 12.000316 4.1701674 -999999.0 -999999.0 -999999.0 -999999.0 -999999.0 -999999.0 -999999.0 -999999.0 -999999.0 -999999.0 -999999.0 -999999.0 -999999.0 8.027217 20.40979 12.784383 1.7971663 0.92367935 1.3612138 1.4617915 4.2437816 7.4682794 8.659161 11.716124 16.659515 19.350662 24.024479 27.631237 35.851288 37.733185 31.25427 21.531443 29.905191 44.44926 64.40797 100.07667 104.96656 92.11726 82.65096 53.218822 15.008432 -999999.0 -999999.0 -999999.0 -999999.0 -999999.0 -999999.0 -999999.0 -999999.0 -999999.0 -999999.0 -999999.0 -999999.0 -999999.0 -999999.0 -999999.0 -999999.0
22.323282 24.858185 14.369552 3.211658 -999999.0 -999999.0 -999999.0 -999999.0 0.0 -999999.0 -999999.0 -999999.0 -999999.0 -999999.0 -999999.0 -999999.0 -999999.0 16.211939 26.1997 17.774492 6.772595 -999999.0 -999999.0 -999999.0 1.493963 8.568018 14.706229 17.588453 14.08713 13.065605 15.890255 12.429949 9.526043 17.439884 15.961784 5.795605 5.8579774 21.984314 39.901726 73.24693 97.65485 87.13366 81.58803 57.89753 29.817888 28.782928 -999999.0 -999999.0 -999999.0 -999999.0 -999999.0 -999999.0 -999999.0 -999999.0 -999999.0 -999999.0 -999999.0 -999999.0 -999999.0 -999999.0 -999999.0
21.124002 24.794847 6.287961 11.538997 -999999.0 -999999.0 -999999.0 -999999.0 -999999.0 -999999.0 -999999.0 -999999.0 -999999.0 0.0 1.115223 -999999.0 -999999.0 21.461266 25.133308 20.904505 18.22457 6.680821 -999999.0 -999999.0 -999999.0 4.784223 28.300707 34.32389 17.284962 11.976033 13.815956 12.037602 15.4508 16.398548 15.837683 11.121191 2.5716574 13.070099 32.88662 49.968906 76.1449 70.82321 79.17542 55.38772 35.40751 28.92134 -999999.0 -999999.0 -999999.0 -999999.0 -999999.0 -999999.0 -999999.0 -999999.0 -999999.0 -999999.0 -999999.0 -999999.0 -999999.0 -999999.0 -999999.0
20.32998 11.834838 5.9716625 14.2035675 3.4202518 -999999.0 -999999.0 -999999.0 -999999.0 -999999.0 -999999.0 -999999.0 3.034705 4.9250402 8.041342 15.014642 37.46178 29.068287 24.647202 24.834167 24.671953 14.267313 6.48717 3.278689 -999999.0 -999999.0 33.215218 47.308266 32.50616 23.07261 26.051077 22.716835 31.1107 27.892122 36.43558 38.06048 12.465493 31.687878 56.450737 62.2833 60.50842 71.07949 82.13112 60.796295 34.525467 45.59751 -999999.0 -999999.0 -999999.0 -999999.0 -999999.0 -999999.0 -999999.0 -999999.0 -999999.0 -999999.0 -999999.0 -999999.0 -999999.0 -999999.0 -999999.0
12.881962 10.333713 10.068182 21.287766 18.020395 -999999.0 -999999.0 -999999.0 -999999.0 -999999.0 -999999.0 1.0746127 2.3803773 1.9181069 14.368529 37.178444 47.665325 40.472816 30.241919 27.516966 27.797432 23.724817 17.603504 16.956911 10.559355 -999999.0 25.517986 38.879757 37.008736 32.803314 37.945015 34.264866 51.00727 52.535103 65.41197 65.86003 25.75219 54.767056 92.65549 112.41594 82.33661 101.01238 106.592674 79.732185 46.19588 38.193253 -999999.0 -999999.0 -999999.0 -999999.0 -999999.0 -999999.0 -999999.0 -999999.0 -999999.0 -999999.0 -999999.0 -999999.0 -999999.0 -999999.0 -999999.0
10.704709 10.170864 13.089664 22.176159 13.9593115 -999999.0 -999999.0 -999999.0 -999999.0 -999999.0 -999999.0 2.0003827 3.6638398 8.771811 26.402563 43.276108 43.00678 40.16912 35.564877 30.69496 30.776833 34.317444 29.484077 29.045664 19.739864 9.785291 18.782625 35.52269 58.572872 33.243465 40.39201 31.953455 56.547302 67.20389 87.57981 95.8977 77.45188 93.49537 112.32499 140.44424 112.24817 125.19269 108.20548 71.96687 36.47065 0.0 -999999.0 -999999.0 -999999.0 -999999.0 -999999.0 -999999.0 -999999.0 -999999.0 -999999.0 -999999.0 -999999.0 -999999.0 -999999.0 -999999.0 -999999.0
13.427554 9.067098 15.4915905 25.171535 12.12275 -999999.0 -999999.0 -999999.0 -999999.0 -999999.0 -999999.0 -999999.0 4.57359 19.914097 32.20243 34.657455 34.219814 34.652325 35.177063 34.17566 33.783302 46.886776 40.335354 37.840057 31.742159 25.156101 46.058132 54.88297 88.74785 92.41048 64.81435 30.285046 48.83257 71.61811 104.130135 122.0298 124.71472 124.0861 93.37476 102.98953 119.99616 105.69845 86.950874 57.971207 0.0 0.0 0.0 -999999.0 -999999.0 -999999.0 -999999.0 -999999.0 -999999.0 -999999.0 -999999.0 -999999.0 -999999.0 -999999.0 -999999.0 -999999.0 -999999.0
9.707908 6.3278093 18.162357 20.758543 7.246588 -999999.0 -999999.0 -999999.0 -999999.0 -999999.0 -999999.0 -999999.0 1.8518609 14.0309925 21.921307 21.700651 20.96165 22.25566 26.242722 31.471058 38.433506 51.15274 46.9158 52.42902 54.468533 45.4508 43.73313 68.81234 93.65959 88.55924 71.17714 43.29168 3.4126945 59.35711 96.341675 103.533806 102.75698 95.15304 64.49521 56.080215 80.82977 73.32143 54.382336 37.26103 0.0 0.0 0.0 -999999.0 -999999.0 -999999.0 -999999.0 -999999.0 -999999.0 -999999.0 -999999.0 -999999.0 -999999.0 -999999.0 -999999.0 -999999.0 -999999.0
6.0735326 3.6659973 9.81684 12.492242 4.334584 -999999.0 -999999.0 -999999.0 -999999.0 -999999.0 0.0 -999999.0 1.9942058 5.560253 3.089962 -999999.0 -999999.0 -999999.0 1.8858602 21.327581 41.978123 59.681934 59.070778 67.51194 61.443024 34.414715 38.209705 71.20126 122.730835 112.76718 100.91636 71.76502 62.64277 78.88706 94.47359 95.98844 84.97598 73.96476 63.63592 72.589874 71.208824 52.23993 34.640766 0.0 0.0 0.0 -999999.0 -999999.0 -999999.0 -999999.0 -999999.0 -999999.0 -999999.0 -999999.0 -999999.0 -999999.0 -999999.0 -999999.0 -999999.0 -999999.0 -999999.0
4.774095 1.0068381 3.6858683 5.476726 2.1087644 -999999.0 -999999.0 -999999.0 -999999.0 -999999.0 5.7576857 4.080795 3.9131548 5.6172743 1.1723094 -999999.0 -999999.0 -999999.0 -999999.0 22.918713 52.523895 79.20458 84.89811 84.03007 60.337883 3.8088067 43.820103 79.225845 128.81148 146.47574 148.99199 124.66627 103.18204 90.48198 87.87798 85.740005 79.83141 73.326004 72.30501 88.63394 75.83635 49.580276 27.713171 0.0 0.0 0.0 -999999.0 -999999.0 -999999.0 -999999.0 -999999.0 -999999.0 -999999.0 -999999.0 -999999.0 -999999.0 -999999.0 -999999.0 -999999.0 -999999.0 -999999.0
5.521612 2.1454122 2.4884193 1.9862006 -999999.0 -999999.0 5.25289 5.9266467 4.8615193 5.9774227 8.562426 9.588561 9.308393 12.191452 10.403472 -999999.0 -999999.0 -999999.0 -999999.0 42.57306 80.46119 114.65426 121.08276 111.546524 86.80173 60.310535 101.443 138.8199 166.98338 163.0592 172.94064 147.5929 126.02937 107.50646 96.54881 68.1073 65.42612 74.04503 66.02631 101.903984 86.89123 35.64855 0.0 0.0 0.0 0.0 -999999.0 -999999.0 -999999.0 -999999.0 -999999.0 -999999.0 -999999.0 -999999.0 -999999.0 -999999.0 -999999.0 -999999.0 -999999.0 -999999.0 -999999.0
4.969528 3.5635977 1.6807196 -999999.0 -999999.0 3.153398 9.4200115 10.042964 11.496066 13.150719 13.7663145 16.544556 16.581062 21.71169 22.861994 12.526829 -999999.0 -999999.0 21.724323 74.916245 117.29797 162.06349 166.70903 147.25308 130.70609 129.22809 160.1395 164.09552 164.78749 167.04489 181.22295 162.70154 144.57089 127.87857 101.95236 74.98392 72.28472 76.050354 58.87817 89.09504 6.661757 19.623924 0.0 0.0 0.0 0.0 -999999.0 -999999.0 -999999.0 -999999.0 -999999.0 -999999.0 -999999.0 -999999.0 -999999.0 -999999.0 -999999.0 -999999.0 -999999.0 -999999.0 -999999.0
3.6433334 3.0708828 1.0942932 -999999.0 2.0269754 6.048178 8.405325 14.506083 17.184927 17.894625 22.721819 25.940636 29.98284 36.738503 39.33391 43.269604 34.426735 36.855846 71.419815 113.932556 155.18225 197.94635 183.99422 169.80411 163.17618 189.06236 200.383 184.3745 190.32626 164.37987 172.19524 162.90672 156.2997 143.25948 116.58344 93.39384 88.35614 92.13615 93.65627 62.439972 22.658339 20.85395 6.795998 0.0 0.0 -999999.0 -999999.0 -999999.0 -999999.0 -999999.0 -999999.0 -999999.0 -999999.0 -999999.0 -999999.0 -999999.0 -999999.0 -999999.0 -999999.0 -999999.0 -999999.0
2.6267872 3.7463038 1.9732405 1.1304861 3.6439576 7.478204 12.564442 20.49222 19.58072 18.741968 24.708855 59.210697 47.494213 49.42919 53.27237 69.953 82.544075 99.78166 128.43317 176.43953 199.26456 194.18196 193.4508 191.63544 208.85577 222.08055 223.6732 201.58809 203.15822 183.32668 202.54358 188.81384 178.27853 158.12021 134.76988 110.44842 102.85378 101.82535 89.24045 23.766022 27.324627 18.224546 7.31943 0.0 -999999.0 -999999.0 -999999.0 -999999.0 -999999.0 -999999.0 -999999.0 -999999.0 -999999.0 -999999.0 -999999.0 -999999.0 -999999.0 -999999.0 -999999.0 -999999.0 -999999.0
4.056196 4.9681726 4.243342 4.8914094 5.908485 7.70212 11.186789 19.97793 24.725863 48.67625 84.84603 67.490135 59.21849 63.67017 72.47549 83.814835 117.29474 148.25017 179.89743 196.55156 185.23653 148.45111 158.06543 183.71494 199.77509 210.68097 225.52913 209.43732 216.21439 197.73026 217.36143 197.33763 201.1672 191.35652 153.70314 129.3303 118.69511 111.8106 81.05751 29.847702 21.122543 30.027386 23.514362 0.0 -999999.0 -999999.0 -999999.0 -999999.0 -999999.0 -999999.0 -999999.0 -999999.0 -999999.0 -999999.0 -999999.0 -999999.0 -999999.0 -999999.0 -999999.0 -999999.0 -999999.0
7.447294 6.367125 5.7108283 6.5777254 5.707356 4.1679425 11.855272 46.619667 61.356293 79.09751 104.41559 79.13016 83.01525 91.57892 97.209946 115.38776 165.93193 190.52408 190.56721 190.78812 170.44276 156.89653 138.30104 154.95526 175.25786 180.77626 201.84027 206.8073 239.5083 217.54921 225.76735 214.74925 203.41963 194.98976 167.51057 146.90717 125.86122 127.73393 88.38444 38.32916 13.732466 24.180237 12.190463 16.207043 0.0 -999999.0 -999999.0 -999999.0 -999999.0 -999999.0 -999999.0 -999999.0 -999999.0 -999999.0 -999999.0 -999999.0 -999999.0 -999999.0 -999999.0 -999999.0 -999999.0
8.506374 6.3690643 4.9265933 5.4056125 8.841251 16.588697 32.605778 81.900566 90.44838 81.097015 69.71628 83.39268 97.593704 95.075035 99.57374 144.84499 186.44258 189.38152 185.80305 178.26704 159.9443 154.42726 142.85846 143.6246 157.71468 162.94556 187.05167 184.85344 230.19487 220.73778 227.75752 236.03508 223.32013 202.60558 180.66866 153.95586 89.84051 81.83392 62.19455 38.971004 23.900963 40.250916 35.662994 4.760247 0.0 0.0 -999999.0 -999999.0 -999999.0 -999999.0 -999999.0 -999999.0 -999999.0 -999999.0 -999999.0 -999999.0 -999999.0 -999999.0 -999999.0 -999999.0 -999999.0
5.8144 3.923788 4.106033 4.6346393 17.662237 49.52636 91.15991 76.10633 62.97479 54.25359 57.020145 61.328114 77.651405 73.377945 85.139725 142.37767 167.3336 171.12617 160.70724 171.89653 153.51624 149.83167 143.13289 146.92189 155.39452 161.37814 174.27753 182.34747 221.03014 217.26196 245.35846 244.61134 235.14497 209.48787 182.97552 129.01326 23.4402 36.21066 53.524384 51.423725 37.06144 28.342037 24.195219 14.319036 0.0 0.0 0.0 -999999.0 -999999.0 -999999.0 -999999.0 -999999.0 -999999.0 -999999.0 -999999.0 -999999.0 -999999.0 -999999.0 -999999.0 -999999.0 -999999.0
2.0933108 1.2799283 2.796152 8.759553 17.258799 39.34763 74.631004 56.872063 32.554028 8.26777 33.716843 70.26969 79.42416 85.354515 106.21901 137.98436 155.02376 158.47502 162.87251 150.56577 129.84035 142.99364 138.38853 141.84518 146.31021 155.2376 163.18414 178.36494 196.11598 207.03905 250.38696 242.1204 236.0207 218.38918 174.3839 108.40683 30.26242 20.433023 30.763111 35.310764 34.29545 24.1923 19.686024 21.226395 0.0 0.0 -999999.0 -999999.0 -999999.0 -999999.0 -999999.0 -999999.0 -999999.0 -999999.0 -999999.0 -999999.0 -999999.0 -999999.0 -999999.0 -999999.0 -999999.0
-999999.0 0.64758164 3.9073782 12.288712 12.66609 19.712952 48.247913 31.365526 14.088948 12.881687 44.902294 75.79292 77.86396 85.50889 100.2825 125.56715 145.77353 150.77151 152.53314 130.89334 114.76784 138.07826 130.31361 133.93704 148.8664 153.24887 178.35506 181.44344 179.51703 177.99568 225.77046 214.95618 209.72095 191.98917 123.7346 56.12626 36.573032 21.369759 16.239794 23.064754 24.15045 33.583836 22.983707 19.249075 6.4235945 0.0 -999999.0 -999999.0 -999999.0 -999999.0 -999999.0 -999999.0 -999999.0 -999999.0 -999999.0 -999999.0 -999999.0 -999999.0 -999999.0 -999999.0 -999999.0
-999999.0 -999999.0 2.9636226 9.812442 11.982535 15.470023 36.62982 22.109648 7.7321134 49.641006 80.52931 76.9288 79.838776 72.21549 75.6226 87.84516 103.708824 130.37425 138.84128 126.131966 122.75752 130.18237 122.617775 126.075645 140.75285 141.80226 155.18674 166.05573 154.15952 148.11523 182.91318 168.18044 155.00809 133.55623 94.09543 51.617397 36.86889 25.310745 19.719173 23.445984 32.582405 31.728495 19.379744 10.4958725 0.0 -999999.0 -999999.0 -999999.0 -999999.0 -999999.0 -999999.0 -999999.0 -999999.0 -999999.0 -999999.0 -999999.0 -999999.0 -999999.0 -999999.0 -999999.0 -999999.0
4.998698 5.5101795 7.9214106 11.148534 14.814067 18.380821 17.251143 33.735203 31.893253 78.41128 104.601456 83.35806 72.82126 62.01178 59.814514 63.118652 90.39338 106.04801 118.14154 132.56639 116.71339 115.30859 115.01005 123.22693 128.60924 133.82416 139.53888 138.49823 126.71206 108.45011 123.76908 119.58716 119.110245 104.50976 79.43485 49.291542 35.09064 27.94337 24.76917 29.388765 29.400835 25.417124 17.878332 9.32982 0.0 0.0 -999999.0 -999999.0 -999999.0 -999999.0 -999999.0 -999999.0 -999999.0 -999999.0 -999999.0 -999999.0 -999999.0 -999999.0 -999999.0 -999999.0 -999999.0
51.608284 24.473566 24.274273 22.470945 18.99665 18.230087 24.563025 42.057743 57.360546 97.297035 113.15455 95.438675 75.714294 57.13509 57.405243 61.905796 72.18668 54.31148 69.75238 94.18125 101.551476 99.99658 103.61702 108.39768 114.04166 121.370125 136.1814 115.63883 96.15655 88.60404 87.448875 80.87071 74.28585 73.853745 60.695766 42.667965 30.570591 26.151482 25.923548 25.902225 22.695147 22.846567 16.013218 8.758608 0.0 0.0 -999999.0 -999999.0 -999999.0 -999999.0 -999999.0 -999999.0 -999999.0 -999999.0 -999999.0 -999999.0 -999999.0 -999999.0 -999999.0 -999999.0 -999999.0
