data/TNO-HT-ATES/HT-ATES_msz4/msz4__temperature_basecase_80-45-40.asc
ncols  140
nrows  163
xllcorner  0.0
yllcorner  300000.0
cellsize  2000.0
NODATA_value  -999999.0
[rows 26 to 51 of 163, columns 60 to 119 of 140]
-999999.0 -999999.0 -999999.0 -999999.0 -999999.0 -999999.0 -999999.0 -999999.0 -999999.0 -999999.0 -999999.0 25.56543 25.461502 25.737179 26.029182 26.202948 26.293322 26.067183 25.638872 25.434078 25.165258 24.919594 24.6135 24.290653 24.027592 24.033527 23.938576 23.686497 23.334251 23.02002 22.745174 22.48525 22.313179 21.99992 21.494148 21.050127 20.645845 20.363855 20.157032 -999999.0 -999999.0 -999999.0 -999999.0 19.430038 18.994759 18.596731 18.101505 -999999.0 18.930332 16.961998 -999999.0 -999999.0 -999999.0 -999999.0 -999999.0 -999999.0 -999999.0 -999999.0 -999999.0 -999999.0
-999999.0 -999999.0 -999999.0 -999999.0 -999999.0 -999999.0 -999999.0 -999999.0 -999999.0 -999999.0 -999999.0 25.408152 25.33524 25.654974 26.005901 26.171995 26.182083 26.05314 25.752169 25.61599 25.48276 25.28589 24.98125 24.5321 24.21499 24.05913 23.812893 23.49129 23.200317 22.959158 22.84685 22.596401 22.42823 22.214603 21.615622 21.038698 20.622654 20.42355 20.266392 -999999.0 -999999.0 -999999.0 -999999.0 -999999.0 18.493631 18.053001 17.52257 -999999.0 -999999.0 17.929132 -999999.0 -999999.0 -999999.0 -999999.0 -999999.0 -999999.0 -999999.0 -999999.0 -999999.0 -999999.0
-999999.0 -999999.0 -999999.0 -999999.0 -999999.0 -999999.0 -999999.0 -999999.0 -999999.0 -999999.0 -999999.0 25.232597 25.148262 25.435013 25.74931 25.914307 26.037724 25.890903 25.73227 25.708784 25.525213 25.20199 24.956104 24.694235 24.390802 24.118982 23.736609 23.390652 23.160213 23.028755 22.849146 22.448208 22.09162 21.974382 21.471151 20.948332 20.514854 20.375267 20.29089 -999999.0 -999999.0 -999999.0 -999999.0 -999999.0 -999999.0 17.650024 -999999.0 -999999.0 -999999.0 17.444122 -999999.0 -999999.0 -999999.0 -999999.0 -999999.0 -999999.0 -999999.0 -999999.0 -999999.0 -999999.0
-999999.0 -999999.0 -999999.0 -999999.0 -999999.0 -999999.0 -999999.0 -999999.0 -999999.0 -999999.0 25.144627 25.05339 24.996935 25.196304 25.49521 25.56634 25.635258 25.576027 25.614485 25.726858 25.547075 24.97424 24.766888 24.6673 24.527067 24.185074 23.729876 23.326687 23.122755 22.915905 22.742378 22.312368 21.851665 21.62866 21.263575 20.824215 20.38397 20.212124 20.216967 -999999.0 -999999.0 -999999.0 -999999.0 -999999.0 -999999.0 -999999.0 -999999.0 -999999.0 -999999.0 -999999.0 16.235165 -999999.0 15.543322 -999999.0 -999999.0 -999999.0 -999999.0 -999999.0 -999999.0 -999999.0
-999999.0 -999999.0 -999999.0 -999999.0 -999999.0 -999999.0 -999999.0 -999999.0 -999999.0 -999999.0 24.938099 24.959705 24.982471 25.123684 25.221172 25.255669 25.281357 25.285135 25.3255 25.526587 25.469997 25.063856 24.661867 24.4605 24.418491 24.11148 23.721418 23.311918 22.98144 22.673592 22.514715 22.158392 21.746943 21.276123 20.97366 20.731731 20.342663 20.029642 19.994467 -999999.0 -999999.0 -999999.0 -999999.0 -999999.0 -999999.0 -999999.0 16.74983 16.330845 -999999.0 -999999.0 17.241756 16.041393 -999999.0 -999999.0 -999999.0 -999999.0 -999999.0 -999999.0 -999999.0 -999999.0
-999999.0 -999999.0 -999999.0 -999999.0 -999999.0 -999999.0 -999999.0 -999999.0 -999999.0 24.56346 24.744436 24.797995 24.83499 24.839182 24.799383 24.82688 24.880857 24.974365 25.169909 25.289726 25.189419 25.057915 24.64736 24.433023 24.203056 24.002682 23.723131 23.267471 22.790482 22.381876 22.102142 21.787077 21.321638 20.84629 20.70786 20.617067 20.27713 19.977804 19.774763 -999999.0 -999999.0 -999999.0 -999999.0 -999999.0 -999999.0 -999999.0 16.888365 16.708397 16.696796 16.826185 16.938972 -999999.0 16.406343 15.433063 -999999.0 -999999.0 -999999.0 -999999.0 -999999.0 -999999.0
-999999.0 -999999.0 -999999.0 -999999.0 -999999.0 -999999.0 23.293375 23.54571 23.937975 24.221386 24.391947 24.440409 24.559038 24.576284 24.473577 24.528202 24.61877 24.827972 25.041737 24.973618 24.895643 24.996553 24.665083 24.291023 -999999.0 23.81996 23.491796 23.122873 22.556059 22.084986 21.709747 21.367767 20.937065 20.54989 20.468107 20.368874 20.160599 19.966053 19.754055 19.523964 -999999.0 -999999.0 -999999.0 -999999.0 -999999.0 -999999.0 17.004818 16.911398 16.748314 16.739748 16.689575 16.588469 16.513338 -999999.0 -999999.0 -999999.0 -999999.0 -999999.0 -999999.0 -999999.0
22.329832 22.346844 22.377625 22.415764 22.513632 22.646185 22.795273 23.007288 23.337664 23.66827 23.800123 23.883242 24.173283 24.337973 24.379494 24.620188 24.765766 24.826363 24.690071 24.565052 24.620064 24.795893 24.474455 23.917004 -999999.0 23.340338 23.185179 22.874054 22.372393 21.840902 21.42798 21.092468 20.67414 20.430624 20.284243 20.096773 19.860981 19.724426 19.564837 19.341265 -999999.0 -999999.0 -999999.0 -999999.0 -999999.0 17.059046 16.922745 16.785189 16.65349 16.588081 16.420774 16.259157 16.19429 16.295237 -999999.0 -999999.0 -999999.0 -999999.0 -999999.0 -999999.0
22.590929 22.509756 22.36557 22.164257 22.262001 22.430887 22.665623 22.896524 23.115162 23.349453 23.483278 23.56311 23.790874 23.918404 24.124361 24.435541 24.482534 24.487593 24.343357 24.23008 24.357485 24.476885 24.065292 -999999.0 -999999.0 22.828083 22.768448 22.57423 22.261858 21.84228 21.298067 20.853168 20.515596 20.447372 20.131767 19.730974 19.42342 19.358332 19.313631 19.10473 -999999.0 -999999.0 -999999.0 -999999.0 -999999.0 16.806227 16.709455 16.626677 16.497454 16.401556 16.23639 16.067654 15.844057 16.29888 -999999.0 -999999.0 -999999.0 -999999.0 -999999.0 -999999.0
22.700745 22.595507 22.442327 22.183193 22.22043 22.423042 22.702364 22.894403 23.107698 23.317995 23.447483 23.499674 23.5169 23.696878 23.930859 24.203953 24.157482 24.087261 24.03609 23.994799 24.003569 -999999.0 -999999.0 -999999.0 22.776169 22.60136 22.389605 22.142645 22.058731 21.815231 21.26225 20.657978 20.240637 20.224854 19.88619 19.448336 19.140211 19.1047 19.027447 18.876993 -999999.0 -999999.0 -999999.0 -999999.0 16.781874 16.516245 16.408726 16.355036 16.27856 16.178238 16.053827 15.85752 15.527622 -999999.0 -999999.0 -999999.0 -999999.0 -999999.0 -999999.0 -999999.0
22.600128 22.552898 22.482704 22.34479 22.375961 22.606823 -999999.0 -999999.0 -999999.0 -999999.0 -999999.0 -999999.0 23.56658 23.695333 23.967049 24.20266 24.121204 23.998133 23.799625 23.649313 -999999.0 -999999.0 -999999.0 -999999.0 22.559458 22.38987 22.097927 21.745436 21.654444 21.454971 21.09596 20.42761 19.911684 19.721104 19.574903 19.33956 19.126858 18.880747 18.701994 -999999.0 -999999.0 -999999.0 17.309347 16.957697 16.574423 16.258568 16.141567 16.124435 16.076485 15.960953 15.792857 15.554656 15.187135 15.048518 15.837139 -999999.0 -999999.0 -999999.0 -999999.0 -999999.0
22.426416 22.418467 22.405003 22.446087 22.540155 22.794695 -999999.0 -999999.0 -999999.0 -999999.0 -999999.0 -999999.0 -999999.0 -999999.0 -999999.0 -999999.0 23.93566 23.797379 23.512682 23.349318 -999999.0 -999999.0 -999999.0 -999999.0 22.332233 22.281538 21.947475 21.562239 21.359047 21.138468 20.75413 20.130074 19.61191 19.34379 19.296862 19.155685 -999999.0 -999999.0 -999999.0 -999999.0 -999999.0 17.524326 17.08464 16.759415 16.387495 -999999.0 -999999.0 -999999.0 15.759638 15.697737 15.501843 15.276731 14.960907 -999999.0 15.726687 -999999.0 -999999.0 -999999.0 -999999.0 -999999.0
22.250814 22.318104 22.390543 22.563744 22.692259 22.9676 -999999.0 -999999.0 -999999.0 -999999.0 -999999.0 -999999.0 -999999.0 -999999.0 -999999.0 -999999.0 -999999.0 -999999.0 23.252682 23.176117 23.132772 -999999.0 22.66218 22.442402 22.155651 22.07125 21.817045 21.465714 21.186346 20.937462 20.526564 20.031292 19.53188 19.198711 19.092028 18.941278 18.697552 18.485037 18.232586 18.013933 17.633135 17.244677 16.870182 16.507748 -999999.0 -999999.0 -999999.0 15.582786 15.472007 15.479876 15.242459 14.88528 -999999.0 14.084524 14.1615 -999999.0 -999999.0 -999999.0 -999999.0 -999999.0
22.00578 22.20996 22.478819 22.789846 22.84765 -999999.0 -999999.0 -999999.0 -999999.0 -999999.0 -999999.0 -999999.0 -999999.0 -999999.0 -999999.0 -999999.0 -999999.0 -999999.0 -999999.0 22.855227 22.823183 22.740284 22.675718 22.614244 22.142008 21.84223 21.70475 21.479698 21.192625 20.848854 20.48482 20.110949 19.667183 19.201006 18.823015 18.569132 18.509705 18.387476 18.161608 17.891891 17.471567 17.111776 16.779512 16.347574 -999999.0 -999999.0 -999999.0 15.430867 15.31169 15.367918 15.019561 -999999.0 14.421759 14.732791 -999999.0 -999999.0 -999999.0 -999999.0 -999999.0 -999999.0
21.929585 22.08179 22.40956 22.746235 -999999.0 -999999.0 -999999.0 -999999.0 -999999.0 -999999.0 -999999.0 -999999.0 -999999.0 -999999.0 -999999.0 -999999.0 -999999.0 -999999.0 -999999.0 -999999.0 22.566399 22.543282 22.555132 22.506487 22.22144 21.938776 21.761562 21.543764 21.191982 20.868301 20.49913 20.024515 19.542267 18.982515 18.530212 18.338198 18.372845 18.193987 17.95971 17.616608 17.339645 17.09972 16.724886 16.350399 15.927166 -999999.0 -999999.0 -999999.0 -999999.0 15.148052 -999999.0 -999999.0 -999999.0 -999999.0 -999999.0 -999999.0 -999999.0 -999999.0 -999999.0 -999999.0
21.967583 22.133875 22.34699 22.699085 -999999.0 -999999.0 -999999.0 -999999.0 -999999.0 -999999.0 -999999.0 -999999.0 -999999.0 -999999.0 -999999.0 -999999.0 -999999.0 -999999.0 -999999.0 -999999.0 -999999.0 22.543564 22.519213 22.380428 22.204807 21.927668 21.684628 21.425282 21.075697 20.726633 20.445961 19.915953 19.4051 18.77418 18.32382 18.174368 18.174107 17.996313 17.744392 17.443996 17.194502 16.93801 16.60788 16.270142 -999999.0 -999999.0 -999999.0 -999999.0 15.161795 15.200291 -999999.0 -999999.0 -999999.0 -999999.0 -999999.0 -999999.0 -999999.0 -999999.0 -999999.0 -999999.0
22.088806 22.355005 22.67264 22.939285 -999999.0 -999999.0 -999999.0 -999999.0 -999999.0 -999999.0 -999999.0 -999999.0 -999999.0 -999999.0 -999999.0 -999999.0 -999999.0 -999999.0 -999999.0 -999999.0 -999999.0 -999999.0 22.519356 22.21977 21.966358 21.653357 21.3458 21.149006 20.819582 20.483297 20.144953 19.705904 19.211735 18.546936 18.132038 17.963812 17.89856 17.729815 17.466719 17.199821 16.8991 16.614386 16.422537 -999999.0 -999999.0 -999999.0 -999999.0 -999999.0 14.998595 -999999.0 -999999.0 -999999.0 -999999.0 -999999.0 -999999.0 -999999.0 -999999.0 -999999.0 -999999.0 -999999.0
22.229248 22.471048 22.83917 23.214684 -999999.0 -999999.0 -999999.0 -999999.0 -999999.0 -999999.0 -999999.0 -999999.0 -999999.0 -999999.0 -999999.0 -999999.0 -999999.0 -999999.0 -999999.0 -999999.0 22.312223 22.407158 -999999.0 22.137228 21.849554 21.402899 21.051113 20.79096 20.357409 20.02185 19.777525 19.250185 18.703804 18.19091 17.901396 17.684748 17.589285 17.426424 17.167223 16.977499 16.700136 16.465214 16.267368 -999999.0 -999999.0 -999999.0 -999999.0 -999999.0 -999999.0 -999999.0 -999999.0 -999999.0 -999999.0 -999999.0 -999999.0 -999999.0 -999999.0 -999999.0 -999999.0 -999999.0
22.446705 22.655249 22.92158 23.393276 -999999.0 -999999.0 -999999.0 -999999.0 -999999.0 -999999.0 -999999.0 -999999.0 -999999.0 -999999.0 -999999.0 -999999.0 -999999.0 -999999.0 -999999.0 -999999.0 22.202879 22.175282 -999999.0 22.034897 21.784828 21.269367 20.85763 20.525564 20.096031 19.721651 19.37731 18.87792 18.41767 18.026197 17.694218 17.428698 17.253023 17.056597 16.893976 16.731262 16.508476 16.23753 15.996097 -999999.0 -999999.0 -999999.0 -999999.0 -999999.0 14.131215 -999999.0 -999999.0 -999999.0 -999999.0 -999999.0 -999999.0 -999999.0 -999999.0 -999999.0 -999999.0 -999999.0
22.633028 22.944807 23.188404 23.435343 -999999.0 -999999.0 -999999.0 -999999.0 -999999.0 -999999.0 -999999.0 -999999.0 -999999.0 -999999.0 -999999.0 -999999.0 -999999.0 -999999.0 -999999.0 -999999.0 22.101759 -999999.0 -999999.0 21.814186 21.744864 21.229933 20.68806 20.230438 -999999.0 -999999.0 -999999.0 18.734943 18.405172 18.05424 17.6111 17.203173 16.869797 16.68558 16.597893 16.468897 16.295122 16.042809 -999999.0 15.525098 -999999.0 -999999.0 -999999.0 -999999.0 -999999.0 -999999.0 -999999.0 -999999.0 -999999.0 -999999.0 -999999.0 -999999.0 -999999.0 -999999.0 -999999.0 -999999.0
22.74385 23.126192 23.544561 23.785093 24.19919 -999999.0 -999999.0 -999999.0 -999999.0 -999999.0 -999999.0 -999999.0 -999999.0 -999999.0 -999999.0 -999999.0 -999999.0 -999999.0 -999999.0 -999999.0 21.812063 -999999.0 -999999.0 -999999.0 -999999.0 -999999.0 20.706074 -999999.0 -999999.0 -999999.0 -999999.0 -999999.0 -999999.0 17.787567 17.3395 16.957651 16.586447 16.364637 16.213816 16.110523 15.992008 -999999.0 -999999.0 15.1805315 14.747003 14.223648 -999999.0 -999999.0 -999999.0 -999999.0 -999999.0 -999999.0 -999999.0 -999999.0 -999999.0 -999999.0 -999999.0 -999999.0 -999999.0 -999999.0
23.077524 23.40447 23.880833 24.280203 24.600542 -999999.0 -999999.0 -999999.0 -999999.0 -999999.0 -999999.0 -999999.0 -999999.0 -999999.0 -999999.0 -999999.0 -999999.0 -999999.0 -999999.0 -999999.0 -999999.0 -999999.0 -999999.0 -999999.0 -999999.0 -999999.0 -999999.0 20.250782 -999999.0 -999999.0 -999999.0 -999999.0 -999999.0 -999999.0 17.098623 16.674765 16.36272 16.145103 15.875397 15.737889 15.604759 -999999.0 -999999.0 14.919263 14.550321 14.0903845 13.741502 13.143598 -999999.0 -999999.0 -999999.0 -999999.0 -999999.0 -999999.0 -999999.0 -999999.0 -999999.0 -999999.0 -999999.0 -999999.0
23.466755 23.836033 24.263243 24.602602 24.855532 -999999.0 -999999.0 -999999.0 -999999.0 -999999.0 -999999.0 -999999.0 -999999.0 -999999.0 -999999.0 -999999.0 -999999.0 -999999.0 -999999.0 -999999.0 -999999.0 -999999.0 -999999.0 -999999.0 -999999.0 -999999.0 -999999.0 20.221197 -999999.0 -999999.0 -999999.0 -999999.0 -999999.0 -999999.0 17.038874 16.534082 16.236578 15.928611 -999999.0 -999999.0 15.197751 15.181484 14.964853 14.690327 14.327514 13.921898 -999999.0 13.057008 -999999.0 -999999.0 -999999.0 -999999.0 -999999.0 -999999.0 -999999.0 -999999.0 -999999.0 -999999.0 -999999.0 -999999.0
23.695845 24.014956 24.464035 24.91109 -999999.0 -999999.0 -999999.0 -999999.0 -999999.0 -999999.0 -999999.0 -999999.0 -999999.0 -999999.0 -999999.0 -999999.0 -999999.0 -999999.0 -999999.0 -999999.0 -999999.0 -999999.0 -999999.0 -999999.0 -999999.0 -999999.0 -999999.0 -999999.0 -999999.0 -999999.0 -999999.0 -999999.0 -999999.0 17.555483 17.062986 16.589306 16.100397 15.607995 -999999.0 -999999.0 14.957179 14.863993 14.655531 14.3998995 14.1158085 -999999.0 -999999.0 12.945297 -999999.0 -999999.0 -999999.0 -999999.0 -999999.0 -999999.0 -999999.0 -999999.0 -999999.0 -999999.0 -999999.0 -999999.0
23.89138 24.082405 24.464252 24.989727 -999999.0 -999999.0 -999999.0 -999999.0 -999999.0 -999999.0 -999999.0 -999999.0 -999999.0 -999999.0 -999999.0 -999999.0 -999999.0 -999999.0 -999999.0 -999999.0 -999999.0 -999999.0 -999999.0 -999999.0 -999999.0 -999999.0 -999999.0 -999999.0 -999999.0 -999999.0 -999999.0 -999999.0 18.08308 17.556917 17.06028 16.583235 15.955516 15.384718 -999999.0 -999999.0 14.732938 14.602089 14.42888 14.252566 14.038039 -999999.0 -999999.0 12.978287 -999999.0 -999999.0 -999999.0 -999999.0 -999999.0 -999999.0 -999999.0 -999999.0 -999999.0 -999999.0 -999999.0 -999999.0
23.661825 23.892561 24.27182 24.679594 -999999.0 -999999.0 -999999.0 -999999.0 -999999.0 -999999.0 -999999.0 -999999.0 -999999.0 -999999.0 -999999.0 -999999.0 -999999.0 -999999.0 -999999.0 -999999.0 -999999.0 -999999.0 -999999.0 -999999.0 -999999.0 -999999.0 -999999.0 -999999.0 -999999.0 -999999.0 -999999.0 18.351831 17.886087 17.424898 16.970638 16.498152 15.8934355 15.251923 14.820241 14.648638 14.54095 14.454608 14.366679 14.18639 -999999.0 -999999.0 -999999.0 -999999.0 -999999.0 -999999.0 -999999.0 -999999.0 -999999.0 -999999.0 -999999.0 -999999.0 -999999.0 -999999.0 -999999.0 -999999.0
