data/TNO-HT-ATES/HT-ATES_msz4/msz4__temperature_basecase_80-45-40.asc
ncols  140
nrows  163
xllcorner  0.0
yllcorner  300000.0
cellsize  2000.0
NODATA_value  -999999.0
[rows 52 to 77 of 163, columns 60 to 119 of 140]
23.09917 23.635248 24.029835 24.227476 -999999.0 -999999.0 -999999.0 -999999.0 -999999.0 -999999.0 -999999.0 -999999.0 -999999.0 -999999.0 -999999.0 -999999.0 -999999.0 -999999.0 -999999.0 -999999.0 -999999.0 -999999.0 -999999.0 -999999.0 -999999.0 -999999.0 -999999.0 -999999.0 -999999.0 -999999.0 -999999.0 18.113277 17.70061 17.305544 16.887259 16.451048 15.847585 15.182353 14.628438 14.488545 14.378319 14.330352 14.261863 14.169509 -999999.0 -999999.0 -999999.0 -999999.0 -999999.0 -999999.0 -999999.0 -999999.0 -999999.0 -999999.0 -999999.0 -999999.0 -999999.0 -999999.0 -999999.0 -999999.0
22.81324 23.193312 23.822954 24.034298 -999999.0 -999999.0 -999999.0 -999999.0 -999999.0 -999999.0 -999999.0 -999999.0 -999999.0 -999999.0 -999999.0 -999999.0 -999999.0 -999999.0 -999999.0 -999999.0 -999999.0 20.745792 -999999.0 -999999.0 -999999.0 -999999.0 -999999.0 -999999.0 -999999.0 -999999.0 -999999.0 17.987085 17.621344 17.297634 16.879313 16.502237 15.964188 15.379539 14.88883 14.581202 14.339692 14.306598 -999999.0 14.239062 14.141668 -999999.0 -999999.0 -999999.0 -999999.0 -999999.0 -999999.0 -999999.0 -999999.0 -999999.0 -999999.0 -999999.0 -999999.0 -999999.0 -999999.0 -999999.0
22.698772 23.094635 23.536638 23.862421 -999999.0 -999999.0 -999999.0 -999999.0 -999999.0 -999999.0 -999999.0 -999999.0 -999999.0 -999999.0 -999999.0 -999999.0 -999999.0 -999999.0 -999999.0 -999999.0 20.820225 20.648691 20.443413 -999999.0 -999999.0 -999999.0 -999999.0 -999999.0 -999999.0 18.810583 18.380379 17.989119 17.606022 17.265182 16.902758 16.648594 16.193558 15.715 15.325763 14.86429 14.352534 14.276314 -999999.0 14.309795 14.241614 13.9467945 -999999.0 -999999.0 -999999.0 -999999.0 -999999.0 -999999.0 -999999.0 -999999.0 -999999.0 -999999.0 -999999.0 -999999.0 -999999.0 -999999.0
22.579453 23.012335 23.34923 23.565893 -999999.0 -999999.0 -999999.0 -999999.0 -999999.0 -999999.0 -999999.0 -999999.0 -999999.0 -999999.0 -999999.0 -999999.0 -999999.0 -999999.0 -999999.0 20.877192 20.7233 20.512882 20.384264 20.196535 19.96815 -999999.0 -999999.0 19.513115 19.128714 18.766098 18.429848 18.038515 17.676416 17.28276 16.977318 16.853075 16.45095 16.02829 15.5980215 15.223222 14.787946 14.515343 14.398786 14.266472 14.146252 13.769603 -999999.0 -999999.0 -999999.0 -999999.0 -999999.0 -999999.0 -999999.0 -999999.0 -999999.0 -999999.0 -999999.0 -999999.0 -999999.0 -999999.0
22.27249 22.757238 23.14058 23.354206 -999999.0 -999999.0 -999999.0 -999999.0 -999999.0 -999999.0 -999999.0 -999999.0 -999999.0 -999999.0 -999999.0 -999999.0 -999999.0 -999999.0 -999999.0 20.919214 20.638277 20.436962 20.324842 20.281506 20.126474 19.935902 19.758675 19.445745 19.092867 18.75984 18.383598 18.080437 17.711472 17.303246 17.03289 16.96358 16.701927 16.30234 15.975039 15.64068 15.154148 14.8113575 14.543189 14.297656 14.0441675 13.546208 13.027282 -999999.0 -999999.0 -999999.0 -999999.0 -999999.0 -999999.0 -999999.0 -999999.0 -999999.0 -999999.0 -999999.0 -999999.0 -999999.0
22.062374 22.46515 22.907743 23.148376 22.975712 -999999.0 -999999.0 -999999.0 -999999.0 -999999.0 -999999.0 -999999.0 -999999.0 -999999.0 -999999.0 -999999.0 -999999.0 -999999.0 -999999.0 21.105854 20.854345 20.590033 20.430775 20.546621 20.525257 20.232534 19.827597 19.53223 19.245872 18.937685 18.52307 18.132454 17.773508 17.460007 17.175747 17.026445 16.846903 16.533255 16.269756 15.880043 15.407293 15.0792 14.692067 14.284473 13.858856 13.301719 12.7697115 -999999.0 -999999.0 -999999.0 -999999.0 -999999.0 -999999.0 -999999.0 -999999.0 -999999.0 -999999.0 -999999.0 -999999.0 -999999.0
22.038643 22.286135 22.597504 22.913015 22.913446 -999999.0 -999999.0 -999999.0 -999999.0 -999999.0 -999999.0 -999999.0 -999999.0 -999999.0 -999999.0 -999999.0 -999999.0 -999999.0 21.250717 21.380924 21.213524 21.057838 20.828001 20.717365 20.491276 20.20978 19.77081 19.524944 19.362926 19.150642 18.712748 18.36908 17.896067 17.414598 17.198635 16.980743 16.765905 16.517202 16.205074 15.892811 15.368408 14.93519 14.48011 14.025885 13.60738 13.207001 -999999.0 -999999.0 -999999.0 -999999.0 -999999.0 -999999.0 -999999.0 -999999.0 -999999.0 -999999.0 -999999.0 -999999.0 -999999.0 -999999.0
21.998934 22.09164 22.27891 22.52185 22.747587 -999999.0 -999999.0 -999999.0 -999999.0 22.106253 -999999.0 -999999.0 -999999.0 -999999.0 -999999.0 -999999.0 -999999.0 -999999.0 20.9101 20.968506 21.100222 20.820803 -999999.0 -999999.0 -999999.0 19.952433 19.668842 19.593924 19.503206 19.279121 18.882135 18.444931 17.930525 17.406542 17.198055 16.913298 16.7002 16.433825 16.110092 15.781053 15.152183 14.514721 14.090167 13.629183 13.268955 12.984502 12.467378 -999999.0 -999999.0 -999999.0 -999999.0 -999999.0 -999999.0 -999999.0 -999999.0 -999999.0 -999999.0 -999999.0 -999999.0 -999999.0
21.764711 21.92705 22.02239 22.190588 22.241274 -999999.0 -999999.0 -999999.0 -999999.0 -999999.0 -999999.0 -999999.0 -999999.0 -999999.0 21.511988 21.35998 -999999.0 -999999.0 20.836216 20.651344 20.65485 20.499233 20.346561 -999999.0 -999999.0 -999999.0 19.491213 19.58052 19.543795 19.270304 18.830612 18.443768 18.02746 17.667097 17.433561 17.042439 16.633873 16.297016 15.940665 15.5033245 14.786543 14.168773 13.854181 13.363738 13.056063 12.763074 12.458836 -999999.0 -999999.0 -999999.0 -999999.0 -999999.0 -999999.0 -999999.0 -999999.0 -999999.0 -999999.0 -999999.0 -999999.0 -999999.0
21.647085 21.881517 22.066912 22.009214 21.971632 22.13197 -999999.0 -999999.0 -999999.0 -999999.0 -999999.0 -999999.0 -999999.0 21.699183 21.636122 21.489386 21.235823 21.102077 20.892391 20.663187 20.579472 20.561026 20.260687 19.990002 19.83479 -999999.0 -999999.0 19.479412 19.450047 19.072361 18.620718 18.35713 18.087008 17.733564 17.287659 16.861492 16.403555 16.174704 15.689706 15.121583 14.369221 13.917066 13.581897 13.22004 12.871391 12.570807 12.508273 -999999.0 -999999.0 -999999.0 -999999.0 -999999.0 -999999.0 -999999.0 -999999.0 -999999.0 -999999.0 -999999.0 -999999.0 -999999.0
21.81878 21.846495 21.901043 21.851042 21.750261 21.740362 -999999.0 -999999.0 -999999.0 -999999.0 -999999.0 -999999.0 21.70948 21.667364 21.588606 21.494497 21.350822 21.310959 21.134989 20.86209 20.668491 20.563675 20.181822 19.890957 19.798853 19.661736 -999999.0 19.35059 19.273626 18.883448 18.480747 18.236622 18.143087 17.988064 17.342638 16.58678 16.046259 15.97514 15.459568 14.815216 14.466005 14.182138 13.737224 13.323529 12.912323 12.5970955 12.52615 -999999.0 -999999.0 -999999.0 -999999.0 -999999.0 -999999.0 -999999.0 -999999.0 -999999.0 -999999.0 -999999.0 -999999.0 -999999.0
22.356007 22.085192 21.786211 21.605093 21.497417 21.522295 -999999.0 -999999.0 -999999.0 -999999.0 -999999.0 -999999.0 21.590113 21.632109 21.58157 21.48373 21.529465 21.627056 21.46769 21.13224 20.783644 20.557545 20.134098 19.951593 20.146366 20.049906 19.663406 19.411148 19.131247 18.674522 18.481873 18.286148 18.175068 18.094835 17.577581 16.65779 15.884612 15.573439 15.121208 14.536695 14.349891 14.386102 14.06089 13.482157 12.996941 12.536809 12.265771 -999999.0 -999999.0 -999999.0 -999999.0 -999999.0 -999999.0 -999999.0 -999999.0 -999999.0 -999999.0 -999999.0 -999999.0 -999999.0
22.252344 22.039642 21.787268 21.60359 21.33663 21.36907 -999999.0 -999999.0 -999999.0 -999999.0 -999999.0 -999999.0 -999999.0 21.33088 21.279675 21.344969 21.581905 21.846954 21.755293 21.479319 21.161648 20.907518 20.512386 20.235819 20.174397 19.93369 19.593534 19.299435 19.033472 18.605288 18.128511 17.812256 17.432537 17.802168 17.245062 16.563305 15.954302 15.426451 15.01478 14.6177435 14.418882 14.2913265 13.95341 13.331625 12.819344 12.367972 12.013687 11.864637 -999999.0 -999999.0 -999999.0 -999999.0 -999999.0 -999999.0 -999999.0 -999999.0 -999999.0 -999999.0 -999999.0 -999999.0
21.625298 21.493374 21.428253 21.35465 21.250834 21.286266 -999999.0 -999999.0 -999999.0 -999999.0 -999999.0 -999999.0 -999999.0 21.18892 21.09668 21.08617 21.321808 21.69798 21.84096 21.66273 21.367558 21.05406 20.692865 20.3857 20.095076 19.820055 19.552105 19.312843 19.053404 18.680822 18.206661 17.680769 17.188334 16.871668 16.573502 16.198818 15.864947 15.446338 15.001571 14.623403 14.367667 14.094021 13.672773 13.119136 12.561473 12.11507 11.789552 11.679847 -999999.0 -999999.0 -999999.0 -999999.0 -999999.0 -999999.0 -999999.0 -999999.0 -999999.0 -999999.0 -999999.0 -999999.0
21.258953 21.081821 21.02607 20.95067 20.899136 21.035606 -999999.0 -999999.0 -999999.0 -999999.0 -999999.0 21.071014 -999999.0 21.229599 21.162298 21.154154 -999999.0 -999999.0 -999999.0 21.699877 21.501604 21.116226 20.8345 20.575356 20.1812 19.918102 19.730782 19.449398 19.261324 18.932692 18.423615 17.81197 17.218452 16.794846 16.406004 15.998963 15.616616 15.381057 15.040307 14.62878 14.310553 13.9423 13.530694 12.970227 12.38044 11.9240885 11.658411 -999999.0 -999999.0 -999999.0 -999999.0 -999999.0 -999999.0 -999999.0 -999999.0 -999999.0 -999999.0 -999999.0 -999999.0 -999999.0
20.887947 20.90131 20.873926 20.73394 20.663668 20.689333 -999999.0 -999999.0 -999999.0 -999999.0 -999999.0 21.187675 21.197336 21.174772 21.228943 21.265604 -999999.0 -999999.0 -999999.0 -999999.0 21.263823 20.992794 20.848831 20.693666 20.378035 20.034477 19.74977 19.501995 19.247408 18.89918 18.366459 17.80611 17.330177 16.92899 16.488373 15.968659 15.496505 15.323857 15.09093 14.67194 14.258444 13.876075 13.372269 12.667922 12.000356 11.62386 11.523753 -999999.0 -999999.0 -999999.0 -999999.0 -999999.0 -999999.0 -999999.0 -999999.0 -999999.0 -999999.0 -999999.0 -999999.0 -999999.0
20.569323 20.572378 20.609316 20.558199 20.521008 -999999.0 -999999.0 20.64146 20.748585 20.83046 20.991255 21.24136 21.295633 21.236477 21.262396 21.30502 -999999.0 -999999.0 -999999.0 -999999.0 20.987438 20.908234 20.806303 20.630245 20.512423 20.320768 19.944925 19.539625 19.092619 18.682627 18.243942 17.779928 17.401945 17.041307 16.49959 15.898317 15.380445 15.127282 14.957566 14.796866 14.245925 13.723864 13.201538 12.424623 11.713678 11.464714 11.451591 -999999.0 -999999.0 -999999.0 -999999.0 -999999.0 -999999.0 -999999.0 -999999.0 -999999.0 -999999.0 -999999.0 -999999.0 -999999.0
20.281586 20.278017 20.329607 20.376331 -999999.0 -999999.0 20.393698 20.406702 20.466276 20.595675 20.741037 20.966925 21.121597 21.168858 21.1356 21.087938 21.189001 -999999.0 -999999.0 21.08871 20.691591 20.626234 20.722122 20.788994 20.76692 20.664892 20.13175 19.511255 19.019316 18.602976 18.143875 17.858612 17.435207 17.009047 16.519053 15.880096 15.343042 14.93075 14.784509 14.752036 14.3146715 14.227096 13.124832 12.127871 11.734091 11.557736 11.33472 -999999.0 -999999.0 -999999.0 -999999.0 -999999.0 -999999.0 -999999.0 -999999.0 -999999.0 -999999.0 -999999.0 -999999.0 -999999.0
20.053497 20.136328 20.17512 20.12215 -999999.0 20.130966 20.179146 20.152756 20.189718 20.206415 20.30702 20.576168 20.79702 20.843782 20.84947 20.79183 20.703615 20.921179 21.128807 20.687763 20.266039 20.139063 20.24151 20.671267 21.08368 21.038153 20.108473 19.374008 18.88065 18.507778 18.023024 17.677917 17.16846 16.817022 16.502098 16.027515 15.520063 15.044115 14.724179 14.4572 14.220962 13.921388 13.094835 12.31426 11.913138 11.703296 -999999.0 -999999.0 -999999.0 -999999.0 -999999.0 -999999.0 -999999.0 -999999.0 -999999.0 -999999.0 -999999.0 -999999.0 -999999.0 -999999.0
19.921797 19.993362 19.996252 19.84935 19.77777 19.691986 19.645216 19.619967 19.806286 19.808268 19.815056 19.962461 20.16804 20.411074 20.478127 20.506317 20.439066 20.429598 20.506176 20.331285 19.807735 19.566544 19.705328 19.946583 20.26043 20.25934 19.742022 19.222237 18.822523 18.475266 18.04628 17.574884 17.09011 16.631605 16.373005 16.041492 15.676389 15.362103 14.916087 14.364036 14.022233 13.608365 13.140556 12.3921175 11.913372 -999999.0 -999999.0 -999999.0 -999999.0 -999999.0 -999999.0 -999999.0 -999999.0 -999999.0 -999999.0 -999999.0 -999999.0 -999999.0 -999999.0 -999999.0
19.765965 19.914064 19.931559 19.746183 19.591982 19.384548 19.144499 19.102036 19.239063 19.372513 19.331339 19.310848 19.740309 20.106047 20.202917 20.218458 20.17723 20.153343 20.08491 19.99044 19.628464 19.18718 19.261484 19.438616 19.512562 19.61677 19.423952 19.14559 18.834352 18.460136 18.046875 17.678604 17.310122 16.797045 16.446138 16.08956 15.80059 15.609228 15.231639 14.602895 13.978098 13.262533 12.850165 12.624117 11.824436 -999999.0 -999999.0 -999999.0 -999999.0 -999999.0 -999999.0 -999999.0 -999999.0 -999999.0 -999999.0 -999999.0 -999999.0 -999999.0 -999999.0 -999999.0
19.728973 19.847034 19.811438 19.694166 19.615746 19.342167 19.037678 18.864828 18.888592 18.981037 19.214281 19.127611 19.360168 19.679945 19.884129 19.865055 19.797201 19.68079 19.594452 19.514727 19.305344 18.928637 18.82453 18.802803 18.953259 19.33073 19.405985 19.327385 19.141958 18.762968 18.341549 17.967125 17.587414 17.118614 16.66653 16.232256 15.843178 15.666584 15.498571 14.874856 14.106583 13.337831 12.862763 12.530918 12.280376 12.007905 -999999.0 -999999.0 -999999.0 -999999.0 -999999.0 -999999.0 -999999.0 -999999.0 -999999.0 -999999.0 -999999.0 -999999.0 -999999.0 -999999.0
19.59412 19.71319 19.655493 19.595026 19.545176 19.243382 18.859377 18.64066 18.535269 18.765533 19.003815 19.22034 19.209406 19.286499 19.467604 19.61247 19.390692 19.177534 19.10165 18.967367 18.873196 18.799877 18.718342 18.606422 18.621841 18.82273 19.073711 19.176233 19.005413 18.77429 18.451357 18.068134 17.677597 17.22123 16.769178 16.297268 15.853033 15.699434 15.7808 15.123282 14.398762 13.676766 13.089222 12.709397 12.314377 11.667336 10.407684 -999999.0 -999999.0 -999999.0 -999999.0 -999999.0 -999999.0 -999999.0 -999999.0 -999999.0 -999999.0 -999999.0 -999999.0 -999999.0
19.384874 19.484093 19.529802 19.523493 19.299616 18.841068 18.26744 18.041971 18.310806 18.568226 18.833214 18.970175 19.072739 19.089172 19.215029 19.315767 18.995613 18.78558 18.671432 18.593996 18.498358 18.56652 18.659716 18.72726 18.70499 18.595749 18.71465 18.929884 18.785118 18.54266 18.410212 18.118484 17.733133 17.339819 16.991434 16.425776 15.825103 15.463594 15.31128 14.987077 14.492199 13.959863 13.261741 12.758298 12.383796 11.666325 10.860669 10.334611 -999999.0 -999999.0 -999999.0 -999999.0 -999999.0 -999999.0 -999999.0 -999999.0 -999999.0 -999999.0 -999999.0 -999999.0
19.261385 19.419662 19.458075 19.243656 18.989836 18.65668 18.234913 17.992943 18.09272 18.378128 18.63062 18.59545 18.522673 18.60422 18.742252 18.711699 18.346725 18.093555 18.070805 18.088713 18.170486 18.131863 18.284592 18.449528 18.486456 18.48107 18.586384 18.785896 18.635231 18.496262 18.356916 18.141853 17.855219 17.637802 17.298359 16.544855 15.852703 15.281175 14.982116 14.779367 14.343271 13.756981 13.219857 12.818845 12.568994 11.919165 11.217834 -999999.0 -999999.0 -999999.0 -999999.0 -999999.0 -999999.0 -999999.0 -999999.0 -999999.0 -999999.0 -999999.0 -999999.0 -999999.0
19.163635 -999999.0 19.232487 19.039587 18.708763 18.475624 18.214296 17.891186 17.89546 18.111519 18.291922 18.170042 18.032114 18.124352 18.214188 18.057241 17.68957 17.539827 17.675982 17.721176 17.749458 17.664389 17.817995 17.982382 17.990374 18.04703 18.1519 18.213713 18.275515 18.331074 18.217546 18.041409 17.870556 17.678902 17.211777 16.49828 16.003319 15.204124 14.740773 14.462653 14.101764 13.779125 13.370753 13.180867 13.071002 12.269718 11.366582 -999999.0 -999999.0 -999999.0 -999999.0 -999999.0 -999999.0 -999999.0 -999999.0 -999999.0 -999999.0 -999999.0 -999999.0 -999999.0
