data/TNO-HT-ATES/HT-ATES_msz4/msz4__flowr_injnorm_P50_basecase_80-45-40.asc
ncols  140
nrows  163
xllcorner  0.0
yllcorner  300000.0
cellsize  2000.0
NODATA_value  -999999.0
[rows 54 to 80 of 163, columns 61 to 121 of 140]
54.187973 36.144306 9.825839 -999999.0 -999999.0 -999999.0 -999999.0 -999999.0 -999999.0 -999999.0 -999999.0 -999999.0 -999999.0 -999999.0 -999999.0 -999999.0 -999999.0 -999999.0 -999999.0 18.570807 15.422023 4.5533724 -999999.0 -999999.0 -999999.0 -999999.0 -999999.0 -999999.0 8.673187 25.365881 56.594273 100.20197 151.18916 196.44304 217.96819 184.12772 145.87628 92.425514 49.614117 3.0028076 3.785446 -999999.0 13.545426 37.68717 4.745856 -999999.0 -999999.0 -999999.0 -999999.0 -999999.0 -999999.0 -999999.0 -999999.0 -999999.0 -999999.0 -999999.0 -999999.0 -999999.0 -999999.0 -999999.0 -999999.0
29.587725 14.315407 10.250313 -999999.0 -999999.0 -999999.0 -999999.0 -999999.0 -999999.0 -999999.0 -999999.0 -999999.0 -999999.0 -999999.0 -999999.0 -999999.0 -999999.0 -999999.0 6.67591 22.567427 17.099926 6.2643995 3.705713 1.9953299 -999999.0 -999999.0 6.3132467 13.840736 25.574512 48.47657 82.25957 121.94927 166.42793 212.37224 235.69344 194.59569 155.47533 126.15035 94.85784 71.25412 52.802967 9.921516 53.349876 130.2864 77.58449 -999999.0 -999999.0 -999999.0 -999999.0 -999999.0 -999999.0 -999999.0 -999999.0 -999999.0 -999999.0 -999999.0 -999999.0 -999999.0 -999999.0 -999999.0 -999999.0
27.125742 14.377565 5.540635 -999999.0 -999999.0 -999999.0 -999999.0 -999999.0 -999999.0 -999999.0 -999999.0 -999999.0 -999999.0 -999999.0 -999999.0 -999999.0 -999999.0 -999999.0 0.0 13.496086 4.8583393 5.6071887 5.449812 2.9603608 3.97976 6.335913 9.674447 20.213726 34.3809 58.464638 90.27961 140.26582 181.0353 195.2217 197.43718 167.09158 145.5619 140.5924 151.33546 176.10437 172.92955 146.9172 156.77843 192.95735 135.8877 29.219383 -999999.0 -999999.0 -999999.0 -999999.0 -999999.0 -999999.0 -999999.0 -999999.0 -999999.0 -999999.0 -999999.0 -999999.0 -999999.0 -999999.0 -999999.0
27.965548 20.44011 11.578615 0.0 -999999.0 -999999.0 -999999.0 -999999.0 -999999.0 -999999.0 -999999.0 -999999.0 -999999.0 -999999.0 -999999.0 -999999.0 -999999.0 -999999.0 16.765877 15.783949 0.0 4.9019923 5.127786 4.148778 7.5238366 12.134798 14.541179 22.301662 38.4244 52.536682 79.38229 118.33815 149.09569 152.48553 137.67265 112.868706 123.71869 141.8893 197.49924 261.67752 272.32434 244.89384 214.71257 190.86812 125.0101 35.86882 -999999.0 -999999.0 -999999.0 -999999.0 -999999.0 -999999.0 -999999.0 -999999.0 -999999.0 -999999.0 -999999.0 -999999.0 -999999.0 -999999.0 -999999.0
39.059837 38.190994 23.538761 8.119675 -999999.0 -999999.0 -999999.0 -999999.0 -999999.0 -999999.0 -999999.0 -999999.0 -999999.0 -999999.0 -999999.0 -999999.0 -999999.0 15.202515 39.43373 24.9087 3.525063 1.7876022 2.6795118 2.8466794 8.410134 15.084234 17.96417 24.594116 34.39943 41.39855 53.38487 64.28036 79.90697 86.63563 73.50394 52.030018 71.42625 109.326164 167.10423 278.04712 329.04785 309.3682 275.6559 191.1444 60.551956 -999999.0 -999999.0 -999999.0 -999999.0 -999999.0 -999999.0 -999999.0 -999999.0 -999999.0 -999999.0 -999999.0 -999999.0 -999999.0 -999999.0 -999999.0 -999999.0
44.50777 48.95711 28.195265 6.232793 -999999.0 -999999.0 -999999.0 -999999.0 0.0 -999999.0 -999999.0 -999999.0 -999999.0 -999999.0 -999999.0 -999999.0 -999999.0 31.03456 50.038067 34.189632 13.146301 -999999.0 -999999.0 -999999.0 2.9371285 17.183805 30.185999 36.43814 28.622303 27.522575 34.54287 28.272457 21.559233 38.518044 35.610676 13.275461 13.594055 52.547695 101.740845 207.57121 317.5932 299.57272 286.56003 210.62718 114.36613 130.27058 -999999.0 -999999.0 -999999.0 -999999.0 -999999.0 -999999.0 -999999.0 -999999.0 -999999.0 -999999.0 -999999.0 -999999.0 -999999.0 -999999.0 -999999.0
42.99156 49.42655 12.358405 22.743048 -999999.0 -999999.0 -999999.0 -999999.0 -999999.0 -999999.0 -999999.0 -999999.0 -999999.0 0.0 2.0525374 -999999.0 -999999.0 40.006237 47.158215 39.811493 35.18918 12.907741 -999999.0 -999999.0 -999999.0 9.547142 57.41452 68.86116 34.088055 23.866247 28.875357 25.979208 32.767807 35.083492 34.514477 25.412933 5.859432 30.139412 84.3364 141.78242 233.53879 234.54018 284.3726 201.97295 146.65347 129.43542 -999999.0 -999999.0 -999999.0 -999999.0 -999999.0 -999999.0 -999999.0 -999999.0 -999999.0 -999999.0 -999999.0 -999999.0 -999999.0 -999999.0 -999999.0
42.576195 23.815851 11.971361 28.630676 6.6193056 -999999.0 -999999.0 -999999.0 -999999.0 -999999.0 -999999.0 -999999.0 5.69192 9.162778 14.782866 27.877922 68.80555 53.576576 45.75067 46.768818 47.33796 27.303217 12.422429 6.3936887 -999999.0 -999999.0 69.35897 94.44804 62.095993 45.42559 50.317513 45.70148 62.836506 57.461502 78.40328 90.07433 28.27419 73.95306 144.08537 158.82608 177.93504 232.7306 278.2142 220.47638 140.70699 186.79784 -999999.0 -999999.0 -999999.0 -999999.0 -999999.0 -999999.0 -999999.0 -999999.0 -999999.0 -999999.0 -999999.0 -999999.0 -999999.0 -999999.0 -999999.0
26.696398 21.079058 20.368965 43.18224 35.745857 -999999.0 -999999.0 -999999.0 -999999.0 -999999.0 -999999.0 2.0120933 4.412211 3.5416353 26.33413 69.49084 87.220276 74.34292 55.67179 51.302193 53.118576 45.22565 33.222717 31.716671 19.917925 -999999.0 49.828365 76.6918 70.78326 64.049644 73.04474 68.00143 102.476074 105.921425 137.76337 148.61916 54.368946 122.288086 225.36487 320.28748 226.58716 309.91995 338.81174 269.92133 192.30722 161.9623 -999999.0 -999999.0 -999999.0 -999999.0 -999999.0 -999999.0 -999999.0 -999999.0 -999999.0 -999999.0 -999999.0 -999999.0 -999999.0 -999999.0 -999999.0
22.046412 20.831944 26.740988 45.40251 27.846466 -999999.0 -999999.0 -999999.0 -999999.0 -999999.0 -999999.0 3.7108557 6.750035 16.26419 48.662136 79.66269 77.939255 72.96774 65.00552 56.68965 58.039646 64.66201 55.341965 54.20578 37.04949 18.724024 36.637363 69.85748 113.86478 64.95025 76.104546 61.77839 113.11575 135.5758 187.1233 220.58357 170.52286 226.19354 294.31628 392.50974 315.84256 366.09766 344.551 248.03241 150.54755 0.0 -999999.0 -999999.0 -999999.0 -999999.0 -999999.0 -999999.0 -999999.0 -999999.0 -999999.0 -999999.0 -999999.0 -999999.0 -999999.0 -999999.0 -999999.0
27.407564 18.457863 31.70711 51.74344 24.580692 -999999.0 -999999.0 -999999.0 -999999.0 -999999.0 -999999.0 -999999.0 8.523458 36.930206 60.278515 64.07858 59.8266 60.86751 63.57634 62.534496 62.894203 84.87154 74.25626 71.34192 60.42409 49.277973 91.504486 106.24404 169.80194 182.29282 129.58351 64.53273 94.21562 143.83005 216.50975 271.66858 278.81317 286.3086 236.2717 272.4347 326.53702 309.76245 287.31326 207.31099 0.0 0.0 0.0 -999999.0 -999999.0 -999999.0 -999999.0 -999999.0 -999999.0 -999999.0 -999999.0 -999999.0 -999999.0 -999999.0 -999999.0 -999999.0 -999999.0
19.667927 12.668414 36.913307 42.665863 14.726186 -999999.0 -999999.0 -999999.0 -999999.0 -999999.0 -999999.0 -999999.0 3.4567313 26.02829 40.188282 39.629906 36.78237 39.206818 46.88568 57.142586 71.31734 91.93022 85.99276 97.21529 101.811386 91.057884 85.377945 128.31688 176.46742 172.9282 141.31378 90.713326 6.9284487 119.45285 204.1375 230.72292 233.09575 225.90149 155.73912 139.25764 221.84483 225.07251 193.24684 141.329 0.0 0.0 0.0 -999999.0 -999999.0 -999999.0 -999999.0 -999999.0 -999999.0 -999999.0 -999999.0 -999999.0 -999999.0 -999999.0 -999999.0 -999999.0 -999999.0
12.41075 7.4152827 20.011337 25.440088 8.70196 -999999.0 -999999.0 -999999.0 -999999.0 -999999.0 0.0 -999999.0 3.7529216 10.305112 5.6088285 -999999.0 -999999.0 -999999.0 3.294999 38.197376 77.32322 106.97079 108.07391 125.25999 114.23825 65.140274 71.77982 129.51909 225.37383 218.10568 197.90198 148.70201 127.78023 164.05444 201.30888 208.73753 195.66043 181.37015 160.01764 179.45784 196.68388 171.04349 131.42703 0.0 0.0 0.0 -999999.0 -999999.0 -999999.0 -999999.0 -999999.0 -999999.0 -999999.0 -999999.0 -999999.0 -999999.0 -999999.0 -999999.0 -999999.0 -999999.0 -999999.0
9.633247 2.0288894 7.4480724 11.026225 4.197534 -999999.0 -999999.0 -999999.0 -999999.0 -999999.0 11.107426 7.7877235 7.4333944 10.340605 2.1315362 -999999.0 -999999.0 -999999.0 -999999.0 40.101704 93.88835 139.23038 149.02126 151.36081 108.096535 6.890175 77.774025 142.79161 229.28189 276.67532 278.51202 237.5477 196.25223 179.783 184.94534 183.09691 177.77692 176.46477 180.46045 219.10919 210.4626 161.72003 104.87291 0.0 0.0 0.0 -999999.0 -999999.0 -999999.0 -999999.0 -999999.0 -999999.0 -999999.0 -999999.0 -999999.0 -999999.0 -999999.0 -999999.0 -999999.0 -999999.0 -999999.0
11.249991 4.3620796 5.059287 4.016996 -999999.0 -999999.0 10.64992 11.790307 9.695629 11.762351 16.655638 18.143675 17.02626 22.645523 18.790752 -999999.0 -999999.0 -999999.0 -999999.0 73.368744 141.34172 201.26736 213.84962 199.67473 155.37216 108.06311 176.28357 243.64348 286.67084 292.36603 307.77856 273.84338 239.06421 210.86569 192.75047 141.55647 142.5457 172.90111 152.0953 253.87357 243.31834 117.72964 0.0 0.0 0.0 0.0 -999999.0 -999999.0 -999999.0 -999999.0 -999999.0 -999999.0 -999999.0 -999999.0 -999999.0 -999999.0 -999999.0 -999999.0 -999999.0 -999999.0 -999999.0
10.275665 7.361175 3.4608889 -999999.0 -999999.0 6.581326 19.183498 20.287737 23.325808 26.315277 27.194576 31.870756 30.793375 40.18037 42.116486 22.424774 -999999.0 -999999.0 36.849537 129.70044 209.99446 288.85715 298.63214 261.9684 231.057 231.24971 284.82104 293.02695 287.21088 293.31073 312.43866 293.68414 268.9531 243.05376 202.97476 155.48613 155.95323 172.5327 137.48683 229.9532 17.201292 63.939777 0.0 0.0 0.0 0.0 -999999.0 -999999.0 -999999.0 -999999.0 -999999.0 -999999.0 -999999.0 -999999.0 -999999.0 -999999.0 -999999.0 -999999.0 -999999.0 -999999.0 -999999.0
7.6716776 6.451819 2.2771845 -999999.0 4.2199993 12.770033 17.31164 29.491566 34.752377 35.94523 44.090546 47.658924 57.05664 66.42968 74.43209 82.34835 63.330578 66.37959 127.94735 206.83661 283.77396 362.7792 331.03537 300.44913 285.63513 325.0704 348.49744 327.62064 320.29355 289.2439 300.71982 294.4907 283.07092 264.24454 226.70761 190.93202 190.76227 209.62514 226.11644 156.47224 61.55654 69.73499 27.51911 0.0 0.0 -999999.0 -999999.0 -999999.0 -999999.0 -999999.0 -999999.0 -999999.0 -999999.0 -999999.0 -999999.0 -999999.0 -999999.0 -999999.0 -999999.0 -999999.0 -999999.0
5.7893047 7.9956565 4.1166677 2.367948 7.6053042 15.654593 26.367565 42.832466 40.23266 37.49553 48.74287 113.227554 92.54907 91.458046 103.58941 135.33781 157.44165 188.21875 239.82086 325.60452 376.65546 364.7744 351.43408 342.35095 359.2148 388.0397 389.5995 359.3874 350.8422 319.88266 335.56537 321.17422 308.60355 282.93137 254.76224 219.10875 214.36899 220.85393 207.82251 58.49838 78.234795 59.22765 29.154367 0.0 -999999.0 -999999.0 -999999.0 -999999.0 -999999.0 -999999.0 -999999.0 -999999.0 -999999.0 -999999.0 -999999.0 -999999.0 -999999.0 -999999.0 -999999.0 -999999.0 -999999.0
8.574924 10.254877 8.782398 10.024276 12.042321 16.15694 23.594904 41.370434 49.595764 97.71162 167.12273 130.81586 113.34717 116.2331 132.90231 163.33287 225.4512 278.39954 327.16653 359.8562 356.2715 295.7718 292.94382 331.58734 352.87985 371.44904 389.84073 368.20877 364.9237 339.85846 352.52353 328.06982 340.22873 329.79074 283.26358 250.0557 236.65044 232.64484 176.39114 74.00711 62.17989 97.46848 89.30481 0.0 -999999.0 -999999.0 -999999.0 -999999.0 -999999.0 -999999.0 -999999.0 -999999.0 -999999.0 -999999.0 -999999.0 -999999.0 -999999.0 -999999.0 -999999.0 -999999.0 -999999.0
15.155945 12.965305 11.5961685 13.352097 11.506683 8.499937 24.412916 98.244026 131.20894 167.54637 214.07086 159.2465 162.29224 171.55136 186.01291 235.12137 321.67392 355.80164 355.59875 357.81885 329.5701 301.66843 260.95004 285.7838 313.17657 328.92453 355.40475 362.23038 391.89877 361.07196 362.5239 351.38672 342.51837 337.95175 304.50848 282.6229 255.95549 252.79547 192.49463 97.53511 39.85555 76.94179 44.008663 66.56034 0.0 -999999.0 -999999.0 -999999.0 -999999.0 -999999.0 -999999.0 -999999.0 -999999.0 -999999.0 -999999.0 -999999.0 -999999.0 -999999.0 -999999.0 -999999.0 -999999.0
17.547777 13.1984215 10.234314 11.118049 18.363853 34.641945 68.00312 185.3862 206.34998 178.7357 148.06693 171.83792 199.68262 185.87572 198.88434 305.16492 382.49158 374.60565 362.2418 346.37057 318.5833 299.5458 273.7543 270.9346 287.28506 299.31723 332.48022 334.1258 382.4077 368.78885 370.54077 373.90967 363.19662 344.74826 324.05444 293.3858 171.01025 144.41147 131.93541 93.63305 65.34763 127.07015 125.17466 18.248846 0.0 0.0 -999999.0 -999999.0 -999999.0 -999999.0 -999999.0 -999999.0 -999999.0 -999999.0 -999999.0 -999999.0 -999999.0 -999999.0 -999999.0 -999999.0 -999999.0
12.198015 8.29189 8.616742 9.80434 37.857418 111.30737 210.68835 173.21368 141.71202 115.12979 117.77752 124.913994 159.20311 146.1294 167.3478 294.59183 344.98218 344.83353 322.34616 337.05682 309.5412 295.09805 277.9481 278.65366 286.81955 293.321 312.2345 325.043 368.46304 364.37424 386.8263 383.45374 373.23752 349.42752 323.6931 245.91882 44.67082 72.35892 116.68594 122.57426 96.17726 85.393196 92.65813 58.74064 0.0 0.0 0.0 -999999.0 -999999.0 -999999.0 -999999.0 -999999.0 -999999.0 -999999.0 -999999.0 -999999.0 -999999.0 -999999.0 -999999.0 -999999.0 -999999.0
4.3775105 2.7016747 5.9751296 19.008158 38.246964 86.688225 168.20447 124.946915 69.35883 18.39863 70.00714 147.73865 167.58049 176.08878 217.261 294.43604 335.03152 335.23322 333.75934 312.0388 279.25626 286.44904 271.15768 273.5525 278.28784 286.90582 274.75388 313.38892 339.46075 350.95148 392.4809 379.30685 371.6463 356.84332 307.628 210.82281 60.400326 43.3767 69.820786 86.77574 96.35613 74.14368 70.973465 92.79683 0.0 0.0 -999999.0 -999999.0 -999999.0 -999999.0 -999999.0 -999999.0 -999999.0 -999999.0 -999999.0 -999999.0 -999999.0 -999999.0 -999999.0 -999999.0 -999999.0
-999999.0 1.3239572 8.240349 26.44252 27.892628 43.064 107.99713 70.870415 30.959173 27.046045 93.55709 161.0281 163.42596 178.50908 210.33698 269.85397 329.69092 336.63257 324.1742 289.14294 260.92117 281.7879 260.9898 264.93295 282.76712 287.83163 315.08514 319.62714 318.5784 312.5727 366.02335 346.27667 341.80585 319.8356 225.9571 110.293945 76.57827 49.141735 38.952015 59.074524 68.37072 102.2925 81.070305 75.268936 31.175669 0.0 -999999.0 -999999.0 -999999.0 -999999.0 -999999.0 -999999.0 -999999.0 -999999.0 -999999.0 -999999.0 -999999.0 -999999.0 -999999.0 -999999.0 -999999.0
-999999.0 -999999.0 6.4536963 21.47702 26.111116 33.119297 83.03275 50.934525 17.662956 111.312195 178.94916 171.1107 177.0282 158.53644 164.38852 192.98288 238.20111 295.06726 310.21262 287.27487 275.8019 275.87494 257.372 259.1405 278.35757 278.0517 292.00934 304.53842 281.6337 271.19614 309.3054 282.45444 269.15506 238.02502 177.47084 105.35477 79.07724 58.132668 49.368206 61.914253 95.87332 99.590836 71.20595 45.974476 0.0 -999999.0 -999999.0 -999999.0 -999999.0 -999999.0 -999999.0 -999999.0 -999999.0 -999999.0 -999999.0 -999999.0 -999999.0 -999999.0 -999999.0 -999999.0 -999999.0
10.694474 12.0742855 17.36756 25.186869 33.538513 40.416084 39.432472 80.30798 77.3743 184.54774 241.89117 194.3616 168.63042 144.43123 137.6579 144.46326 204.4706 245.45235 267.7369 298.12012 272.46133 256.33447 250.66042 260.2556 268.9712 275.73965 274.69363 263.69684 239.25504 203.99393 218.77994 213.1413 217.26979 196.40791 158.22005 105.52803 79.13377 66.88645 62.942635 78.39977 87.42469 83.86173 66.314415 41.388725 0.0 0.0 -999999.0 -999999.0 -999999.0 -999999.0 -999999.0 -999999.0 -999999.0 -999999.0 -999999.0 -999999.0 -999999.0 -999999.0 -999999.0 -999999.0 -999999.0
101.004944 53.583134 54.41815 50.729187 42.7523 41.326008 61.19634 101.30837 139.02835 227.10075 265.87357 228.9215 181.12477 138.20482 139.72531 150.02745 174.01073 124.3399 157.83472 214.38379 244.32042 235.4706 237.13731 242.94579 252.17612 262.57028 281.2185 239.81099 192.73448 177.53476 171.27817 158.6503 149.47131 148.7435 127.37647 94.91133 73.30163 66.494286 66.28969 70.84632 70.57602 76.3675 60.74675 38.522785 0.0 0.0 -999999.0 -999999.0 -999999.0 -999999.0 -999999.0 -999999.0 -999999.0 -999999.0 -999999.0 -999999.0 -999999.0 -999999.0 -999999.0 -999999.0 -999999.0
