data/TNO-HT-ATES/HT-ATES_msz4/msz4__h_sampled_lod_basecase_80-45-40.asc
ncols  140
nrows  163
xllcorner  0.0
yllcorner  300000.0
cellsize  2000.0
NODATA_value  -999999.0
[rows 56 to 83 of 163, columns 63 to 125 of 140]
0.9775 -999999.0 -999999.0 -999999.0 -999999.0 -999999.0 -999999.0 -999999.0 -999999.0 -999999.0 -999999.0 -999999.0 -999999.0 -999999.0 -999999.0 -999999.0 0.18749999 1.8224999 0.655 0.705 0.6925 0.3775 0.4975 0.78499997 1.2025 2.4174998 3.8899999 6.425 9.4675 13.635 16.775 18.7325 18.807499 15.834999 13.2125 12.1575 12.7625 15.15 16.5175 14.067499 15.032499 18.9975 13.7975 3.0249999 -999999.0 -999999.0 -999999.0 -999999.0 -999999.0 -999999.0 -999999.0 -999999.0 -999999.0 -999999.0 -999999.0 -999999.0 -999999.0 -999999.0 -999999.0 -999999.0 -999999.0 -999999.0 -999999.0
1.9625 0.23999998 -999999.0 -999999.0 -999999.0 -999999.0 -999999.0 -999999.0 -999999.0 -999999.0 -999999.0 -999999.0 -999999.0 -999999.0 -999999.0 -999999.0 2.2575 2.1249998 0.175 0.6275 0.655 0.505 0.90999997 1.455 1.7199999 2.7825 4.1749997 5.6525 8.119999 11.2675 13.205 13.65 12.3375 10.0975 10.544999 11.8325 15.42 21.407497 25.914999 23.554998 20.575 19.252499 12.764999 3.6474998 -999999.0 -999999.0 -999999.0 -999999.0 -999999.0 -999999.0 -999999.0 -999999.0 -999999.0 -999999.0 -999999.0 -999999.0 -999999.0 -999999.0 -999999.0 -999999.0 -999999.0 -999999.0 -999999.0
4.0325 1.395 -999999.0 -999999.0 -999999.0 -999999.0 -999999.0 -999999.0 -999999.0 -999999.0 -999999.0 -999999.0 -999999.0 -999999.0 -999999.0 2.0424998 5.2775 3.33 0.46999997 0.22749999 0.34 0.345 1.0124999 1.8025 2.1525 2.8624997 3.6899998 4.375 5.515 6.5199995 7.0549994 7.6099997 6.4474998 4.5599995 5.735 8.450001 12.8550005 21.349998 27.955 27.005 22.735 16.8 5.9775 -999999.0 -999999.0 -999999.0 -999999.0 -999999.0 -999999.0 -999999.0 -999999.0 -999999.0 -999999.0 -999999.0 -999999.0 -999999.0 -999999.0 -999999.0 -999999.0 -999999.0 -999999.0 -999999.0 -999999.0
4.75 1.0525 -999999.0 -999999.0 -999999.0 -999999.0 0.16999999 -999999.0 -999999.0 -999999.0 -999999.0 -999999.0 -999999.0 -999999.0 -999999.0 4.245 6.62 4.5125 1.7349999 -999999.0 -999999.0 -999999.0 0.3525 2.0475 3.5874996 4.2025 3.05 2.8925 3.4999998 2.7975001 1.9424999 3.2199998 2.9 1.0775001 1.0575 3.9024997 7.5975 15.914999 25.794998 25.1075 23.35 17.3375 9.645 11.464999 -999999.0 -999999.0 -999999.0 -999999.0 -999999.0 -999999.0 -999999.0 -999999.0 -999999.0 -999999.0 -999999.0 -999999.0 -999999.0 -999999.0 -999999.0 -999999.0 -999999.0 -999999.0 -999999.0
2.08 3.835 -999999.0 -999999.0 -999999.0 -999999.0 -999999.0 -999999.0 -999999.0 -999999.0 -999999.0 0.19 0.2875 -999999.0 -999999.0 5.3125 6.18 5.2349997 4.6075 1.665 -999999.0 -999999.0 -999999.0 1.1375 6.7475004 7.6274996 3.53 2.3524997 2.8174999 2.4450002 2.7724998 2.8424997 2.7124999 2.0125 0.435 2.0725 6.0425 10.3525 16.92 18.1875 22.189999 15.775 12.7925005 11.3675 -999999.0 -999999.0 -999999.0 -999999.0 -999999.0 -999999.0 -999999.0 -999999.0 -999999.0 -999999.0 -999999.0 -999999.0 -999999.0 -999999.0 -999999.0 -999999.0 -999999.0 -999999.0 -999999.0
2.0475001 4.9049997 1.1 -999999.0 -999999.0 -999999.0 -999999.0 -999999.0 -999999.0 -999999.0 0.84749997 1.3275 2.07 3.8774998 9.067499 7.05 6.0025 6.1225 6.1925 3.4924998 1.5525 0.7925 -999999.0 -999999.0 8.53 10.3625 6.1025 4.4049997 4.4175005 3.9775 5.085 4.48 5.9674997 7.1925 2.025 4.915 9.585 9.237499 11.95 17.115 19.744999 16.175 11.377501 14.3 -999999.0 -999999.0 -999999.0 -999999.0 -999999.0 -999999.0 -999999.0 -999999.0 -999999.0 -999999.0 -999999.0 -999999.0 -999999.0 -999999.0 -999999.0 -999999.0 -999999.0 -999999.0 -999999.0
3.47 7.2925 5.8824997 -999999.0 -999999.0 -999999.0 -999999.0 -999999.0 -999999.0 0.3025 0.6475 0.5125 3.68 9.634999 11.469999 9.7675 7.295 6.7149997 7.0049996 5.7875 4.0775 3.6924999 2.265 -999999.0 5.5375 8.224999 6.915 6.11 6.4024997 5.8975 8.372499 8.04 9.9825 10.755001 3.435 7.3075 13.21 21.357498 14.234999 20.4525 21.559998 17.645 15.68 12.937499 -999999.0 -999999.0 -999999.0 -999999.0 -999999.0 -999999.0 -999999.0 -999999.0 -999999.0 -999999.0 -999999.0 -999999.0 -999999.0 -999999.0 -999999.0 -999999.0 -999999.0 -999999.0 -999999.0
4.5374994 7.6425 4.5724993 -999999.0 -999999.0 -999999.0 -999999.0 -999999.0 -999999.0 0.54749995 0.98 2.3575 6.815 10.855 10.2975 9.5875 8.527499 7.4249997 7.62 8.1875 6.77 6.32 4.2149997 2.1325 4.095 7.4074993 10.897499 6.175 6.475 5.2325 9.3775 10.344999 13.557499 15.764999 10.83 14.327498 18.2775 24.359999 20.4425 23.127499 21.9775 16.27 11.754999 6.165 -999999.0 -999999.0 -999999.0 -999999.0 -999999.0 -999999.0 -999999.0 -999999.0 -999999.0 -999999.0 -999999.0 -999999.0 -999999.0 -999999.0 -999999.0 -999999.0 -999999.0 -999999.0 -999999.0
5.275 8.545 4.065 -999999.0 -999999.0 -999999.0 -999999.0 -999999.0 -999999.0 -999999.0 1.2524999 5.285 8.61 8.942499 7.6725 7.785 8.35 8.1925 8.2225 10.2074995 8.8925 8.505 7.0425 5.7925 10.307501 10.98 15.8075 16.3275 11.0925 5.625 7.3025 10.547501 14.637499 18.0425 17.279999 16.97 14.764999 16.8175 20.25 20.1175 18.995 13.612499 7.3525 2.5175 0.54249996 -999999.0 -999999.0 -999999.0 -999999.0 -999999.0 -999999.0 -999999.0 -999999.0 -999999.0 -999999.0 -999999.0 -999999.0 -999999.0 -999999.0 -999999.0 -999999.0 -999999.0 -999999.0
5.9399996 6.9525003 2.415 -999999.0 -999999.0 -999999.0 -999999.0 -999999.0 -999999.0 -999999.0 0.5075 3.74 5.6425 5.54 4.85 5.1625 6.2024994 7.5424995 9.389999 11.09 10.3375 11.324999 11.44 10.907499 9.57 12.77 16.544998 15.697499 12.0 7.5675 0.52 8.1025 13.782499 15.495 14.9925 14.345 9.522499 8.2675 13.8625 14.897499 13.7725 9.575 4.6699996 0.8275 0.034999996 -999999.0 -999999.0 -999999.0 -999999.0 -999999.0 -999999.0 -999999.0 -999999.0 -999999.0 -999999.0 -999999.0 -999999.0 -999999.0 -999999.0 -999999.0 -999999.0 -999999.0 -999999.0
3.2099998 4.0675 1.385 -999999.0 -999999.0 -999999.0 -999999.0 -999999.0 0.21249999 -999999.0 0.55249995 1.485 0.78999996 -999999.0 -999999.0 -999999.0 0.4375 5.0649996 10.195 12.969999 13.025 14.6025 12.775 7.3274994 7.77 12.835 20.85 19.7075 16.575 12.309999 9.49 11.5275 13.63 13.615 12.974999 12.227499 10.4 10.3925 12.014999 11.81 9.727501 6.2575 2.84 0.46499997 -999999.0 -999999.0 -999999.0 -999999.0 -999999.0 -999999.0 -999999.0 -999999.0 -999999.0 -999999.0 -999999.0 -999999.0 -999999.0 -999999.0 -999999.0 -999999.0 -999999.0 -999999.0 -999999.0
1.1675 1.7199999 0.65 -999999.0 -999999.0 -999999.0 -999999.0 -999999.0 1.645 1.145 1.095 1.4625 0.3 -999999.0 -999999.0 -999999.0 -999999.0 5.185 11.900001 16.42 16.9375 17.0975 11.6925 0.7425 7.8 14.002501 20.3775 24.0875 21.82 17.65 13.4925 12.2 12.5824995 11.787499 11.2875 11.6275 11.5875 12.4825 12.565 10.557499 7.1675 3.61 1.575 0.59 -999999.0 -999999.0 -999999.0 -999999.0 -999999.0 -999999.0 -999999.0 -999999.0 -999999.0 -999999.0 -999999.0 -999999.0 -999999.0 -999999.0 -999999.0 -999999.0 -999999.0 -999999.0 -999999.0
0.78749996 0.6225 -999999.0 -999999.0 1.6624999 1.7874999 1.475 1.755 2.45 2.58 2.3249998 3.1825 2.5649998 -999999.0 -999999.0 -999999.0 -999999.0 9.1375 17.157501 23.2825 24.3025 22.6275 17.1775 11.5425 16.89 22.254997 23.7975 24.029999 23.0525 20.1575 16.81 14.375 12.44 9.005 8.872499 11.009999 9.032499 14.5925 14.52 7.799999 5.1225 2.8925 1.43 0.7025 -999999.0 -999999.0 -999999.0 -999999.0 -999999.0 -999999.0 -999999.0 -999999.0 -999999.0 -999999.0 -999999.0 -999999.0 -999999.0 -999999.0 -999999.0 -999999.0 -999999.0 -999999.0 -999999.0
0.53749996 -999999.0 -999999.0 1.0475 2.9274998 3.0575 3.525 3.8975 3.9774997 4.5175 4.1775002 5.4425 5.7174997 2.9924998 -999999.0 -999999.0 4.6025 15.639999 25.1475 32.807495 33.8275 29.81 25.775 24.74 27.9225 27.407497 24.732498 23.95 23.11 21.502499 19.0125 16.35 13.49 10.105 9.745 10.827499 8.5675 14.335 1.1075 4.2475 2.6725 2.0325 1.5274999 0.10499999 -999999.0 -999999.0 -999999.0 -999999.0 -999999.0 -999999.0 -999999.0 -999999.0 -999999.0 -999999.0 -999999.0 -999999.0 -999999.0 -999999.0 -999999.0 -999999.0 -999999.0 -999999.0 -999999.0
0.35 -999999.0 0.65 2.0 2.6099997 4.325 5.0325 5.165 6.0375 6.0675 7.6725 8.327499 10.0125 11.2125 8.445001 8.665 15.972502 24.9875 33.019997 40.687496 37.1125 34.1875 32.282497 32.7075 33.11 30.595001 26.515 24.3025 23.429998 22.419998 20.035 17.707499 15.164999 12.6825 12.532499 13.5425 14.37 9.785 3.9824998 4.8399997 2.0124998 1.2674999 0.2575 -999999.0 -999999.0 -999999.0 -999999.0 -999999.0 -999999.0 -999999.0 -999999.0 -999999.0 -999999.0 -999999.0 -999999.0 -999999.0 -999999.0 -999999.0 -999999.0 -999999.0 -999999.0 -999999.0 -999999.0
0.61749995 0.35749996 1.1375 2.3374999 3.9225 6.2575 5.7375 5.17 6.5899997 14.215 12.190001 11.304998 13.775 17.692501 20.130001 23.4625 28.682499 36.505 42.1725 40.71 38.1875 37.207497 36.8225 38.445 36.6125 33.562496 30.07 26.775 24.7325 23.11 21.169998 18.880001 17.017498 14.6075 14.119999 14.0025 13.11 3.77 5.2949996 4.1299996 2.16 0.66749996 -999999.0 -999999.0 -999999.0 -999999.0 -999999.0 -999999.0 -999999.0 -999999.0 -999999.0 -999999.0 -999999.0 -999999.0 -999999.0 -999999.0 -999999.0 -999999.0 -999999.0 -999999.0 -999999.0 -999999.0 -999999.0
1.265 1.4174999 1.6774999 2.3325 3.4075 5.7349997 6.5274997 12.5425005 20.225 15.959999 13.86 13.4075 15.4225 20.4175 26.9025 31.45 34.559998 37.502502 39.245003 34.875 31.554998 34.415 35.4975 36.37 35.8275 33.605 30.384998 28.065 25.689999 23.55 23.177498 21.385 18.842499 16.6375 15.377501 14.705 10.73 4.7675 4.2124996 6.64 6.9325 1.1175 -999999.0 -999999.0 -999999.0 -999999.0 -999999.0 -999999.0 -999999.0 -999999.0 -999999.0 -999999.0 -999999.0 -999999.0 -999999.0 -999999.0 -999999.0 -999999.0 -999999.0 -999999.0 -999999.0 -999999.0 -999999.0
1.575 1.8 1.5225 1.1374999 3.2624998 12.89 17.1875 21.2475 25.485 19.27 19.0525 19.122498 21.349998 28.645 35.175 36.5125 36.315 36.48 35.085 31.8975 27.002499 29.279999 30.945 32.9675 33.245 32.7 31.0775 28.539999 26.4525 25.134998 23.967499 22.7975 20.395 19.0325 17.705 15.915 12.307499 6.7 2.775 5.365 3.3999999 5.465 3.32 -999999.0 -999999.0 -999999.0 -999999.0 -999999.0 -999999.0 -999999.0 -999999.0 -999999.0 -999999.0 -999999.0 -999999.0 -999999.0 -999999.0 -999999.0 -999999.0 -999999.0 -999999.0 -999999.0 -999999.0
1.395 1.4775 2.4325001 4.525 8.6075 24.212502 26.8 22.622498 18.2925 20.2825 23.2475 20.8325 23.0075 35.510002 41.175 38.6175 36.8025 35.124996 33.525 30.532497 27.829998 27.514997 28.1925 29.762499 31.0425 31.36 30.939999 29.447498 27.75 26.0075 24.885 23.4275 21.66 19.4875 11.195 8.405 8.662499 6.35 4.5724998 9.12 9.1675 1.4 1.8824999 0.85249996 -999999.0 -999999.0 -999999.0 -999999.0 -999999.0 -999999.0 -999999.0 -999999.0 -999999.0 -999999.0 -999999.0 -999999.0 -999999.0 -999999.0 -999999.0 -999999.0 -999999.0 -999999.0 -999999.0
1.1524999 1.3074999 4.9674997 14.6475 26.65 21.805 17.857502 13.635 13.5 14.1125 17.9925 16.2225 18.2025 31.737501 35.7775 34.6275 32.5 32.7375 31.4975 29.3625 27.592499 27.255 27.51 27.8925 28.994999 29.5225 29.6925 29.092499 27.715 26.64 25.499998 23.932499 21.59 16.237501 2.855 4.69 7.7175 8.212501 6.5649996 6.075 7.6375 4.6625 2.33 1.0825 0.124999985 -999999.0 -999999.0 -999999.0 -999999.0 -999999.0 -999999.0 -999999.0 -999999.0 -999999.0 -999999.0 -999999.0 -999999.0 -999999.0 -999999.0 -999999.0 -999999.0 -999999.0 -999999.0
0.78999996 2.5025 5.0299997 10.7375 20.0425 14.5824995 7.9775 2.3399997 7.845 16.215 18.3975 18.775 22.434998 30.672499 34.4925 33.512497 32.09 30.859999 29.6475 27.849998 26.0425 26.14 26.6475 26.8825 23.2425 27.2575 28.29 27.9875 27.477499 26.414999 25.9475 24.8 20.8675 14.37 3.9499998 2.8849998 4.71 5.935 7.0449996 5.3224998 5.515 8.389999 4.0874996 0.92249995 -999999.0 -999999.0 -999999.0 -999999.0 -999999.0 -999999.0 -999999.0 -999999.0 -999999.0 -999999.0 -999999.0 -999999.0 -999999.0 -999999.0 -999999.0 -999999.0 -999999.0 -999999.0 -999999.0
1.0174999 3.2549999 3.475 5.1325 12.475 8.33 3.56 2.9424999 9.774999 16.71 16.647501 17.852499 20.734999 26.519999 33.36 33.402504 30.544998 29.3175 28.182499 26.4975 24.499998 24.887499 25.575 26.1025 26.357498 26.544998 26.545 25.529999 26.135 24.6125 24.8025 22.912498 16.3125 7.8525 5.1275 3.4375 2.745 4.1825 5.0975 7.3775 6.6575 6.705 3.0025 0.65749997 -999999.0 -999999.0 -999999.0 -999999.0 -999999.0 -999999.0 -999999.0 -999999.0 -999999.0 -999999.0 -999999.0 -999999.0 -999999.0 -999999.0 -999999.0 -999999.0 -999999.0 -999999.0 -999999.0
0.79499996 2.58 3.0375 3.6474998 9.3475 5.8099995 2.01 11.902499 18.439999 17.659998 17.8475 15.724999 15.915 18.6575 23.8975 28.272501 29.157501 28.23 27.074999 25.482498 24.137499 24.1525 25.022501 25.197498 25.182499 25.31 23.427498 22.574999 22.589998 20.4375 20.035 17.47 12.87 7.6349998 5.3599997 3.9449997 3.5674999 4.5024996 7.4575 7.805 6.42 4.6675 1.865 -999999.0 -999999.0 -999999.0 -999999.0 -999999.0 -999999.0 -999999.0 -999999.0 -999999.0 -999999.0 -999999.0 -999999.0 -999999.0 -999999.0 -999999.0 -999999.0 -999999.0 -999999.0 -999999.0 -999999.0
2.0525 3.02 3.9099998 4.3849998 4.4449997 9.0 8.8375 19.244999 24.3325 19.794998 16.5825 14.1475 13.214999 13.7975 18.807499 22.98 24.295 26.572498 26.09 23.64 23.085 23.4375 24.369999 24.8875 23.642502 21.8975 19.8125 16.97 16.427498 15.905 16.1175 14.375 11.607499 7.8 5.6649995 4.785 4.58 5.71 7.0175 7.2675 6.165 4.1875 1.5999999 0.135 -999999.0 -999999.0 -999999.0 -999999.0 -999999.0 -999999.0 -999999.0 -999999.0 -999999.0 -999999.0 -999999.0 -999999.0 -999999.0 -999999.0 -999999.0 -999999.0 -999999.0 -999999.0 -999999.0
6.265 5.7549996 4.705 4.4799995 7.3125 10.9725 14.862499 21.7275 25.0 21.657501 16.574999 12.665 12.9 13.9675 16.227499 11.3475 14.055 18.795 22.86 21.912498 21.7325 22.1225 22.947498 23.565 23.85 20.882498 16.38 15.107499 14.0125 12.7725 12.0 11.2575 9.509999 7.0874996 5.5949993 5.13 4.8424997 5.3625 6.05 6.675 5.7275 3.745 2.2350001 1.1924999 -999999.0 -999999.0 -999999.0 -999999.0 -999999.0 -999999.0 -999999.0 -999999.0 -999999.0 -999999.0 -999999.0 -999999.0 -999999.0 -999999.0 -999999.0 -999999.0 -999999.0 -999999.0 -999999.0
9.48 9.695 8.815 8.895 10.12 11.72 16.994999 20.2475 21.1925 19.1925 11.402499 4.5825 11.5425005 14.059999 15.645 5.975 8.9625 14.315 15.955 17.439999 19.0325 20.384998 21.322498 22.2725 23.592499 18.145 14.5275 13.19 11.99 10.4375 9.0975 8.3075 7.4474998 5.9700003 5.3925 5.2525 5.3199997 5.4375 5.9425 5.8724995 4.6775 3.6275 3.2275 2.0749998 0.31 -999999.0 -999999.0 -999999.0 -999999.0 -999999.0 -999999.0 -999999.0 -999999.0 -999999.0 -999999.0 -999999.0 -999999.0 -999999.0 -999999.0 -999999.0 -999999.0 -999999.0 -999999.0
15.74 12.46 13.0675 12.6125 13.0 14.08 12.067499 16.2 19.2025 18.987501 14.227499 8.475 12.940001 14.059999 15.099999 9.3475 8.3225 12.13 10.7175 13.8550005 16.3675 18.429998 19.1475 18.822498 16.375 11.639999 10.344999 10.405 10.0824995 8.94 7.7875004 7.0199995 6.6325 6.0525 5.5099998 5.465 5.5324993 5.79 6.0899997 5.755 4.7249994 4.145 4.1575 2.6525002 -999999.0 -999999.0 -999999.0 -999999.0 -999999.0 -999999.0 -999999.0 -999999.0 -999999.0 -999999.0 -999999.0 -999999.0 -999999.0 -999999.0 -999999.0 -999999.0 -999999.0 -999999.0 -999999.0
23.185 11.5625 4.16 15.815 16.219997 16.640001 10.21 6.1525 25.4225 20.055 16.244999 13.8125 14.24 14.782499 13.827499 10.5275 6.7749996 10.235 10.335 11.825 14.86 17.849998 17.057499 14.6875 12.2375 9.9625 9.422501 9.192499 8.634999 8.0525 6.9525 6.4824996 6.4975 5.8675 5.6224995 5.7299995 5.645 5.7174997 6.41 5.67 4.9275002 4.3725004 3.62 1.3775 -999999.0 -999999.0 -999999.0 -999999.0 -999999.0 -999999.0 -999999.0 -999999.0 -999999.0 -999999.0 -999999.0 -999999.0 -999999.0 -999999.0 -999999.0 -999999.0 -999999.0 -999999.0 -999999.0
