data/TNO-HT-ATES/HT-ATES_msz2/msz2__top_depth_basecase_80-45-40.asc
ncols  140
nrows  163
xllcorner  0.0
yllcorner  300000.0
cellsize  2000.0
NODATA_value  -999999.0
[rows 27 to 53 of 163, columns 61 to 121 of 140]
265.19498 265.6175 266.26 268.375 268.35748 270.07248 272.36996 273.7775 273.6325 275.0075 276.51 278.135 279.6875 277.835 275.1825 271.71747 271.38748 269.485 269.65747 269.6175 268.6825 265.26 264.8025 264.22247 263.2 261.71497 260.08 258.705 257.53998 255.9575 253.70749 251.0325 247.97499 244.7125 241.63249 238.70999 233.515 228.735 227.7025 220.5275 214.445 208.9925 203.875 198.885 193.82498 188.665 185.055 215.595 -999999.0 -999999.0 174.125 -999999.0 -999999.0 -999999.0 -999999.0 -999999.0 -999999.0 -999999.0 -999999.0 -999999.0 -999999.0
263.8625 264.59 265.37 264.9325 266.195 267.93 270.17252 271.71747 271.7775 272.84 274.23248 275.1 275.47504 275.28 272.47247 269.5925 269.1475 267.25497 266.9425 268.3775 271.3725 265.7425 262.33502 261.74 261.10248 260.3 259.375 258.60498 257.8 256.7325 255.17 252.36249 248.58499 244.4825 240.5 236.565 232.2 227.72249 223.51498 218.09 212.4 206.7425 201.17252 195.32999 189.25749 183.2775 178.685 176.44 -999999.0 -999999.0 170.97 -999999.0 -999999.0 -999999.0 -999999.0 -999999.0 -999999.0 -999999.0 -999999.0 -999999.0 -999999.0
262.515 263.5075 263.19998 263.85004 265.465 267.3 269.47748 270.4 271.40997 271.32748 272.7525 272.76248 272.77 271.96002 270.07498 269.4725 267.325 265.88748 286.43 266.51 268.85248 265.16998 260.5575 259.1925 258.8325 258.78497 258.7425 258.7925 258.69 258.21002 256.855 253.66501 248.8775 243.39 238.2975 234.02 230.07999 225.5675 220.29001 215.0275 210.01498 204.5 198.575 192.065 184.935 177.62999 170.85248 168.79001 -999999.0 -999999.0 -999999.0 164.1075 -999999.0 -999999.0 -999999.0 -999999.0 -999999.0 -999999.0 -999999.0 -999999.0 -999999.0
261.895 263.085 264.1175 265.22 266.38998 268.1775 269.58496 270.0625 270.675 271.435 270.705 270.75 270.47998 270.43 268.8225 268.5825 266.48752 265.01498 264.24 264.56998 265.2225 264.20502 262.495 261.3675 258.83002 257.485 258.4525 259.3675 260.2975 260.2775 258.84998 255.0475 248.9025 241.5875 234.90749 230.8225 227.68 -999999.0 218.22499 212.97 208.11 202.6175 196.4525 189.4225 181.62999 173.2825 165.15 160.8175 178.515 180.72751 -999999.0 161.865 -999999.0 -999999.0 -999999.0 -999999.0 -999999.0 -999999.0 -999999.0 -999999.0 -999999.0
262.09003 262.97998 264.115 265.37 266.96252 268.6275 270.515 269.6725 269.9025 270.43246 269.8925 269.145 269.005 268.56747 267.1175 267.19498 267.49 263.94998 263.32 264.04248 266.725 266.8575 264.38748 266.8925 265.465 259.60498 258.9175 260.34 261.59 262.12 261.45752 257.33502 249.0325 239.87498 231.345 227.6 224.2625 220.5325 215.8725 210.95999 206.235 200.935 194.72998 187.345 179.32748 170.56749 162.165 159.3775 164.28 169.01749 168.70499 162.5525 154.5425 -999999.0 -999999.0 -999999.0 -999999.0 -999999.0 -999999.0 -999999.0 -999999.0
261.28247 262.5325 263.9275 265.4875 266.5425 267.9975 268.6125 268.69498 269.16 269.625 270.87997 269.29498 268.39752 267.3425 266.44998 265.72 267.29498 263.83496 265.5575 266.925 268.09747 267.6525 265.45248 266.3 265.4525 259.7675 260.2375 261.54752 262.20752 262.5075 262.9975 259.5775 247.86499 238.40749 230.6625 225.165 221.00499 216.995 212.83249 208.53 204.29498 199.5375 193.505 185.9375 177.52998 169.25 162.45499 157.87999 154.87 158.92 160.9175 -999999.0 156.1225 -999999.0 -999999.0 -999999.0 -999999.0 -999999.0 -999999.0 -999999.0 -999999.0
262.5475 263.215 264.365 265.25998 265.56 266.3125 267.345 267.83002 269.0725 269.34747 272.82498 270.38498 267.62 266.90747 266.35 265.97498 267.3975 266.24 266.295 267.5025 268.995 267.8775 267.6475 266.9225 266.225 261.22998 261.6125 262.32 262.03253 260.89 257.93997 249.5625 243.8675 235.87749 228.31998 222.2125 217.45999 213.31 209.38501 205.7 202.20999 198.5 193.29498 185.13249 176.255 168.2225 162.225 157.8325 154.4075 154.18001 154.82248 155.39499 -999999.0 -999999.0 -999999.0 -999999.0 -999999.0 -999999.0 -999999.0 -999999.0 -999999.0
263.15247 264.86252 265.59003 267.01248 266.4425 266.31 267.065 267.70746 268.4175 269.4025 269.96 269.15997 267.235 267.115 268.26248 267.6425 268.3675 268.7725 267.7675 269.01752 270.3325 270.705 270.64746 269.05252 266.30002 262.1825 262.965 262.88 261.58502 259.005 254.5525 247.89499 240.70999 232.73999 224.79 218.31499 213.4375 209.23499 205.53 202.16249 199.325 196.62999 193.20999 183.69751 174.55249 166.35498 159.9925 156.01 153.495 152.47751 151.86249 150.8325 -999999.0 -999999.0 -999999.0 -999999.0 -999999.0 -999999.0 -999999.0 -999999.0 -999999.0
263.79 265.50497 266.425 267.405 267.5925 267.79498 267.53998 268.18 268.85498 270.025 270.6325 269.48248 268.4925 268.5275 269.4875 269.82 269.095 269.59998 268.5525 269.175 270.06003 271.41748 273.58752 271.78748 264.45996 264.265 264.58002 263.7225 261.40997 258.04498 253.31 246.6875 238.495 229.5925 220.96999 213.9925 209.01498 204.82999 201.23 197.965 195.025 191.87 187.26999 179.915 171.64 163.5775 156.5725 153.5725 151.7325 150.0275 148.71999 -999999.0 -999999.0 -999999.0 -999999.0 -999999.0 -999999.0 -999999.0 -999999.0 -999999.0 -999999.0
264.79248 266.01752 267.3975 268.36 268.745 269.19498 269.83 270.1925 269.875 270.735 271.0975 270.15 271.02753 270.68246 271.395 270.74 269.9875 270.28 268.3675 268.73248 270.25497 271.7525 271.21 271.03748 267.4425 266.705 266.47998 264.6775 261.51752 257.46 252.7625 246.055 236.4425 226.245 216.825 209.3325 204.26001 200.20999 196.7 193.33 189.8775 186.28499 181.7925 175.565 168.25499 160.83249 154.6825 152.0575 150.0975 147.42499 -999999.0 -999999.0 137.1575 152.4975 -999999.0 -999999.0 -999999.0 -999999.0 -999999.0 -999999.0 -999999.0
266.885 268.62 269.925 269.78998 269.97748 270.395 271.28748 271.86002 272.19498 272.255 271.6125 271.3675 273.16248 273.95752 272.72748 270.76752 270.255 269.965 268.085 267.4025 268.835 270.235 271.565 271.59247 271.13 268.50497 267.9775 265.0 260.705 256.03998 251.2525 244.76749 233.73 222.765 212.165 203.965 199.66249 195.7425 192.16 188.73 185.2075 181.525 177.3225 171.775 165.315 158.62999 152.60999 151.23499 149.25 144.28 137.90001 131.3425 126.1 134.8225 -999999.0 -999999.0 -999999.0 -999999.0 -999999.0 -999999.0 -999999.0
268.97998 270.40997 271.7575 272.0175 272.47247 272.02502 273.64752 274.195 273.815 275.51498 274.99 274.0125 274.0625 274.1125 273.355 269.0425 268.505 267.86496 265.885 267.06 268.6875 270.8375 273.075 272.64252 271.4175 269.05252 268.87 263.72498 258.3675 252.89749 247.0775 239.51498 229.76 219.3475 209.3225 201.36249 196.26749 191.89499 187.9475 184.56 181.385 177.9375 173.89249 168.79749 162.95248 157.0875 152.42499 149.785 -999999.0 140.0225 132.0675 122.399994 117.49249 117.2 -999999.0 -999999.0 -999999.0 -999999.0 -999999.0 -999999.0 -999999.0
270.97748 272.4175 274.2525 274.35748 274.3825 274.82748 275.38998 275.6125 275.785 276.25998 276.7725 276.04 274.53 274.4675 271.935 268.935 268.63 265.46002 265.58002 266.66 268.18 270.54 274.49 272.15753 269.385 266.2075 264.6625 260.15247 254.5475 248.54749 242.045 234.385 225.515 216.21498 207.34 199.81999 193.9375 188.86499 184.13249 -999999.0 -999999.0 175.28499 171.50499 166.7 161.15 155.495 150.7025 147.25667 -999999.0 134.9075 126.69 -999999.0 -999999.0 -999999.0 -999999.0 -999999.0 -999999.0 -999999.0 -999999.0 -999999.0 -999999.0
273.35498 274.40997 275.54 276.10248 276.875 276.53 277.0225 276.76 277.3125 278.0175 278.12997 277.45502 276.2925 274.69998 272.3675 269.7875 267.955 264.52747 264.81497 265.56 266.7775 268.0525 268.8 267.90997 265.0625 261.75 259.21252 255.165 249.78998 243.6575 236.84999 229.41 221.4775 213.15997 205.135 198.0275 192.055 186.77249 182.00749 -999999.0 -999999.0 173.62 170.04 165.245 159.5575 153.555 148.02249 143.1375 139.7975 131.285 -999999.0 -999999.0 -999999.0 -999999.0 -999999.0 -999999.0 -999999.0 -999999.0 -999999.0 -999999.0 -999999.0
275.69998 276.5825 277.385 278.09 278.065 278.175 278.75748 279.16998 278.8125 279.485 279.535 278.53 277.84747 275.685 273.03998 271.1525 264.25998 263.8675 263.85748 264.22 264.63998 264.3925 264.24 263.0675 259.075 257.19 254.06499 250.01251 244.73502 238.68 232.045 225.0025 217.685 210.1175 202.775 196.08499 190.3075 185.17 180.8425 177.66501 175.3 172.69499 169.20248 164.17499 157.915 151.1375 145.2425 145.26498 138.34999 -999999.0 -999999.0 -999999.0 -999999.0 -999999.0 -999999.0 -999999.0 -999999.0 -999999.0 -999999.0 -999999.0 -999999.0
277.7075 278.7975 279.64746 280.195 279.6925 279.755 280.25998 280.525 281.09998 281.165 281.1475 279.72748 280.0025 277.7475 273.36 269.1125 263.4325 263.0 262.8725 262.6775 262.025 261.5675 260.385 256.60498 254.855 252.675 249.3575 245.065 239.72751 233.85501 227.72751 221.04749 214.10751 207.06998 200.2275 193.885 188.36 183.465 179.2275 176.37 174.52249 172.2975 168.92 163.62999 156.4775 148.02998 141.12 140.5975 137.6175 -999999.0 -999999.0 -999999.0 -999999.0 -999999.0 -999999.0 -999999.0 -999999.0 -999999.0 -999999.0 -999999.0 -999999.0
279.65997 281.02002 282.195 282.6575 282.07 282.22 282.48752 282.405 282.5175 282.2875 281.675 280.635 279.5225 277.65 274.3075 268.46997 263.38748 262.16998 261.74 260.745 260.13 258.5525 254.73499 252.65 251.305 248.92 244.875 240.29 234.88249 229.17249 223.27249 216.91998 210.3275 203.685 197.22249 191.01001 185.61249 181.0275 177.34499 174.945 173.505 171.805 169.14749 163.93498 155.705 145.96251 138.5275 143.95749 -999999.0 -999999.0 -999999.0 -999999.0 -999999.0 -999999.0 -999999.0 -999999.0 -999999.0 -999999.0 -999999.0 -999999.0 -999999.0
281.25 283.01752 284.89 285.1075 285.2 285.39502 285.48 284.84 284.04 282.9575 281.505 280.305 278.19 275.685 272.5525 269.0225 264.185 261.2125 260.37 259.72 258.015 253.76749 251.51999 249.80998 248.12 245.285 240.575 235.70248 230.225 224.56999 218.76 212.5325 206.09 199.745 193.77 187.285 181.5675 177.44998 174.9675 173.16501 171.66501 170.495 169.38501 164.965 155.0425 144.7325 -999999.0 141.9225 -999999.0 -999999.0 -999999.0 -999999.0 -999999.0 -999999.0 -999999.0 -999999.0 -999999.0 -999999.0 -999999.0 -999999.0 -999999.0
282.82748 285.16748 287.1925 287.71997 288.15247 288.65497 289.0275 287.67252 285.4575 283.3 281.08502 279.19 277.8425 274.065 271.41498 270.03748 263.95496 261.66998 259.3975 257.90497 253.8875 251.92 249.76001 247.53749 245.19498 241.75 237.4325 231.365 225.6825 220.07498 214.25249 207.9325 201.24 194.5625 188.5625 181.8125 176.275 172.78249 171.0325 169.72 168.45999 167.355 166.03 161.40749 152.465 142.1025 -999999.0 -999999.0 -999999.0 -999999.0 -999999.0 -999999.0 -999999.0 -999999.0 -999999.0 -999999.0 -999999.0 -999999.0 -999999.0 -999999.0 -999999.0
284.52002 287.62 289.655 290.35748 290.82248 291.595 293.1775 290.8775 286.40247 283.11 279.6 278.195 277.13 273.4025 270.85498 269.8475 265.565 260.54248 258.9 255.37 253.595 251.7125 249.36499 246.36499 243.1475 239.1225 234.205 228.4 221.79 216.03749 209.97 203.385 196.22 188.175 180.52 174.42749 169.8775 167.0625 165.72 164.78001 163.8725 162.55501 160.11499 -999999.0 -999999.0 137.03749 126.53 -999999.0 -999999.0 -999999.0 -999999.0 -999999.0 -999999.0 -999999.0 -999999.0 -999999.0 -999999.0 -999999.0 -999999.0 -999999.0 -999999.0
286.29 290.38998 292.8575 293.98502 293.59998 293.4275 293.525 290.56 285.57748 281.78998 278.0675 276.78 274.8275 273.1275 270.2475 268.555 266.4725 258.7475 257.685 256.23248 252.14 250.305 247.785 243.90251 240.3375 236.59749 231.72 225.68 219.415 213.705 207.63 201.01 193.21999 183.1875 173.445 167.8825 163.01498 160.705 159.7775 159.12999 158.3475 156.795 153.99 -999999.0 -999999.0 -999999.0 119.880005 -999999.0 -999999.0 -999999.0 -999999.0 -999999.0 -999999.0 -999999.0 -999999.0 -999999.0 -999999.0 -999999.0 -999999.0 -999999.0 -999999.0
288.53497 293.81247 296.97498 297.365 296.3725 294.5075 291.96997 288.34 283.35 279.34998 276.4275 273.91998 273.9725 273.0625 270.755 267.48 265.9525 261.40997 256.57498 254.99 250.805 247.81 244.625 240.895 237.33499 233.7425 229.215 222.995 216.975 210.62999 204.70999 198.34 191.5775 180.4175 167.19 162.3875 158.2225 154.78749 153.79749 153.37999 152.565 150.935 148.14499 -999999.0 -999999.0 126.545 115.1375 -999999.0 -999999.0 -999999.0 -999999.0 -999999.0 -999999.0 -999999.0 -999999.0 -999999.0 -999999.0 -999999.0 -999999.0 -999999.0 -999999.0
291.52002 297.84497 301.7125 301.955 299.19998 295.4375 291.14 286.4925 281.69 277.6325 273.395 272.6725 273.06 272.33 271.185 267.275 265.9325 261.64252 255.745 253.74501 251.29001 246.22499 242.1825 238.485 234.645 230.34499 225.35999 219.55 213.89499 207.4125 201.415 195.48499 189.04749 179.2475 168.3675 161.7625 155.745 151.29999 148.465 148.2175 147.555 146.03001 143.48 138.85 132.41998 123.905 114.055 -999999.0 -999999.0 -999999.0 -999999.0 -999999.0 -999999.0 -999999.0 -999999.0 -999999.0 -999999.0 -999999.0 -999999.0 -999999.0 -999999.0
294.0575 301.0825 307.31 306.575 301.5575 296.29248 290.925 285.5 280.11002 275.89252 272.555 271.4325 271.12 271.2575 270.37 266.89 265.2475 261.3475 256.06 252.81999 250.30998 246.94748 240.9325 236.94998 232.94498 228.3625 222.405 216.44249 210.92749 204.66249 198.86499 193.11499 185.945 177.6025 169.7575 161.81747 154.94499 148.895 144.59999 144.245 143.67499 142.435 140.32 136.4625 130.41501 123.28749 116.5025 -999999.0 -999999.0 -999999.0 -999999.0 -999999.0 -999999.0 -999999.0 -999999.0 -999999.0 -999999.0 -999999.0 -999999.0 -999999.0 -999999.0
294.765 301.16248 306.29 306.235 301.875 296.1325 290.8825 284.73248 278.28497 273.965 271.1125 270.82 269.825 269.85498 269.3525 267.21002 264.61 260.76 257.72748 252.01 249.285 245.83249 239.9875 235.8775 231.62498 226.215 219.81 213.5 207.7 201.66998 195.8375 190.345 183.5425 176.3425 168.95999 162.2275 154.69499 147.0275 142.9075 141.7925 140.88 139.6425 138.095 135.0075 129.1575 123.244995 118.1175 -999999.0 -999999.0 -999999.0 -999999.0 -999999.0 -999999.0 -999999.0 -999999.0 -999999.0 -999999.0 -999999.0 -999999.0 -999999.0 -999999.0
295.6275 301.3625 305.735 306.125 302.8375 297.51498 291.005 284.34 278.83752 274.615 271.4925 270.43246 269.6625 269.2225 268.7375 266.22 263.16498 260.94498 258.2125 252.38748 249.25499 245.555 239.4175 234.9525 230.055 224.33751 217.97 211.5075 204.775 198.635 193.39001 188.36 182.4125 176.69 170.3075 163.41751 156.8075 149.875 143.4425 140.7725 138.925 137.28 135.4175 132.14499 127.525 122.869995 -999999.0 -999999.0 -999999.0 -999999.0 -999999.0 -999999.0 -999999.0 -999999.0 -999999.0 -999999.0 -999999.0 -999999.0 -999999.0 -999999.0 -999999.0
296.765 302.3075 306.8075 307.9275 305.29248 299.47748 292.515 285.63 279.9225 275.78748 272.29248 271.86 271.4275 270.1875 269.3 267.42 263.855 261.9925 255.84 252.23999 248.98499 244.89 238.22249 233.2425 228.06 222.16998 215.92001 209.29001 202.65 195.98248 190.94 186.26498 181.68999 177.685 172.735 165.2775 158.7625 152.19 145.54001 140.54 137.69 135.34 132.83499 129.355 125.23999 121.3425 -999999.0 -999999.0 -999999.0 -999999.0 -999999.0 -999999.0 -999999.0 -999999.0 -999999.0 -999999.0 -999999.0 -999999.0 -999999.0 -999999.0 -999999.0
