data/TNO-HT-ATES/HT-ATES_msz2/msz2__porosity_basecase_80-45-40.asc
ncols  140
nrows  163
xllcorner  0.0
yllcorner  300000.0
cellsize  2000.0
NODATA_value  -999999.0
[rows 0 to 26 of 163, columns 61 to 121 of 140]
-999999.0 -999999.0 -999999.0 -999999.0 -999999.0 -999999.0 -999999.0 -999999.0 -999999.0 -999999.0 -999999.0 -999999.0 -999999.0 -999999.0 -999999.0 -999999.0 -999999.0 -999999.0 -999999.0 -999999.0 -999999.0 -999999.0 -999999.0 -999999.0 -999999.0 -999999.0 -999999.0 -999999.0 -999999.0 -999999.0 -999999.0 -999999.0 -999999.0 -999999.0 -999999.0 -999999.0 -999999.0 -999999.0 -999999.0 -999999.0 -999999.0 -999999.0 -999999.0 -999999.0 -999999.0 -999999.0 -999999.0 -999999.0 -999999.0 -999999.0 -999999.0 -999999.0 -999999.0 -999999.0 -999999.0 -999999.0 -999999.0 -999999.0 -999999.0 -999999.0 -999999.0
-999999.0 -999999.0 -999999.0 -999999.0 -999999.0 -999999.0 -999999.0 -999999.0 -999999.0 -999999.0 -999999.0 -999999.0 -999999.0 -999999.0 -999999.0 -999999.0 -999999.0 -999999.0 -999999.0 -999999.0 -999999.0 -999999.0 -999999.0 -999999.0 -999999.0 -999999.0 -999999.0 -999999.0 -999999.0 -999999.0 -999999.0 -999999.0 -999999.0 -999999.0 -999999.0 -999999.0 -999999.0 -999999.0 -999999.0 -999999.0 -999999.0 -999999.0 -999999.0 -999999.0 -999999.0 -999999.0 -999999.0 -999999.0 -999999.0 -999999.0 -999999.0 -999999.0 -999999.0 -999999.0 -999999.0 -999999.0 -999999.0 -999999.0 -999999.0 -999999.0 -999999.0
-999999.0 -999999.0 -999999.0 -999999.0 -999999.0 -999999.0 -999999.0 -999999.0 -999999.0 -999999.0 -999999.0 -999999.0 -999999.0 -999999.0 -999999.0 -999999.0 -999999.0 -999999.0 -999999.0 -999999.0 -999999.0 -999999.0 -999999.0 -999999.0 -999999.0 -999999.0 -999999.0 -999999.0 -999999.0 -999999.0 -999999.0 -999999.0 -999999.0 -999999.0 -999999.0 -999999.0 -999999.0 -999999.0 -999999.0 -999999.0 -999999.0 -999999.0 -999999.0 -999999.0 -999999.0 -999999.0 -999999.0 -999999.0 -999999.0 -999999.0 -999999.0 -999999.0 -999999.0 -999999.0 -999999.0 -999999.0 -999999.0 -999999.0 -999999.0 -999999.0 -999999.0
-999999.0 -999999.0 -999999.0 -999999.0 -999999.0 -999999.0 -999999.0 -999999.0 -999999.0 -999999.0 -999999.0 -999999.0 -999999.0 -999999.0 -999999.0 -999999.0 -999999.0 -999999.0 -999999.0 -999999.0 -999999.0 -999999.0 -999999.0 -999999.0 -999999.0 -999999.0 -999999.0 -999999.0 -999999.0 -999999.0 -999999.0 -999999.0 -999999.0 -999999.0 -999999.0 -999999.0 -999999.0 -999999.0 -999999.0 -999999.0 -999999.0 -999999.0 -999999.0 -999999.0 -999999.0 -999999.0 -999999.0 -999999.0 -999999.0 -999999.0 -999999.0 -999999.0 -999999.0 -999999.0 -999999.0 -999999.0 -999999.0 -999999.0 -999999.0 -999999.0 -999999.0
-999999.0 -999999.0 -999999.0 -999999.0 -999999.0 -999999.0 -999999.0 -999999.0 -999999.0 -999999.0 -999999.0 -999999.0 -999999.0 -999999.0 -999999.0 -999999.0 -999999.0 -999999.0 -999999.0 -999999.0 -999999.0 -999999.0 -999999.0 -999999.0 -999999.0 -999999.0 -999999.0 -999999.0 -999999.0 -999999.0 -999999.0 -999999.0 -999999.0 -999999.0 -999999.0 -999999.0 -999999.0 -999999.0 -999999.0 -999999.0 -999999.0 -999999.0 -999999.0 -999999.0 -999999.0 -999999.0 -999999.0 -999999.0 -999999.0 0.39125007 0.39129996 -999999.0 -999999.0 -999999.0 -999999.0 -999999.0 -999999.0 -999999.0 -999999.0 -999999.0 -999999.0
-999999.0 -999999.0 -999999.0 -999999.0 -999999.0 -999999.0 -999999.0 -999999.0 -999999.0 -999999.0 -999999.0 -999999.0 -999999.0 -999999.0 -999999.0 -999999.0 -999999.0 -999999.0 -999999.0 -999999.0 -999999.0 -999999.0 -999999.0 -999999.0 -999999.0 -999999.0 -999999.0 -999999.0 -999999.0 -999999.0 -999999.0 -999999.0 -999999.0 -999999.0 -999999.0 -999999.0 -999999.0 -999999.0 -999999.0 -999999.0 -999999.0 -999999.0 -999999.0 -999999.0 -999999.0 -999999.0 -999999.0 -999999.0 0.3912 0.39147502 0.3915 -999999.0 -999999.0 -999999.0 -999999.0 -999999.0 -999999.0 -999999.0 -999999.0 -999999.0 -999999.0
-999999.0 -999999.0 -999999.0 -999999.0 -999999.0 -999999.0 -999999.0 -999999.0 -999999.0 -999999.0 -999999.0 -999999.0 -999999.0 -999999.0 -999999.0 -999999.0 -999999.0 -999999.0 -999999.0 -999999.0 -999999.0 -999999.0 -999999.0 -999999.0 -999999.0 -999999.0 -999999.0 -999999.0 -999999.0 -999999.0 -999999.0 -999999.0 -999999.0 -999999.0 -999999.0 -999999.0 -999999.0 -999999.0 -999999.0 -999999.0 -999999.0 0.38574997 0.3865 0.38737497 0.38837495 0.38935 0.3902 0.39089996 0.39139998 0.3916 0.39169997 0.39165008 -999999.0 -999999.0 -999999.0 -999999.0 -999999.0 -999999.0 -999999.0 -999999.0 -999999.0
-999999.0 -999999.0 -999999.0 -999999.0 -999999.0 -999999.0 -999999.0 -999999.0 -999999.0 -999999.0 -999999.0 -999999.0 -999999.0 -999999.0 -999999.0 -999999.0 -999999.0 -999999.0 -999999.0 -999999.0 -999999.0 -999999.0 -999999.0 -999999.0 -999999.0 -999999.0 -999999.0 -999999.0 -999999.0 -999999.0 -999999.0 -999999.0 -999999.0 -999999.0 -999999.0 -999999.0 -999999.0 0.3826 0.3831 0.38375 0.38457495 0.3854 0.38614997 0.3871 0.3882 0.38927495 0.3903 0.39114997 0.3915 0.391775 0.3919 0.392 0.3919 -999999.0 -999999.0 -999999.0 -999999.0 -999999.0 -999999.0 -999999.0 -999999.0
-999999.0 -999999.0 -999999.0 -999999.0 -999999.0 -999999.0 -999999.0 -999999.0 -999999.0 -999999.0 -999999.0 -999999.0 -999999.0 -999999.0 -999999.0 -999999.0 -999999.0 -999999.0 -999999.0 -999999.0 -999999.0 -999999.0 -999999.0 -999999.0 -999999.0 0.3736 0.3737 -999999.0 -999999.0 -999999.0 -999999.0 -999999.0 0.37844998 0.38084996 0.38294998 -999999.0 -999999.0 -999999.0 -999999.0 0.38334998 0.3841 0.38492495 0.38577494 0.3868 0.38792494 0.38902497 0.39014998 0.39102495 0.39145 0.3918 0.39205 0.3924 0.39220002 -999999.0 -999999.0 -999999.0 -999999.0 -999999.0 -999999.0 -999999.0 -999999.0
-999999.0 -999999.0 -999999.0 -999999.0 -999999.0 -999999.0 -999999.0 -999999.0 -999999.0 -999999.0 -999999.0 -999999.0 -999999.0 -999999.0 -999999.0 -999999.0 -999999.0 -999999.0 -999999.0 -999999.0 0.3733 0.37330002 0.37330002 0.37349996 0.3736 0.3737 0.3738 0.37397507 0.37445 0.37487495 0.37535 0.37635 0.37825 0.38047493 0.38222495 -999999.0 0.38262504 -999999.0 -999999.0 -999999.0 0.38367498 0.38445 0.38537496 0.38645 0.38754997 0.38864997 0.3897 0.39054996 0.39117497 0.39169997 0.392 0.39220002 0.3924 -999999.0 -999999.0 -999999.0 -999999.0 -999999.0 -999999.0 -999999.0 -999999.0
-999999.0 -999999.0 -999999.0 -999999.0 -999999.0 -999999.0 -999999.0 -999999.0 -999999.0 -999999.0 -999999.0 -999999.0 -999999.0 -999999.0 -999999.0 -999999.0 -999999.0 0.3732 0.37330002 0.37339997 0.37339997 0.37339997 0.37349996 0.3736 0.3737 0.3738 0.37390003 0.3741 0.37440002 0.3747 0.3754 0.3765 0.37804997 0.37969992 0.38104993 -999999.0 0.3835 0.38292503 -999999.0 -999999.0 0.3833 0.38402498 0.38494998 0.38612494 0.38725 0.38832495 0.38922495 0.39007494 0.3908249 0.3915 0.39202502 0.3925 0.3924 -999999.0 -999999.0 -999999.0 -999999.0 -999999.0 -999999.0 -999999.0 -999999.0
-999999.0 -999999.0 -999999.0 -999999.0 -999999.0 -999999.0 -999999.0 -999999.0 -999999.0 -999999.0 -999999.0 -999999.0 -999999.0 -999999.0 0.37225002 0.3724 0.373 0.3732 0.3732 0.37334996 0.37339997 0.37339997 0.3736 0.3737 0.3738 0.37390003 0.3741 0.3743 0.3747 0.37509996 0.37572503 0.37662503 0.37774998 0.37904996 0.38015 0.38490006 0.38494998 0.38325 0.38255 0.38267493 0.383 0.3836 0.38465 0.3859 0.38704997 0.38802496 0.38887495 0.38962495 0.39045 0.39127493 -999999.0 0.39353338 0.39290008 -999999.0 -999999.0 -999999.0 -999999.0 -999999.0 -999999.0 -999999.0 -999999.0
-999999.0 -999999.0 -999999.0 -999999.0 -999999.0 -999999.0 -999999.0 -999999.0 -999999.0 -999999.0 0.3714 0.37149996 0.3717 0.37192497 0.3722 0.3724 0.37294996 0.3731 0.3732 0.37330002 0.37339997 0.37349996 0.3737 0.37390003 0.374 0.3741 0.3743 0.3746 0.37497503 0.37547502 0.3761 0.37485036 0.37785 0.37884998 0.37972495 0.3803 0.3840749 0.38234994 0.38200003 0.3823 0.38279998 0.38349998 0.38450003 0.38574997 0.38682497 0.38767496 0.38842496 0.389175 0.38997495 0.39094996 0.3924999 -999999.0 -999999.0 -999999.0 -999999.0 -999999.0 -999999.0 -999999.0 -999999.0 -999999.0 -999999.0
-999999.0 -999999.0 -999999.0 -999999.0 -999999.0 -999999.0 -999999.0 -999999.0 -999999.0 0.37149996 0.37109998 0.37122497 0.37159997 0.3719 0.3722 0.3724 0.37294996 0.373 0.37315 0.37330002 0.373425 0.3736 0.3738 0.374 0.374175 0.3743 0.3745 0.3748 0.375225 0.37577504 0.3764 0.37612525 0.3771748 0.3787 0.37945002 0.37994996 -999999.0 -999999.0 0.38094994 0.3818 0.3826 0.38349998 0.38445 0.38554996 0.3865 0.38727498 0.388 0.38872498 0.38950002 0.39042497 -999999.0 0.3889 -999999.0 -999999.0 -999999.0 -999999.0 -999999.0 -999999.0 -999999.0 -999999.0 -999999.0
-999999.0 -999999.0 -999999.0 -999999.0 -999999.0 -999999.0 -999999.0 -999999.0 0.37164998 0.37149996 0.3713 0.3714 0.3717 0.372 0.3722 0.3724 0.373 0.3731 0.3732 0.37339997 0.373525 0.3737 0.37390003 0.3741 0.3743 0.37452504 0.37477505 0.375 0.3755 0.376 0.3766 0.37719998 0.3754501 0.3785 0.37925 0.3798 -999999.0 -999999.0 0.38007498 0.38134998 0.38242498 0.38344997 0.3844 0.38527495 0.38612494 0.38687497 0.38754997 0.38827494 0.389 0.38972494 0.3903 0.39005 0.38842502 -999999.0 0.3917 -999999.0 -999999.0 -999999.0 -999999.0 -999999.0 -999999.0
-999999.0 -999999.0 -999999.0 -999999.0 -999999.0 -999999.0 -999999.0 -999999.0 0.3717 0.3717 0.37159997 0.3717 0.3718 0.372 0.3723 0.3725 0.3731 0.3732 0.37339997 0.37349996 0.373625 0.3738 0.374 0.3742 0.37442505 0.37472504 0.375 0.37532502 0.3758 0.3763 0.3768 0.3773 0.37774998 0.3783 0.37902492 0.3756 0.37637496 0.37785 0.3794999 0.381 0.38217494 0.38344997 0.38450003 0.3852 0.38587493 0.38645 0.38707495 0.38772497 0.3884 0.38902497 0.38952497 0.38972497 0.38965008 0.38834992 0.38974983 -999999.0 -999999.0 -999999.0 -999999.0 -999999.0 -999999.0
-999999.0 -999999.0 -999999.0 -999999.0 -999999.0 -999999.0 -999999.0 -999999.0 0.3718 0.3717 0.3718 0.37185007 0.3719 0.372 0.3723 0.3726 0.37302503 0.37330002 0.373425 0.3736 0.3738 0.374 0.374125 0.37434998 0.37467504 0.3749 0.375225 0.37562504 0.3761 0.3766 0.37704998 0.3774 0.37770003 0.37792495 0.378325 0.37512493 0.37594998 0.37737498 0.37925 0.38095 0.38197505 0.38387498 0.3847 0.3851 0.3856 0.3861 0.38659996 0.38720003 0.38782495 0.38847497 0.38897496 0.38950002 0.39014998 -999999.0 -999999.0 -999999.0 -999999.0 -999999.0 -999999.0 -999999.0 -999999.0
-999999.0 -999999.0 -999999.0 -999999.0 -999999.0 0.3725 0.3723 0.3722 0.37195003 0.3718 0.3719 0.372 0.372 0.3721 0.37234998 0.37267503 0.3731 0.37339997 0.37349996 0.3737 0.37390003 0.3741 0.3743 0.3745 0.3748 0.37509996 0.3754 0.37590003 0.37642503 0.37695 0.3774 0.37770003 0.3778 0.377675 0.37744993 0.37497503 0.37582505 0.37725 0.37914997 0.38097504 0.3822 0.38417494 0.3847 0.38472497 0.3854 0.38577494 0.3861 0.38667494 0.38727498 0.3879 0.38847497 0.38907498 -999999.0 -999999.0 -999999.0 -999999.0 -999999.0 -999999.0 -999999.0 -999999.0 -999999.0
-999999.0 -999999.0 -999999.0 0.373 0.3728 0.3726 0.3724 0.3724 0.3721 0.3719 0.372 0.37205008 0.3721 0.3722 0.3724 0.3728 0.37304997 0.37330002 0.3736 0.3738 0.37407506 0.3743 0.37442505 0.3747 0.37497503 0.37519997 0.37557504 0.37612504 0.37669998 0.3773 0.37787503 0.3782 0.37812507 0.3778 0.3776 0.37802503 0.3762 0.37742504 0.37925 0.38095 0.38200003 0.3833999 0.38422495 0.38320002 0.38507497 0.3854 0.38562495 0.38612494 0.38669997 0.38732496 0.388 0.38874996 -999999.0 -999999.0 -999999.0 -999999.0 -999999.0 -999999.0 -999999.0 -999999.0 -999999.0
-999999.0 -999999.0 0.37339997 0.3732 0.37297505 0.3727 0.3725 0.3725 0.3722 0.3721 0.3722 0.3722 0.3721 0.37225002 0.3725 0.3727 0.373 0.37339997 0.3737 0.37390003 0.3742 0.37440002 0.3746 0.37487504 0.375125 0.37545 0.37585 0.3764 0.37697503 0.3776 0.37822503 0.3789 0.37857506 0.37827504 0.37817505 0.3785 0.379125 -999999.0 -999999.0 0.3811 0.3822 0.38304996 -999999.0 -999999.0 0.38320002 -999999.0 0.38512495 0.38567495 0.3862 0.3869 0.38760003 0.3885 -999999.0 -999999.0 -999999.0 -999999.0 -999999.0 -999999.0 -999999.0 -999999.0 -999999.0
-999999.0 0.3738 0.37365007 0.373425 0.3732 0.373 0.37277502 0.3727 0.37242505 0.37222505 0.3723 0.3723 0.3723 0.37225008 0.3722 0.3727 0.37304997 0.37349996 0.3738 0.374 0.37437505 0.3746 0.37477505 0.375 0.3753 0.37567502 0.3761 0.3766 0.37709996 0.37770003 0.37825 0.37867495 0.3787 0.3786 0.3786 0.37897503 0.3797 -999999.0 -999999.0 0.38154998 0.3823 -999999.0 -999999.0 -999999.0 -999999.0 0.38424933 0.38477495 0.3853 0.38587493 0.38652498 0.3873 0.38812494 -999999.0 -999999.0 -999999.0 -999999.0 -999999.0 -999999.0 -999999.0 -999999.0 -999999.0
0.3743 0.3741 0.37390003 0.37372503 0.37349996 0.37330002 0.37315008 0.373 0.3728 0.3726 0.37245008 0.3726 0.3726 0.37255007 0.37245008 0.3729 0.37327504 0.373625 0.374 0.3742 0.3745 0.3748 0.375 0.37519997 0.3755 0.37582505 0.3763 0.37677503 0.37719998 0.37770003 0.3781 0.37844998 0.37867495 0.3788 0.37897503 0.3793 0.3798 -999999.0 -999999.0 0.3818 0.38237503 -999999.0 -999999.0 -999999.0 -999999.0 0.3831 0.38410002 0.3851 0.3856 0.38634998 0.3871 0.3879 -999999.0 -999999.0 -999999.0 -999999.0 -999999.0 -999999.0 -999999.0 -999999.0 -999999.0
0.3745 0.3743 0.3742 0.37402505 0.37387505 0.3737 0.37349996 0.37335008 0.37322503 0.37292504 0.3727 0.3728 0.37295008 0.37295008 0.37302503 0.373375 0.37365007 0.37397507 0.3743 0.37447503 0.3747 0.375 0.37519997 0.3755 0.3757 0.375975 0.37645 0.37684998 0.37719998 0.3776 0.378 0.3783 0.3786 0.3789 0.3792 0.37967503 0.38000003 0.38047504 -999999.0 0.38200003 0.38255 0.38307503 -999999.0 -999999.0 -999999.0 0.383 0.38349998 0.38505 0.385625 0.386375 0.38704997 -999999.0 -999999.0 -999999.0 -999999.0 -999999.0 -999999.0 -999999.0 -999999.0 -999999.0 -999999.0
0.37472504 0.3746 0.3744501 0.37435007 0.3742 0.374 0.37390003 0.3737 0.3736 0.37337506 0.37302506 0.3732 0.37325007 0.373375 0.37349996 0.3738 0.37415007 0.3745 0.3746 0.37472504 0.37492505 0.37519997 0.3753 0.37545 0.3757 0.3761 0.3765 0.3769 0.37719998 0.3775 0.3779 0.37825 0.3786 0.379 0.37952507 0.38019997 0.3804 0.3808 0.3815 0.38214996 0.3827 0.38320002 0.3836 0.384 0.3844 0.3849 0.38314995 0.3854 0.385925 0.38659996 0.38725 -999999.0 -999999.0 -999999.0 -999999.0 -999999.0 -999999.0 -999999.0 -999999.0 -999999.0 -999999.0
0.37505007 0.3749 0.37477502 0.3746 0.37442505 0.37435007 0.3742 0.3741 0.374 0.3738 0.37365007 0.37345004 0.3736 0.3737 0.37390003 0.3742 0.3746 0.3748 0.37492505 0.375 0.37519997 0.3753 0.3754 0.3755 0.37575 0.3761 0.3764 0.3768 0.37709996 0.3775 0.37785 0.3782 0.3786 0.379 0.3798 0.38075 0.381 0.381225 0.38162503 0.3822 0.38279998 0.38324997 0.3837 0.38419998 0.38465 0.3852 0.383 0.38322496 0.386375 0.3869 -999999.0 -999999.0 -999999.0 -999999.0 -999999.0 -999999.0 -999999.0 -999999.0 -999999.0 -999999.0 -999999.0
0.3754 0.37519997 0.37509996 0.3749 0.37477502 0.3746 0.3745 0.37440002 0.3743 0.3743 0.3741 0.3741 0.37390003 0.3741 0.3743 0.37467504 0.3749 0.37509996 0.37519997 0.3753 0.3754 0.3755 0.3755 0.37555 0.37575 0.37605 0.3764 0.37664998 0.377 0.3774 0.3778 0.3782 0.3786 0.37904996 0.37974998 0.38050002 0.38097498 0.3816 0.3818 0.3822 0.38274997 0.3833 0.38389996 0.3844 0.3849 0.38557503 0.3862 0.3831 -999999.0 -999999.0 -999999.0 -999999.0 -999999.0 -999999.0 -999999.0 -999999.0 -999999.0 -999999.0 -999999.0 -999999.0 -999999.0
0.37577504 0.3756 0.3754 0.37525004 0.37509996 0.3749 0.3748 0.3747 0.3747 0.3746 0.37440002 0.37440002 0.3743 0.37440002 0.3747 0.37509996 0.37519997 0.3753 0.3754 0.3755 0.37562504 0.3757 0.3757 0.3756 0.3758 0.3761 0.3764 0.37669998 0.37697497 0.3773 0.37774998 0.37815 0.3786 0.37909997 0.37954998 0.38007498 0.38075 0.38132495 0.3817 0.38224998 0.38285 0.38344997 0.38410002 0.38472503 0.3853 0.38597503 0.38652503 0.3831 -999999.0 -999999.0 0.38805008 -999999.0 -999999.0 -999999.0 -999999.0 -999999.0 -999999.0 -999999.0 -999999.0 -999999.0 -999999.0
