data/TNO-HT-ATES/HT-ATES_msz2/msz2__k_P50_basecase_80-45-40.asc
ncols  140
nrows  163
xllcorner  0.0
yllcorner  300000.0
cellsize  2000.0
NODATA_value  -999999.0
[rows 0 to 26 of 163, columns 60 to 119 of 140]
-999999.0 -999999.0 -999999.0 -999999.0 -999999.0 -999999.0 -999999.0 -999999.0 -999999.0 -999999.0 -999999.0 -999999.0 -999999.0 -999999.0 -999999.0 -999999.0 -999999.0 -999999.0 -999999.0 -999999.0 -999999.0 -999999.0 -999999.0 -999999.0 -999999.0 -999999.0 -999999.0 -999999.0 -999999.0 -999999.0 -999999.0 -999999.0 -999999.0 -999999.0 -999999.0 -999999.0 -999999.0 -999999.0 -999999.0 -999999.0 -999999.0 -999999.0 -999999.0 -999999.0 -999999.0 -999999.0 -999999.0 -999999.0 -999999.0 -999999.0 -999999.0 -999999.0 -999999.0 -999999.0 -999999.0 -999999.0 -999999.0 -999999.0 -999999.0 -999999.0
-999999.0 -999999.0 -999999.0 -999999.0 -999999.0 -999999.0 -999999.0 -999999.0 -999999.0 -999999.0 -999999.0 -999999.0 -999999.0 -999999.0 -999999.0 -999999.0 -999999.0 -999999.0 -999999.0 -999999.0 -999999.0 -999999.0 -999999.0 -999999.0 -999999.0 -999999.0 -999999.0 -999999.0 -999999.0 -999999.0 -999999.0 -999999.0 -999999.0 -999999.0 -999999.0 -999999.0 -999999.0 -999999.0 -999999.0 -999999.0 -999999.0 -999999.0 -999999.0 -999999.0 -999999.0 -999999.0 -999999.0 -999999.0 -999999.0 -999999.0 -999999.0 -999999.0 -999999.0 -999999.0 -999999.0 -999999.0 -999999.0 -999999.0 -999999.0 -999999.0
-999999.0 -999999.0 -999999.0 -999999.0 -999999.0 -999999.0 -999999.0 -999999.0 -999999.0 -999999.0 -999999.0 -999999.0 -999999.0 -999999.0 -999999.0 -999999.0 -999999.0 -999999.0 -999999.0 -999999.0 -999999.0 -999999.0 -999999.0 -999999.0 -999999.0 -999999.0 -999999.0 -999999.0 -999999.0 -999999.0 -999999.0 -999999.0 -999999.0 -999999.0 -999999.0 -999999.0 -999999.0 -999999.0 -999999.0 -999999.0 -999999.0 -999999.0 -999999.0 -999999.0 -999999.0 -999999.0 -999999.0 -999999.0 -999999.0 -999999.0 -999999.0 -999999.0 -999999.0 -999999.0 -999999.0 -999999.0 -999999.0 -999999.0 -999999.0 -999999.0
-999999.0 -999999.0 -999999.0 -999999.0 -999999.0 -999999.0 -999999.0 -999999.0 -999999.0 -999999.0 -999999.0 -999999.0 -999999.0 -999999.0 -999999.0 -999999.0 -999999.0 -999999.0 -999999.0 -999999.0 -999999.0 -999999.0 -999999.0 -999999.0 -999999.0 -999999.0 -999999.0 -999999.0 -999999.0 -999999.0 -999999.0 -999999.0 -999999.0 -999999.0 -999999.0 -999999.0 -999999.0 -999999.0 -999999.0 -999999.0 -999999.0 -999999.0 -999999.0 -999999.0 -999999.0 -999999.0 -999999.0 -999999.0 -999999.0 -999999.0 -999999.0 -999999.0 -999999.0 -999999.0 -999999.0 -999999.0 -999999.0 -999999.0 -999999.0 -999999.0
-999999.0 -999999.0 -999999.0 -999999.0 -999999.0 -999999.0 -999999.0 -999999.0 -999999.0 -999999.0 -999999.0 -999999.0 -999999.0 -999999.0 -999999.0 -999999.0 -999999.0 -999999.0 -999999.0 -999999.0 -999999.0 -999999.0 -999999.0 -999999.0 -999999.0 -999999.0 -999999.0 -999999.0 -999999.0 -999999.0 -999999.0 -999999.0 -999999.0 -999999.0 -999999.0 -999999.0 -999999.0 -999999.0 -999999.0 -999999.0 -999999.0 -999999.0 -999999.0 -999999.0 -999999.0 -999999.0 -999999.0 -999999.0 -999999.0 -999999.0 8120.1123 7911.3174 -999999.0 -999999.0 -999999.0 -999999.0 -999999.0 -999999.0 -999999.0 -999999.0
-999999.0 -999999.0 -999999.0 -999999.0 -999999.0 -999999.0 -999999.0 -999999.0 -999999.0 -999999.0 -999999.0 -999999.0 -999999.0 -999999.0 -999999.0 -999999.0 -999999.0 -999999.0 -999999.0 -999999.0 -999999.0 -999999.0 -999999.0 -999999.0 -999999.0 -999999.0 -999999.0 -999999.0 -999999.0 -999999.0 -999999.0 -999999.0 -999999.0 -999999.0 -999999.0 -999999.0 -999999.0 -999999.0 -999999.0 -999999.0 -999999.0 -999999.0 -999999.0 -999999.0 -999999.0 -999999.0 -999999.0 -999999.0 -999999.0 8279.968 8209.11 8181.9824 -999999.0 -999999.0 -999999.0 -999999.0 -999999.0 -999999.0 -999999.0 -999999.0
-999999.0 -999999.0 -999999.0 -999999.0 -999999.0 -999999.0 -999999.0 -999999.0 -999999.0 -999999.0 -999999.0 -999999.0 -999999.0 -999999.0 -999999.0 -999999.0 -999999.0 -999999.0 -999999.0 -999999.0 -999999.0 -999999.0 -999999.0 -999999.0 -999999.0 -999999.0 -999999.0 -999999.0 -999999.0 -999999.0 -999999.0 -999999.0 -999999.0 -999999.0 -999999.0 -999999.0 -999999.0 -999999.0 -999999.0 -999999.0 -999999.0 -999999.0 7844.6787 7920.59 7957.624 7972.3423 7997.903 8014.7017 8147.604 8303.5625 8316.384 8461.939 8438.201 -999999.0 -999999.0 -999999.0 -999999.0 -999999.0 -999999.0 -999999.0
-999999.0 -999999.0 -999999.0 -999999.0 -999999.0 -999999.0 -999999.0 -999999.0 -999999.0 -999999.0 -999999.0 -999999.0 -999999.0 -999999.0 -999999.0 -999999.0 -999999.0 -999999.0 -999999.0 -999999.0 -999999.0 -999999.0 -999999.0 -999999.0 -999999.0 -999999.0 -999999.0 -999999.0 -999999.0 -999999.0 -999999.0 -999999.0 -999999.0 -999999.0 -999999.0 -999999.0 -999999.0 -999999.0 -999999.0 7686.26 7718.1973 7557.3867 7458.718 7810.5234 7875.2197 7957.8486 7849.9155 7914.127 8043.9014 8170.0527 8170.9224 8242.486 8252.457 8249.081 -999999.0 -999999.0 -999999.0 -999999.0 -999999.0 -999999.0
-999999.0 -999999.0 -999999.0 -999999.0 -999999.0 -999999.0 -999999.0 -999999.0 -999999.0 -999999.0 -999999.0 -999999.0 -999999.0 -999999.0 -999999.0 -999999.0 -999999.0 -999999.0 -999999.0 -999999.0 -999999.0 -999999.0 -999999.0 -999999.0 -999999.0 -999999.0 6954.718 7015.143 -999999.0 -999999.0 -999999.0 -999999.0 -999999.0 7683.7183 7700.5776 7723.7476 -999999.0 -999999.0 -999999.0 -999999.0 7737.4385 7733.7275 7652.452 7748.912 7795.408 7792.8228 7401.1597 7832.286 8029.5586 8147.0513 8066.826 7680.9224 8135.7607 8232.196 -999999.0 -999999.0 -999999.0 -999999.0 -999999.0 -999999.0
-999999.0 -999999.0 -999999.0 -999999.0 -999999.0 -999999.0 -999999.0 -999999.0 -999999.0 -999999.0 -999999.0 -999999.0 -999999.0 -999999.0 -999999.0 -999999.0 -999999.0 -999999.0 -999999.0 -999999.0 -999999.0 -999999.0 -999999.0 6680.4175 6685.627 6572.6797 6177.874 6935.661 6992.6055 7421.672 7477.999 7547.5977 7665.101 7607.3145 7639.783 7692.7866 -999999.0 7674.815 -999999.0 -999999.0 -999999.0 7603.8057 7618.451 7658.211 7697.0054 7725.829 7638.2812 7822.6816 7933.9126 8033.4 8002.951 7867.76 7957.799 7993.7744 -999999.0 -999999.0 -999999.0 -999999.0 -999999.0 -999999.0
-999999.0 -999999.0 -999999.0 -999999.0 -999999.0 -999999.0 -999999.0 -999999.0 -999999.0 -999999.0 -999999.0 -999999.0 -999999.0 -999999.0 -999999.0 -999999.0 -999999.0 -999999.0 -999999.0 5818.799 5892.5464 6510.166 6597.602 6625.1523 6626.0464 6575.738 6581.217 6636.9346 6671.276 7021.1177 6988.105 6828.7373 7476.31 7501.543 7470.098 7480.7085 -999999.0 6856.2456 7613.3594 -999999.0 -999999.0 7601.718 7526.406 7554.9727 7589.838 7786.507 7807.2295 7813.0625 7870.763 7889.873 7914.5957 8005.163 7961.525 7895.495 -999999.0 -999999.0 -999999.0 -999999.0 -999999.0 -999999.0
-999999.0 -999999.0 -999999.0 -999999.0 -999999.0 -999999.0 -999999.0 -999999.0 -999999.0 -999999.0 -999999.0 -999999.0 -999999.0 -999999.0 -999999.0 5440.991 5712.3013 5757.876 5757.1494 5843.1753 5876.958 6410.023 6551.0015 6596.9995 6598.0293 6564.4146 6615.8164 6674.5713 7015.4404 7035.384 7041.2334 7060.8057 7416.8057 7405.2583 7401.819 7393.761 7474.8696 7513.78 7636.4307 7561.5244 7618.171 7493.355 7344.542 7506.6094 7639.6675 7750.8 7741.6846 7785.5103 7812.9883 7815.1177 7850.3022 -999999.0 -999999.0 7829.4785 -999999.0 -999999.0 -999999.0 -999999.0 -999999.0 -999999.0
-999999.0 -999999.0 -999999.0 -999999.0 -999999.0 -999999.0 -999999.0 -999999.0 -999999.0 -999999.0 -999999.0 5175.652 5151.375 5370.195 5535.0273 5545.199 5740.2144 5739.2314 5917.713 5912.513 5927.3438 6118.0933 6240.529 6286.939 6593.173 6645.2783 6626.48 6678.0776 6726.338 6996.909 7025.7964 7054.869 -999999.0 7318.497 7309.3857 7408.929 7299.275 7555.0103 7576.6094 7586.6064 7640.578 7530.586 7431.61 7585.906 7626.985 7727.1646 7764.0205 7803.5737 7782.778 7768.67 7800.0005 7930.466 -999999.0 -999999.0 -999999.0 -999999.0 -999999.0 -999999.0 -999999.0 -999999.0
-999999.0 -999999.0 -999999.0 -999999.0 -999999.0 -999999.0 -999999.0 -999999.0 -999999.0 -999999.0 5362.8945 5340.5396 5303.4062 5407.1914 5390.936 5387.28 5760.467 5853.2715 5947.0654 5940.3047 5962.4434 6220.1035 6279.2354 6332.1533 6376.144 6666.642 6642.945 6674.101 6702.9355 6987.387 7019.0635 7037.2793 6989.0947 6972.264 7274.875 7398.7324 7376.263 -999999.0 -999999.0 7543.127 7610.061 7597.6055 7609.1777 7651.189 7632.505 7713.7754 7752.5273 7789.727 7764.0205 7752.844 7766.1177 -999999.0 -999999.0 -999999.0 -999999.0 -999999.0 -999999.0 -999999.0 -999999.0 -999999.0
-999999.0 -999999.0 -999999.0 -999999.0 -999999.0 -999999.0 -999999.0 -999999.0 -999999.0 5036.184 5185.998 5290.064 5273.9507 5432.932 5422.531 5405.9414 5481.1455 5923.6855 5807.486 5799.825 5994.51 6063.387 6115.854 6359.066 6413.563 6443.2324 6645.779 6678.7026 6697.622 6983.0737 7024.74 7039.5674 7017.6846 6903.227 7327.5884 7407.956 7432.5127 -999999.0 -999999.0 7499.106 7580.5376 7579.9834 7609.8877 7653.563 7750.7754 7715.5327 7741.6875 7693.627 7664.532 7682.4307 7702.056 7849.868 7934.4937 7863.7246 -999999.0 -999999.0 -999999.0 -999999.0 -999999.0 -999999.0
-999999.0 -999999.0 -999999.0 -999999.0 -999999.0 -999999.0 -999999.0 -999999.0 -999999.0 5027.5376 5021.458 5176.382 5181.574 5326.0425 5447.655 5421.8755 5496.9756 5661.8823 5824.534 5819.3438 5824.4644 6068.818 6128.908 6157.52 6420.848 6458.693 6629.1543 6687.343 6711.6987 6984.5107 7009.3086 7039.6055 7008.6787 7264.004 7325.958 7480.6943 7312.4995 7312.299 7481.242 7569.7476 7590.291 7670.3716 7596.5444 7637.675 7751.9014 7784.605 7713.3145 7514.059 7449.243 7722.8477 7761.885 7937.4365 8056.619 7984.9707 7120.2324 8036.473 -999999.0 -999999.0 -999999.0 -999999.0
-999999.0 -999999.0 -999999.0 -999999.0 -999999.0 -999999.0 -999999.0 -999999.0 -999999.0 5030.7773 5007.0103 4997.838 5019.6006 5168.031 5275.7627 5114.613 5352.3984 5577.9155 5821.317 5854.53 6093.934 6331.3584 6180.042 6195.021 6205.1416 6420.9014 6388.3975 6903.889 6935.8076 7188.0356 6988.1797 6996.937 6982.3135 7222.812 7248.4307 7365.0127 7288.909 7252.285 7398.865 7996.0293 7646.0615 7628.2153 7566.3467 7669.7485 7780.2773 7809.599 7759.6895 7731.077 7718.2266 7758.59 7782.304 7960.4263 8101.3433 8208.642 -999999.0 -999999.0 -999999.0 -999999.0 -999999.0 -999999.0
-999999.0 -999999.0 -999999.0 -999999.0 -999999.0 -999999.0 5175.826 5149.636 5012.7524 5007.6533 4899.9854 4887.5034 5008.851 5265.8364 5346.0522 5148.218 5183.878 5580.5283 5851.7646 6103.5103 6111.5405 6186.2246 6051.826 6036.302 6226.61 6630.2188 6670.9 6693.358 6914.384 6899.7354 6975.455 6986.1626 7228.1177 7211.8105 6298.994 7698.9165 7798.9233 7860.493 7377.6636 8039.6704 7574.444 7491.8325 7162.949 7661.627 7713.4146 7752.421 7782.6846 7795.493 7775.723 7714.134 7704.2764 8039.308 8231.137 -999999.0 -999999.0 -999999.0 -999999.0 -999999.0 -999999.0 -999999.0
-999999.0 -999999.0 -999999.0 -999999.0 5306.7285 5154.732 5078.3926 5089.796 5107.846 5154.39 5018.9614 4929.6875 5042.8623 5286.867 5280.4097 5354.4644 5455.5947 5493.239 5857.73 6099.6494 6114.937 6181.5557 6190.7114 6041.694 6212.327 6617.107 6651.765 6649.317 6858.5596 6855.7944 6963.7935 7226.1357 7273.175 7273.8267 7318.8906 7840.5923 7943.4453 7925.6255 7447.7847 8130.4766 7664.2075 7650.1074 7613.7666 7731.9165 7714.5986 7787.1274 7810.545 7829.04 7760.7793 7761.1597 7758.3477 8035.1816 8245.189 -999999.0 -999999.0 -999999.0 -999999.0 -999999.0 -999999.0 -999999.0
-999999.0 -999999.0 -999999.0 5023.05 5075.748 5234.801 5062.868 5083.968 4982.9497 5139.969 5102.778 4933.1147 5212.221 5323.0176 5309.234 5304.685 5494.7944 5578.295 5839.756 5848.918 5920.149 5825.3394 6092.749 6165.641 6189.8193 6575.0728 6595.213 6612.445 6836.118 6845.479 6975.789 7245.208 7323.4404 7365.7715 7432.7295 7928.5996 7998.16 8066.5444 -999999.0 -999999.0 7708.2534 7751.0923 7729.7285 -999999.0 -999999.0 7692.874 -999999.0 7798.466 7725.8916 7738.8535 7774.716 8057.6445 8268.971 -999999.0 -999999.0 -999999.0 -999999.0 -999999.0 -999999.0 -999999.0
-999999.0 -999999.0 5445.9463 4995.8657 5072.3604 5250.7344 5248.1562 5217.2466 5008.448 5068.619 4530.499 4942.901 5102.5 5323.498 5323.4067 5562.8813 5662.3174 5649.3057 5844.7354 5883.0234 5769.127 5341.1597 6176.419 6165.811 6276.264 6311.033 6512.938 6561.0464 6829.311 7077.874 7155.5967 7035.7324 7092.0645 7119.1323 7161.7417 7984.1426 8061.9883 8094.992 -999999.0 -999999.0 7766.8555 7792.998 -999999.0 -999999.0 -999999.0 -999999.0 7843.7314 7846.5996 7582.38 7558.952 7757.3154 8077.4634 8272.207 -999999.0 -999999.0 -999999.0 -999999.0 -999999.0 -999999.0 -999999.0
-999999.0 5722.1426 5628.6147 5355.427 5372.8857 5393.2715 5387.375 5133.4585 5006.491 4998.708 4913.4917 5117.924 5224.941 5522.9795 5441.216 5571.7856 5666.699 5690.4194 5993.107 5867.7656 5942.606 6119.204 6243.85 6269.736 6446.544 6301.305 6491.1187 6537.331 6786.001 6992.062 7153.221 7076.9116 7136.8413 7178.1987 7210.6367 8055.988 8158.4077 7974.4106 -999999.0 -999999.0 7865.0713 7966.7363 -999999.0 -999999.0 -999999.0 -999999.0 7737.6074 7762.5513 7634.7324 7650.037 7879.538 8194.217 8270.651 -999999.0 -999999.0 -999999.0 -999999.0 -999999.0 -999999.0 -999999.0
5626.598 5759.968 5808.7354 5412.562 5400.623 5383.5957 5391.5073 5258.2754 5007.6914 5015.492 5131.983 5280.9756 5512.2764 5533.3564 5524.3335 5652.1177 5879.208 5995.0957 5991.4146 6028.0557 6087.126 6219.32 6284.0234 6257.038 6402.4014 6233.421 6424.674 6494.3535 6786.0425 6700.593 7207.325 7368.128 7595.6816 7470.95 7725.466 8266.875 8239.593 8106.7515 8695.703 -999999.0 7791.8545 7853.2856 7867.685 -999999.0 -999999.0 -999999.0 7876.968 7944.295 7942.9023 7943.2256 7904.419 8064.039 -999999.0 -999999.0 -999999.0 -999999.0 -999999.0 -999999.0 -999999.0 -999999.0
5505.2305 5678.066 5715.6626 5432.6255 5440.4463 5420.617 5410.473 5278.5645 5022.393 5112.8555 5124.8066 5259.0957 5506.6953 5523.6157 5518.063 5454.3706 5876.631 6028.6587 6035.5615 6244.2705 6274.831 6315.7783 6323.549 6278.798 6397.489 6521.3613 6717.347 6809.377 7620.1533 7422.056 8217.914 8361.539 8110.4585 7709.2744 8741.4 10005.435 10065.746 9654.929 10131.141 9570.012 8608.382 8773.192 9096.909 8627.69 8669.086 8723.412 8584.564 8550.887 7954.4414 7927.5513 7928.9033 8076.321 -999999.0 -999999.0 -999999.0 -999999.0 -999999.0 -999999.0 -999999.0 -999999.0
5404.711 5534.636 5685.835 5571.8047 5463.3486 5473.432 5453.921 5298.3384 5180.344 5180.9614 5172.849 5168.118 5500.3506 5531.0996 5501.1177 5018.2656 5776.355 6106.5005 6282.951 6280.601 6283.4106 6364.2266 6362.3926 6322.6797 6418.5864 6556.3457 6545.5615 6804.291 7685.0625 8244.248 8245.835 8385.881 8856.569 8414.225 8925.994 9998.4795 10054.379 9595.76 10092.514 9547.26 8580.459 8614.564 9531.278 8699.168 8643.461 8635.601 8728.686 8666.689 7869.165 8030.37 8051.788 -999999.0 -999999.0 -999999.0 -999999.0 -999999.0 -999999.0 -999999.0 -999999.0 -999999.0
5380.217 5681.9487 5528.648 5552.4966 5441.783 5375.022 5276.736 5269.669 5454.573 5437.9688 5416.232 5287.7344 5521.0576 5590.187 5648.3037 5427.829 6004.6475 6168.939 6139.177 6114.621 6127.87 6511.1934 6505.871 6474.6216 6468.7007 6752.6265 6971.5986 6875.1694 7454.2793 8284.005 8982.6875 9149.453 9009.8125 9047.98 9743.396 10547.595 10596.699 10194.199 10737.386 9591.296 8765.338 8805.201 9105.914 9109.261 8596.543 8420.142 8414.048 8477.994 7907.6406 -999999.0 -999999.0 -999999.0 -999999.0 -999999.0 -999999.0 -999999.0 -999999.0 -999999.0 -999999.0 -999999.0
5635.8247 5779.5176 5613.2803 5510.072 5653.6836 5489.926 5388.1953 4731.3374 5423.1177 5451.5 5461.085 5327.263 5750.037 5723.2236 5723.141 5745.4775 6150.1265 6152.1807 6130.62 6108.061 6116.8164 6312.5093 6520.7725 6496.577 6356.3296 6763.3955 6869.589 6975.5347 7858.1426 8274.192 8924.544 8783.966 8920.555 9217.318 10300.191 9981.289 10590.572 10466.883 11429.1875 9820.336 8810.382 8855.959 8866.58 8817.902 8615.1875 8595.594 8474.953 8519.512 8274.33 -999999.0 -999999.0 -999999.0 -999999.0 -999999.0 -999999.0 -999999.0 -999999.0 -999999.0 -999999.0 -999999.0
