data/TNO-HT-ATES/HT-ATES_msz2/msz2__flowr_P50_basecase_80-45-40.asc
ncols  140
nrows  163
xllcorner  0.0
yllcorner  300000.0
cellsize  2000.0
NODATA_value  -999999.0
[rows 28 to 55 of 163, columns 62 to 123 of 140]
77.38855 80.089905 89.12927 87.410286 84.55013 84.3464 82.626175 83.20558 81.151184 77.74714 80.546486 72.07816 64.06219 69.954765 80.29422 78.01731 75.28782 73.108536 74.58515 75.7899 96.43784 109.079834 118.24592 119.33706 120.36973 123.43155 123.10757 120.95166 115.737015 107.66449 99.77558 91.801956 84.88691 76.218605 67.27739 59.341125 58.575214 55.854347 49.986485 41.693928 38.36092 33.0493 23.492184 19.192627 14.6583605 9.536221 3.3203983 -999999.0 -999999.0 -999999.0 -999999.0 -999999.0 -999999.0 -999999.0 -999999.0 -999999.0 -999999.0 -999999.0 -999999.0 -999999.0 -999999.0 -999999.0
71.360535 77.878494 83.045296 84.2987 86.70065 80.26944 79.52634 77.19586 75.20899 73.67219 72.54365 65.39675 65.30654 72.60862 73.51827 74.51019 69.49586 -999999.0 77.30449 82.62321 99.39572 115.194336 116.28432 127.27189 122.5918 130.82475 124.36718 115.55909 110.65245 106.46849 97.78531 88.384735 84.83927 69.05172 52.4909 42.876945 53.06898 57.4297 48.672455 40.47081 35.837116 31.396696 24.830124 22.258846 19.63471 15.6976385 8.742059 -999999.0 -999999.0 -999999.0 0.78246987 -999999.0 -999999.0 -999999.0 -999999.0 -999999.0 -999999.0 -999999.0 -999999.0 -999999.0 -999999.0 -999999.0
64.350975 66.882576 70.1314 74.13478 75.48227 73.78236 72.06376 70.4113 67.6683 69.537575 63.45929 65.93489 68.81909 72.72219 71.334656 69.729164 69.00814 81.477806 88.01274 95.18647 105.87043 113.18485 124.6195 128.02713 125.66361 132.68066 136.23962 115.28119 103.40166 100.7466 68.24232 66.68247 70.68328 60.258144 41.67486 27.002941 -999999.0 53.11442 47.344383 40.333126 35.485386 28.374979 25.931772 25.180473 23.188145 24.5912 19.442041 8.629612 8.537197 -999999.0 5.4792767 -999999.0 -999999.0 -999999.0 -999999.0 -999999.0 -999999.0 -999999.0 -999999.0 -999999.0 -999999.0 -999999.0
57.185196 60.38205 61.6417 62.77178 64.15074 63.67697 72.23627 70.049 63.030827 61.84823 66.265785 71.91135 74.282814 76.79443 73.200264 73.9757 88.446045 96.896935 102.07583 104.43585 107.61921 114.70769 107.81918 110.10668 128.01599 130.1284 115.766365 111.3965 100.02029 74.587456 39.075317 41.934227 48.893726 59.638615 40.507713 32.326435 39.639683 46.678226 42.558365 36.205345 28.131447 24.56137 22.390463 23.296362 26.256748 31.606382 28.956516 27.977814 20.227846 24.858744 2.3192534 3.2564032 -999999.0 -999999.0 -999999.0 -999999.0 -999999.0 -999999.0 -999999.0 -999999.0 -999999.0 -999999.0
51.18986 54.854538 56.158676 58.749126 60.234676 63.257614 68.436066 65.18707 61.225803 60.437428 68.05508 74.63431 78.96937 82.52101 81.754944 82.413185 98.43116 99.341255 109.92301 109.98238 117.12944 120.59636 112.00888 117.03332 132.6664 124.87316 113.33848 115.01536 105.59107 46.289265 10.39302 32.595158 44.99299 47.867256 42.56469 38.94342 40.99358 42.34262 38.13004 32.02886 24.299063 20.589346 20.521662 24.159534 27.758553 31.52681 31.08067 32.86525 25.690445 14.111159 -999999.0 16.294664 -999999.0 -999999.0 -999999.0 -999999.0 -999999.0 -999999.0 -999999.0 -999999.0 -999999.0 -999999.0
44.057564 50.106617 53.475204 58.726974 62.236588 64.21422 66.40846 62.541927 60.512352 50.02154 65.67163 76.93958 81.89045 86.46906 88.34289 90.72208 103.16116 109.83679 113.28635 114.07928 118.058945 117.14792 109.811874 114.37615 126.531586 117.64463 108.05368 101.572754 92.72129 52.029613 46.04376 41.512222 47.976433 52.311874 49.68003 46.34092 41.404587 34.911892 28.935534 22.32606 14.216596 11.403167 17.026867 23.440746 26.68709 29.598354 29.247864 29.264194 22.733927 13.41694 10.745018 -999999.0 -999999.0 -999999.0 -999999.0 -999999.0 -999999.0 -999999.0 -999999.0 -999999.0 -999999.0 -999999.0
36.064278 43.5445 45.73024 53.579 58.781853 60.48194 66.17962 63.23772 62.12002 65.543396 71.790924 80.64883 84.14143 83.163506 86.589966 93.29715 104.76024 114.88621 121.90621 111.33979 107.57891 106.086685 103.993324 115.3944 121.16268 104.51791 102.13249 95.09108 83.658966 54.09215 42.53409 47.24371 54.336437 61.472897 59.57763 53.405243 43.14548 33.472786 26.288486 16.946535 7.7041626 -999999.0 13.489139 22.21247 25.073402 28.36508 27.453909 23.986078 15.389213 6.592582 3.3950825 -999999.0 -999999.0 -999999.0 -999999.0 -999999.0 -999999.0 -999999.0 -999999.0 -999999.0 -999999.0 -999999.0
33.321964 41.843204 47.45341 51.269043 55.999054 59.71854 61.966606 62.940735 61.41784 63.624687 72.42021 79.3807 82.55125 81.70566 89.62688 109.85453 110.21743 118.933174 119.42047 110.87235 101.03095 88.60675 88.54748 116.12288 111.36912 99.36176 94.55792 92.07586 73.961586 49.9659 35.90761 43.259937 56.287743 70.55874 70.40281 59.08253 45.81706 31.899942 18.416103 14.653611 7.5339804 5.426354 11.0736265 19.876335 23.439638 26.388765 24.377234 16.394888 8.827481 1.1697035 -999999.0 -999999.0 -999999.0 -999999.0 -999999.0 -999999.0 -999999.0 -999999.0 -999999.0 -999999.0 -999999.0 -999999.0
35.002926 41.77762 48.172005 52.965107 58.30438 60.978973 59.1681 60.485527 60.669003 64.06434 75.13843 76.97012 81.813446 81.1279 89.32152 106.00554 112.32093 121.37032 128.84239 118.82923 102.59747 96.071236 99.15293 111.00693 102.113 92.60158 89.18051 84.94216 60.954823 38.706196 28.311312 44.735424 63.461082 71.983215 68.9019 62.788948 51.825718 34.94312 19.674147 12.789009 8.234061 8.5556755 11.9509 18.042711 20.807673 22.44417 18.588293 9.588005 2.859358 -999999.0 -999999.0 0.781186 3.0692492 -999999.0 -999999.0 -999999.0 -999999.0 -999999.0 -999999.0 -999999.0 -999999.0 -999999.0
30.444601 34.712646 43.8887 51.043877 58.996128 59.997265 67.32721 64.147575 62.315536 67.73317 69.069244 66.84183 68.22214 74.86213 91.14321 109.0723 117.60286 121.57864 126.556465 122.845924 109.33223 96.514534 90.3442 94.74817 91.24188 80.167046 84.56963 70.83941 52.738228 31.234686 20.238806 44.20051 71.77024 70.29676 65.958275 63.422626 50.59763 29.357103 15.712767 9.888084 8.563637 7.9937973 9.861171 15.181563 17.38581 16.877146 10.606281 0.9794488 -999999.0 2.110384 6.951772 13.69978 27.413383 -999999.0 -999999.0 -999999.0 -999999.0 -999999.0 -999999.0 -999999.0 -999999.0 -999999.0
30.356962 34.769382 42.013912 48.12683 58.624535 58.268024 65.09911 65.177574 54.602016 55.316826 59.101414 62.96708 67.38923 77.73136 98.16609 114.45643 123.88368 132.42795 123.885086 120.71364 107.19962 91.36122 82.90433 80.85967 86.064964 73.16962 78.29575 63.39898 50.443596 33.113613 33.045296 48.93752 67.78638 64.73825 69.25662 66.868 41.194656 19.671936 7.556872 3.8969004 6.0896773 6.5918336 8.06831 12.357281 14.28898 12.027919 2.9284718 -999999.0 0.0 2.5802958 13.268432 9.562688 8.846859 -999999.0 -999999.0 -999999.0 -999999.0 -999999.0 -999999.0 -999999.0 -999999.0 -999999.0
30.63605 33.45706 41.419872 48.69489 55.846966 59.03801 65.844666 66.72718 60.013733 52.01531 53.469536 62.931118 68.670204 84.67114 95.98921 110.88528 132.46957 132.45056 127.70108 118.97176 104.27632 83.40941 78.24999 78.95976 84.80163 76.13628 73.87568 58.863373 47.418285 37.929543 39.258663 46.87334 58.093845 66.831894 66.26928 46.97402 26.885536 6.806104 -999999.0 -999999.0 3.7902813 5.459278 7.1204653 8.333296 7.8441315 5.2177663 -999999.0 -999999.0 4.82675 4.406819 -999999.0 -999999.0 -999999.0 -999999.0 -999999.0 -999999.0 -999999.0 -999999.0 -999999.0 -999999.0 -999999.0 -999999.0
35.87955 40.66735 46.006874 49.604034 55.444794 56.549995 70.77976 68.082375 61.8306 56.99565 47.65038 56.464138 69.86947 83.161964 93.5575 114.42549 134.46747 130.895 124.77548 115.67343 98.907074 90.57761 80.617134 91.226105 82.420044 75.324 72.95806 59.248917 48.84119 40.979668 38.131405 39.134754 42.227585 44.69795 43.927807 32.352093 16.542469 2.2826483 -999999.0 -999999.0 1.8824284 2.9341035 4.424078 4.9133697 3.3572001 2.5134223 7.848722 6.228873 4.0129185 -999999.0 -999999.0 -999999.0 -999999.0 -999999.0 -999999.0 -999999.0 -999999.0 -999999.0 -999999.0 -999999.0 -999999.0 -999999.0
42.71932 47.02837 52.644493 58.91009 64.03062 64.36612 68.55796 71.24294 65.08444 58.924286 60.57982 56.938606 66.64055 82.71219 97.22384 126.286 125.75355 122.532394 111.41663 107.27984 95.87163 94.72322 84.328606 87.065186 83.33917 82.02857 77.67195 62.940533 46.028927 39.00493 38.722935 34.84491 31.897066 28.245844 27.403074 20.96805 12.152735 5.1068997 1.4006082 0.66899514 3.0533364 3.1940036 3.6421525 3.0008247 1.8254472 0.67204094 4.9927125 14.074683 -999999.0 -999999.0 -999999.0 -999999.0 -999999.0 -999999.0 -999999.0 -999999.0 -999999.0 -999999.0 -999999.0 -999999.0 -999999.0 -999999.0
49.76252 53.103848 58.53854 65.51682 69.818245 69.00272 69.68237 68.1131 62.8877 56.362892 66.19463 58.74279 64.63398 81.715675 96.201546 115.388855 105.08298 106.210785 98.85077 95.90701 88.79499 78.29702 84.04557 80.66119 83.21357 78.42718 74.17976 65.29725 50.347363 42.87997 34.700123 28.26197 22.36189 16.93038 14.20977 14.554446 9.777097 6.78561 4.405705 2.3200653 3.589102 4.131633 3.488775 3.1794107 2.8513181 0.87877697 14.769462 13.437789 -999999.0 -999999.0 -999999.0 -999999.0 -999999.0 -999999.0 -999999.0 -999999.0 -999999.0 -999999.0 -999999.0 -999999.0 -999999.0 -999999.0
57.55058 60.114807 65.893684 71.74267 73.59361 71.17954 70.948105 68.68855 62.153835 60.234047 63.735653 62.925335 64.492645 69.28875 82.080734 100.24482 95.69513 89.881805 86.670784 80.22437 65.91729 66.64763 64.21324 71.618126 79.8023 73.36548 65.56007 59.041485 49.492332 39.892967 29.431042 20.885494 15.0827 9.085068 6.7118382 9.039679 7.1367564 7.3267303 6.1790576 3.7486975 4.443466 5.6841555 5.3830204 3.194611 1.5937269 0.63725173 5.842755 -999999.0 -999999.0 -999999.0 -999999.0 -999999.0 -999999.0 -999999.0 -999999.0 -999999.0 -999999.0 -999999.0 -999999.0 -999999.0 -999999.0 -999999.0
67.80434 67.45126 73.01359 76.8422 75.35347 71.74794 69.62003 67.09604 66.050255 58.931408 61.674038 64.31997 66.93749 69.94638 70.66025 78.80964 83.22426 75.88358 68.43946 62.776943 47.37622 52.610947 58.413803 63.144432 72.49162 68.969284 60.25101 52.824062 47.836143 40.555428 27.757881 19.729082 11.344114 3.4712934 3.3599086 6.536156 7.253605 6.975537 5.08535 4.425709 5.4405804 8.275129 5.3819194 3.0460794 0.80504566 -999999.0 1.4655248 -999999.0 -999999.0 -999999.0 -999999.0 -999999.0 -999999.0 -999999.0 -999999.0 -999999.0 -999999.0 -999999.0 -999999.0 -999999.0 -999999.0 -999999.0
76.65932 77.32005 82.35481 80.005295 75.172745 74.1003 67.79253 65.7167 60.837803 58.532135 57.726353 52.47747 66.85872 75.322495 69.01577 67.25055 64.26422 59.7143 46.08115 36.14767 41.422882 49.390324 53.129993 57.637222 67.79388 66.43495 61.218353 49.77027 46.84523 42.41238 30.7107 22.633034 12.116759 3.6518295 6.2302094 9.022909 10.023929 8.239243 6.4871387 5.09281 6.3908167 5.7367406 4.4571 -999999.0 0.9780663 -999999.0 -999999.0 -999999.0 -999999.0 -999999.0 -999999.0 -999999.0 -999999.0 -999999.0 -999999.0 -999999.0 -999999.0 -999999.0 -999999.0 -999999.0 -999999.0 -999999.0
83.0624 85.8147 90.28272 88.59347 81.99927 68.83478 65.53551 64.813835 65.72697 66.73656 60.625225 50.945568 74.06071 80.37363 59.260403 52.89324 46.746693 24.896223 16.311861 11.594627 18.864035 26.113325 36.848984 45.91637 57.829224 63.975475 60.123802 55.043118 49.47274 47.503822 34.82969 25.76723 18.129028 14.247034 14.118137 13.729197 13.997945 11.267152 10.903467 7.1864405 4.643052 1.9078542 -999999.0 -999999.0 1.289286 -999999.0 -999999.0 -999999.0 -999999.0 -999999.0 -999999.0 -999999.0 -999999.0 -999999.0 -999999.0 -999999.0 -999999.0 -999999.0 -999999.0 -999999.0 -999999.0 -999999.0
92.50655 97.06108 101.01783 99.842476 91.695435 77.93719 71.23968 70.83226 69.98846 68.04392 61.948906 61.89201 72.54124 72.04617 51.131958 36.104218 25.17658 7.1741557 5.5471187 17.578419 20.086842 20.99171 32.870026 43.389267 51.81026 57.485714 59.385307 53.2476 46.61104 41.650936 34.445034 26.908724 20.09463 19.941635 18.860334 20.654108 20.818443 17.67364 13.763267 8.3872175 4.892864 0.7745312 -999999.0 -999999.0 -999999.0 0.50990576 -999999.0 -999999.0 -999999.0 -999999.0 -999999.0 -999999.0 -999999.0 -999999.0 -999999.0 -999999.0 -999999.0 -999999.0 -999999.0 -999999.0 -999999.0 -999999.0
105.24698 110.697815 106.54056 103.20262 94.62778 85.38185 81.49719 80.133255 78.59779 76.4485 70.93266 65.64904 64.37847 54.234917 43.344418 31.447313 9.1941 9.096543 12.256853 25.410753 30.818668 32.985718 38.296665 43.877388 50.45472 51.7157 55.107162 55.524643 48.019363 45.493492 37.842144 30.557552 24.537338 25.421024 23.26182 19.612177 20.055763 16.094006 14.859815 10.430161 6.818164 1.3334078 -999999.0 -999999.0 2.2228563 1.4428918 -999999.0 -999999.0 -999999.0 -999999.0 -999999.0 -999999.0 -999999.0 -999999.0 -999999.0 -999999.0 -999999.0 -999999.0 -999999.0 -999999.0 -999999.0 -999999.0
111.822556 120.13889 116.38799 111.49728 101.98902 93.22344 89.291214 84.530365 81.22567 77.3702 69.708275 58.255875 52.97436 40.743103 37.07836 32.741642 25.33204 20.269583 12.974741 19.77058 34.54643 45.515217 41.0505 40.926083 44.68008 48.570442 49.76946 50.37403 51.313206 45.65681 40.033237 33.76205 31.154575 24.267544 17.502666 13.018303 12.846157 14.699252 13.213232 10.084754 6.534758 2.0756505 -999999.0 2.4092035 4.5225596 1.2551527 -999999.0 -999999.0 -999999.0 -999999.0 -999999.0 -999999.0 -999999.0 -999999.0 -999999.0 -999999.0 -999999.0 -999999.0 -999999.0 -999999.0 -999999.0 -999999.0
116.6685 122.69806 119.28448 114.47367 107.21238 97.173195 90.04874 83.99439 80.140305 72.76772 61.003223 60.431442 52.65778 42.972553 41.350235 33.378174 40.348614 26.417381 16.292423 24.179735 31.836159 46.354958 49.61993 41.479042 29.27408 49.398373 36.937744 37.494354 43.13292 42.825085 35.80917 29.689743 26.195555 18.896635 12.224419 3.5738559 5.499361 12.838065 12.05046 6.4653273 1.2467582 1.6331059 1.2004962 5.715754 3.4987595 0.7686182 -999999.0 -999999.0 -999999.0 -999999.0 -999999.0 -999999.0 -999999.0 -999999.0 -999999.0 -999999.0 -999999.0 -999999.0 -999999.0 -999999.0 -999999.0 -999999.0
112.74139 117.73257 118.87079 112.82708 106.8441 96.509346 87.673515 81.970985 77.899925 73.16837 66.76329 61.262993 52.304993 43.759186 42.197235 44.289852 47.998405 30.150017 27.606812 31.88322 37.328903 47.41231 52.505497 48.656002 46.51011 38.431156 33.55205 32.326317 35.619305 40.241165 36.234375 31.646706 26.080366 21.56908 13.978036 8.771179 10.2996855 11.154249 10.099244 7.1686835 4.365658 1.9094418 0.96401227 6.6775627 4.0930514 0.35947362 -999999.0 -999999.0 -999999.0 -999999.0 -999999.0 -999999.0 -999999.0 -999999.0 -999999.0 -999999.0 -999999.0 -999999.0 -999999.0 -999999.0 -999999.0 -999999.0
99.56814 102.04709 102.87203 99.78555 98.190895 92.6134 86.315895 73.70544 69.9796 71.49416 70.057304 66.73988 58.33579 49.954334 48.90427 50.330696 46.792206 38.523624 38.54901 35.409916 41.060055 48.74857 48.816486 53.14256 45.755817 26.678143 30.927357 33.87652 31.722782 33.80063 36.633568 41.82212 31.128859 31.111032 25.856894 14.955945 7.9601927 11.034597 6.997771 6.227169 7.6330085 8.026586 9.112102 10.44606 4.952365 -999999.0 -999999.0 -999999.0 -999999.0 -999999.0 -999999.0 -999999.0 -999999.0 -999999.0 -999999.0 -999999.0 -999999.0 -999999.0 -999999.0 -999999.0 -999999.0 -999999.0
86.66417 85.90859 85.98833 85.13809 86.07472 83.86733 80.91028 72.40977 70.107735 71.67888 68.82686 65.58988 59.746887 51.63119 46.587982 47.13011 42.65338 51.973106 43.948715 36.96734 45.168205 54.896873 55.877605 56.84705 47.541138 33.425655 42.129066 37.209705 22.127058 28.55424 35.608414 45.863293 38.06964 35.078197 34.610752 19.495739 8.179015 5.6620626 3.8750427 6.581052 13.7622175 16.998167 16.542662 13.630524 6.012418 -999999.0 -999999.0 -999999.0 -999999.0 -999999.0 -999999.0 -999999.0 -999999.0 -999999.0 -999999.0 -999999.0 -999999.0 -999999.0 -999999.0 -999999.0 -999999.0 -999999.0
68.72778 67.66277 63.770924 66.98393 73.8811 75.86337 80.10453 76.623535 77.11995 72.44804 65.44297 60.64878 55.21018 50.506668 52.21371 52.207684 45.96824 56.36547 45.513668 37.014507 56.15928 60.960342 60.729717 56.775543 49.72963 43.306652 37.758495 33.797634 29.06159 27.783598 34.165554 45.15718 48.456066 45.04673 33.36548 17.413052 8.271641 2.0801885 -999999.0 6.917876 15.356884 20.547512 21.435818 17.038013 6.0912967 -999999.0 -999999.0 -999999.0 -999999.0 -999999.0 -999999.0 -999999.0 -999999.0 -999999.0 -999999.0 -999999.0 -999999.0 -999999.0 -999999.0 -999999.0 -999999.0 -999999.0
58.48504 57.72829 49.019646 58.683228 66.608604 71.674644 74.470406 73.267624 74.85052 69.057686 60.29261 53.255943 49.682724 48.58919 57.04358 59.772335 54.90874 62.746136 49.240208 38.058308 57.70387 58.982563 58.699326 58.60916 54.66187 43.259274 28.74183 31.955553 30.851076 29.0122 43.963608 55.009315 56.408558 49.296314 30.803967 19.907623 9.210906 -999999.0 -999999.0 2.9866486 16.536942 18.396698 10.72249 12.840811 5.300081 -999999.0 -999999.0 -999999.0 -999999.0 -999999.0 -999999.0 -999999.0 -999999.0 -999999.0 -999999.0 -999999.0 -999999.0 -999999.0 -999999.0 -999999.0 -999999.0 -999999.0
