data/TNO-HT-ATES/HT-ATES_msz2/msz2__kh_P50_basecase_80-45-40.asc
ncols  140
nrows  163
xllcorner  0.0
yllcorner  300000.0
cellsize  2000.0
NODATA_value  -999999.0
[rows 27 to 53 of 163, columns 60 to 119 of 140]
133.68877 138.62344 141.86082 146.55605 146.83264 154.74207 147.27496 136.90878 136.30429 136.20047 136.28014 130.81866 130.7749 120.71691 119.42093 121.484024 137.7514 133.22636 140.06084 136.10999 136.38913 148.92686 173.8068 184.71472 202.77547 201.60843 217.29932 213.64882 200.62195 230.61928 196.46362 173.15277 175.19885 158.833 146.8385 137.89743 122.19404 116.765884 114.93019 83.77844 91.54495 93.07655 90.05424 70.25691 48.425823 36.141403 26.916136 14.841776 6.79867 -999999.0 -999999.0 2.005395 -999999.0 -999999.0 -999999.0 -999999.0 -999999.0 -999999.0 -999999.0 -999999.0
124.04836 129.01729 131.56474 135.88603 152.8348 145.19798 142.54578 140.84259 136.73534 137.64311 134.92104 127.817856 131.81737 115.54576 103.55494 115.514275 134.60175 129.77205 125.91542 123.85259 125.22632 125.81955 163.23724 188.4378 203.25433 205.81558 208.2857 214.61037 214.05717 210.67079 204.00972 187.33292 174.72714 166.1512 153.39668 139.8364 126.721695 113.47395 113.595055 108.39371 100.85607 85.037895 81.59402 70.88095 51.974983 42.834778 33.923573 21.338202 7.341921 -999999.0 -999999.0 -999999.0 -999999.0 -999999.0 -999999.0 -999999.0 -999999.0 -999999.0 -999999.0 -999999.0
112.47994 117.26614 120.396286 133.75333 140.41653 142.19356 145.66292 133.4995 130.41472 128.31111 124.420456 121.79059 119.146736 107.84174 106.551056 119.90189 123.56392 123.76477 117.22264 -999999.0 129.54527 138.65628 166.68109 198.74272 204.5939 221.7812 212.27937 227.04433 214.82565 201.18631 193.33287 186.68321 172.39081 158.44789 156.30869 129.01395 97.213646 82.99601 102.724785 114.864456 100.625755 83.44755 77.67971 68.92556 55.593082 51.270832 46.88589 38.526608 21.061398 -999999.0 -999999.0 -999999.0 1.7461923 -999999.0 -999999.0 -999999.0 -999999.0 -999999.0 -999999.0 -999999.0
99.287605 103.660835 109.85063 112.56028 120.24063 124.37564 125.700645 122.582275 119.28261 116.2238 112.31697 113.87684 106.06286 109.79566 114.37314 120.26001 119.07607 117.484505 116.5538 139.12831 147.85962 161.5198 179.70934 195.68178 211.97589 221.20122 215.55846 231.49745 237.9906 200.26491 176.7986 174.60924 119.74256 119.19115 129.14828 114.05584 78.14005 50.721226 -999999.0 108.302925 96.41947 84.07956 76.27932 62.196804 58.250885 58.725555 57.88862 64.48031 51.73961 19.1894 18.969452 -999999.0 13.402304 -999999.0 -999999.0 -999999.0 -999999.0 -999999.0 -999999.0 -999999.0
88.31206 89.00054 97.12854 103.468124 104.60729 105.954704 105.266304 105.78192 120.936134 117.16909 104.584854 103.405594 111.04341 119.861015 123.76055 127.5061 121.914566 123.92176 150.47435 166.4399 173.98038 178.13293 180.07477 194.78668 180.76112 186.17322 220.83775 225.42574 199.36911 190.69437 172.77562 126.36415 65.876755 74.39782 89.73069 113.54499 77.88083 61.87179 78.73953 94.778915 88.53213 76.73839 60.471107 54.126953 51.077755 55.2908 66.90706 84.71083 79.58424 74.75592 50.74599 62.908184 5.856123 8.525885 -999999.0 -999999.0 -999999.0 -999999.0 -999999.0 -999999.0
72.96144 77.19747 87.0844 92.999146 95.13096 98.59982 101.06806 105.02246 113.89027 108.24185 101.9685 99.74295 113.41977 124.8145 131.8507 137.02011 137.41393 138.74869 167.67366 168.88936 184.25713 182.66306 198.9965 204.59392 187.79404 196.5423 229.21779 218.18423 194.67319 199.23808 180.85355 77.01669 16.339876 57.52987 83.19998 91.66388 82.96356 77.31314 83.23538 86.747185 79.11966 68.830215 51.886585 45.184612 47.711853 58.719402 70.61953 84.106636 86.12914 92.30511 69.800766 37.030437 -999999.0 43.976013 -999999.0 -999999.0 -999999.0 -999999.0 -999999.0 -999999.0
57.45403 62.69502 74.95405 84.33085 90.71448 100.03031 104.630394 108.2224 111.1086 104.077415 102.23016 82.58212 109.446686 128.07465 137.82994 146.14438 151.30128 153.3382 174.17409 184.99692 194.07974 192.99617 198.90154 195.58476 186.65468 194.89293 217.37709 200.5736 184.15448 176.21043 159.41725 88.53165 80.488914 74.33622 90.159294 100.87237 98.54768 92.92508 83.874275 72.42358 61.36797 47.337067 30.060568 24.84624 39.449112 57.743122 68.74277 78.47161 79.88787 82.597855 63.911964 36.459133 28.514221 -999999.0 -999999.0 -999999.0 -999999.0 -999999.0 -999999.0 -999999.0
46.771324 54.289505 60.301796 73.43661 75.85647 90.79088 98.168846 101.54916 109.57254 104.74422 103.85415 109.21898 118.31895 135.82742 139.94582 137.37701 145.15747 158.21333 176.86665 193.67496 202.76663 182.79996 177.77802 175.3563 172.68576 194.03929 205.24324 177.5907 174.77975 161.37073 143.44012 93.922 74.65619 86.32669 102.37514 119.79906 122.04361 109.82256 90.34179 70.26468 56.552525 35.57682 16.168442 -999999.0 30.595465 54.96928 65.81321 77.408134 76.42895 66.970146 42.42368 17.21718 8.645743 -999999.0 -999999.0 -999999.0 -999999.0 -999999.0 -999999.0 -999999.0
42.231346 50.005886 55.547382 69.957855 78.39003 85.21726 93.83591 99.73884 104.98475 105.27128 101.27759 104.383194 122.107216 132.74979 136.66205 135.96732 150.05716 182.53975 184.8822 198.81015 201.76271 183.189 169.23505 144.66153 146.21738 196.57431 188.8886 168.88286 161.16478 158.89404 127.90755 87.69664 63.734898 80.561806 109.15271 141.59694 146.5773 125.13567 99.44033 68.27521 40.271393 31.413586 15.352902 11.426842 25.817316 49.702965 62.195145 73.091606 67.94426 46.098885 23.880093 2.7622056 -999999.0 -999999.0 -999999.0 -999999.0 -999999.0 -999999.0 -999999.0 -999999.0
40.053402 48.20746 58.30464 69.07238 80.0032 88.266846 97.3884 101.46585 97.45616 100.16855 100.010704 105.96215 123.59871 127.354576 136.45564 134.25647 148.20242 176.48091 187.23128 205.94994 215.83377 195.80292 168.43608 159.43446 161.96252 186.83734 173.92033 156.73074 149.49582 145.58713 104.9909 66.16401 49.13303 82.615585 123.7822 147.12218 145.33014 136.06654 114.13443 76.67182 43.29525 27.864353 17.718912 18.876661 28.165903 46.081593 55.842606 62.086853 51.96895 26.238997 7.8610024 -999999.0 -999999.0 2.4836242 7.780272 -999999.0 -999999.0 -999999.0 -999999.0 -999999.0
34.26292 42.7555 49.92404 56.927315 72.767044 84.28804 97.593834 98.0305 110.08093 105.37895 101.66555 111.509 114.12543 110.368706 112.039825 123.67247 151.3328 179.8135 195.07326 203.4652 211.8032 204.63069 183.38428 160.1897 150.05312 156.28741 152.08858 133.81203 142.29118 121.68879 90.99317 52.86371 34.77967 82.72918 142.9514 148.48811 142.84793 140.97156 113.56693 66.34358 34.837944 22.484314 18.915699 18.591059 24.13245 38.96401 47.063488 46.692818 29.18648 2.3344078 -999999.0 5.96377 21.016937 45.73141 87.96095 -999999.0 -999999.0 -999999.0 -999999.0 -999999.0
33.545506 41.034847 49.826035 56.419853 69.5169 79.20487 95.84014 94.049095 106.5033 106.62618 88.78713 90.174995 96.268295 104.81133 110.33795 125.47892 163.38979 190.66972 205.89008 226.03635 208.63225 202.76152 177.18979 151.18826 134.08752 131.43225 143.94017 122.214516 131.39272 110.3709 88.36659 57.762177 59.4501 93.09609 136.75653 137.29301 152.33075 150.1746 93.08877 44.582664 16.777103 8.266762 13.705975 15.189975 19.773428 31.79178 38.048313 33.051952 7.5242233 -999999.0 0.41540456 7.533956 45.649914 33.32471 31.346298 -999999.0 -999999.0 -999999.0 -999999.0 -999999.0
38.226738 44.61145 49.692196 54.695175 67.88289 79.21241 91.69175 95.99229 107.0844 107.53526 97.50168 83.713905 85.731026 102.209236 113.01077 139.79999 159.84758 184.40268 223.84972 222.2702 214.90877 197.90561 172.9969 137.61461 129.54385 131.04907 143.78825 127.85688 126.177635 101.70407 82.306175 67.977356 73.47999 90.41285 118.670044 142.12488 147.42047 106.65915 60.939686 14.8398075 -999999.0 -999999.0 8.694026 12.799653 17.491997 21.110655 20.536097 13.885893 -999999.0 -999999.0 14.253533 14.274149 -999999.0 -999999.0 -999999.0 -999999.0 -999999.0 -999999.0 -999999.0 -999999.0
45.88805 51.4915 59.045326 66.08679 74.45057 79.88969 89.166534 91.96542 114.599525 110.65042 100.111336 91.17577 76.43048 91.01044 114.65846 137.2565 154.1977 191.97015 230.4018 222.81421 211.83992 196.45236 164.90588 150.24666 134.834 156.00024 140.59857 130.12776 126.08779 105.99182 89.284645 74.465706 72.8008 77.714455 88.126656 95.96726 96.87753 72.38635 36.64364 4.7068305 -999999.0 -999999.0 4.073765 7.013613 10.746915 12.338123 8.390152 6.5720673 22.27631 17.668179 12.20637 -999999.0 -999999.0 -999999.0 -999999.0 -999999.0 -999999.0 -999999.0 -999999.0 -999999.0
53.96005 61.053024 69.157776 75.3573 84.8138 94.659096 102.99121 103.36571 108.75707 115.120865 104.55554 94.97419 98.072464 91.588745 109.05616 135.7652 161.70673 213.75418 214.03224 210.5206 188.32831 183.48596 162.87321 160.91808 143.6107 150.24637 145.5259 143.39584 137.8371 112.88588 85.02104 73.243935 75.85695 69.97615 65.66523 59.77305 60.034687 47.211952 27.269295 11.370863 2.7848978 1.4131591 6.8247337 7.264168 8.496327 7.3250866 4.5228887 1.6968594 13.693861 43.36146 -999999.0 -999999.0 -999999.0 -999999.0 -999999.0 -999999.0 -999999.0 -999999.0 -999999.0 -999999.0
69.1997 75.28365 79.05139 84.51346 93.359505 104.271126 112.678116 109.759224 109.353714 108.629105 101.04089 90.61981 105.110886 95.02834 105.36787 136.3526 160.40564 198.25966 179.39445 180.88428 168.00436 163.9557 152.33139 133.65248 147.62831 140.59099 149.75972 139.79802 134.85042 120.9226 94.55392 83.38242 68.52017 57.144836 46.619335 36.091236 30.332706 31.825039 21.951109 15.17038 9.610444 5.472138 8.416956 9.8289175 8.607848 8.221627 7.436381 2.2374387 45.468143 41.052418 -999999.0 -999999.0 -999999.0 -999999.0 -999999.0 -999999.0 -999999.0 -999999.0 -999999.0 -999999.0
83.11211 88.34535 91.904686 95.61514 105.82459 114.54538 117.25024 113.91741 112.78646 110.13826 98.94513 95.67673 102.35109 100.304054 105.227325 113.082054 136.14476 170.75937 164.71254 153.23228 149.50597 138.22552 113.99305 116.3489 112.83751 128.00528 143.45781 133.85542 123.57896 110.94824 94.967476 77.58542 58.93015 42.282463 31.264097 18.508318 14.115648 20.102007 15.811212 16.542315 14.186043 8.727137 10.391533 13.769749 13.116277 8.310365 4.558284 1.6982108 15.798857 -999999.0 -999999.0 -999999.0 -999999.0 -999999.0 -999999.0 -999999.0 -999999.0 -999999.0 -999999.0 -999999.0
96.762245 102.58708 107.03615 105.589935 114.3376 120.69371 117.84931 112.44511 109.8845 105.24941 103.30531 93.23766 98.47846 102.801544 108.4999 115.265274 119.083435 133.40965 143.92007 130.00388 117.74437 108.234055 83.409966 92.63333 104.10667 113.88822 131.4656 127.337 114.59834 102.11062 94.17984 80.694275 56.741802 40.77957 23.412851 7.0230374 7.3937387 14.877908 16.843563 15.600912 11.762118 9.857515 12.785969 19.942852 13.0671215 8.038194 2.4504976 -999999.0 4.33675 -999999.0 -999999.0 -999999.0 -999999.0 -999999.0 -999999.0 -999999.0 -999999.0 -999999.0 -999999.0 -999999.0
109.78009 120.040535 122.03953 120.47594 128.6715 125.126366 117.20649 114.43505 105.777115 102.92457 96.22203 92.79356 91.67796 84.53105 109.049774 123.445755 115.1026 116.01121 110.16607 102.55491 78.91314 62.58979 73.51362 88.25653 95.18724 104.195755 125.679184 123.480995 118.265366 97.1082 93.85183 87.307365 64.667244 48.437447 25.496593 7.5443473 13.857539 20.821829 23.81352 19.670734 15.233602 12.119907 15.246774 14.213083 11.146897 -999999.0 2.4757593 -999999.0 -999999.0 -999999.0 -999999.0 -999999.0 -999999.0 -999999.0 -999999.0 -999999.0 -999999.0 -999999.0 -999999.0 -999999.0
127.63355 134.90244 130.28456 133.21565 140.12654 135.93808 127.40677 105.8542 102.25721 101.692696 104.2088 107.41794 98.51108 82.23479 123.295944 131.87808 97.81279 87.952126 78.68955 41.38373 27.25492 18.746069 31.819597 45.566296 65.24579 85.20416 107.82856 119.7833 116.67641 108.40352 102.21575 99.79067 75.03529 57.37871 41.610073 33.746773 33.68466 34.124855 35.76923 29.282856 27.272615 17.503098 10.927619 4.4902015 -999999.0 -999999.0 3.998889 -999999.0 -999999.0 -999999.0 -999999.0 -999999.0 -999999.0 -999999.0 -999999.0 -999999.0 -999999.0 -999999.0 -999999.0 -999999.0
139.00189 141.64906 141.91856 149.12775 153.57878 153.58948 140.82648 119.61399 110.14883 111.08613 112.4668 111.15429 99.72176 100.83802 119.55493 119.78709 84.083725 59.35102 42.019447 11.354178 8.452469 30.081305 34.510296 36.657486 59.29347 79.607445 97.41471 109.615616 116.14198 107.280685 96.972176 87.565445 74.97487 59.847363 46.862263 49.398098 47.641376 53.985493 55.401962 47.180244 36.47086 21.208742 12.571804 1.8387538 -999999.0 -999999.0 -999999.0 1.9074082 -999999.0 -999999.0 -999999.0 -999999.0 -999999.0 -999999.0 -999999.0 -999999.0 -999999.0 -999999.0 -999999.0 -999999.0
136.78577 157.59369 162.11351 169.13174 161.01228 157.02934 143.53246 132.45906 127.37071 127.15116 128.10762 123.447586 116.10102 107.24671 104.89489 89.250786 71.52041 52.178074 14.668778 14.401964 19.94337 43.79681 53.98452 59.86259 69.7948 82.329056 96.13376 99.33468 109.8152 114.069016 100.81397 97.57169 83.69877 69.669624 58.925713 65.547966 61.01113 54.32357 55.945606 44.239437 40.636948 28.25538 18.13508 3.4490786 -999999.0 -999999.0 6.8799787 4.7105603 -999999.0 -999999.0 -999999.0 -999999.0 -999999.0 -999999.0 -999999.0 -999999.0 -999999.0 -999999.0 -999999.0 -999999.0
160.93123 170.05728 170.43239 180.98013 174.70625 168.54613 155.02754 143.74956 139.46573 135.96422 132.33191 126.61107 115.99676 95.60701 85.635765 66.82443 61.4069 53.815968 42.188313 34.271362 21.109108 33.465622 61.546993 83.39488 76.58333 77.2848 85.58611 95.581764 99.631386 105.215355 109.44806 99.73177 89.33521 77.15321 75.71411 61.133743 45.64702 35.664722 35.31608 41.9343 37.31977 28.28942 17.978752 5.4137654 -999999.0 7.549171 14.756995 3.8085623 -999999.0 -999999.0 -999999.0 -999999.0 -999999.0 -999999.0 -999999.0 -999999.0 -999999.0 -999999.0 -999999.0 -999999.0
175.49525 172.73282 174.03159 181.2466 175.16844 172.63887 163.9369 149.41426 141.58078 135.19742 130.57191 120.14074 101.15605 99.190735 88.390915 70.35082 69.17644 55.8647 67.69357 44.44689 27.269022 42.028 56.70074 86.04317 93.5173 78.401764 55.023907 98.27902 74.668724 78.35896 92.37727 95.735214 81.321495 69.47791 63.75368 47.919746 31.364317 9.075089 14.38432 37.659733 34.557926 18.273573 3.1318052 4.0414476 3.104605 17.32399 11.472918 2.3646293 -999999.0 -999999.0 -999999.0 -999999.0 -999999.0 -999999.0 -999999.0 -999999.0 -999999.0 -999999.0 -999999.0 -999999.0
169.1636 170.16707 170.79784 174.41139 177.15201 168.49591 162.69989 151.1328 138.07997 132.07675 127.99394 122.15101 110.733246 102.65738 86.797066 72.53154 70.08084 74.48882 81.75254 51.113003 47.816784 56.014267 67.53996 86.2325 97.56599 93.123825 90.9213 77.05411 68.90908 68.36966 76.407745 90.88031 84.38966 73.98034 63.94808 54.088276 35.766525 23.68485 28.109188 32.295662 28.73709 20.204496 12.130902 5.253117 3.0885122 20.518797 13.490992 1.1683824 -999999.0 -999999.0 -999999.0 -999999.0 -999999.0 -999999.0 -999999.0 -999999.0 -999999.0 -999999.0 -999999.0 -999999.0
158.06642 152.23557 149.54176 150.73087 151.85547 149.43211 148.8511 143.36073 136.46506 119.14048 115.063 117.56086 116.44335 111.7261 96.130974 84.42311 83.49234 85.61652 80.50948 66.55628 67.187164 62.682858 74.42466 90.81054 92.94259 102.097916 89.50045 53.2228 62.928074 72.92238 70.00022 76.164604 84.27311 99.40774 75.74065 78.68272 67.12602 39.125713 21.357498 31.429346 20.191866 18.1559 22.508127 24.078419 27.967285 33.646225 16.383287 -999999.0 -999999.0 -999999.0 -999999.0 -999999.0 -999999.0 -999999.0 -999999.0 -999999.0 -999999.0 -999999.0 -999999.0 -999999.0
137.70195 128.13931 130.22649 126.22618 127.48079 125.63427 129.95274 129.5568 126.524605 117.82685 113.42656 118.40439 113.07702 108.57655 99.29687 85.57871 78.43627 79.28281 72.08667 90.34311 77.36743 66.201645 81.382935 103.66729 107.36195 111.54775 93.58159 67.18042 87.72416 80.99024 48.60055 64.10931 83.54535 109.77163 92.72888 87.39215 90.83917 51.001766 21.621971 15.404678 10.905052 18.589813 42.249107 54.304356 54.779663 45.779354 20.067684 -999999.0 -999999.0 -999999.0 -999999.0 -999999.0 -999999.0 -999999.0 -999999.0 -999999.0 -999999.0 -999999.0 -999999.0 -999999.0
