data/TNO-HT-ATES/HT-ATES_msz2/msz2__porosity_basecase_80-45-40.asc
ncols  140
nrows  163
xllcorner  0.0
yllcorner  300000.0
cellsize  2000.0
NODATA_value  -999999.0
[rows 81 to 107 of 163, columns 0 to 60 of 140]
-999999.0 -999999.0 -999999.0 -999999.0 -999999.0 -999999.0 -999999.0 -999999.0 -999999.0 -999999.0 -999999.0 -999999.0 -999999.0 -999999.0 -999999.0 -999999.0 -999999.0 -999999.0 -999999.0 -999999.0 -999999.0 -999999.0 -999999.0 -999999.0 -999999.0 -999999.0 -999999.0 -999999.0 -999999.0 -999999.0 -999999.0 -999999.0 -999999.0 -999999.0 -999999.0 -999999.0 -999999.0 -999999.0 -999999.0 -999999.0 -999999.0 0.39285004 0.3925 0.3921 0.391775 0.3921 0.3922 0.39217502 0.3921 0.3919 0.3916 0.391225 0.391 0.3908 0.3907 0.38785002 0.38767502 0.38735005 0.386875 0.3864 0.3861
-999999.0 -999999.0 -999999.0 -999999.0 -999999.0 -999999.0 -999999.0 -999999.0 -999999.0 -999999.0 -999999.0 -999999.0 -999999.0 -999999.0 -999999.0 -999999.0 -999999.0 -999999.0 -999999.0 -999999.0 -999999.0 -999999.0 -999999.0 -999999.0 -999999.0 -999999.0 -999999.0 -999999.0 -999999.0 -999999.0 -999999.0 -999999.0 -999999.0 -999999.0 -999999.0 -999999.0 -999999.0 -999999.0 -999999.0 -999999.0 0.3935 0.3938 0.39295 0.3926 0.39245003 0.392675 0.3928 0.3927 0.39232504 0.3919 0.39145002 0.3911 0.3909 0.3909 0.3908 0.3889256 0.3883 0.38825005 0.38772503 0.38715005 0.3868
-999999.0 -999999.0 -999999.0 -999999.0 -999999.0 -999999.0 -999999.0 -999999.0 -999999.0 -999999.0 -999999.0 -999999.0 -999999.0 -999999.0 -999999.0 -999999.0 -999999.0 -999999.0 -999999.0 -999999.0 -999999.0 -999999.0 -999999.0 -999999.0 -999999.0 -999999.0 -999999.0 -999999.0 -999999.0 -999999.0 -999999.0 -999999.0 -999999.0 -999999.0 -999999.0 -999999.0 -999999.0 -999999.0 -999999.0 0.3932 0.3934 0.39342505 0.393 0.39305001 0.393225 0.39345005 0.3936 0.393225 0.39265 0.3919 0.391325 0.391 0.3908 0.3908 0.3908 0.3909 0.38865003 0.3886 0.38827503 0.38772503 0.38735005
-999999.0 -999999.0 -999999.0 -999999.0 -999999.0 -999999.0 -999999.0 -999999.0 -999999.0 -999999.0 -999999.0 -999999.0 -999999.0 -999999.0 -999999.0 -999999.0 -999999.0 -999999.0 -999999.0 -999999.0 -999999.0 -999999.0 -999999.0 -999999.0 -999999.0 -999999.0 -999999.0 -999999.0 -999999.0 -999999.0 -999999.0 -999999.0 -999999.0 -999999.0 -999999.0 -999999.0 -999999.0 -999999.0 -999999.0 0.3931 0.39325 0.3934 0.39312503 0.3936 0.39385003 0.39419997 0.39435005 0.39382502 0.39295 0.3919 -999999.0 0.39072502 0.3907 0.3907 0.3908 0.3909 0.3909 0.3888 0.3886 0.3882 0.3878
-999999.0 -999999.0 -999999.0 -999999.0 -999999.0 -999999.0 -999999.0 -999999.0 -999999.0 -999999.0 -999999.0 -999999.0 -999999.0 -999999.0 -999999.0 -999999.0 -999999.0 -999999.0 -999999.0 -999999.0 -999999.0 -999999.0 -999999.0 -999999.0 -999999.0 -999999.0 -999999.0 -999999.0 -999999.0 -999999.0 -999999.0 -999999.0 -999999.0 -999999.0 -999999.0 -999999.0 -999999.0 -999999.0 0.393 0.393 0.393 0.3933 0.39377502 0.394 0.3943 0.39487502 0.39530003 0.394525 0.39317504 -999999.0 -999999.0 -999999.0 0.3906 0.3908 0.3909 0.3909 0.3909 0.391 0.389 0.3886 0.38815
-999999.0 -999999.0 -999999.0 -999999.0 -999999.0 -999999.0 -999999.0 -999999.0 -999999.0 -999999.0 -999999.0 -999999.0 -999999.0 -999999.0 -999999.0 -999999.0 -999999.0 -999999.0 -999999.0 -999999.0 -999999.0 -999999.0 -999999.0 -999999.0 -999999.0 -999999.0 -999999.0 -999999.0 -999999.0 -999999.0 -999999.0 -999999.0 -999999.0 -999999.0 -999999.0 -999999.0 -999999.0 0.39302504 0.3931 0.39295 0.3927 0.39347503 0.39407504 0.3944 0.3947 0.3951 0.39595 0.39462498 0.39335 0.3923 0.391325 0.3908 0.3907 0.3909 0.3911 0.3911 0.3911 0.391 0.3894 0.38912502 0.388675
-999999.0 -999999.0 -999999.0 -999999.0 -999999.0 -999999.0 -999999.0 -999999.0 -999999.0 -999999.0 -999999.0 -999999.0 -999999.0 -999999.0 -999999.0 -999999.0 -999999.0 -999999.0 -999999.0 -999999.0 -999999.0 -999999.0 -999999.0 -999999.0 -999999.0 -999999.0 -999999.0 -999999.0 -999999.0 -999999.0 -999999.0 -999999.0 -999999.0 -999999.0 -999999.0 -999999.0 0.3938 0.39365003 0.3934 0.39315006 0.393625 0.39449996 0.39449996 0.3947 0.3947 0.39454997 0.3941 0.3937 0.3933 0.3928 0.392125 0.39155006 0.39122504 0.3913 0.39140004 0.391375 0.39122504 0.391 0.39075002 0.38987517 0.38955006
-999999.0 -999999.0 -999999.0 -999999.0 -999999.0 -999999.0 -999999.0 -999999.0 -999999.0 -999999.0 -999999.0 -999999.0 -999999.0 -999999.0 -999999.0 -999999.0 -999999.0 -999999.0 -999999.0 -999999.0 -999999.0 -999999.0 -999999.0 -999999.0 -999999.0 -999999.0 -999999.0 -999999.0 -999999.0 -999999.0 -999999.0 -999999.0 -999999.0 -999999.0 -999999.0 0.3943 0.39462504 0.394425 0.394 0.3937 0.39424998 0.39485 0.3948 0.39495003 0.3948 0.3944 0.394 0.3937 0.3933 0.39295 0.3926 0.39222503 0.39205003 0.39199996 0.3918 0.3917 0.39147502 0.39117503 0.3909 0.3905 0.3899
-999999.0 -999999.0 -999999.0 -999999.0 -999999.0 -999999.0 -999999.0 -999999.0 -999999.0 -999999.0 -999999.0 -999999.0 -999999.0 -999999.0 -999999.0 -999999.0 -999999.0 -999999.0 -999999.0 -999999.0 -999999.0 -999999.0 -999999.0 -999999.0 -999999.0 -999999.0 -999999.0 -999999.0 -999999.0 -999999.0 -999999.0 -999999.0 -999999.0 -999999.0 0.3944 0.39397502 0.3947 0.3947 0.39447498 0.394225 0.3943 0.3947 0.3948 0.3955 0.3951 0.39465 0.39419997 0.393925 0.393725 0.39327502 0.393 0.39277503 0.3927 0.39250004 0.39209998 0.39199996 0.3918 0.39140004 0.3911 0.3907 0.390175
-999999.0 -999999.0 -999999.0 -999999.0 -999999.0 -999999.0 -999999.0 -999999.0 -999999.0 -999999.0 -999999.0 -999999.0 -999999.0 -999999.0 -999999.0 -999999.0 -999999.0 -999999.0 -999999.0 -999999.0 -999999.0 -999999.0 -999999.0 -999999.0 -999999.0 -999999.0 -999999.0 -999999.0 -999999.0 -999999.0 -999999.0 0.395275 0.3949 0.3947 0.39449996 0.3944 0.394575 0.39449996 0.39462498 0.3944 0.3943 0.3946 0.3954 0.39564997 0.395375 0.39492503 0.39447498 0.394125 0.394 0.3936 0.3934 0.3933 0.39319998 0.39295003 0.3927 0.39250004 0.3923 0.391825 0.39145005 0.3911 0.3906
-999999.0 -999999.0 -999999.0 -999999.0 -999999.0 -999999.0 -999999.0 -999999.0 -999999.0 -999999.0 -999999.0 -999999.0 -999999.0 -999999.0 -999999.0 -999999.0 -999999.0 -999999.0 -999999.0 -999999.0 -999999.0 -999999.0 -999999.0 -999999.0 -999999.0 -999999.0 -999999.0 -999999.0 -999999.0 -999999.0 0.3959 0.39560002 0.3952 0.39475003 0.39449996 0.39449996 0.39442497 0.3944 0.3943 0.39424998 0.39419997 0.3944 0.39492497 0.3954 0.39554998 0.39530003 0.39487502 0.3944 0.3941 0.39389998 0.3938 0.393825 0.3938 0.3936 0.39345002 0.39319998 0.3929 0.39245006 0.39197502 0.3916 0.39145005
-999999.0 -999999.0 -999999.0 -999999.0 -999999.0 -999999.0 -999999.0 -999999.0 -999999.0 -999999.0 -999999.0 -999999.0 -999999.0 -999999.0 -999999.0 -999999.0 -999999.0 -999999.0 -999999.0 -999999.0 -999999.0 -999999.0 -999999.0 -999999.0 -999999.0 -999999.0 -999999.0 -999999.0 -999999.0 -999999.0 0.39612502 0.39587504 0.3955 0.39499998 0.3947 0.39449996 0.39419997 0.39407498 0.394 0.3941 0.3941 0.3943 0.3946 0.39502496 0.3954 0.3955 0.395275 0.39482504 0.39455003 0.394175 0.3941 0.39419997 0.39430004 0.39419997 0.39407504 0.3939 0.39362502 0.393175 0.39250004 0.39199996 0.3918
-999999.0 -999999.0 -999999.0 -999999.0 -999999.0 -999999.0 -999999.0 -999999.0 -999999.0 -999999.0 -999999.0 -999999.0 -999999.0 -999999.0 -999999.0 -999999.0 -999999.0 -999999.0 -999999.0 -999999.0 -999999.0 -999999.0 -999999.0 -999999.0 -999999.0 -999999.0 -999999.0 -999999.0 -999999.0 -999999.0 0.39652503 0.39617503 0.3958 0.395375 0.39499998 0.39462504 0.39427504 0.39407504 0.394 0.3941 0.39419997 0.39419997 0.3941 0.394525 0.39530003 0.39560002 0.39567506 0.39530003 0.3952 0.39492503 0.39475003 0.3947 0.3947 0.3947 0.39462504 0.39455 0.3944 0.39377502 0.393 0.3923 0.3917
-999999.0 -999999.0 -999999.0 -999999.0 -999999.0 -999999.0 -999999.0 -999999.0 -999999.0 -999999.0 -999999.0 -999999.0 -999999.0 -999999.0 -999999.0 -999999.0 -999999.0 -999999.0 -999999.0 -999999.0 -999999.0 -999999.0 -999999.0 -999999.0 -999999.0 -999999.0 -999999.0 -999999.0 -999999.0 -999999.0 -999999.0 0.3966 0.3963 0.3959 0.3954 0.394975 0.39475003 0.39465004 0.3946 0.39449996 0.3944 0.394225 0.39389998 0.3943 0.39505 0.3955 0.39560002 0.3954 0.39560002 0.39560002 0.3954 0.39512503 0.3949 0.395025 0.3951 0.39515004 0.39500004 0.39445 0.393575 0.39255002 0.39155
-999999.0 -999999.0 -999999.0 -999999.0 -999999.0 -999999.0 -999999.0 -999999.0 -999999.0 -999999.0 -999999.0 -999999.0 -999999.0 -999999.0 -999999.0 -999999.0 -999999.0 -999999.0 -999999.0 -999999.0 -999999.0 -999999.0 -999999.0 -999999.0 -999999.0 -999999.0 -999999.0 -999999.0 -999999.0 -999999.0 -999999.0 0.39692503 0.39665005 0.39625 0.3959 0.39560002 0.3955 0.39545006 0.39555004 0.395325 0.39505005 0.3947 0.3943 0.394725 0.39527503 0.3955 0.39530003 0.39537498 0.39544997 0.39575 0.3957 0.39565003 0.39500004 0.3952 0.3954 0.395575 0.39552504 0.3949 0.39395002 0.39282504 0.3917
-999999.0 -999999.0 -999999.0 -999999.0 -999999.0 -999999.0 -999999.0 -999999.0 -999999.0 -999999.0 -999999.0 -999999.0 -999999.0 -999999.0 -999999.0 -999999.0 -999999.0 -999999.0 -999999.0 -999999.0 -999999.0 -999999.0 -999999.0 -999999.0 -999999.0 -999999.0 -999999.0 -999999.0 -999999.0 -999999.0 -999999.0 0.39737502 0.3971 0.3969 0.3966 0.3964 0.39630002 0.39635003 0.39645 0.396325 0.39615005 0.39585003 0.39555 0.39577502 0.3959 0.395725 0.3954 0.3951 0.3952 0.39569998 0.39524996 0.3956 0.3958 0.3956751 0.39539996 0.3956 0.3956 0.3951 0.39405 0.39295 0.39195
-999999.0 -999999.0 -999999.0 -999999.0 -999999.0 -999999.0 -999999.0 -999999.0 -999999.0 -999999.0 -999999.0 -999999.0 -999999.0 -999999.0 -999999.0 -999999.0 -999999.0 -999999.0 -999999.0 -999999.0 -999999.0 -999999.0 -999999.0 -999999.0 -999999.0 -999999.0 -999999.0 -999999.0 -999999.0 -999999.0 -999999.0 -999999.0 0.3976 0.3977 0.39735 0.397 0.39705005 0.3971 0.39715 0.39725 0.39735 0.39755005 0.39745003 0.39715 0.39679998 0.396375 0.395725 0.3951 0.3952 0.395475 0.39464998 0.39575 0.39609998 0.3959 0.39582497 0.3953 0.3955 0.394975 0.39395002 0.393 0.39210004
-999999.0 -999999.0 -999999.0 -999999.0 -999999.0 -999999.0 -999999.0 -999999.0 -999999.0 -999999.0 -999999.0 -999999.0 -999999.0 -999999.0 -999999.0 -999999.0 -999999.0 -999999.0 -999999.0 -999999.0 -999999.0 -999999.0 -999999.0 -999999.0 -999999.0 -999999.0 -999999.0 -999999.0 0.398825 0.39847502 0.39810002 -999999.0 0.397775 0.398075 0.398 0.3978 0.39785 0.3978 0.3978 0.398 0.39835003 0.39902502 0.39917502 0.3984 0.39775002 0.39722502 0.396425 0.3959 0.39682502 0.39715 0.39617503 0.3959 0.396 0.3959 0.3958 0.3958 0.39475 0.3944 0.393575 0.392875 0.39225
-999999.0 -999999.0 -999999.0 -999999.0 -999999.0 -999999.0 -999999.0 -999999.0 -999999.0 -999999.0 -999999.0 -999999.0 -999999.0 -999999.0 -999999.0 -999999.0 -999999.0 -999999.0 -999999.0 -999999.0 -999999.0 -999999.0 -999999.0 -999999.0 -999999.0 0.4002 0.39990002 0.3996 0.39920002 0.398825 0.39852503 0.398175 0.39810002 0.3982 0.3984 0.39830002 0.3984 0.39827502 0.39830002 0.398575 0.39879996 0.3994 0.3995 0.398975 0.39837503 0.3978 0.3973 0.39715 0.39750004 0.397375 0.39665002 0.39577502 0.3963 0.3958 0.396 0.39595005 0.3959 0.394025 0.39335 0.39262497 0.39210004
-999999.0 -999999.0 -999999.0 -999999.0 -999999.0 -999999.0 -999999.0 -999999.0 -999999.0 -999999.0 -999999.0 -999999.0 -999999.0 -999999.0 -999999.0 -999999.0 -999999.0 -999999.0 -999999.0 -999999.0 -999999.0 -999999.0 -999999.0 -999999.0 -999999.0 0.400525 0.40015003 0.39999998 0.399875 0.39924997 0.39862502 0.3985 0.3984 0.3985 0.39859998 0.3987 0.39879996 0.3985 0.3985 0.3985 0.39879996 0.399225 0.3994 0.39920002 0.39879996 0.398325 0.397975 0.39785 0.39767504 0.397275 0.3967 0.3963 0.3965 0.39685005 0.39755002 0.397075 0.396275 0.39382502 0.39342505 0.39275002 0.3919
-999999.0 -999999.0 -999999.0 -999999.0 -999999.0 -999999.0 -999999.0 -999999.0 -999999.0 -999999.0 -999999.0 -999999.0 -999999.0 -999999.0 -999999.0 -999999.0 -999999.0 -999999.0 -999999.0 -999999.0 -999999.0 -999999.0 -999999.0 -999999.0 -999999.0 0.40099996 0.400675 0.40042502 0.40030003 0.39972502 0.39915 0.39879996 0.39879996 0.3987 0.39902502 0.398975 0.399 0.39879996 0.398675 0.39859998 0.39879996 0.39914998 0.3994 0.3995 0.39930004 0.39889997 0.39859998 0.39845002 0.39827502 0.39757502 0.39682502 0.396925 0.39802498 0.3981 0.3982 0.3984 0.397 0.3959 0.394625 0.39327502 0.39217502
-999999.0 -999999.0 -999999.0 -999999.0 -999999.0 -999999.0 -999999.0 -999999.0 -999999.0 -999999.0 -999999.0 -999999.0 -999999.0 -999999.0 -999999.0 -999999.0 -999999.0 -999999.0 -999999.0 -999999.0 -999999.0 -999999.0 -999999.0 -999999.0 -999999.0 0.40142503 0.40120003 0.40105003 0.400725 0.40022504 0.39965004 0.3994 0.39930004 0.3991 0.399125 0.3994 0.39930004 0.39920002 0.3991 0.39905 0.39920002 0.3995 0.3997 0.3998 0.3997 0.39930004 0.39917502 0.398925 0.3987 0.397975 0.39682502 0.39735 0.3981 0.3985 0.398925 0.3979 0.396725 0.395775 0.3947 0.39375004 0.39270002
-999999.0 -999999.0 -999999.0 -999999.0 -999999.0 -999999.0 -999999.0 -999999.0 -999999.0 -999999.0 -999999.0 -999999.0 -999999.0 -999999.0 -999999.0 -999999.0 -999999.0 -999999.0 -999999.0 -999999.0 -999999.0 -999999.0 -999999.0 0.4029 0.4022 0.4017 0.40169996 0.4015 0.40120003 0.4008 0.40030003 0.40007502 0.39990002 0.39920002 0.398525 0.399275 0.3995 0.3995 0.3995 0.3996 0.39977503 0.39999998 0.39999998 0.39999998 0.39999998 0.399875 0.3997 0.39945003 0.3995 0.399 0.39805004 0.39847502 0.3979 0.39865 0.3993 0.39832503 0.3979 0.39545 0.3944 0.3939 0.39317504
-999999.0 -999999.0 -999999.0 -999999.0 -999999.0 -999999.0 -999999.0 -999999.0 -999999.0 -999999.0 -999999.0 -999999.0 -999999.0 -999999.0 -999999.0 -999999.0 -999999.0 -999999.0 -999999.0 0.403 0.40279996 0.40225002 0.403775 0.403375 0.402775 0.40245003 0.40240002 0.40219998 0.40187502 0.4013 0.40085 0.40060002 0.40027502 0.3996 0.39905 0.399425 0.3998 0.39990002 0.39990002 0.400075 0.40022504 0.40039998 0.40039998 0.40030003 0.40030003 0.40047503 0.40045005 0.40045005 0.4001 0.3997 0.398675 0.39857504 0.39875 0.399025 0.3991 0.3985 0.3982 0.39575005 0.39477503 0.394225 0.39382502
-999999.0 -999999.0 -999999.0 -999999.0 -999999.0 -999999.0 -999999.0 -999999.0 -999999.0 -999999.0 -999999.0 -999999.0 -999999.0 -999999.0 -999999.0 -999999.0 -999999.0 -999999.0 0.4031 0.40295005 0.40249997 0.402825 0.40284997 0.4033 0.4034 0.4025 0.4028 0.40330002 0.40222502 0.4016 0.40120003 0.401 0.40077502 0.4005 0.40025002 0.40025002 0.40030003 0.40035003 0.40030003 0.40039998 0.40060002 0.40089998 0.40089998 0.4005 0.40035003 0.40115 0.40132505 0.401 0.40060002 0.40012503 0.3997 0.3997 0.39975 0.3997 0.3993 0.398425 0.398175 0.39787498 0.39515 0.3947 0.39482498
-999999.0 -999999.0 -999999.0 -999999.0 -999999.0 -999999.0 -999999.0 -999999.0 -999999.0 -999999.0 -999999.0 -999999.0 -999999.0 -999999.0 -999999.0 -999999.0 -999999.0 -999999.0 0.403 0.4025 0.40315002 0.40310004 0.40247497 0.40345 0.40375 0.40374997 0.403 0.4028 0.40257502 0.401975 0.4015 0.4014 0.4014 0.40155 0.40145 0.401225 0.40102503 0.40089998 0.40089998 0.40082502 0.40100002 0.40212503 0.401725 0.4008 0.40062505 0.40089998 0.40120003 0.40120003 0.401 0.4008 0.40060002 0.40055 0.40042502 0.4002 0.39975 0.3991 0.39895004 0.3993 0.39570004 0.39570004 0.39565003
-999999.0 -999999.0 -999999.0 -999999.0 -999999.0 -999999.0 -999999.0 -999999.0 -999999.0 -999999.0 -999999.0 -999999.0 -999999.0 -999999.0 -999999.0 -999999.0 -999999.0 -999999.0 -999999.0 0.4035 0.40424997 0.40395004 0.402875 0.4035 0.40360004 0.404 0.40390006 0.4033 0.403225 0.40225002 0.401825 0.40165 0.401825 0.4026 0.40257502 0.40195 0.4014 0.4013 0.4013 0.4016 0.40169996 0.402525 0.4023 0.401425 0.40115002 0.40125003 0.4011 0.40120003 0.40120003 0.4014 0.40095 0.40059996 0.4002 0.3999 0.40005004 0.4 0.39992502 0.3999 0.39705002 0.39667502 0.39655
