data/TNO-HT-ATES/HT-ATES_msz2/msz2__flowr_prodnorm_P50_basecase_80-45-40.asc
ncols  140
nrows  163
xllcorner  0.0
yllcorner  300000.0
cellsize  2000.0
NODATA_value  -999999.0
[rows 28 to 55 of 163, columns 62 to 123 of 140]
77.471756 80.0254 89.14236 87.40632 84.52778 84.37019 82.618355 83.19542 81.17943 77.80059 80.47942 72.054985 64.08394 69.919174 80.224625 78.04065 75.32294 73.18312 74.63982 75.84683 96.38878 109.08439 118.34223 119.34772 120.33013 123.44002 123.04604 120.9537 115.76563 107.75599 99.78664 91.865204 84.843605 76.22296 67.29464 59.374252 58.5091 55.80624 49.90474 41.66911 38.429256 32.956867 23.56987 19.106503 14.683187 9.484345 3.3208745 -999999.0 -999999.0 -999999.0 -999999.0 -999999.0 -999999.0 -999999.0 -999999.0 -999999.0 -999999.0 -999999.0 -999999.0 -999999.0 -999999.0 -999999.0
71.45885 77.88372 83.055214 84.329285 86.75783 80.26488 79.4758 77.187904 75.22052 73.71428 72.60745 65.32662 65.31273 72.58023 73.61646 74.42318 69.47776 -999999.0 77.33793 82.66085 99.44322 115.181175 116.36629 127.27926 122.635994 130.84293 124.28673 115.578804 110.72189 106.45603 97.78583 88.46955 84.883835 69.025475 52.470097 42.897354 53.009823 57.46646 48.76197 40.422733 35.852745 31.364779 24.836674 22.308338 19.542002 15.621348 8.74501 -999999.0 -999999.0 -999999.0 0.7264471 -999999.0 -999999.0 -999999.0 -999999.0 -999999.0 -999999.0 -999999.0 -999999.0 -999999.0 -999999.0 -999999.0
64.37406 66.82258 70.09385 74.10071 75.52532 73.7117 72.02033 70.399506 67.69336 69.49729 63.474644 65.912346 68.769135 72.77924 71.38713 69.75892 69.067245 81.515465 88.07735 95.171074 105.803185 113.12352 124.569565 127.96102 125.60712 132.7059 136.15082 115.265076 103.374886 100.762505 68.33102 66.68621 70.59428 60.271374 41.724567 27.011007 -999999.0 53.1249 47.255367 40.405132 35.45213 28.386112 25.89215 25.18416 23.136934 24.638494 19.432787 8.6058855 8.546932 -999999.0 5.425618 -999999.0 -999999.0 -999999.0 -999999.0 -999999.0 -999999.0 -999999.0 -999999.0 -999999.0 -999999.0 -999999.0
57.179752 60.35239 61.64929 62.77771 64.13694 63.747437 72.1984 70.11378 63.109596 61.788025 66.30734 71.89762 74.31654 76.7558 73.223076 74.013885 88.45525 96.80881 102.13099 104.49531 107.63684 114.80237 107.807304 110.19019 127.964066 130.21823 115.679245 111.38952 100.108925 74.56105 39.075035 42.023624 48.867435 59.69743 40.538208 32.291172 39.654316 46.717762 42.55346 36.265934 28.126104 24.641764 22.310833 23.256435 26.26429 31.645618 28.967297 27.934206 20.23292 24.904604 2.3884661 3.2773745 -999999.0 -999999.0 -999999.0 -999999.0 -999999.0 -999999.0 -999999.0 -999999.0 -999999.0 -999999.0
51.198162 54.904953 56.16588 58.77378 60.1738 63.257988 68.4468 65.21324 61.318043 60.481075 68.132095 74.71253 78.920494 82.5283 81.791954 82.440475 98.45425 99.40052 109.878815 110.07235 117.134224 120.59245 112.10802 117.071686 132.63872 124.91262 113.345924 114.9322 105.65371 46.227123 10.420475 32.52915 44.944252 47.910908 42.609116 38.849724 41.046154 42.328583 38.137257 32.037323 24.2811 20.517551 20.459015 24.175755 27.686777 31.609344 31.05694 32.930473 25.731546 14.194481 -999999.0 16.25857 -999999.0 -999999.0 -999999.0 -999999.0 -999999.0 -999999.0 -999999.0 -999999.0 -999999.0 -999999.0
44.059307 50.190796 53.517418 58.742416 62.143013 64.20717 66.40524 62.48914 60.60139 50.06428 65.64149 76.95034 81.876656 86.39483 88.31218 90.801994 103.253685 109.82124 113.30285 114.11287 118.13747 117.15801 109.86365 114.45782 126.451546 117.595116 107.95392 101.59877 92.669205 51.9914 46.013123 41.4185 47.91429 52.396935 49.758297 46.276226 41.385002 34.81946 28.846983 22.289442 14.238546 11.468319 17.006834 23.52236 26.728287 29.612564 29.214626 29.264324 22.727266 13.48553 10.707856 -999999.0 -999999.0 -999999.0 -999999.0 -999999.0 -999999.0 -999999.0 -999999.0 -999999.0 -999999.0 -999999.0
36.115543 43.583725 45.65079 53.66819 58.800156 60.469933 66.12575 63.25349 62.190395 65.618484 71.741714 80.70252 84.15293 83.10788 86.66698 93.36603 104.68304 114.797844 121.9841 111.357834 107.49181 106.00919 103.98711 115.355156 121.06451 104.56757 102.042656 95.121956 83.70348 54.01759 42.52311 47.293377 54.343838 61.4553 59.651924 53.361546 43.19807 33.56625 26.244612 17.00567 7.7250843 -999999.0 13.537336 22.260614 25.140284 28.335577 27.517849 23.947178 15.4871645 6.5014606 3.429955 -999999.0 -999999.0 -999999.0 -999999.0 -999999.0 -999999.0 -999999.0 -999999.0 -999999.0 -999999.0 -999999.0
33.340687 41.810192 47.507275 51.25012 55.99304 59.749588 61.982872 62.925446 61.34319 63.66083 72.4131 79.40325 82.622406 81.68916 89.53044 109.87527 110.154724 118.93498 119.38948 110.892494 101.0906 88.57066 88.5486 116.12282 111.45006 99.31467 94.49268 92.01608 73.99394 50.058456 35.950527 43.299072 56.18804 70.552315 70.44351 59.081192 45.765007 31.884274 18.409101 14.750545 7.4474807 5.402254 11.143579 19.955673 23.358662 26.46438 24.346214 16.413849 8.793702 1.1776795 -999999.0 -999999.0 -999999.0 -999999.0 -999999.0 -999999.0 -999999.0 -999999.0 -999999.0 -999999.0 -999999.0 -999999.0
34.911465 41.83233 48.213898 52.98808 58.292427 61.03484 59.165363 60.487247 60.75634 64.14642 75.055786 76.92103 81.76226 81.1349 89.34895 106.00852 112.25754 121.37802 128.84395 118.873344 102.6358 96.13348 99.21113 111.027596 102.20835 92.56944 89.17758 84.89492 60.8607 38.731228 28.238354 44.78337 63.479286 72.03101 68.815674 62.86402 51.811268 34.928635 19.71105 12.842531 8.311268 8.46171 11.934111 18.139645 20.844398 22.35937 18.539644 9.608876 2.899556 -999999.0 -999999.0 0.82469064 3.0254853 -999999.0 -999999.0 -999999.0 -999999.0 -999999.0 -999999.0 -999999.0 -999999.0 -999999.0
30.347029 34.746937 43.921513 50.951317 58.948795 59.9669 67.41253 64.21794 62.221962 67.65972 69.15992 66.935776 68.18027 74.84063 91.181854 108.983795 117.54622 121.67162 126.6359 122.87752 109.32179 96.581894 90.2696 94.82156 91.244705 80.167435 84.640335 70.814545 52.749107 31.258741 20.330677 44.201344 71.80702 70.31761 65.860374 63.355278 50.64418 29.428034 15.714172 9.798286 8.500175 8.048385 9.935525 15.200175 17.4637 16.952896 10.634039 1.0290792 -999999.0 2.1127455 6.853036 13.788002 27.338043 -999999.0 -999999.0 -999999.0 -999999.0 -999999.0 -999999.0 -999999.0 -999999.0 -999999.0
30.304058 34.76637 42.061264 48.150272 58.552536 58.24318 65.13274 65.23531 54.603844 55.243874 59.15002 63.060806 67.30214 77.727905 98.18773 114.52044 123.9676 132.34485 123.82877 120.62579 107.12244 91.33049 82.92079 80.88238 86.162025 73.093704 78.30735 63.319645 50.441765 33.030067 33.118195 48.841213 67.8253 64.68288 69.22292 66.9393 41.124798 19.650805 7.5778623 3.8402731 6.078036 6.520318 8.0748005 12.3452015 14.299666 12.094413 2.8801348 -999999.0 0.0 2.554114 13.26656 9.530698 8.883662 -999999.0 -999999.0 -999999.0 -999999.0 -999999.0 -999999.0 -999999.0 -999999.0 -999999.0
30.538685 33.471775 41.412354 48.615685 55.89625 58.94643 65.86497 66.62818 59.96 52.01735 53.43787 63.001102 68.64923 84.73497 95.92597 110.914764 132.37946 132.38474 127.62509 118.9935 104.29111 83.46861 78.20332 78.960106 84.86061 76.06356 73.825424 58.865498 47.40184 37.997307 39.226734 46.969227 58.079426 66.922005 66.26722 46.906902 26.950449 6.750731 -999999.0 -999999.0 3.7238076 5.4589615 7.080803 8.3446455 7.7960043 5.253518 -999999.0 -999999.0 4.7916374 4.4042325 -999999.0 -999999.0 -999999.0 -999999.0 -999999.0 -999999.0 -999999.0 -999999.0 -999999.0 -999999.0 -999999.0 -999999.0
35.865143 40.635475 46.043533 49.541298 55.446903 56.645237 70.86529 68.07143 61.85011 56.975235 47.66749 56.53446 69.8564 83.19043 93.54077 114.43075 134.50142 130.8432 124.72561 115.63439 98.83585 90.51682 80.521576 91.19436 82.472984 75.40421 72.95323 59.26397 48.912983 40.987183 38.109505 39.104843 42.253563 44.7746 43.91821 32.29358 16.53607 2.3543632 -999999.0 -999999.0 1.8417245 2.9465127 4.4009523 4.89875 3.2986217 2.5330772 7.8495274 6.2465563 4.1086507 -999999.0 -999999.0 -999999.0 -999999.0 -999999.0 -999999.0 -999999.0 -999999.0 -999999.0 -999999.0 -999999.0 -999999.0 -999999.0
42.801773 47.08092 52.66941 58.86024 64.01138 64.391045 68.58131 71.19783 65.085915 58.91463 60.67268 57.030502 66.66282 82.71794 97.19272 126.251144 125.77838 122.5237 111.470055 107.322044 95.9583 94.76441 84.293724 87.07135 83.33138 82.12658 77.71163 62.85391 46.055763 39.042515 38.70565 34.84438 31.901636 28.305819 27.30888 20.997665 12.182101 5.046377 1.3274708 0.60198486 3.0836322 3.2428205 3.558725 3.0233407 1.8133879 0.7211701 4.9394646 14.066523 -999999.0 -999999.0 -999999.0 -999999.0 -999999.0 -999999.0 -999999.0 -999999.0 -999999.0 -999999.0 -999999.0 -999999.0 -999999.0 -999999.0
49.67258 53.181946 58.539055 65.448265 69.8323 69.09351 69.699356 68.032906 62.88347 56.389668 66.110634 58.749508 64.62561 81.624176 96.17705 115.3282 105.18271 106.115395 98.8701 95.92135 88.75011 78.32968 84.0518 80.701324 83.29441 78.39411 74.18376 65.256775 50.382324 42.90264 34.749863 28.177126 22.340605 16.990131 14.168956 14.485463 9.736697 6.721364 4.438633 2.385794 3.6248105 4.126513 3.5044348 3.141799 2.809891 0.87760955 14.837092 13.474385 -999999.0 -999999.0 -999999.0 -999999.0 -999999.0 -999999.0 -999999.0 -999999.0 -999999.0 -999999.0 -999999.0 -999999.0 -999999.0 -999999.0
57.51533 60.20824 65.8386 71.65233 73.554115 71.1891 71.02601 68.693085 62.231384 60.20151 63.833138 62.88123 64.53863 69.31233 82.14787 100.2577 95.62671 89.89902 86.62491 80.251305 65.90494 66.72711 64.158646 71.59133 79.821045 73.351204 65.61155 58.949142 49.441566 39.872025 29.432928 20.853205 15.112934 9.007325 6.7139463 8.989465 7.17415 7.276988 6.2589536 3.7232919 4.4768934 5.724436 5.408122 3.2898338 1.6873304 0.6271581 5.800823 -999999.0 -999999.0 -999999.0 -999999.0 -999999.0 -999999.0 -999999.0 -999999.0 -999999.0 -999999.0 -999999.0 -999999.0 -999999.0 -999999.0 -999999.0
67.71369 67.426506 72.99154 76.80537 75.26627 71.75592 69.698975 67.02283 65.97665 58.945568 61.66428 64.30695 66.918594 69.9412 70.676414 78.72753 83.202034 75.8619 68.51808 62.870193 47.31615 52.557327 58.489067 63.160145 72.49886 68.87949 60.166855 52.780567 47.8912 40.641026 27.734509 19.799715 11.38195 3.4516861 3.43812 6.6023927 7.290019 6.9437237 5.0720453 4.3337626 5.459448 8.260209 5.450068 3.045846 0.79477966 -999999.0 1.5288959 -999999.0 -999999.0 -999999.0 -999999.0 -999999.0 -999999.0 -999999.0 -999999.0 -999999.0 -999999.0 -999999.0 -999999.0 -999999.0 -999999.0 -999999.0
76.75821 77.298325 82.42254 79.95481 75.18283 74.010155 67.69898 65.624664 60.812984 58.50292 57.633965 52.47533 66.88414 75.35825 68.93167 67.23467 64.18059 59.69874 46.095104 36.17517 41.388805 49.39421 53.090836 57.711002 67.80579 66.41794 61.210567 49.78731 46.768967 42.41782 30.699308 22.712132 12.020274 3.56873 6.170337 9.013391 10.034899 8.231882 6.4042673 5.083489 6.3584294 5.756726 4.5236754 -999999.0 0.9127534 -999999.0 -999999.0 -999999.0 -999999.0 -999999.0 -999999.0 -999999.0 -999999.0 -999999.0 -999999.0 -999999.0 -999999.0 -999999.0 -999999.0 -999999.0 -999999.0 -999999.0
83.006996 85.76754 90.26708 88.5548 82.0407 68.84428 65.48464 64.739624 65.775345 66.72489 60.670868 50.9989 74.038246 80.40624 59.2728 52.84795 46.677986 24.828676 16.324696 11.536569 18.844606 26.122585 36.807343 45.974373 57.891956 63.945827 60.05652 55.006325 49.39538 47.50347 34.806698 25.743553 18.16864 14.310435 14.081726 13.72002 14.020047 11.25619 10.887813 7.1744523 4.571651 1.9790077 -999999.0 -999999.0 1.3296317 -999999.0 -999999.0 -999999.0 -999999.0 -999999.0 -999999.0 -999999.0 -999999.0 -999999.0 -999999.0 -999999.0 -999999.0 -999999.0 -999999.0 -999999.0 -999999.0 -999999.0
92.47103 97.019585 101.100174 99.82998 91.78472 77.97059 71.28358 70.81066 70.02316 68.03959 61.91889 61.877953 72.6008 72.10598 51.137554 36.075462 25.252373 7.1694374 5.542836 17.670006 20.157974 20.973263 32.905243 43.358635 51.84206 57.488525 59.4262 53.230106 46.57129 41.62699 34.446472 26.939148 20.188906 19.90545 18.857174 20.63385 20.845814 17.771973 13.848965 8.328691 4.9401197 0.73024654 -999999.0 -999999.0 -999999.0 0.52349484 -999999.0 -999999.0 -999999.0 -999999.0 -999999.0 -999999.0 -999999.0 -999999.0 -999999.0 -999999.0 -999999.0 -999999.0 -999999.0 -999999.0 -999999.0 -999999.0
105.337456 110.68324 106.48085 103.16015 94.58749 85.28936 81.44919 80.07346 78.68057 76.52047 70.940216 65.65989 64.28326 54.15147 43.29591 31.47607 9.2687235 9.130883 12.3289585 25.41954 30.808292 33.073895 38.38724 43.79529 50.539974 51.801373 55.121243 55.61855 48.037388 45.410847 37.79721 30.65624 24.591116 25.42345 23.33002 19.65951 20.031233 16.182219 14.8791895 10.473273 6.8272552 1.3109301 -999999.0 -999999.0 2.2319553 1.4565399 -999999.0 -999999.0 -999999.0 -999999.0 -999999.0 -999999.0 -999999.0 -999999.0 -999999.0 -999999.0 -999999.0 -999999.0 -999999.0 -999999.0 -999999.0 -999999.0
111.81657 120.126076 116.29983 111.51149 102.00229 93.17143 89.2225 84.50229 81.25404 77.33773 69.7661 58.2464 52.940704 40.646732 37.04617 32.73982 25.427958 20.293436 12.938781 19.7908 34.553284 45.53903 41.119873 40.8829 44.610405 48.597244 49.71888 50.2965 51.383034 45.660507 39.95481 33.670647 31.150991 24.179375 17.483864 13.026364 12.920992 14.796108 13.160932 10.152425 6.445289 2.0122604 -999999.0 2.4940083 4.5820966 1.1865185 -999999.0 -999999.0 -999999.0 -999999.0 -999999.0 -999999.0 -999999.0 -999999.0 -999999.0 -999999.0 -999999.0 -999999.0 -999999.0 -999999.0 -999999.0 -999999.0
116.69179 122.68437 119.34182 114.4624 107.212296 97.092896 90.037506 84.03445 80.1251 72.80113 60.917812 60.35598 52.74503 42.965664 41.407856 33.460293 40.33489 26.42396 16.349327 24.169436 31.848448 46.33408 49.641396 41.435852 29.233444 49.392788 36.960022 37.539806 43.181152 42.868786 35.89038 29.77166 26.139174 18.89628 12.317858 3.5670393 5.4100833 12.885754 11.967395 6.5115275 1.2660112 1.5753726 1.222501 5.6705213 3.5828865 0.6897933 -999999.0 -999999.0 -999999.0 -999999.0 -999999.0 -999999.0 -999999.0 -999999.0 -999999.0 -999999.0 -999999.0 -999999.0 -999999.0 -999999.0 -999999.0 -999999.0
112.78177 117.7247 118.7906 112.72891 106.92669 96.45988 87.74487 81.99565 77.89409 73.07171 66.838165 61.24221 52.322388 43.739605 42.126217 44.218777 47.94367 30.116201 27.606285 31.977177 37.347248 47.369785 52.505974 48.589607 46.472546 38.502754 33.640606 32.370853 35.55216 40.227856 36.290596 31.607893 26.008343 21.469786 13.901507 8.836244 10.315636 11.130122 10.02347 7.13209 4.3367267 1.8931396 0.9871526 6.667058 4.098918 0.41383904 -999999.0 -999999.0 -999999.0 -999999.0 -999999.0 -999999.0 -999999.0 -999999.0 -999999.0 -999999.0 -999999.0 -999999.0 -999999.0 -999999.0 -999999.0 -999999.0
99.51018 102.093025 102.960625 99.71894 98.26446 92.62397 86.22202 73.681595 69.99241 71.51136 70.07179 66.796616 58.37596 49.99562 48.884605 50.34702 46.81826 38.503273 38.609104 35.39975 41.076782 48.76983 48.815346 53.063717 45.68479 26.626846 30.959547 33.95198 31.739506 33.860794 36.57388 41.82154 31.12645 31.011978 25.819168 14.888372 7.870097 11.074741 7.0873866 6.284932 7.5501165 7.9602504 9.121938 10.407087 4.9443183 -999999.0 -999999.0 -999999.0 -999999.0 -999999.0 -999999.0 -999999.0 -999999.0 -999999.0 -999999.0 -999999.0 -999999.0 -999999.0 -999999.0 -999999.0 -999999.0 -999999.0
86.75331 85.97302 85.96788 85.11093 86.16247 83.90159 80.870895 72.47701 70.07885 71.62356 68.73533 65.49221 59.823437 51.66034 46.576912 47.081154 42.55943 51.972237 43.986053 36.869328 45.19748 54.881336 55.81398 56.844715 47.487328 33.39266 42.1497 37.15677 22.070114 28.495924 35.63315 45.816284 38.0338 35.151108 34.60145 19.424318 8.17431 5.6277113 3.9371774 6.670034 13.8405 17.092827 16.526354 13.623839 6.083399 -999999.0 -999999.0 -999999.0 -999999.0 -999999.0 -999999.0 -999999.0 -999999.0 -999999.0 -999999.0 -999999.0 -999999.0 -999999.0 -999999.0 -999999.0 -999999.0 -999999.0
68.74005 67.62723 63.750797 66.98091 73.79397 75.95808 80.02658 76.6874 77.199265 72.53067 65.40778 60.68897 55.211124 50.538174 52.15964 52.153545 46.002518 56.412952 45.52205 37.05156 56.176292 60.98355 60.69535 56.783398 49.77096 43.344707 37.72553 33.76844 29.100351 27.813654 34.183556 45.134888 48.50007 45.089973 33.30131 17.45014 8.33614 2.0640552 -999999.0 6.9143863 15.3979025 20.499763 21.462978 16.960619 6.173684 -999999.0 -999999.0 -999999.0 -999999.0 -999999.0 -999999.0 -999999.0 -999999.0 -999999.0 -999999.0 -999999.0 -999999.0 -999999.0 -999999.0 -999999.0 -999999.0 -999999.0
58.49157 57.72727 49.0174 58.661736 66.596596 71.74115 74.56595 73.23338 74.89226 69.008446 60.289448 53.20267 49.742973 48.672207 57.0129 59.79058 54.88837 62.700275 49.1779 38.038605 57.64477 59.003483 58.715363 58.58308 54.71364 43.159657 28.764631 31.866608 30.833498 29.041208 43.96658 54.99428 56.39142 49.29086 30.854116 19.87193 9.13576 -999999.0 -999999.0 3.031911 16.623482 18.411457 10.795121 12.794642 5.211376 -999999.0 -999999.0 -999999.0 -999999.0 -999999.0 -999999.0 -999999.0 -999999.0 -999999.0 -999999.0 -999999.0 -999999.0 -999999.0 -999999.0 -999999.0 -999999.0 -999999.0
