data/TNO-HT-ATES/HT-ATES_msz2/msz2__temperature_basecase_80-45-40.asc
ncols  140
nrows  163
xllcorner  0.0
yllcorner  300000.0
cellsize  2000.0
NODATA_value  -999999.0
[rows 26 to 51 of 163, columns 60 to 119 of 140]
19.436293 19.798779 20.121933 20.28231 20.40049 20.450354 20.573408 20.707928 20.768658 20.6993 20.72188 20.649923 20.556618 20.73412 20.888824 20.872536 20.797743 20.611483 20.319012 20.194675 20.08237 20.028337 19.944534 19.883667 19.919796 20.105877 20.228348 20.250122 20.144423 20.07092 20.056847 20.09788 20.085382 20.068172 19.856997 19.676138 19.443386 19.227734 19.074547 18.947834 18.837324 18.752222 18.643305 18.428452 18.065348 17.736107 17.301659 16.94652 18.13584 -999999.0 -999999.0 -999999.0 -999999.0 -999999.0 -999999.0 -999999.0 -999999.0 -999999.0 -999999.0 -999999.0
19.24213 19.545666 19.821905 20.038925 20.21189 20.315716 20.47153 20.55527 20.661264 20.743858 20.721727 20.62959 20.559044 20.766214 20.898802 20.867912 20.746853 20.634827 20.372108 20.31436 20.326736 20.325476 20.190886 20.057674 20.028042 20.132553 20.168566 20.108948 20.058825 20.076048 20.173388 20.15765 20.157068 20.212458 19.916504 19.587454 19.365547 19.275915 19.215897 19.297998 19.105057 18.866508 18.524632 18.109325 17.658047 17.274786 16.824722 16.498985 17.827076 -999999.0 -999999.0 16.022839 -999999.0 -999999.0 -999999.0 -999999.0 -999999.0 -999999.0 -999999.0 -999999.0
18.931252 19.331362 19.641615 19.871073 20.031631 20.225122 20.413866 20.536266 20.617018 20.67317 20.675745 20.598007 20.498522 20.621597 20.73637 20.71986 20.702177 20.532671 20.310785 20.288248 20.3234 20.348598 20.230192 20.144442 20.124874 20.168589 20.124594 20.048378 20.056171 20.176601 20.260382 20.12159 19.98909 20.062191 19.791927 19.486536 19.247974 19.242899 19.235918 19.2535 19.098005 18.761202 18.274734 17.899565 17.47568 16.929886 16.451181 16.020996 15.787528 -999999.0 -999999.0 -999999.0 -999999.0 -999999.0 -999999.0 -999999.0 -999999.0 -999999.0 -999999.0 -999999.0
18.662045 19.033491 19.361412 19.543541 19.779501 20.100712 20.366922 20.501097 20.509878 20.58282 20.642292 20.59627 20.489294 20.50268 20.616297 20.559322 20.525494 20.361021 20.265776 -999999.0 20.363377 20.204569 20.14167 20.147017 20.210567 20.198654 20.105112 20.033155 20.116482 20.197802 20.32005 20.2085 20.005875 19.879704 19.637568 19.324413 19.06047 19.043562 19.145767 19.058363 18.874311 18.535223 17.938707 17.626123 17.195059 16.6949 16.15249 15.68178 15.444577 -999999.0 -999999.0 -999999.0 15.522138 -999999.0 -999999.0 -999999.0 -999999.0 -999999.0 -999999.0 -999999.0
18.442856 18.70741 18.958843 19.128298 19.54602 19.957666 20.207926 20.338816 20.45461 20.494654 20.646938 20.643044 20.563438 20.593979 20.578508 20.471556 20.391851 20.269802 20.232555 20.365944 20.438053 20.309828 20.145674 20.124247 20.243599 20.1788 20.100864 20.094704 20.122068 20.178968 20.32488 20.268026 20.016619 19.621819 19.337917 19.140476 18.941042 18.85425 -999999.0 18.749828 18.54426 18.206692 17.75459 17.32961 16.912075 16.523497 16.050886 15.599647 15.454203 16.24751 16.459927 -999999.0 15.495537 -999999.0 -999999.0 -999999.0 -999999.0 -999999.0 -999999.0 -999999.0
18.277895 18.505796 18.725899 18.868195 19.229986 19.617865 19.851131 20.052856 20.296381 20.459053 20.628765 20.653942 20.61864 20.546783 20.40529 20.279953 20.234842 20.288363 20.337317 20.426142 20.448423 20.523104 20.322 20.225948 20.236532 20.25646 20.207855 20.131302 20.075277 20.074905 20.158188 20.106401 19.76063 19.308495 19.100174 18.952227 18.827868 18.73883 18.685783 18.600113 18.376467 17.999775 17.586807 17.221472 16.858 16.456968 16.066122 15.705597 15.644611 15.858978 16.04774 16.093536 15.658284 15.340744 -999999.0 -999999.0 -999999.0 -999999.0 -999999.0 -999999.0
18.170435 18.319149 18.481482 18.661465 18.903566 19.153316 19.367655 19.64927 20.003305 20.28711 20.496048 20.610373 20.613958 20.500357 20.307705 20.23798 20.224869 20.394339 20.46463 20.482288 20.51538 20.675833 20.492193 20.240763 20.108938 20.226799 20.132378 20.143665 20.016499 19.959003 19.967035 19.85852 19.55975 19.11105 18.94773 18.836096 18.74431 18.714003 18.640781 18.527473 18.28221 17.89688 17.478 17.117144 16.752497 16.376535 16.128382 15.891919 15.642975 15.571377 15.722206 15.702407 -999999.0 15.645 -999999.0 -999999.0 -999999.0 -999999.0 -999999.0 -999999.0
18.130173 18.243206 18.348341 18.468086 18.629221 18.810423 19.017649 19.276299 19.601456 19.953022 20.161125 20.416142 20.495949 20.447475 20.387146 20.485313 20.527695 20.588835 20.468447 20.4081 20.508701 20.698019 20.494932 20.15924 19.90348 19.995474 20.029799 20.082102 19.997763 19.862173 19.772966 19.595547 19.220955 19.01085 18.8355 18.658016 18.499998 18.485037 18.443924 18.335312 18.08438 17.723846 17.257895 16.875826 16.5502 16.338678 16.0744 15.843257 15.663136 15.566978 15.486018 15.387687 15.385515 -999999.0 -999999.0 -999999.0 -999999.0 -999999.0 -999999.0 -999999.0
18.330612 18.385015 18.384014 18.322824 18.494946 18.690828 18.941566 19.209358 19.483667 19.757967 19.960758 20.095102 20.235899 20.226883 20.33265 20.532312 20.505722 20.531775 20.456356 20.364141 20.503103 20.641798 20.37745 19.99105 19.695873 19.724829 19.836428 19.983862 20.029045 19.953363 19.692429 19.384499 19.117643 19.045708 18.736671 18.363438 18.120968 18.134611 18.182775 18.085619 17.816364 17.43233 17.045647 -999999.0 16.37714 16.136337 15.904137 15.725645 15.579554 15.480695 15.361951 15.282007 15.141831 -999999.0 -999999.0 -999999.0 -999999.0 -999999.0 -999999.0 -999999.0
18.440825 18.494013 18.47024 18.37451 18.498842 18.737299 19.035267 19.25048 19.510529 19.76298 19.951662 20.052416 20.065502 20.153763 20.312988 20.506714 20.45305 20.441051 20.395554 20.353521 20.399887 20.362309 20.055208 19.858961 19.74258 19.636387 19.697567 19.789639 19.997139 20.045439 19.719284 19.263895 18.925241 18.88657 18.551079 18.135372 17.87399 17.896536 17.894485 17.844313 17.539116 17.159174 16.826319 16.521923 16.185555 15.873249 15.6523485 15.488281 15.433658 15.322241 15.222719 15.104991 -999999.0 -999999.0 -999999.0 -999999.0 -999999.0 -999999.0 -999999.0 -999999.0
18.41584 18.501797 18.55042 18.543463 18.657373 18.921253 19.167688 19.391088 19.66812 19.865822 20.116268 20.211538 20.128479 20.260271 20.44716 20.641525 20.58723 20.49873 20.347704 20.21778 20.13105 19.859028 19.639212 19.551458 19.637478 19.63481 19.625923 19.618305 19.801395 19.85159 19.640432 19.129908 18.702961 18.482998 18.301739 18.015846 17.798222 17.646067 17.572683 17.457275 17.258781 16.961605 16.572145 16.29846 15.957683 15.637105 15.449567 15.360842 15.323949 15.178914 14.993783 -999999.0 -999999.0 14.41296 15.1876545 -999999.0 -999999.0 -999999.0 -999999.0 -999999.0
18.36352 18.466965 18.558512 18.68359 18.823662 19.104872 19.429083 19.616323 19.87591 20.07554 20.274794 20.318535 20.15095 20.277796 20.46044 20.58334 20.544434 20.455208 20.224306 20.076344 19.990644 19.783031 19.488483 19.413128 19.51898 19.697556 19.644085 19.613712 19.68074 19.641521 19.393202 18.922068 18.5013 18.180271 18.076641 17.807274 17.621605 17.412989 17.23643 17.107471 16.897894 16.618456 16.28594 16.068775 15.768621 15.486112 15.278192 15.150958 15.13163 15.014449 -999999.0 14.418038 14.1698065 14.063089 14.62152 -999999.0 -999999.0 -999999.0 -999999.0 -999999.0
18.315752 18.454878 18.587927 18.807438 18.986519 19.292452 19.607578 19.85122 20.082943 20.246695 20.417894 20.416838 20.257547 20.334524 20.395512 20.49175 20.380264 20.29042 20.069458 19.982384 19.966938 19.871532 19.628702 19.513645 19.434296 19.600248 19.663008 19.687176 19.615376 19.50266 19.217691 18.840164 18.411953 18.065079 17.91813 17.670246 17.40516 17.283106 17.05098 16.853096 16.558508 16.290915 16.049603 15.817728 15.54283 15.327414 15.182013 15.074087 14.923312 -999999.0 14.524479 14.148623 13.886306 13.694725 13.800373 -999999.0 -999999.0 -999999.0 -999999.0 -999999.0
18.221416 18.438997 18.698013 19.0143 19.151344 19.409618 19.740084 19.993654 20.182058 20.321589 20.363821 20.361568 20.315065 20.294455 20.320415 20.30664 20.262667 20.219143 19.927893 19.821264 19.810244 19.747404 19.707657 19.704546 19.479267 19.459005 19.612104 19.719707 19.654293 19.444553 19.192198 18.908163 18.524784 18.075104 17.695362 17.424929 17.335726 17.193958 16.931946 16.640575 -999999.0 -999999.0 15.955165 15.671737 15.321156 15.138563 15.09488 14.997004 -999999.0 -999999.0 14.40906 13.896648 -999999.0 -999999.0 -999999.0 -999999.0 -999999.0 -999999.0 -999999.0 -999999.0
18.259972 18.425816 18.721235 19.03823 19.23375 19.421137 19.723234 20.054523 20.271059 20.411919 20.47954 20.443277 20.339254 20.273262 20.183289 20.083916 20.036951 20.043316 19.765265 19.681545 19.699642 19.680124 19.68594 19.719172 19.637203 19.60103 19.688604 19.76504 19.654526 19.476051 19.214628 18.832375 18.412628 17.895962 17.460526 17.251528 17.24057 17.0195 16.751596 16.408691 -999999.0 -999999.0 15.922823 15.693767 15.400486 15.123147 14.970024 14.85253 14.687175 14.639246 14.267826 -999999.0 -999999.0 -999999.0 -999999.0 -999999.0 -999999.0 -999999.0 -999999.0 -999999.0
18.382902 18.553053 18.767544 19.084816 19.303352 19.51287 19.812035 20.154476 20.409761 20.522446 20.57731 20.558073 20.4902 20.35498 20.190342 20.025505 19.991827 19.828032 19.662222 19.583628 19.608528 19.746403 19.755758 19.725908 19.708662 19.625813 19.680895 19.686403 19.586851 19.378773 19.192005 18.754168 18.306028 17.727718 17.306004 17.143408 17.101368 16.876587 16.610329 16.339775 16.168535 16.053844 15.878358 15.680293 15.431359 15.142224 14.903918 14.627688 14.697222 14.589357 -999999.0 -999999.0 -999999.0 -999999.0 -999999.0 -999999.0 -999999.0 -999999.0 -999999.0 -999999.0
18.550785 18.79811 19.093765 19.341572 19.547884 19.779497 20.120474 20.466227 20.65651 20.73432 20.676964 20.642525 20.615822 20.57823 20.415918 20.162771 19.909424 19.736338 19.574532 19.499447 19.626629 19.790659 19.839127 19.656967 19.520887 19.455608 19.458002 19.492628 19.391222 19.211567 18.96801 18.602278 18.161089 17.555462 17.165228 16.991005 16.88043 16.676172 16.413498 16.187153 15.986471 15.845819 15.794267 15.624253 15.322583 15.075618 14.628807 14.250475 14.432227 14.401171 -999999.0 -999999.0 -999999.0 -999999.0 -999999.0 -999999.0 -999999.0 -999999.0 -999999.0 -999999.0
18.726063 18.958788 19.28859 19.615631 19.847672 20.08775 20.484678 20.743378 20.920807 20.984282 20.82519 20.720736 20.682915 20.595945 20.459888 20.2397 19.974533 19.7556 19.523787 19.520319 19.65226 19.753574 19.689087 19.552437 19.461897 19.31237 19.27765 19.23598 19.012196 18.838562 18.690878 18.229372 17.729748 17.257353 16.98056 16.759819 16.621902 16.431278 16.18709 16.04865 15.882994 15.786584 15.728691 15.5997305 15.279598 14.908599 14.341027 13.955927 14.323873 -999999.0 -999999.0 -999999.0 -999999.0 -999999.0 -999999.0 -999999.0 -999999.0 -999999.0 -999999.0 -999999.0
18.949293 19.152813 19.399748 19.79952 20.112993 20.446852 20.814648 20.999292 21.12116 21.189077 20.989088 20.763798 20.636946 20.47826 20.31803 20.239405 20.03826 19.815607 19.613802 19.60493 19.5901 19.572283 19.45487 19.47202 19.46031 19.259357 19.152264 19.029968 18.809889 18.612144 18.373886 17.918436 17.482737 17.110765 16.79569 16.521593 16.315353 16.107355 15.96787 15.881388 15.768632 15.629142 15.530065 15.460309 15.194145 14.700739 14.135731 -999999.0 14.071303 -999999.0 -999999.0 -999999.0 -999999.0 -999999.0 -999999.0 -999999.0 -999999.0 -999999.0 -999999.0 -999999.0
19.127163 19.417686 19.62986 19.859509 20.314852 20.781233 21.119877 21.27039 21.309164 21.25612 21.013786 20.726686 20.462145 20.267242 20.175022 20.191809 20.121271 19.817215 19.810146 19.677998 19.467377 19.250105 19.300325 19.366379 19.476889 19.249584 19.00955 18.806318 18.655153 18.487158 18.155735 17.78254 17.45828 17.110874 16.673946 16.272968 15.932833 15.754644 15.713835 15.6663685 15.603765 15.485338 15.405323 15.229835 14.873347 -999999.0 13.975144 -999999.0 -999999.0 -999999.0 -999999.0 -999999.0 -999999.0 -999999.0 -999999.0 -999999.0 -999999.0 -999999.0 -999999.0 -999999.0
19.24339 19.607334 19.950546 20.151033 20.524393 21.026487 21.306839 21.42273 21.415459 21.165457 20.988096 20.740677 20.366035 20.192863 20.183134 20.208475 20.066568 19.874445 19.682152 19.407888 19.119055 19.03712 19.06714 19.146334 19.25 19.201443 19.016191 18.758364 18.48867 18.262848 17.95999 17.614878 17.23663 16.815214 16.339645 15.944394 15.599994 15.436157 15.35836 15.336805 15.330846 15.176095 15.080722 14.873938 -999999.0 -999999.0 13.770386 -999999.0 -999999.0 -999999.0 -999999.0 -999999.0 -999999.0 -999999.0 -999999.0 -999999.0 -999999.0 -999999.0 -999999.0 -999999.0
19.523764 19.859608 20.257166 20.580381 20.880722 21.208717 21.37759 21.498909 21.393276 21.043083 20.892223 20.710842 20.373812 20.18421 20.15905 20.05124 19.860508 19.729076 19.384443 19.165258 19.025684 18.960526 19.013124 19.007114 19.083239 19.11295 18.98335 18.778246 18.424683 18.127209 17.834116 17.477797 17.040684 16.59084 16.049755 15.598269 15.3517065 15.202514 15.042029 15.002001 14.98072 14.885858 14.786905 14.580958 -999999.0 -999999.0 -999999.0 13.119177 -999999.0 -999999.0 -999999.0 -999999.0 -999999.0 -999999.0 -999999.0 -999999.0 -999999.0 -999999.0 -999999.0 -999999.0
19.847046 20.230368 20.616693 20.909601 21.13499 21.315004 21.347555 21.34169 21.229912 20.97188 20.706648 20.518927 20.282959 20.16636 20.055767 19.851097 19.639475 19.47561 19.194998 19.03328 19.044668 19.012022 19.050716 19.003483 19.048756 19.069866 18.960798 18.69652 18.39189 18.052933 17.637125 17.290041 16.900152 16.503109 15.946283 15.395644 15.206803 14.994228 14.757637 14.586776 14.62165 14.66957 14.516227 14.298481 -999999.0 -999999.0 13.373491 12.983238 -999999.0 -999999.0 -999999.0 -999999.0 -999999.0 -999999.0 -999999.0 -999999.0 -999999.0 -999999.0 -999999.0 -999999.0
20.061152 20.433702 20.85713 21.233854 21.311237 21.26989 21.214487 21.15243 21.025097 20.668709 20.286913 20.120825 20.07497 20.022211 19.946209 19.75822 19.543581 19.419687 19.220222 19.046394 19.011717 19.021263 18.963097 18.930573 18.938026 18.914173 18.767889 18.530315 18.238974 17.901823 17.51811 17.18775 16.912437 16.474285 15.973749 15.484557 15.103781 14.712524 14.479275 14.388617 14.396942 14.347708 14.181736 13.975077 -999999.0 13.499702 13.27171 12.886177 -999999.0 -999999.0 -999999.0 -999999.0 -999999.0 -999999.0 -999999.0 -999999.0 -999999.0 -999999.0 -999999.0 -999999.0
20.257196 20.573038 20.94415 21.397003 21.382788 21.155416 21.021904 20.787592 20.487356 20.138294 19.860788 19.703453 19.700556 19.774227 19.703274 19.573895 19.40022 19.290981 19.236923 19.122358 19.022497 18.94419 18.88166 18.810785 18.838125 18.740738 18.49151 18.29047 17.952919 17.66299 17.34993 17.132582 16.844563 16.367836 15.913309 15.508217 14.9977 14.539659 14.291455 14.217007 14.192434 14.094722 13.944488 13.807666 13.640807 13.408242 13.24439 12.9448595 -999999.0 -999999.0 -999999.0 -999999.0 -999999.0 -999999.0 -999999.0 -999999.0 -999999.0 -999999.0 -999999.0 -999999.0
20.167116 20.507668 20.87271 21.241426 21.13526 20.899225 20.77148 20.450188 19.978832 19.64177 19.391375 19.360277 19.386208 19.450378 19.314512 19.260426 19.177414 19.081165 19.074373 19.176521 19.07444 18.894676 18.768896 18.633244 18.59221 18.540674 18.320324 17.964842 17.587011 17.31145 17.15476 16.911963 16.558098 16.166954 15.7861 15.40591 14.972734 14.507625 14.1774845 14.077083 14.042403 13.958814 13.86487 13.702013 13.509505 13.287852 13.065354 12.879771 -999999.0 -999999.0 -999999.0 -999999.0 -999999.0 -999999.0 -999999.0 -999999.0 -999999.0 -999999.0 -999999.0 -999999.0
