data/TNO-HT-ATES/HT-ATES_msz2/msz2__temp_end_prod_P50_basecase_80-45-40.asc
ncols  140
nrows  163
xllcorner  0.0
yllcorner  300000.0
cellsize  2000.0
NODATA_value  -999999.0
[rows 28 to 55 of 163, columns 63 to 125 of 140]
52.23062 52.591526 52.664345 52.62068 52.567352 52.448383 52.452007 52.410053 52.30723 52.085712 51.67204 51.179974 51.5586 52.052307 51.937103 51.784767 51.67516 51.73556 51.685207 52.555862 52.884064 52.93685 52.945126 52.833305 52.682625 52.480473 52.319637 51.9088 51.43867 50.959293 50.677807 50.259308 49.862724 49.47124 48.970955 48.54976 48.297707 47.97011 47.69996 47.350624 46.69969 0.0 0.0 0.0 0.0 0.0 -999999.0 -999999.0 -999999.0 -999999.0 -999999.0 -999999.0 -999999.0 -999999.0 -999999.0 -999999.0 -999999.0 -999999.0 -999999.0 -999999.0 -999999.0 -999999.0 -999999.0
52.075394 52.29327 52.395313 52.427444 52.33463 52.26119 52.13806 52.201683 52.072887 51.84285 51.21771 51.243984 51.64623 51.711277 51.832962 51.54797 -999999.0 51.891754 51.99261 52.53863 53.01547 53.04862 52.988804 52.868004 52.676937 52.49464 52.199677 51.753296 51.28514 50.848465 50.498074 50.242043 49.440193 48.36215 47.399113 48.06974 48.421253 48.004135 47.530136 47.03998 46.458443 0.0 0.0 0.0 0.0 0.0 -999999.0 -999999.0 -999999.0 0.0 -999999.0 -999999.0 -999999.0 -999999.0 -999999.0 -999999.0 -999999.0 -999999.0 -999999.0 -999999.0 -999999.0 -999999.0 -999999.0
51.436584 51.617344 51.80309 51.89458 51.792835 51.87604 51.79418 51.719723 51.847385 51.28136 51.369312 51.409634 51.655968 51.573734 51.697124 51.873905 52.11878 52.3656 52.531433 52.71243 52.92275 52.806072 52.879627 52.90106 52.655373 52.30602 52.012535 51.592022 51.087307 49.540417 49.44288 49.318954 48.728436 47.222446 45.39953 -999999.0 48.290962 47.85807 47.32704 46.748127 46.078278 45.695843 45.561935 0.0 0.0 0.0 0.0 0.0 -999999.0 0.0 -999999.0 -999999.0 -999999.0 -999999.0 -999999.0 -999999.0 -999999.0 -999999.0 -999999.0 -999999.0 -999999.0 -999999.0 -999999.0
50.88489 51.0923 51.199272 51.227318 51.19778 51.64152 51.52096 51.238693 51.23299 51.392277 51.52006 51.564194 51.690033 51.652103 51.78729 52.40876 52.62189 52.7896 52.73381 52.662865 52.825005 52.18615 51.98602 52.63805 52.56882 52.211025 51.808216 51.28549 49.966167 47.43127 47.641476 48.241566 48.49918 47.256863 46.298374 47.102646 47.987328 47.617886 46.91259 46.125988 0.0 0.0 0.0 46.053055 46.937542 47.096012 46.459156 0.0 0.0 0.0 0.0 -999999.0 -999999.0 -999999.0 -999999.0 -999999.0 -999999.0 -999999.0 -999999.0 -999999.0 -999999.0 -999999.0 -999999.0
50.41629 50.59647 50.820393 50.936195 51.18923 51.383316 51.21702 50.987732 50.73702 51.217716 51.475594 51.702755 51.875088 52.08688 52.141758 52.69478 52.7157 52.790833 52.78166 52.74727 52.78135 52.411446 52.178818 52.608917 52.41261 52.04546 51.563873 51.004234 47.890503 0.0 46.796253 47.791267 48.054535 47.64066 47.21754 47.25505 47.321896 47.127678 46.38669 0.0 0.0 0.0 0.0 46.31162 46.952114 47.427605 47.61595 46.52151 0.0 -999999.0 0.0 -999999.0 -999999.0 -999999.0 -999999.0 -999999.0 -999999.0 -999999.0 -999999.0 -999999.0 -999999.0 -999999.0 -999999.0
49.914997 50.275246 50.668644 50.92941 51.07119 51.20687 50.9813 50.876278 50.067314 50.966553 51.60683 51.84774 52.083813 52.300064 52.389618 52.72805 52.897625 52.87505 52.685658 52.768307 52.679756 52.40639 52.137802 52.436554 52.20043 51.86536 51.44015 50.624477 48.30054 47.469475 47.28703 48.153194 48.45159 48.329823 47.96372 47.401653 46.860275 46.221348 0.0 0.0 0.0 0.0 0.0 46.180344 46.66861 47.14434 47.16619 0.0 0.0 0.0 -999999.0 -999999.0 -999999.0 -999999.0 -999999.0 -999999.0 -999999.0 -999999.0 -999999.0 -999999.0 -999999.0 -999999.0 -999999.0
49.290234 49.561947 50.28532 50.69572 50.814137 51.073105 51.012783 50.863323 50.92082 51.307606 51.798264 51.971104 51.942226 52.24499 52.49179 52.740604 52.892933 52.735104 52.58265 52.397846 52.332775 52.204884 52.12002 52.289997 51.968132 51.604565 51.19562 50.31707 48.497547 47.418083 47.87065 48.660236 49.1542 49.09206 48.571457 47.67125 46.755554 45.78805 0.0 0.0 -999999.0 0.0 0.0 45.942104 46.468685 46.895855 0.0 0.0 0.0 0.0 -999999.0 -999999.0 -999999.0 -999999.0 -999999.0 -999999.0 -999999.0 -999999.0 -999999.0 -999999.0 -999999.0 -999999.0 -999999.0
49.021385 49.54603 50.07083 50.48257 50.74352 50.869743 50.912064 50.825966 50.90163 51.313614 51.729904 51.90966 51.89155 52.125023 52.807877 52.76344 52.85242 52.784576 52.64299 52.338913 51.863155 51.855762 52.34324 52.036617 51.705093 51.30217 50.92628 49.818844 48.177372 47.027096 47.805576 49.008423 49.75114 49.753098 49.09772 48.00091 46.63299 0.0 0.0 0.0 0.0 0.0 0.0 0.0 46.568687 0.0 0.0 0.0 0.0 -999999.0 -999999.0 -999999.0 -999999.0 -999999.0 -999999.0 -999999.0 -999999.0 -999999.0 -999999.0 -999999.0 -999999.0 -999999.0 -999999.0
48.94841 49.476727 50.017704 50.443726 50.748974 50.68277 50.810375 50.760315 50.921925 51.311466 51.470406 51.72624 51.751522 52.14585 52.687885 52.69561 52.855637 52.798836 52.555855 52.182514 51.968143 51.82377 52.000057 51.718117 51.341118 50.904865 50.571888 49.068737 47.158943 46.343586 47.9165 49.521255 49.880825 49.715904 49.403164 48.555946 46.825512 0.0 0.0 0.0 0.0 0.0 0.0 0.0 0.0 0.0 0.0 0.0 -999999.0 -999999.0 0.0 0.0 -999999.0 -999999.0 -999999.0 -999999.0 -999999.0 -999999.0 -999999.0 -999999.0 -999999.0 -999999.0 -999999.0
48.35548 49.328625 49.950424 50.43908 50.631947 50.86412 50.62681 50.501812 50.869743 51.097515 50.996513 51.09099 51.50637 52.113167 52.58667 52.664043 52.837795 52.85406 52.599617 52.287125 51.826187 51.557945 51.29885 51.293564 50.808136 50.552242 49.894466 48.296043 45.98618 0.0 47.763195 49.6776 49.828823 49.703735 49.38767 48.414658 46.21091 0.0 0.0 0.0 0.0 0.0 0.0 0.0 0.0 0.0 0.0 -999999.0 0.0 0.0 0.0 46.952446 -999999.0 -999999.0 -999999.0 -999999.0 -999999.0 -999999.0 -999999.0 -999999.0 -999999.0 -999999.0 -999999.0
48.33748 49.149593 49.720432 50.421528 50.414783 50.70931 50.715073 49.980267 50.069546 50.430763 50.74763 51.023502 51.3671 52.27711 52.7416 52.821888 52.949627 52.815304 52.563915 52.185585 51.624615 51.21365 50.856873 50.977703 50.43008 50.152424 49.336414 48.069244 46.56884 46.43045 47.938293 49.460697 49.612488 49.56164 49.309032 47.50047 0.0 0.0 0.0 0.0 0.0 0.0 0.0 0.0 0.0 0.0 -999999.0 0.0 0.0 0.0 0.0 0.0 -999999.0 -999999.0 -999999.0 -999999.0 -999999.0 -999999.0 -999999.0 -999999.0 -999999.0 -999999.0 -999999.0
48.183395 49.07424 49.76538 50.214188 50.4778 50.788113 50.792892 50.417957 49.819176 49.90923 50.58689 50.948807 51.60976 52.251286 52.732826 52.987545 52.906727 52.761513 52.517708 52.10424 51.3562 50.965595 50.624435 50.850464 50.465485 50.14884 49.27154 48.156822 47.256317 47.14264 47.89828 48.79446 49.36525 49.23353 48.00042 45.676712 0.0 -999999.0 -999999.0 0.0 0.0 0.0 0.0 0.0 0.0 -999999.0 -999999.0 0.0 0.0 -999999.0 -999999.0 -999999.0 -999999.0 -999999.0 -999999.0 -999999.0 -999999.0 -999999.0 -999999.0 -999999.0 -999999.0 -999999.0 -999999.0
48.931087 49.449715 49.760212 50.267498 50.525803 51.04773 50.894775 50.546185 50.24633 49.50883 50.069168 50.83466 51.50017 52.091106 52.775707 52.986378 52.840878 52.68658 52.414303 51.910965 51.598305 51.10434 50.80684 50.778168 50.48394 50.127865 49.287304 48.3722 47.680145 47.363285 47.454887 47.726364 47.931072 47.650524 46.299397 0.0 0.0 -999999.0 -999999.0 0.0 0.0 0.0 0.0 0.0 0.0 0.0 0.0 0.0 -999999.0 -999999.0 -999999.0 -999999.0 -999999.0 -999999.0 -999999.0 -999999.0 -999999.0 -999999.0 -999999.0 -999999.0 -999999.0 -999999.0 -999999.0
49.568638 49.913418 50.37703 50.75572 50.819313 50.90363 51.06832 50.74848 50.368057 50.391254 50.069447 50.715076 51.49314 52.078304 52.91533 52.810425 52.639404 52.41868 52.113457 51.906013 51.559586 51.01588 50.944763 50.746117 50.4558 50.291183 49.513668 48.50942 47.811462 47.452507 46.956867 46.521923 46.14604 45.878365 0.0 0.0 0.0 0.0 0.0 0.0 0.0 0.0 0.0 0.0 0.0 0.0 0.0 -999999.0 -999999.0 -999999.0 -999999.0 -999999.0 -999999.0 -999999.0 -999999.0 -999999.0 -999999.0 -999999.0 -999999.0 -999999.0 -999999.0 -999999.0 -999999.0
50.07719 50.362823 50.855442 51.150158 51.137676 51.11804 51.022827 50.7364 50.26886 50.506992 50.02437 50.409824 51.359066 52.047043 52.645096 52.499043 52.289436 52.007004 51.72477 51.49172 51.00808 50.8924 50.660484 50.783566 50.378773 50.17213 49.66603 48.80161 47.869576 46.954357 46.070717 0.0 0.0 0.0 0.0 0.0 0.0 0.0 0.0 0.0 0.0 0.0 0.0 0.0 0.0 0.0 0.0 -999999.0 -999999.0 -999999.0 -999999.0 -999999.0 -999999.0 -999999.0 -999999.0 -999999.0 -999999.0 -999999.0 -999999.0 -999999.0 -999999.0 -999999.0 -999999.0
50.605392 50.861565 51.234783 51.36138 51.277565 51.226196 51.06633 50.655018 50.285347 50.37274 50.34812 50.443096 50.740726 51.486786 52.045517 51.972843 51.73135 51.57791 51.08629 50.33544 50.40294 50.335705 50.3173 50.61093 50.433178 49.946873 49.51163 48.88791 47.738743 46.450413 0.0 0.0 0.0 0.0 0.0 0.0 0.0 0.0 0.0 0.0 0.0 0.0 0.0 0.0 0.0 0.0 -999999.0 -999999.0 -999999.0 -999999.0 -999999.0 -999999.0 -999999.0 -999999.0 -999999.0 -999999.0 -999999.0 -999999.0 -999999.0 -999999.0 -999999.0 -999999.0 -999999.0
51.123642 51.393066 51.518684 51.486248 51.326664 51.17223 51.017982 50.67072 50.200256 50.208878 50.408985 50.569653 50.768467 50.794044 51.14617 51.331028 51.088108 50.68682 50.169895 48.943043 49.398808 49.77518 49.967587 50.40972 50.350204 49.751884 49.191364 48.788425 47.8238 46.357323 0.0 0.0 0.0 0.0 0.0 0.0 0.0 0.0 0.0 0.0 0.0 0.0 0.0 0.0 -999999.0 0.0 -999999.0 -999999.0 -999999.0 -999999.0 -999999.0 -999999.0 -999999.0 -999999.0 -999999.0 -999999.0 -999999.0 -999999.0 -999999.0 -999999.0 -999999.0 -999999.0 -999999.0
51.695564 51.84733 51.789536 51.589893 51.556534 51.072098 50.948174 50.637463 50.154495 49.94135 49.55754 50.61484 51.079994 50.709877 50.54001 50.314304 50.180145 49.056736 47.813625 48.39658 48.817104 49.161224 49.457253 50.068157 50.153778 49.894653 49.07846 48.68415 48.06298 46.83673 0.0 0.0 0.0 0.0 0.0 0.0 0.0 0.0 0.0 0.0 0.0 0.0 -999999.0 0.0 -999999.0 -999999.0 -999999.0 -999999.0 -999999.0 -999999.0 -999999.0 -999999.0 -999999.0 -999999.0 -999999.0 -999999.0 -999999.0 -999999.0 -999999.0 -999999.0 -999999.0 -999999.0 -999999.0
52.171486 52.253365 52.188084 51.93536 51.226536 50.947594 50.904144 50.711006 50.739132 50.162674 49.48941 51.046715 51.371174 50.101143 49.523125 49.0085 0.0 0.0 0.0 0.0 46.418865 47.62043 48.51878 49.431046 50.012726 49.828373 49.46398 48.933067 48.58005 47.39576 45.88773 0.0 0.0 0.0 0.0 0.0 0.0 0.0 0.0 0.0 0.0 -999999.0 -999999.0 0.0 -999999.0 -999999.0 -999999.0 -999999.0 -999999.0 -999999.0 -999999.0 -999999.0 -999999.0 -999999.0 -999999.0 -999999.0 -999999.0 -999999.0 -999999.0 -999999.0 -999999.0 -999999.0 -999999.0
52.571648 52.61157 52.62452 52.331554 51.726887 51.41685 51.39269 51.212395 51.08933 50.543064 50.55579 51.132957 51.036922 49.45889 47.89724 46.36416 0.0 0.0 0.0 0.0 0.0 47.173748 48.321762 49.037556 49.576736 49.808704 49.316635 48.704304 48.147068 47.320087 45.98227 0.0 0.0 0.0 0.0 0.0 0.0 0.0 0.0 0.0 0.0 -999999.0 -999999.0 -999999.0 0.0 -999999.0 -999999.0 -999999.0 -999999.0 -999999.0 -999999.0 -999999.0 -999999.0 -999999.0 -999999.0 -999999.0 -999999.0 -999999.0 -999999.0 -999999.0 -999999.0 -999999.0 -999999.0
52.990086 53.087223 52.975567 52.672417 52.346695 52.06431 51.98639 51.787655 51.39893 51.060856 50.65655 50.55207 49.820488 48.728943 47.32263 0.0 0.0 0.0 46.377605 47.193714 47.448498 47.86104 48.389957 49.004055 49.213375 49.308865 49.32964 48.815487 48.362194 47.682175 46.24938 0.0 45.7378 0.0 0.0 0.0 0.0 0.0 0.0 0.0 0.0 -999999.0 -999999.0 0.0 0.0 -999999.0 -999999.0 -999999.0 -999999.0 -999999.0 -999999.0 -999999.0 -999999.0 -999999.0 -999999.0 -999999.0 -999999.0 -999999.0 -999999.0 -999999.0 -999999.0 -999999.0 -999999.0
53.415752 53.390182 53.168137 52.898922 52.634636 52.379444 52.159725 51.89459 51.705544 50.996044 50.251137 49.759987 48.59532 48.14619 47.58992 46.643417 0.0 0.0 0.0 47.711384 48.850018 48.531147 48.174107 48.580963 49.11 48.892944 48.81655 48.980263 48.45671 47.81247 46.755596 46.206787 0.0 0.0 0.0 0.0 0.0 0.0 0.0 0.0 0.0 -999999.0 0.0 0.0 0.0 -999999.0 -999999.0 -999999.0 -999999.0 -999999.0 -999999.0 -999999.0 -999999.0 -999999.0 -999999.0 -999999.0 -999999.0 -999999.0 -999999.0 -999999.0 -999999.0 -999999.0 -999999.0
53.603542 53.531887 53.26941 53.00159 52.70564 52.369854 52.105484 51.80605 51.423264 50.662647 50.407623 49.70586 48.804596 48.635105 47.708523 48.497837 46.675117 0.0 0.0 47.326824 48.956245 49.094193 48.108356 46.54428 48.906982 47.56817 47.55068 48.169075 48.193226 47.408276 46.45016 45.729126 0.0 0.0 0.0 0.0 0.0 0.0 0.0 0.0 0.0 0.0 0.0 0.0 0.0 -999999.0 -999999.0 -999999.0 -999999.0 -999999.0 -999999.0 -999999.0 -999999.0 -999999.0 -999999.0 -999999.0 -999999.0 -999999.0 -999999.0 -999999.0 -999999.0 -999999.0 -999999.0
53.43037 53.389473 53.216927 53.025234 52.65169 52.284916 52.066063 51.787132 51.515396 50.8021 50.3979 49.76409 48.992523 48.778313 48.86869 49.2558 47.236847 46.847786 47.396126 48.037228 49.06127 49.160122 48.75254 48.547226 47.653557 47.076344 46.892372 47.304955 47.886242 47.417267 46.76944 45.945824 0.0 0.0 0.0 0.0 0.0 0.0 0.0 0.0 0.0 0.0 0.0 0.0 0.0 -999999.0 -999999.0 -999999.0 -999999.0 -999999.0 -999999.0 -999999.0 -999999.0 -999999.0 -999999.0 -999999.0 -999999.0 -999999.0 -999999.0 -999999.0 -999999.0 -999999.0 -999999.0
53.04547 53.014217 52.935028 52.78736 52.569736 52.25732 51.65514 51.349506 51.4156 51.098328 50.76815 50.22642 49.558247 49.444782 49.44859 49.113262 48.28218 48.32103 47.853546 48.475895 49.341934 49.179775 49.232098 48.582024 46.146606 46.681267 47.070282 46.745594 47.003708 47.33976 47.326637 46.160206 45.828407 45.193356 0.0 0.0 0.0 0.0 0.0 0.0 0.0 0.0 0.0 0.0 -999999.0 -999999.0 -999999.0 -999999.0 -999999.0 -999999.0 -999999.0 -999999.0 -999999.0 -999999.0 -999999.0 -999999.0 -999999.0 -999999.0 -999999.0 -999999.0 -999999.0 -999999.0 -999999.0
52.513584 52.435646 52.41171 52.444176 52.360653 52.12379 51.636 51.326324 51.39332 51.002193 50.660927 50.304348 49.69663 49.228107 49.245205 48.718433 49.60336 49.02261 48.25417 48.993404 49.869225 49.785324 49.57208 48.795776 47.166046 48.063595 47.449947 0.0 46.14708 47.10456 47.36599 46.458046 46.07787 46.066284 0.0 0.0 0.0 0.0 0.0 0.0 0.0 0.0 0.0 0.0 -999999.0 -999999.0 -999999.0 -999999.0 -999999.0 -999999.0 -999999.0 -999999.0 -999999.0 -999999.0 -999999.0 -999999.0 -999999.0 -999999.0 -999999.0 -999999.0 -999999.0 -999999.0 -999999.0
51.677937 51.40027 51.605694 51.98859 52.100197 51.995575 51.772923 51.636715 51.34343 50.746216 50.344475 49.953747 49.59753 49.724514 49.59446 49.086105 50.00165 49.226135 48.297276 49.780903 50.147778 50.107224 49.83585 49.26453 48.565884 47.462177 46.875572 46.238052 45.9626 46.854435 47.131973 47.451836 47.262035 45.796913 0.0 0.0 0.0 -999999.0 0.0 0.0 0.0 0.0 0.0 0.0 -999999.0 -999999.0 -999999.0 -999999.0 -999999.0 -999999.0 -999999.0 -999999.0 -999999.0 -999999.0 -999999.0 -999999.0 -999999.0 -999999.0 -999999.0 -999999.0 -999999.0 -999999.0 -999999.0
51.069786 50.256073 51.050835 51.76538 51.9515 51.890026 51.780476 51.543777 51.184605 50.486034 49.911972 49.470947 49.405666 50.0581 50.14883 49.847694 50.4213 49.555 48.41734 49.89663 50.06693 50.036797 49.962147 49.664764 48.52752 46.24397 46.22348 46.07546 45.756203 47.505726 47.6594 47.64701 47.347733 45.722588 0.0 0.0 -999999.0 -999999.0 0.0 0.0 0.0 0.0 0.0 0.0 -999999.0 -999999.0 -999999.0 -999999.0 -999999.0 -999999.0 -999999.0 -999999.0 -999999.0 -999999.0 -999999.0 -999999.0 -999999.0 -999999.0 -999999.0 -999999.0 -999999.0 -999999.0 -999999.0
