data/TNO-HT-ATES/HT-ATES_msz2/msz2__top_depth_basecase_80-45-40.asc
ncols  140
nrows  163
xllcorner  0.0
yllcorner  300000.0
cellsize  2000.0
NODATA_value  -999999.0
[rows 0 to 26 of 163, columns 61 to 121 of 140]
-999999.0 -999999.0 -999999.0 -999999.0 -999999.0 -999999.0 -999999.0 -999999.0 -999999.0 -999999.0 -999999.0 -999999.0 -999999.0 -999999.0 -999999.0 -999999.0 -999999.0 -999999.0 -999999.0 -999999.0 -999999.0 -999999.0 -999999.0 -999999.0 -999999.0 -999999.0 -999999.0 -999999.0 -999999.0 -999999.0 -999999.0 -999999.0 -999999.0 -999999.0 -999999.0 -999999.0 -999999.0 -999999.0 -999999.0 -999999.0 -999999.0 -999999.0 -999999.0 -999999.0 -999999.0 -999999.0 -999999.0 -999999.0 -999999.0 -999999.0 -999999.0 -999999.0 -999999.0 -999999.0 -999999.0 -999999.0 -999999.0 -999999.0 -999999.0 -999999.0 -999999.0
-999999.0 -999999.0 -999999.0 -999999.0 -999999.0 -999999.0 -999999.0 -999999.0 -999999.0 -999999.0 -999999.0 -999999.0 -999999.0 -999999.0 -999999.0 -999999.0 -999999.0 -999999.0 -999999.0 -999999.0 -999999.0 -999999.0 -999999.0 -999999.0 -999999.0 -999999.0 -999999.0 -999999.0 -999999.0 -999999.0 -999999.0 -999999.0 -999999.0 -999999.0 -999999.0 -999999.0 -999999.0 -999999.0 -999999.0 -999999.0 -999999.0 -999999.0 -999999.0 -999999.0 -999999.0 -999999.0 -999999.0 -999999.0 -999999.0 -999999.0 -999999.0 -999999.0 -999999.0 -999999.0 -999999.0 -999999.0 -999999.0 -999999.0 -999999.0 -999999.0 -999999.0
-999999.0 -999999.0 -999999.0 -999999.0 -999999.0 -999999.0 -999999.0 -999999.0 -999999.0 -999999.0 -999999.0 -999999.0 -999999.0 -999999.0 -999999.0 -999999.0 -999999.0 -999999.0 -999999.0 -999999.0 -999999.0 -999999.0 -999999.0 -999999.0 -999999.0 -999999.0 -999999.0 -999999.0 -999999.0 -999999.0 -999999.0 -999999.0 -999999.0 -999999.0 -999999.0 -999999.0 -999999.0 -999999.0 -999999.0 -999999.0 -999999.0 -999999.0 -999999.0 -999999.0 -999999.0 -999999.0 -999999.0 -999999.0 -999999.0 -999999.0 -999999.0 -999999.0 -999999.0 -999999.0 -999999.0 -999999.0 -999999.0 -999999.0 -999999.0 -999999.0 -999999.0
-999999.0 -999999.0 -999999.0 -999999.0 -999999.0 -999999.0 -999999.0 -999999.0 -999999.0 -999999.0 -999999.0 -999999.0 -999999.0 -999999.0 -999999.0 -999999.0 -999999.0 -999999.0 -999999.0 -999999.0 -999999.0 -999999.0 -999999.0 -999999.0 -999999.0 -999999.0 -999999.0 -999999.0 -999999.0 -999999.0 -999999.0 -999999.0 -999999.0 -999999.0 -999999.0 -999999.0 -999999.0 -999999.0 -999999.0 -999999.0 -999999.0 -999999.0 -999999.0 -999999.0 -999999.0 -999999.0 -999999.0 -999999.0 -999999.0 -999999.0 -999999.0 -999999.0 -999999.0 -999999.0 -999999.0 -999999.0 -999999.0 -999999.0 -999999.0 -999999.0 -999999.0
-999999.0 -999999.0 -999999.0 -999999.0 -999999.0 -999999.0 -999999.0 -999999.0 -999999.0 -999999.0 -999999.0 -999999.0 -999999.0 -999999.0 -999999.0 -999999.0 -999999.0 -999999.0 -999999.0 -999999.0 -999999.0 -999999.0 -999999.0 -999999.0 -999999.0 -999999.0 -999999.0 -999999.0 -999999.0 -999999.0 -999999.0 -999999.0 -999999.0 -999999.0 -999999.0 -999999.0 -999999.0 -999999.0 -999999.0 -999999.0 -999999.0 -999999.0 -999999.0 -999999.0 -999999.0 -999999.0 -999999.0 -999999.0 -999999.0 150.4225 150.11 -999999.0 -999999.0 -999999.0 -999999.0 -999999.0 -999999.0 -999999.0 -999999.0 -999999.0 -999999.0
-999999.0 -999999.0 -999999.0 -999999.0 -999999.0 -999999.0 -999999.0 -999999.0 -999999.0 -999999.0 -999999.0 -999999.0 -999999.0 -999999.0 -999999.0 -999999.0 -999999.0 -999999.0 -999999.0 -999999.0 -999999.0 -999999.0 -999999.0 -999999.0 -999999.0 -999999.0 -999999.0 -999999.0 -999999.0 -999999.0 -999999.0 -999999.0 -999999.0 -999999.0 -999999.0 -999999.0 -999999.0 -999999.0 -999999.0 -999999.0 -999999.0 -999999.0 -999999.0 -999999.0 -999999.0 -999999.0 -999999.0 -999999.0 150.295 148.58499 148.63 -999999.0 -999999.0 -999999.0 -999999.0 -999999.0 -999999.0 -999999.0 -999999.0 -999999.0 -999999.0
-999999.0 -999999.0 -999999.0 -999999.0 -999999.0 -999999.0 -999999.0 -999999.0 -999999.0 -999999.0 -999999.0 -999999.0 -999999.0 -999999.0 -999999.0 -999999.0 -999999.0 -999999.0 -999999.0 -999999.0 -999999.0 -999999.0 -999999.0 -999999.0 -999999.0 -999999.0 -999999.0 -999999.0 -999999.0 -999999.0 -999999.0 -999999.0 -999999.0 -999999.0 -999999.0 -999999.0 -999999.0 -999999.0 -999999.0 -999999.0 -999999.0 194.83 189.0975 181.9 173.3825 165.16 157.975 152.28 148.79001 147.07999 146.6175 147.36002 -999999.0 -999999.0 -999999.0 -999999.0 -999999.0 -999999.0 -999999.0 -999999.0 -999999.0
-999999.0 -999999.0 -999999.0 -999999.0 -999999.0 -999999.0 -999999.0 -999999.0 -999999.0 -999999.0 -999999.0 -999999.0 -999999.0 -999999.0 -999999.0 -999999.0 -999999.0 -999999.0 -999999.0 -999999.0 -999999.0 -999999.0 -999999.0 -999999.0 -999999.0 -999999.0 -999999.0 -999999.0 -999999.0 -999999.0 -999999.0 -999999.0 -999999.0 -999999.0 -999999.0 -999999.0 -999999.0 222.83333 218.35748 212.00998 204.685 197.86748 191.8925 184.23 175.01749 165.70999 156.7125 149.845 147.20749 145.4425 144.35251 143.83249 145.4725 -999999.0 -999999.0 -999999.0 -999999.0 -999999.0 -999999.0 -999999.0 -999999.0
-999999.0 -999999.0 -999999.0 -999999.0 -999999.0 -999999.0 -999999.0 -999999.0 -999999.0 -999999.0 -999999.0 -999999.0 -999999.0 -999999.0 -999999.0 -999999.0 -999999.0 -999999.0 -999999.0 -999999.0 -999999.0 -999999.0 -999999.0 -999999.0 -999999.0 279.01 279.54248 -999999.0 -999999.0 -999999.0 -999999.0 -999999.0 258.1125 237.65001 216.51749 -999999.0 -999999.0 -999999.0 -999999.0 216.07999 209.01001 202.08 195.06248 186.8725 177.67749 167.94499 157.9625 150.38498 147.17249 144.57 142.53749 139.905 142.39749 -999999.0 -999999.0 -999999.0 -999999.0 -999999.0 -999999.0 -999999.0 -999999.0
-999999.0 -999999.0 -999999.0 -999999.0 -999999.0 -999999.0 -999999.0 -999999.0 -999999.0 -999999.0 -999999.0 -999999.0 -999999.0 -999999.0 -999999.0 -999999.0 -999999.0 -999999.0 -999999.0 -999999.0 277.11 277.19998 277.41498 277.12997 277.8325 278.44498 278.81 279.12 279.1325 279.00998 278.125 272.62997 257.84247 240.415 225.76749 -999999.0 222.10498 -999999.0 -999999.0 -999999.0 212.855 205.7625 198.0475 189.42 180.1825 170.78749 161.745 154.5 149.245 145.08 142.325 140.8675 140.925 -999999.0 -999999.0 -999999.0 -999999.0 -999999.0 -999999.0 -999999.0 -999999.0
-999999.0 -999999.0 -999999.0 -999999.0 -999999.0 -999999.0 -999999.0 -999999.0 -999999.0 -999999.0 -999999.0 -999999.0 -999999.0 -999999.0 -999999.0 -999999.0 -999999.0 277.025 276.78748 276.72748 276.865 276.69998 275.9375 276.04248 276.9975 277.57248 277.765 277.6325 277.0575 275.8475 273.0725 266.6975 256.0825 243.5475 232.74251 -999999.0 212.9875 218.855 -999999.0 -999999.0 215.81 208.98 200.6575 191.51 182.245 173.41249 165.4925 158.31998 151.82999 146.555 142.855 139.4425 141.0325 -999999.0 -999999.0 -999999.0 -999999.0 -999999.0 -999999.0 -999999.0 -999999.0
-999999.0 -999999.0 -999999.0 -999999.0 -999999.0 -999999.0 -999999.0 -999999.0 -999999.0 -999999.0 -999999.0 -999999.0 -999999.0 -999999.0 286.715 285.955 279.04248 277.22998 276.85748 276.71 276.71 276.32248 275.16498 275.06998 275.7425 276.15 276.11 275.5625 274.26 272.25 268.74997 262.94748 254.82748 245.665 237.375 203.5125 201.72 215.8425 223.1825 222.435 218.51251 212.45 203.87999 194.075 184.8225 176.44 169.06999 161.995 154.9625 148.215 -999999.0 132.10333 135.91 -999999.0 -999999.0 -999999.0 -999999.0 -999999.0 -999999.0 -999999.0 -999999.0
-999999.0 -999999.0 -999999.0 -999999.0 -999999.0 -999999.0 -999999.0 -999999.0 -999999.0 -999999.0 296.46997 295.97247 294.0475 290.90253 287.5875 286.57 279.645 278.055 277.4 277.06 276.72498 276.15253 274.925 274.29498 274.16998 274.2125 274.09998 273.24 271.52002 269.04 265.445 283.755 254.1275 247.0925 240.6025 236.50249 208.84 224.3025 227.355 224.485 220.52 214.7625 206.265 196.44249 187.4125 179.48 172.64 165.8 158.8275 151.17749 140.015 -999999.0 -999999.0 -999999.0 -999999.0 -999999.0 -999999.0 -999999.0 -999999.0 -999999.0 -999999.0
-999999.0 -999999.0 -999999.0 -999999.0 -999999.0 -999999.0 -999999.0 -999999.0 -999999.0 295.38998 301.58752 300.29 295.335 292.21 288.69 286.97498 280.1775 278.71497 278.16498 277.345 276.76 276.065 274.755 273.845 273.04 272.5225 272.03 270.89 268.9775 266.41748 263.1875 268.88248 260.87 248.5225 243.13249 239.40498 -999999.0 -999999.0 236.605 228.2375 221.61499 213.96251 206.22 197.64 189.37999 182.11499 175.93 169.53 163.09 156.79749 -999999.0 170.12 -999999.0 -999999.0 -999999.0 -999999.0 -999999.0 -999999.0 -999999.0 -999999.0 -999999.0
-999999.0 -999999.0 -999999.0 -999999.0 -999999.0 -999999.0 -999999.0 -999999.0 293.0025 294.815 298.7125 298.21497 294.78998 291.5925 290.55997 288.0575 280.8 279.305 278.66248 277.5875 276.6725 275.90497 274.6725 273.565 272.245 271.115 270.065 268.575 266.60248 264.2725 261.5475 258.34497 278.3725 250.20999 245.23999 241.38249 -999999.0 -999999.0 243.43999 231.7475 221.8675 212.84248 205.41998 198.0675 190.76999 184.4625 179.08499 173.275 167.36499 161.915 158.735 160.7175 173.4075 -999999.0 147.14 -999999.0 -999999.0 -999999.0 -999999.0 -999999.0 -999999.0
-999999.0 -999999.0 -999999.0 -999999.0 -999999.0 -999999.0 -999999.0 -999999.0 293.205 293.07498 294.495 294.62 293.875 292.2975 290.19998 289.53 281.85498 279.99 279.15997 278.0075 276.60498 275.66998 274.40002 273.1475 271.475 269.88998 268.3075 266.41 264.305 262.03748 259.84998 257.71503 255.47751 252.54999 248.05249 277.4475 272.75 261.38995 247.1575 234.15749 223.715 212.34749 203.62 197.94499 192.19499 187.29498 182.565 177.21 171.56999 166.2925 162.89499 161.555 162.875 173.22748 162.73499 -999999.0 -999999.0 -999999.0 -999999.0 -999999.0 -999999.0
-999999.0 -999999.0 -999999.0 -999999.0 -999999.0 -999999.0 -999999.0 -999999.0 292.995 292.695 292.66248 292.7425 292.93 292.53998 290.68 289.87 284.285 280.85748 279.83 278.22998 276.41998 274.8575 274.0125 272.655 270.785 268.87497 266.8 264.3975 261.85498 259.41748 257.5775 256.4225 256.1675 256.09 254.66 278.97748 273.28 262.54248 248.8425 235.20998 225.0425 209.01999 201.81 198.4675 194.83499 190.89249 186.5075 181.3225 175.54251 170.0275 166.13748 162.55 157.805 -999999.0 -999999.0 -999999.0 -999999.0 -999999.0 -999999.0 -999999.0 -999999.0
-999999.0 -999999.0 -999999.0 -999999.0 -999999.0 293.16998 293.96747 293.23 292.84 292.4725 291.79498 291.8725 291.725 292.54498 291.395 290.335 285.7225 281.935 280.0975 278.13998 276.1 274.43497 273.5125 272.095 270.12247 268.15997 265.84998 262.73752 259.47 256.485 254.4 253.78 255.315 258.755 262.7425 280.10248 274.145 263.6875 248.5275 233.38248 223.4 206.8675 201.7475 201.1675 198.0025 194.73749 190.64249 185.56499 179.915 174.38501 169.78499 165.19249 -999999.0 -999999.0 -999999.0 -999999.0 -999999.0 -999999.0 -999999.0 -999999.0 -999999.0
-999999.0 -999999.0 -999999.0 290.055 292.25497 293.8525 295.1425 294.6025 292.93 292.18997 291.265 291.32498 291.35498 291.89 292.125 288.28 286.98 283.9625 279.865 277.715 275.6025 273.91998 272.97 271.46753 269.375 267.395 265.31 261.255 257.2525 253.45 250.20999 248.9225 251.77249 256.7625 260.78497 258.64252 274.64996 266.00748 248.92749 232.7275 224.6 211.73248 206.76 217.2875 201.92499 198.89249 194.94 190.005 184.385 178.845 173.45999 168.3725 -999999.0 -999999.0 -999999.0 -999999.0 -999999.0 -999999.0 -999999.0 -999999.0 -999999.0
-999999.0 -999999.0 286.6025 288.6825 291.19 294.15 296.2125 294.67252 293.0125 291.54248 290.68 290.84 291.79498 292.5 290.37497 288.39502 286.8225 283.8125 279.2675 277.08502 274.975 273.3575 272.3375 270.75998 268.5225 266.0925 263.31998 259.61002 255.4925 251.23499 246.7675 242.11499 247.515 252.2525 254.7725 253.84 250.5775 -999999.0 -999999.0 233.9975 224.91 218.205 -999999.0 -999999.0 217.085 -999999.0 199.2275 194.23749 188.935 183.325 177.8025 172.4525 -999999.0 -999999.0 -999999.0 -999999.0 -999999.0 -999999.0 -999999.0 -999999.0 -999999.0
-999999.0 283.05 284.78998 286.84 289.16 291.4875 293.155 293.09998 291.925 290.825 290.11002 289.95248 291.24 293.22247 293.685 289.09247 285.555 282.52747 278.365 276.32 274.34753 272.78998 271.64 270.01498 267.8 265.04 261.8 258.2575 254.58 250.71251 246.87749 244.59999 246.2875 248.92749 250.42749 249.79498 246.92749 -999999.0 -999999.0 231.1325 225.3375 -999999.0 -999999.0 -999999.0 -999999.0 208.8475 203.25 198.195 193.3675 187.555 181.9325 176.3575 -999999.0 -999999.0 -999999.0 -999999.0 -999999.0 -999999.0 -999999.0 -999999.0 -999999.0
279.56497 280.7625 282.365 284.27002 286.32748 288.3 289.77 290.5225 290.63 289.9725 289.11002 288.91498 289.9475 290.14 292.0475 287.33752 283.9575 280.95248 277.15 275.33997 273.61 272.1325 270.995 269.335 267.06 264.075 260.585 257.2925 254.27249 251.20999 248.365 246.66751 246.575 247.275 247.55249 246.90999 245.12999 -999999.0 -999999.0 229.54248 224.73248 -999999.0 -999999.0 -999999.0 -999999.0 217.1825 208.55249 201.075 196.93 190.39749 184.385 178.67 -999999.0 -999999.0 -999999.0 -999999.0 -999999.0 -999999.0 -999999.0 -999999.0 -999999.0
278.425 279.53247 279.78253 281.38 283.22 284.975 286.455 287.57 288.385 288.8 288.56 287.6475 286.4375 286.88748 286.80002 283.7575 281.495 279.39252 275.53 273.91498 272.72 271.465 270.38 268.7525 266.46002 263.3675 259.57498 256.5675 254.48999 252.075 249.7125 247.995 247.025 246.31499 245.3625 244.215 242.93 239.17749 -999999.0 227.11249 222.43 218.545 -999999.0 -999999.0 -999999.0 217.505 214.15999 201.1975 197.45 190.95248 184.73001 -999999.0 -999999.0 -999999.0 -999999.0 -999999.0 -999999.0 -999999.0 -999999.0 -999999.0 -999999.0
275.8675 276.9025 278.215 278.525 280.1 281.78003 283.27502 284.58 285.6875 286.66 287.495 284.1125 283.855 283.48248 282.92502 281.23248 278.775 275.6125 273.80002 272.23248 271.68997 270.6275 269.68997 268.19498 266.04248 263.13998 259.6475 256.85 254.94249 252.8125 250.6375 248.81749 247.29001 245.605 243.46 241.07748 238.785 236.135 230.14499 224.37749 219.67499 216.34499 213.685 210.6825 206.96999 202.965 217.7 198.17 194.51999 189.38 183.8875 -999999.0 -999999.0 -999999.0 -999999.0 -999999.0 -999999.0 -999999.0 -999999.0 -999999.0 -999999.0
273.1425 274.115 275.39502 276.765 278.35 278.77747 280.3 281.7 282.94 284.08 283.705 283.47998 281.63248 280.325 279.74 278.1125 275.6975 273.23248 271.945 270.735 270.3475 269.64502 268.875 267.61 265.695 263.26498 260.675 258.07498 255.5175 253.25749 251.2075 249.23999 247.40001 245.035 242.06 238.2725 234.23499 230.48749 226.63748 221.63 217.1975 214.4475 211.51498 208.20999 204.125 198.81248 218.5475 216.6925 191.285 186.99 -999999.0 -999999.0 -999999.0 -999999.0 -999999.0 -999999.0 -999999.0 -999999.0 -999999.0 -999999.0 -999999.0
270.41498 271.43997 272.6275 273.975 275.4175 277.0775 277.57748 278.9975 280.2475 279.9375 280.91498 281.8525 281.04498 278.45248 277.41248 275.67502 273.28748 270.71246 270.175 269.28 268.965 268.57748 268.01 267.03998 265.3975 263.2475 261.075 258.745 256.28 254.00749 251.82999 249.64 247.45499 244.7475 241.50249 237.185 231.4875 226.2125 224.58 220.6675 216.325 212.865 209.2775 205.7625 202.0575 195.5275 189.38 216.7725 -999999.0 -999999.0 -999999.0 -999999.0 -999999.0 -999999.0 -999999.0 -999999.0 -999999.0 -999999.0 -999999.0 -999999.0 -999999.0
267.55 268.395 269.335 270.9625 272.56247 274.33 276.1775 277.23 276.4325 277.38 278.8375 280.385 281.0625 279.1875 276.48248 274.75497 272.735 270.8125 269.2625 268.395 267.82748 267.295 266.76746 266.3125 264.8025 262.775 260.6825 258.7975 257.115 255.095 252.655 250.17499 247.56 244.6825 241.70499 238.2375 232.71 228.07748 225.4025 220.8375 215.63249 211.0275 206.685 202.51498 198.3725 192.7825 188.08751 216.965 -999999.0 -999999.0 177.545 -999999.0 -999999.0 -999999.0 -999999.0 -999999.0 -999999.0 -999999.0 -999999.0 -999999.0 -999999.0
