data/TNO-HT-ATES/HT-ATES_msz2/msz2__temp_start_prod_P50_basecase_80-45-40.asc
ncols  140
nrows  163
xllcorner  0.0
yllcorner  300000.0
cellsize  2000.0
NODATA_value  -999999.0
[rows 56 to 83 of 163, columns 63 to 125 of 140]
78.32502 78.46738 78.70515 78.67693 78.734634 78.76913 78.76763 78.64388 78.36607 78.03527 77.61243 77.43413 77.791985 78.26442 78.005455 78.47045 78.34575 77.97649 77.7301 78.11253 78.221504 78.31825 78.3654 78.31969 78.04112 75.935814 75.12227 73.69622 73.45569 76.95606 76.86567 76.47442 75.94477 75.034935 72.180725 0.0 -999999.0 -999999.0 -999999.0 -999999.0 0.0 0.0 0.0 0.0 -999999.0 -999999.0 -999999.0 -999999.0 -999999.0 -999999.0 -999999.0 -999999.0 -999999.0 -999999.0 -999999.0 -999999.0 -999999.0 -999999.0 -999999.0 -999999.0 -999999.0 -999999.0 -999999.0
78.17365 78.27368 78.456795 78.58772 78.63199 78.705154 78.54354 78.320526 77.87277 77.60307 77.740074 77.6889 77.80276 78.30583 78.1633 78.578766 78.34154 78.079605 78.22891 78.18486 78.2771 78.447784 78.49357 78.441444 78.26371 75.9471 74.10669 73.24162 73.11738 76.95669 76.73761 75.88929 75.250885 74.50165 73.61422 0.0 -999999.0 -999999.0 -999999.0 -999999.0 -999999.0 -999999.0 0.0 0.0 -999999.0 -999999.0 -999999.0 -999999.0 -999999.0 -999999.0 -999999.0 -999999.0 -999999.0 -999999.0 -999999.0 -999999.0 -999999.0 -999999.0 -999999.0 -999999.0 -999999.0 -999999.0 -999999.0
77.71836 77.85676 78.10693 78.42731 78.507805 78.407486 78.20741 77.770874 77.43791 77.3906 77.6921 77.97026 78.13958 78.17735 78.59558 78.5945 78.318726 78.0905 78.26783 78.25429 78.43099 78.57513 78.56293 78.59679 78.29615 75.86931 74.93433 75.70273 75.39993 76.3635 75.730446 75.079796 74.475945 73.88137 73.2506 72.855 70.40045 -999999.0 -999999.0 -999999.0 -999999.0 -999999.0 0.0 -999999.0 -999999.0 -999999.0 -999999.0 -999999.0 -999999.0 -999999.0 -999999.0 -999999.0 -999999.0 -999999.0 -999999.0 -999999.0 -999999.0 -999999.0 -999999.0 -999999.0 -999999.0 -999999.0 -999999.0
77.36888 77.69294 77.82977 78.11136 78.11083 78.022835 77.78736 77.526245 77.10574 77.39156 77.42568 77.69531 78.015305 77.74797 78.38536 78.38405 78.17298 78.4328 78.24723 78.387146 78.571335 78.718925 78.67534 78.6432 78.48647 76.97231 76.91569 77.38422 77.2325 76.46805 74.50904 74.56614 74.33581 73.75705 71.14074 70.58524 71.265884 74.09655 0.0 0.0 -999999.0 -999999.0 0.0 0.0 -999999.0 -999999.0 -999999.0 -999999.0 -999999.0 -999999.0 -999999.0 -999999.0 -999999.0 -999999.0 -999999.0 -999999.0 -999999.0 -999999.0 -999999.0 -999999.0 -999999.0 -999999.0 -999999.0
77.87024 77.96623 77.180244 77.671906 77.8477 77.634346 77.37006 76.986725 76.87495 77.09408 76.74995 76.617516 77.35355 77.78011 77.57234 77.19928 78.234184 78.45526 78.46095 78.64741 78.859726 78.875465 78.77051 78.65487 78.49808 77.731445 77.761116 77.90182 77.945076 77.35126 76.50746 76.037094 75.2776 74.53235 71.71703 70.83562 71.35068 73.23461 76.65874 77.474075 0.0 -999999.0 -999999.0 0.0 -999999.0 -999999.0 -999999.0 -999999.0 -999999.0 -999999.0 -999999.0 -999999.0 -999999.0 -999999.0 -999999.0 -999999.0 -999999.0 -999999.0 -999999.0 -999999.0 -999999.0 -999999.0 -999999.0
77.82625 76.62277 0.0 77.43418 77.26721 77.05384 76.68418 76.30341 76.62389 76.62085 76.3834 75.945526 76.392494 77.20647 76.796524 77.1529 77.55271 77.91654 78.58003 78.70504 78.82575 78.87558 78.80489 78.67996 78.15943 77.548355 77.38129 77.76152 78.17835 78.05654 77.6676 76.985634 76.19286 75.33454 74.09906 73.962585 74.73796 74.01939 77.74144 0.0 77.50877 -999999.0 -999999.0 -999999.0 -999999.0 -999999.0 -999999.0 -999999.0 -999999.0 -999999.0 -999999.0 -999999.0 -999999.0 -999999.0 -999999.0 -999999.0 -999999.0 -999999.0 -999999.0 -999999.0 -999999.0 -999999.0 -999999.0
77.780304 0.0 0.0 76.58639 76.66088 77.00917 76.90203 76.55336 76.27942 75.714096 75.69956 75.55936 75.69445 76.25426 76.7953 77.39045 77.64605 77.80689 78.043495 78.4489 78.69916 78.83002 78.846825 78.85332 78.27376 77.451805 77.167114 77.80193 78.396255 78.43836 78.09256 77.355225 76.4834 76.34468 76.95383 77.013985 77.357834 77.44064 75.20389 77.930084 0.0 75.19416 0.0 -999999.0 -999999.0 -999999.0 -999999.0 -999999.0 -999999.0 -999999.0 -999999.0 -999999.0 -999999.0 -999999.0 -999999.0 -999999.0 -999999.0 -999999.0 -999999.0 -999999.0 -999999.0 -999999.0 -999999.0
77.66812 0.0 0.0 75.271576 0.0 75.61682 75.872765 75.97967 75.80087 75.69088 75.57424 75.47082 75.82945 75.78614 76.29401 77.23352 77.445816 77.73465 77.73856 77.88348 78.16318 78.684364 78.8087 78.71091 78.47085 77.82506 77.732574 78.08579 78.58532 78.689804 78.49632 77.68523 76.66925 77.0838 77.84095 78.445 78.18438 77.8543 74.45546 76.8353 77.27709 76.17599 0.0 0.0 -999999.0 -999999.0 -999999.0 -999999.0 -999999.0 -999999.0 -999999.0 -999999.0 -999999.0 -999999.0 -999999.0 -999999.0 -999999.0 -999999.0 -999999.0 -999999.0 -999999.0 -999999.0 -999999.0
77.4471 0.0 0.0 0.0 0.0 0.0 0.0 0.0 75.33987 75.40474 74.930565 75.59097 76.16258 76.304146 75.8809 75.75013 77.06138 77.56412 77.405785 77.13331 77.508354 78.069466 78.47848 78.47669 78.30211 78.0731 77.67218 77.50571 77.995995 78.4911 78.73296 78.08392 76.90184 76.88822 76.947105 77.81458 77.57368 77.17561 77.01048 76.79745 76.243706 0.0 0.0 0.0 0.0 -999999.0 -999999.0 -999999.0 -999999.0 -999999.0 -999999.0 -999999.0 -999999.0 -999999.0 -999999.0 -999999.0 -999999.0 -999999.0 -999999.0 -999999.0 -999999.0 -999999.0 -999999.0
77.3409 75.68538 0.0 0.0 0.0 0.0 0.0 0.0 0.0 0.0 0.0 76.17356 76.54877 76.45051 75.80506 75.537254 75.174866 76.43529 77.120926 77.047066 77.41612 77.89368 78.233955 78.417656 78.07595 77.42831 77.284256 77.79319 78.40986 78.74785 78.47571 78.06276 76.867134 73.86953 71.46773 75.41299 75.55779 75.35581 77.63952 77.19883 76.76454 0.0 0.0 0.0 -999999.0 -999999.0 -999999.0 -999999.0 -999999.0 -999999.0 -999999.0 -999999.0 -999999.0 -999999.0 -999999.0 -999999.0 -999999.0 -999999.0 -999999.0 -999999.0 -999999.0 -999999.0 -999999.0
78.10955 77.35973 76.52808 0.0 0.0 0.0 0.0 0.0 0.0 0.0 0.0 75.11241 76.48626 76.20628 75.98337 76.09032 76.092094 76.12229 75.967766 76.30533 76.84814 77.531006 78.2013 78.25895 77.559204 76.53023 75.59559 77.75669 78.173454 78.3784 78.01901 77.627174 77.07906 75.37022 70.83681 75.12963 77.80863 78.12412 78.027084 77.77883 0.0 0.0 0.0 0.0 -999999.0 -999999.0 -999999.0 -999999.0 -999999.0 -999999.0 -999999.0 -999999.0 -999999.0 -999999.0 -999999.0 -999999.0 -999999.0 -999999.0 -999999.0 -999999.0 -999999.0 -999999.0 -999999.0
78.53775 78.422005 78.13415 77.61344 76.68421 75.71856 0.0 0.0 0.0 0.0 0.0 0.0 75.57806 75.32963 75.33967 76.959145 77.222824 76.55337 0.0 0.0 75.33271 77.277885 78.18043 78.313515 77.19519 77.279366 77.86753 77.82996 77.71858 77.62699 76.38982 75.90642 75.52841 75.763596 75.78703 77.359314 78.7052 78.740364 78.40837 77.91845 0.0 0.0 0.0 0.0 0.0 -999999.0 -999999.0 -999999.0 -999999.0 -999999.0 -999999.0 -999999.0 -999999.0 -999999.0 -999999.0 -999999.0 -999999.0 -999999.0 -999999.0 -999999.0 -999999.0 -999999.0 -999999.0
78.90577 78.89197 78.83298 78.64714 77.9627 76.95735 75.48203 74.87247 75.04186 0.0 0.0 0.0 74.92714 0.0 0.0 78.08816 78.04289 76.79169 0.0 0.0 0.0 76.91384 77.749405 77.045425 76.59308 77.52629 77.84005 77.8665 77.73654 77.2315 75.751686 75.176956 72.32923 73.34729 77.192116 78.40676 79.13024 79.029625 78.73778 77.14555 0.0 0.0 0.0 0.0 -999999.0 -999999.0 -999999.0 -999999.0 -999999.0 -999999.0 -999999.0 -999999.0 -999999.0 -999999.0 -999999.0 -999999.0 -999999.0 -999999.0 -999999.0 -999999.0 -999999.0 -999999.0 -999999.0
79.032036 79.13145 78.98326 78.97579 78.6759 78.09353 76.89964 75.0683 0.0 0.0 0.0 0.0 0.0 0.0 0.0 78.781204 78.25278 76.934265 0.0 0.0 0.0 77.434814 77.44475 77.11252 77.162025 77.7072 77.90727 77.92148 77.971695 77.85937 77.451035 76.62624 74.7612 73.59343 76.93025 78.66357 79.23762 79.15368 0.0 75.20261 0.0 0.0 0.0 0.0 -999999.0 -999999.0 -999999.0 -999999.0 -999999.0 -999999.0 -999999.0 -999999.0 -999999.0 -999999.0 -999999.0 -999999.0 -999999.0 -999999.0 -999999.0 -999999.0 -999999.0 -999999.0 -999999.0
79.149635 79.20883 79.14905 79.0671 78.89418 78.56809 77.74496 75.21531 0.0 0.0 0.0 0.0 0.0 77.64148 78.08371 78.39668 78.16701 77.21655 76.17024 75.04762 76.569855 77.537674 76.967896 77.19114 77.4653 77.921165 78.075745 78.14589 78.328224 78.57613 78.4117 77.64323 76.711426 76.409454 75.824326 78.1785 78.8591 78.97371 75.17836 75.620895 0.0 0.0 0.0 -999999.0 -999999.0 -999999.0 -999999.0 -999999.0 -999999.0 -999999.0 -999999.0 -999999.0 -999999.0 -999999.0 -999999.0 -999999.0 -999999.0 -999999.0 -999999.0 -999999.0 -999999.0 -999999.0 -999999.0
79.2835 79.33647 79.293076 79.24393 79.104576 78.80771 78.40962 77.29231 74.72358 0.0 0.0 0.0 0.0 77.22778 78.02482 78.168625 78.01591 77.60057 77.16017 76.95741 77.20218 77.301674 77.40055 77.424065 77.67608 77.990364 78.232895 78.35202 78.634964 78.62402 78.5483 77.89845 77.10926 76.5288 75.97568 77.95985 77.773224 -999999.0 77.160995 0.0 0.0 0.0 -999999.0 -999999.0 -999999.0 -999999.0 -999999.0 -999999.0 -999999.0 -999999.0 -999999.0 -999999.0 -999999.0 -999999.0 -999999.0 -999999.0 -999999.0 -999999.0 -999999.0 -999999.0 -999999.0 -999999.0 -999999.0
79.42768 79.45058 79.4321 79.37149 79.26727 79.084206 78.921814 78.45409 77.55011 74.868004 0.0 0.0 75.244675 76.98947 77.58005 77.91237 77.75244 77.7311 77.43709 77.32722 76.82998 77.11855 77.4638 77.6931 77.848114 78.08138 78.36955 78.49172 78.63054 78.47777 78.41478 77.98935 77.23216 76.45871 76.42965 77.47888 74.693245 -999999.0 74.55441 75.05419 0.0 0.0 -999999.0 -999999.0 -999999.0 -999999.0 -999999.0 -999999.0 -999999.0 -999999.0 -999999.0 -999999.0 -999999.0 -999999.0 -999999.0 -999999.0 -999999.0 -999999.0 -999999.0 -999999.0 -999999.0 -999999.0 -999999.0
79.53396 79.52597 79.47586 79.451996 79.380394 79.307686 79.26 79.04163 78.35363 76.85689 75.32376 75.04288 76.5189 76.586815 76.9105 77.01351 77.27383 77.072105 76.44276 76.172806 75.269165 75.71857 76.64403 77.58809 77.881165 78.22581 78.55307 78.65528 78.56941 78.36533 78.28638 77.937355 77.212715 76.673935 77.10724 77.796036 74.26804 72.27026 75.37482 0.0 0.0 0.0 0.0 -999999.0 -999999.0 -999999.0 -999999.0 -999999.0 -999999.0 -999999.0 -999999.0 -999999.0 -999999.0 -999999.0 -999999.0 -999999.0 -999999.0 -999999.0 -999999.0 -999999.0 -999999.0 -999999.0 -999999.0
79.561775 79.54894 79.516136 79.46176 79.41004 79.41231 79.42954 79.271675 78.628426 77.39409 76.28932 76.68774 77.51074 75.01647 75.02668 75.08745 74.79869 75.67247 74.03616 72.01528 73.370476 73.85133 75.00285 76.89242 77.57378 78.078186 78.46211 78.61355 78.54559 78.28648 78.05938 77.62185 77.00046 77.11994 77.57385 78.43374 76.890144 76.321915 75.71037 76.615105 0.0 0.0 0.0 -999999.0 -999999.0 -999999.0 -999999.0 -999999.0 -999999.0 -999999.0 -999999.0 -999999.0 -999999.0 -999999.0 -999999.0 -999999.0 -999999.0 -999999.0 -999999.0 -999999.0 -999999.0 -999999.0 -999999.0
79.575226 79.55798 79.535965 79.493385 79.469666 79.44953 79.44529 79.24462 78.480804 77.896 77.03759 76.76015 77.297585 -999999.0 72.452286 74.52336 74.564575 74.72761 73.29354 0.0 73.57437 74.20045 74.71773 75.6204 77.025314 77.52397 78.223145 78.44027 78.558754 78.50597 77.78689 77.01803 76.05453 76.55958 77.48981 78.59401 78.10319 78.03196 76.69578 76.792404 0.0 0.0 0.0 0.0 -999999.0 -999999.0 -999999.0 -999999.0 -999999.0 -999999.0 -999999.0 -999999.0 -999999.0 -999999.0 -999999.0 -999999.0 -999999.0 -999999.0 -999999.0 -999999.0 -999999.0 -999999.0 -999999.0
79.54625 79.5393 79.50974 79.47296 79.41459 79.40883 79.342926 79.11012 78.49398 78.53221 78.55299 78.18966 76.391045 0.0 75.266464 76.420074 76.18476 76.41525 75.017105 0.0 70.49456 73.69882 74.611885 75.35442 74.99493 77.295654 78.092705 78.30939 78.58915 78.40616 78.09129 77.95446 77.45004 76.43968 78.20654 78.85389 78.071495 75.4913 77.693596 0.0 0.0 0.0 0.0 0.0 -999999.0 -999999.0 -999999.0 -999999.0 -999999.0 -999999.0 -999999.0 -999999.0 -999999.0 -999999.0 -999999.0 -999999.0 -999999.0 -999999.0 -999999.0 -999999.0 -999999.0 -999999.0 -999999.0
79.54207 79.51119 79.449295 79.45024 79.41305 79.34672 79.24877 79.02231 78.76331 78.91077 79.139305 78.91155 77.99167 76.79194 77.94537 77.75834 77.30526 77.17488 76.509125 74.887955 72.72676 73.400536 75.119644 76.09473 76.83301 77.59977 78.17299 77.95481 77.915985 78.22268 78.38947 78.64583 78.548454 78.296684 78.90368 79.02673 78.1657 77.03584 75.69189 77.866165 0.0 0.0 0.0 0.0 -999999.0 -999999.0 -999999.0 -999999.0 -999999.0 -999999.0 -999999.0 -999999.0 -999999.0 -999999.0 -999999.0 -999999.0 -999999.0 -999999.0 -999999.0 -999999.0 -999999.0 -999999.0 -999999.0
79.481026 79.46236 79.36266 79.34491 79.27098 79.154785 79.06828 78.95283 78.89897 78.97507 79.39942 79.050575 78.41351 77.36624 77.55029 78.25948 78.17859 77.799286 77.34266 76.58541 75.6754 75.932205 76.763794 77.14616 77.775635 78.168816 78.14031 77.37345 77.07515 78.14369 78.509735 78.64213 78.81418 78.54453 78.85467 78.915955 78.21708 77.324936 78.864075 78.81221 0.0 0.0 0.0 -999999.0 -999999.0 -999999.0 -999999.0 -999999.0 -999999.0 -999999.0 -999999.0 -999999.0 -999999.0 -999999.0 -999999.0 -999999.0 -999999.0 -999999.0 -999999.0 -999999.0 -999999.0 -999999.0 -999999.0
79.385925 79.345505 79.24158 79.16494 79.03224 78.68541 78.49965 79.053505 79.23173 79.04511 79.1175 78.89244 78.25663 75.74816 77.68807 78.74254 78.75354 78.34561 77.6359 76.89928 76.70793 77.294846 77.81113 78.132805 78.466866 78.68017 78.19344 77.403206 78.02796 78.736786 78.796196 78.64045 78.62545 78.66862 78.561676 78.45224 77.995544 78.494545 78.96397 78.83454 0.0 0.0 0.0 0.0 -999999.0 -999999.0 -999999.0 -999999.0 -999999.0 -999999.0 -999999.0 -999999.0 -999999.0 -999999.0 -999999.0 -999999.0 -999999.0 -999999.0 -999999.0 -999999.0 -999999.0 -999999.0 -999999.0
79.176254 79.03826 78.84602 78.75375 78.7334 77.87859 78.41846 79.08146 79.280556 79.19525 79.00827 78.732506 78.20701 77.47814 78.66718 79.301285 79.18792 78.76922 78.13334 76.475815 77.29999 78.044395 78.41072 78.78373 78.97918 78.822624 78.30606 78.0152 78.814644 79.02309 78.97566 78.772316 78.56764 78.42543 78.520775 78.366684 78.149704 78.34048 78.55402 78.84283 0.0 0.0 0.0 0.0 -999999.0 -999999.0 -999999.0 -999999.0 -999999.0 -999999.0 -999999.0 -999999.0 -999999.0 -999999.0 -999999.0 -999999.0 -999999.0 -999999.0 -999999.0 -999999.0 -999999.0 -999999.0 -999999.0
78.7717 78.58536 78.14112 77.72921 77.901794 77.498764 78.00235 78.90814 79.10584 78.96791 78.80193 78.68927 78.08404 77.29586 78.78013 79.41716 79.320175 78.70206 77.34687 76.51776 77.14788 78.06982 78.608765 79.05955 79.270134 78.53226 78.0698 78.64256 79.051994 79.04155 78.98498 78.99576 78.83108 78.69673 77.86555 78.0509 78.08324 78.249405 78.25778 0.0 0.0 0.0 0.0 0.0 0.0 -999999.0 -999999.0 -999999.0 -999999.0 -999999.0 -999999.0 -999999.0 -999999.0 -999999.0 -999999.0 -999999.0 -999999.0 -999999.0 -999999.0 -999999.0 -999999.0 -999999.0 -999999.0
78.75342 78.01967 77.17479 76.428276 76.53688 76.73571 76.87463 77.74159 78.554 78.50793 78.01761 74.94591 75.631966 73.60856 78.18301 79.14696 79.3216 77.73971 73.96432 76.25029 76.93323 77.33955 78.29855 78.76467 78.78542 77.89595 78.30107 78.6306 78.87428 79.09193 79.06261 78.91969 78.76918 78.18323 77.084496 77.86714 77.64549 77.80765 0.0 0.0 0.0 0.0 0.0 0.0 -999999.0 -999999.0 -999999.0 -999999.0 -999999.0 -999999.0 -999999.0 -999999.0 -999999.0 -999999.0 -999999.0 -999999.0 -999999.0 -999999.0 -999999.0 -999999.0 -999999.0 -999999.0 -999999.0
78.82829 78.492966 77.99466 75.99056 75.76243 76.079285 75.311035 76.502625 77.98813 77.97891 77.340195 74.82813 72.353806 74.80108 77.78088 78.726654 78.877464 78.61129 78.6145 77.09376 76.73861 76.15668 77.91966 78.46675 78.72478 78.76967 78.6909 78.70904 78.87928 79.01489 79.030655 78.82102 78.453125 76.3988 75.46458 76.14433 77.10809 77.45812 0.0 0.0 0.0 0.0 0.0 0.0 -999999.0 -999999.0 -999999.0 -999999.0 -999999.0 -999999.0 -999999.0 -999999.0 -999999.0 -999999.0 -999999.0 -999999.0 -999999.0 -999999.0 -999999.0 -999999.0 -999999.0 -999999.0 -999999.0
