data/TNO-HT-ATES/HT-ATES_msz2/msz2__efficiency_P50_basecase_80-45-40.asc
ncols  140
nrows  163
xllcorner  0.0
yllcorner  300000.0
cellsize  2000.0
NODATA_value  -999999.0
[rows 56 to 83 of 163, columns 63 to 125 of 140]
60.2536 60.942093 61.96519 61.44754 61.53587 61.813892 61.681496 61.2786 60.251854 58.978485 57.640636 57.113205 58.145203 59.812836 58.798683 60.849903 60.114227 58.130222 56.957188 58.850887 59.00453 58.98143 59.08515 58.846184 57.41538 51.32775 50.312183 47.553375 46.996803 55.593433 56.35104 52.85213 51.741932 49.289032 42.308655 0.0 -999999.0 -999999.0 -999999.0 -999999.0 0.0 0.0 0.0 0.0 -999999.0 -999999.0 -999999.0 -999999.0 -999999.0 -999999.0 -999999.0 -999999.0 -999999.0 -999999.0 -999999.0 -999999.0 -999999.0 -999999.0 -999999.0 -999999.0 -999999.0 -999999.0 -999999.0
59.335587 59.66776 60.25292 60.906456 60.91827 61.48527 60.630966 59.98391 58.171104 57.656773 58.01997 57.95948 58.250755 60.153763 59.52587 61.10803 59.638393 58.620594 58.974377 58.92621 58.90378 59.77869 59.791 59.552742 58.68524 50.36341 47.488483 46.63676 46.63052 55.73169 56.000908 53.8544 49.530758 47.650387 45.879517 0.0 -999999.0 -999999.0 -999999.0 -999999.0 -999999.0 -999999.0 0.0 0.0 -999999.0 -999999.0 -999999.0 -999999.0 -999999.0 -999999.0 -999999.0 -999999.0 -999999.0 -999999.0 -999999.0 -999999.0 -999999.0 -999999.0 -999999.0 -999999.0 -999999.0 -999999.0 -999999.0
57.42732 57.83799 58.638027 60.075397 60.26948 60.198826 59.34704 57.824574 56.77375 57.072742 57.97524 59.069893 59.57262 59.320385 61.30365 61.302406 59.616734 58.791985 59.29339 59.138306 59.650135 60.476402 60.14717 60.230083 58.630863 50.863564 49.57994 51.50158 51.388813 53.80702 50.369003 48.605186 47.425373 46.661495 45.616383 44.840218 38.154865 -999999.0 -999999.0 -999999.0 -999999.0 -999999.0 0.0 -999999.0 -999999.0 -999999.0 -999999.0 -999999.0 -999999.0 -999999.0 -999999.0 -999999.0 -999999.0 -999999.0 -999999.0 -999999.0 -999999.0 -999999.0 -999999.0 -999999.0 -999999.0 -999999.0 -999999.0
56.127716 57.380512 57.703796 58.83885 58.713478 58.696148 57.869106 57.071686 56.01297 56.865463 56.91948 57.670815 58.748844 57.820484 60.241913 59.9735 59.094097 59.902603 59.275494 59.37571 60.049446 60.806152 60.559444 60.18042 59.43327 54.09637 54.972843 56.45358 56.387474 54.752544 50.367016 48.04253 48.286465 46.685486 41.38143 40.64768 39.704887 46.064926 0.0 0.0 -999999.0 -999999.0 0.0 0.0 -999999.0 -999999.0 -999999.0 -999999.0 -999999.0 -999999.0 -999999.0 -999999.0 -999999.0 -999999.0 -999999.0 -999999.0 -999999.0 -999999.0 -999999.0 -999999.0 -999999.0 -999999.0 -999999.0
57.749058 58.171417 55.32967 57.166668 57.729443 57.28604 56.411583 55.38101 55.246033 56.033867 55.01399 54.573925 56.855618 58.11112 57.131466 55.9036 59.288506 60.122467 60.144886 60.546482 61.255726 61.629414 61.211086 60.68243 59.643726 56.676163 57.857227 58.66462 59.94007 58.05837 53.3576 52.01344 49.937904 49.054726 43.860687 41.610157 39.790905 45.24685 55.191788 55.45462 0.0 -999999.0 -999999.0 0.0 -999999.0 -999999.0 -999999.0 -999999.0 -999999.0 -999999.0 -999999.0 -999999.0 -999999.0 -999999.0 -999999.0 -999999.0 -999999.0 -999999.0 -999999.0 -999999.0 -999999.0 -999999.0 -999999.0
57.414154 53.397663 0.0 56.495262 56.15854 55.290726 54.148544 53.50018 54.563824 54.53075 53.69519 52.65266 54.172318 56.352707 54.83099 55.801254 56.93395 58.079166 60.504322 60.688034 61.11402 61.12581 61.552773 60.906418 57.733826 55.906887 56.62919 58.9808 61.24384 60.426414 57.50393 55.098377 52.95043 50.355175 47.615578 47.507423 48.055088 47.00218 58.834606 0.0 55.409042 -999999.0 -999999.0 -999999.0 -999999.0 -999999.0 -999999.0 -999999.0 -999999.0 -999999.0 -999999.0 -999999.0 -999999.0 -999999.0 -999999.0 -999999.0 -999999.0 -999999.0 -999999.0 -999999.0 -999999.0 -999999.0 -999999.0
57.40054 0.0 0.0 54.149773 54.286358 55.08255 54.755875 54.14662 53.629528 52.181816 52.005924 51.59837 52.417416 53.64445 54.938786 56.652363 57.330116 57.706696 58.34481 59.686737 60.650803 61.56221 61.792797 61.891415 59.194355 55.82717 57.265713 59.09656 60.72649 58.775013 57.667286 56.127327 53.528133 52.811546 54.061466 55.25059 55.212666 56.942112 50.79159 57.034492 0.0 48.12855 0.0 -999999.0 -999999.0 -999999.0 -999999.0 -999999.0 -999999.0 -999999.0 -999999.0 -999999.0 -999999.0 -999999.0 -999999.0 -999999.0 -999999.0 -999999.0 -999999.0 -999999.0 -999999.0 -999999.0 -999999.0
56.862625 0.0 0.0 50.778618 0.0 50.98283 51.892937 52.599747 52.411766 52.22817 51.95133 51.4325 52.62117 52.482788 53.600384 56.21045 56.686344 57.438557 57.235676 57.555832 58.311913 60.953243 61.606956 60.889328 60.314156 58.949097 59.443714 60.218758 62.5474 63.55382 62.454605 56.411495 52.88134 54.078358 56.11644 58.878593 57.99083 56.247982 49.07002 55.06471 55.22049 50.54723 0.0 0.0 -999999.0 -999999.0 -999999.0 -999999.0 -999999.0 -999999.0 -999999.0 -999999.0 -999999.0 -999999.0 -999999.0 -999999.0 -999999.0 -999999.0 -999999.0 -999999.0 -999999.0 -999999.0 -999999.0
56.076237 0.0 0.0 0.0 0.0 0.0 0.0 0.0 51.533443 51.74221 50.5489 52.37219 53.27709 53.841164 52.31352 51.86378 55.194782 56.52159 55.905235 55.553486 56.62873 58.46662 60.18071 59.93974 60.160194 59.51887 59.41608 58.346676 56.920616 62.13943 61.215 58.165558 54.402767 54.26911 54.189205 58.13886 56.37834 54.97276 53.592525 55.57742 52.79141 0.0 0.0 0.0 0.0 -999999.0 -999999.0 -999999.0 -999999.0 -999999.0 -999999.0 -999999.0 -999999.0 -999999.0 -999999.0 -999999.0 -999999.0 -999999.0 -999999.0 -999999.0 -999999.0 -999999.0 -999999.0
55.262207 50.826115 0.0 0.0 0.0 0.0 0.0 0.0 0.0 0.0 0.0 53.91414 54.287743 54.225834 52.129368 51.375072 50.3322 53.15432 54.94602 55.262684 56.336594 57.8134 59.268646 59.76599 58.867134 58.033993 58.0001 59.361805 62.087612 63.58902 59.627636 57.512318 53.88566 46.965412 39.778255 50.6506 51.07573 50.018852 54.93164 56.620068 54.065166 0.0 0.0 0.0 -999999.0 -999999.0 -999999.0 -999999.0 -999999.0 -999999.0 -999999.0 -999999.0 -999999.0 -999999.0 -999999.0 -999999.0 -999999.0 -999999.0 -999999.0 -999999.0 -999999.0 -999999.0 -999999.0
57.713017 55.340157 53.195763 0.0 0.0 0.0 0.0 0.0 0.0 0.0 0.0 51.166298 54.05712 53.497845 52.554432 52.73971 52.56244 52.398632 51.601643 53.119324 54.613747 56.600185 59.31616 59.38134 57.214466 55.06143 52.716846 59.507523 57.766052 58.515907 58.25678 56.590015 54.381264 50.597385 38.514824 49.451725 56.91625 58.189198 56.71717 57.280388 0.0 0.0 0.0 0.0 -999999.0 -999999.0 -999999.0 -999999.0 -999999.0 -999999.0 -999999.0 -999999.0 -999999.0 -999999.0 -999999.0 -999999.0 -999999.0 -999999.0 -999999.0 -999999.0 -999999.0 -999999.0 -999999.0
59.764957 59.409058 58.62959 57.23268 54.53189 52.176952 0.0 0.0 0.0 0.0 0.0 0.0 52.475296 51.136852 50.805103 54.86258 55.58446 53.220905 0.0 0.0 51.280533 56.34335 61.077026 60.794315 57.06979 57.496056 57.74462 56.832623 57.716515 56.641983 53.162514 52.290092 50.982555 52.092003 51.398045 55.895214 60.26765 60.348003 58.435135 57.32609 0.0 0.0 0.0 0.0 0.0 -999999.0 -999999.0 -999999.0 -999999.0 -999999.0 -999999.0 -999999.0 -999999.0 -999999.0 -999999.0 -999999.0 -999999.0 -999999.0 -999999.0 -999999.0 -999999.0 -999999.0 -999999.0
61.32405 61.3804 61.481117 61.657017 58.41238 55.32664 52.20199 50.278675 50.303562 0.0 0.0 0.0 50.62047 0.0 0.0 57.976227 58.136326 53.95565 0.0 0.0 0.0 57.711956 57.56947 55.334396 54.56421 57.56456 59.890877 58.89562 60.23138 57.68611 52.42414 50.855694 43.979404 46.74723 56.524902 60.286 62.3538 61.924248 60.13495 55.3333 0.0 0.0 0.0 0.0 -999999.0 -999999.0 -999999.0 -999999.0 -999999.0 -999999.0 -999999.0 -999999.0 -999999.0 -999999.0 -999999.0 -999999.0 -999999.0 -999999.0 -999999.0 -999999.0 -999999.0 -999999.0 -999999.0
61.66554 62.230053 61.71401 62.505703 61.665833 59.513905 55.64598 50.504303 0.0 0.0 0.0 0.0 0.0 0.0 0.0 64.075645 58.95892 54.5499 0.0 0.0 0.0 59.313812 56.495117 56.176605 57.653084 59.203423 60.358868 60.140694 59.41024 58.99418 59.18637 56.22275 50.398205 46.447433 57.315346 62.27571 63.74956 62.362534 0.0 50.862213 0.0 0.0 0.0 0.0 -999999.0 -999999.0 -999999.0 -999999.0 -999999.0 -999999.0 -999999.0 -999999.0 -999999.0 -999999.0 -999999.0 -999999.0 -999999.0 -999999.0 -999999.0 -999999.0 -999999.0 -999999.0 -999999.0
65.574066 66.07178 65.72384 62.205135 62.348316 60.927433 58.41614 51.795322 0.0 0.0 0.0 0.0 0.0 56.309498 58.458954 59.877434 59.16253 55.83891 53.66322 51.704334 55.95484 59.769615 57.827072 56.564915 59.266647 60.64017 61.751263 62.27784 61.588867 62.084854 60.700344 57.331367 56.589596 53.82345 51.534725 60.32726 60.385258 61.052097 49.273884 51.636475 0.0 0.0 0.0 -999999.0 -999999.0 -999999.0 -999999.0 -999999.0 -999999.0 -999999.0 -999999.0 -999999.0 -999999.0 -999999.0 -999999.0 -999999.0 -999999.0 -999999.0 -999999.0 -999999.0 -999999.0 -999999.0 -999999.0
66.22862 66.574326 66.39862 63.373524 62.86223 61.65567 60.620308 57.26126 50.199078 0.0 0.0 0.0 0.0 55.777737 58.859924 59.55825 59.814774 58.461525 56.80927 57.851524 55.527664 56.179966 57.182327 58.418667 60.06864 60.970856 62.58152 61.20744 63.440815 63.115013 62.04572 59.733322 55.842194 54.23465 54.341606 60.106647 57.339764 -999999.0 56.527435 0.0 0.0 0.0 -999999.0 -999999.0 -999999.0 -999999.0 -999999.0 -999999.0 -999999.0 -999999.0 -999999.0 -999999.0 -999999.0 -999999.0 -999999.0 -999999.0 -999999.0 -999999.0 -999999.0 -999999.0 -999999.0 -999999.0 -999999.0
63.8786 64.151184 63.53615 64.07548 63.51573 63.144745 63.09249 61.221134 57.58171 51.601433 0.0 0.0 51.64703 57.183365 58.242496 59.489635 58.466198 59.26239 57.878807 57.504105 55.00803 56.602367 58.144077 59.39856 60.673485 61.45678 60.996445 61.9422 64.33878 63.497627 62.360893 60.054787 56.49272 54.587276 55.790874 58.178032 49.675472 -999999.0 47.48708 48.98889 0.0 0.0 -999999.0 -999999.0 -999999.0 -999999.0 -999999.0 -999999.0 -999999.0 -999999.0 -999999.0 -999999.0 -999999.0 -999999.0 -999999.0 -999999.0 -999999.0 -999999.0 -999999.0 -999999.0 -999999.0 -999999.0 -999999.0
66.84458 64.25218 67.27587 64.14745 63.68314 63.80923 64.4153 63.21215 60.83964 56.08104 52.103306 50.919823 55.180374 55.932354 57.153305 55.025616 57.95483 57.340427 55.128246 55.21647 52.185738 53.66754 56.794895 59.092728 61.106243 60.33475 62.69645 63.09229 64.14258 62.968777 62.390816 60.66106 57.72492 55.036125 55.243362 59.69241 48.941833 42.03522 50.23584 0.0 0.0 0.0 0.0 -999999.0 -999999.0 -999999.0 -999999.0 -999999.0 -999999.0 -999999.0 -999999.0 -999999.0 -999999.0 -999999.0 -999999.0 -999999.0 -999999.0 -999999.0 -999999.0 -999999.0 -999999.0 -999999.0 -999999.0
66.58658 67.63753 66.95732 63.887634 63.69345 63.880516 64.48594 63.888912 61.58443 57.307648 54.2903 55.387386 57.833755 51.36811 51.554142 52.616188 50.810585 52.942684 49.025787 43.50373 47.805264 48.914146 52.203285 56.836952 60.091053 60.244648 62.353817 63.554146 64.25278 63.54285 62.26653 59.927776 57.431934 56.691048 57.14162 61.479122 56.03042 53.919346 49.556637 51.306137 0.0 0.0 0.0 -999999.0 -999999.0 -999999.0 -999999.0 -999999.0 -999999.0 -999999.0 -999999.0 -999999.0 -999999.0 -999999.0 -999999.0 -999999.0 -999999.0 -999999.0 -999999.0 -999999.0 -999999.0 -999999.0 -999999.0
66.60944 66.30401 66.95691 63.915985 64.50654 64.420074 64.50039 63.95952 61.84683 57.99064 55.46526 54.784252 55.972324 -999999.0 44.713238 49.0058 49.198402 48.893787 46.053158 0.0 48.050293 49.769306 51.870094 53.545868 57.401363 58.442123 62.37327 63.32519 64.503845 64.37236 61.370934 58.378036 55.072235 55.99126 58.06501 62.783867 59.841694 58.517765 52.499615 52.655323 0.0 0.0 0.0 0.0 -999999.0 -999999.0 -999999.0 -999999.0 -999999.0 -999999.0 -999999.0 -999999.0 -999999.0 -999999.0 -999999.0 -999999.0 -999999.0 -999999.0 -999999.0 -999999.0 -999999.0 -999999.0 -999999.0
63.83313 67.00459 66.13924 63.73143 63.275173 63.85547 63.940178 63.729973 62.91273 60.267544 60.418354 58.85565 53.11563 0.0 50.08652 53.13203 54.823418 53.278053 51.950336 0.0 42.102634 48.063374 51.219204 53.65259 53.918663 58.896545 61.06497 62.014595 64.691055 63.8343 62.653484 61.933792 58.823666 54.855827 59.681217 63.441742 59.23193 50.2157 56.97993 0.0 0.0 0.0 0.0 0.0 -999999.0 -999999.0 -999999.0 -999999.0 -999999.0 -999999.0 -999999.0 -999999.0 -999999.0 -999999.0 -999999.0 -999999.0 -999999.0 -999999.0 -999999.0 -999999.0 -999999.0 -999999.0 -999999.0
64.61697 64.34549 63.510326 64.87132 64.59591 64.33969 63.412586 64.15787 60.872692 62.40278 63.835022 62.139866 58.114906 55.635403 57.87265 56.45656 55.506294 54.809284 55.03708 49.924747 45.833893 46.941353 51.91128 55.620655 55.596573 57.92766 62.600563 59.56228 61.34807 62.57768 63.758118 64.659645 62.019875 59.70735 64.16928 63.4153 58.13826 53.152378 50.5801 55.902786 0.0 0.0 0.0 0.0 -999999.0 -999999.0 -999999.0 -999999.0 -999999.0 -999999.0 -999999.0 -999999.0 -999999.0 -999999.0 -999999.0 -999999.0 -999999.0 -999999.0 -999999.0 -999999.0 -999999.0 -999999.0 -999999.0
63.88065 63.801052 62.75593 63.80209 63.66453 63.995537 63.899532 63.429222 62.093346 62.320385 64.2823 62.11409 59.097275 56.058556 56.26799 58.782654 58.057907 56.786674 58.63816 53.96636 51.580147 52.73779 56.17936 57.12087 60.141014 62.056675 62.23474 59.304993 57.372356 61.20951 62.36954 63.52266 62.81716 63.233097 63.487373 62.144653 58.348686 57.380596 60.374084 59.23853 0.0 0.0 0.0 -999999.0 -999999.0 -999999.0 -999999.0 -999999.0 -999999.0 -999999.0 -999999.0 -999999.0 -999999.0 -999999.0 -999999.0 -999999.0 -999999.0 -999999.0 -999999.0 -999999.0 -999999.0 -999999.0 -999999.0
63.861618 63.58162 62.366135 62.93594 63.11714 62.838333 59.970654 62.281868 63.172993 63.48218 63.87313 62.616436 59.525322 50.89462 56.420254 60.666454 61.02961 59.66203 58.90231 53.83765 54.12802 56.30504 57.11522 59.592487 62.149403 63.931488 61.698006 59.016483 60.20747 63.48021 62.894115 62.751038 61.7567 63.373245 61.29227 59.70425 56.702732 60.72542 60.69671 61.67932 0.0 0.0 0.0 0.0 -999999.0 -999999.0 -999999.0 -999999.0 -999999.0 -999999.0 -999999.0 -999999.0 -999999.0 -999999.0 -999999.0 -999999.0 -999999.0 -999999.0 -999999.0 -999999.0 -999999.0 -999999.0 -999999.0
62.427513 61.61183 60.166958 61.013443 62.523285 58.836872 58.759396 62.28864 63.52327 63.159004 62.85884 61.77165 59.06324 56.319344 60.528046 63.732002 63.409264 60.848766 60.412918 52.734585 55.48263 58.35833 59.89152 62.340374 63.80841 63.428265 60.7151 59.68278 64.8142 65.622856 65.123184 64.44332 63.371014 61.470543 60.118835 58.372868 57.014675 59.38706 58.181984 61.11016 0.0 0.0 0.0 0.0 -999999.0 -999999.0 -999999.0 -999999.0 -999999.0 -999999.0 -999999.0 -999999.0 -999999.0 -999999.0 -999999.0 -999999.0 -999999.0 -999999.0 -999999.0 -999999.0 -999999.0 -999999.0 -999999.0
59.736156 58.98881 57.35178 55.890156 58.83256 58.193836 57.398003 61.523853 62.200684 62.358906 61.466522 61.880657 58.815964 56.479454 62.360558 64.25862 63.670948 60.822815 55.50222 52.94947 54.598637 58.141975 59.706455 63.068813 64.56482 61.14005 59.224957 61.590813 65.314896 65.042404 64.60903 64.987495 64.092476 62.40765 57.240227 56.61448 59.610783 57.32149 55.519966 0.0 0.0 0.0 0.0 0.0 0.0 -999999.0 -999999.0 -999999.0 -999999.0 -999999.0 -999999.0 -999999.0 -999999.0 -999999.0 -999999.0 -999999.0 -999999.0 -999999.0 -999999.0 -999999.0 -999999.0 -999999.0 -999999.0
61.293064 57.43433 55.227314 52.578903 54.976234 55.326534 53.472343 56.059036 59.61389 59.947205 58.99605 50.041615 51.57316 48.03373 60.576412 64.44223 63.93061 58.980118 48.009865 53.139168 55.679157 56.153595 58.90369 61.13154 61.745262 58.411343 59.657562 60.958225 63.273388 64.28228 63.856056 63.491837 62.570602 59.715965 55.600018 58.79171 56.13813 54.27027 0.0 0.0 0.0 0.0 0.0 0.0 -999999.0 -999999.0 -999999.0 -999999.0 -999999.0 -999999.0 -999999.0 -999999.0 -999999.0 -999999.0 -999999.0 -999999.0 -999999.0 -999999.0 -999999.0 -999999.0 -999999.0 -999999.0 -999999.0
63.714645 62.338882 59.891888 52.265377 52.23299 52.674534 48.41851 51.54278 56.75674 56.779053 55.392506 48.495842 43.596527 50.863567 58.220966 62.303566 62.296566 60.665543 59.636795 54.39635 53.55781 50.933403 56.634403 59.005383 61.698143 61.65627 61.389305 61.19464 61.47329 61.80817 62.53867 61.348858 59.062378 52.138756 49.282486 51.304047 52.79012 52.451206 0.0 0.0 0.0 0.0 0.0 0.0 -999999.0 -999999.0 -999999.0 -999999.0 -999999.0 -999999.0 -999999.0 -999999.0 -999999.0 -999999.0 -999999.0 -999999.0 -999999.0 -999999.0 -999999.0 -999999.0 -999999.0 -999999.0 -999999.0
