data/TNO-HT-ATES/HT-ATES_msz2/msz2__energy_in_P50_basecase_80-45-40.asc
ncols  140
nrows  163
xllcorner  0.0
yllcorner  300000.0
cellsize  2000.0
NODATA_value  -999999.0
[rows 56 to 83 of 163, columns 63 to 125 of 140]
27359.355 29194.793 32478.03 31380.645 32174.236 33644.117 33669.31 32664.52 29547.941 26452.242 23706.992 22861.191 24992.873 29295.59 26695.541 32883.746 30790.701 25672.805 23201.879 28139.662 28816.986 29135.727 29905.88 29569.477 26298.049 16551.324 16361.026 13600.765 13613.632 24754.285 26665.367 29194.223 27409.227 23173.43 14409.92 0.0 -999999.0 -999999.0 -999999.0 -999999.0 0.0 0.0 0.0 0.0 -999999.0 -999999.0 -999999.0 -999999.0 -999999.0 -999999.0 -999999.0 -999999.0 -999999.0 -999999.0 -999999.0 -999999.0 -999999.0 -999999.0 -999999.0 -999999.0 -999999.0 -999999.0 -999999.0
25120.76 25840.69 27429.379 29805.453 30018.697 32467.045 29987.723 28518.072 24191.719 23450.5 24353.412 24437.123 25175.51 30241.81 28471.719 33803.836 29223.826 26709.695 28081.232 28186.326 28392.611 31230.78 31834.646 31695.068 29789.447 14871.642 13350.969 13214.717 13666.834 25135.477 26079.326 22648.738 23073.672 20379.04 18525.021 0.0 -999999.0 -999999.0 -999999.0 -999999.0 -999999.0 -999999.0 0.0 0.0 -999999.0 -999999.0 -999999.0 -999999.0 -999999.0 -999999.0 -999999.0 -999999.0 -999999.0 -999999.0 -999999.0 -999999.0 -999999.0 -999999.0 -999999.0 -999999.0 -999999.0 -999999.0 -999999.0
21166.576 21827.383 23536.086 27428.213 28118.314 28328.46 26252.516 22998.377 21211.896 22236.09 24155.61 26957.15 28408.15 27671.617 34267.64 34371.184 29035.357 27044.062 28747.416 28596.447 30421.963 33504.254 32967.773 33972.81 29460.197 15880.0 15409.399 17742.324 18261.17 21611.826 23750.932 21014.068 19729.883 19527.469 18712.701 17600.695 13713.087 -999999.0 -999999.0 -999999.0 -999999.0 -999999.0 0.0 -999999.0 -999999.0 -999999.0 -999999.0 -999999.0 -999999.0 -999999.0 -999999.0 -999999.0 -999999.0 -999999.0 -999999.0 -999999.0 -999999.0 -999999.0 -999999.0 -999999.0 -999999.0 -999999.0 -999999.0
18927.586 21191.293 21766.912 24428.344 24215.535 24478.523 22811.582 21525.049 19990.027 21610.29 21827.088 23471.768 26138.7 24129.656 30658.545 29969.066 27688.623 30155.469 28596.264 29184.852 31740.586 34712.1 34390.832 33810.125 31862.781 20301.473 22480.084 25561.648 26048.867 23274.262 17842.955 20851.242 22243.797 19938.11 15969.649 15054.919 14286.1 19050.193 0.0 0.0 -999999.0 -999999.0 0.0 0.0 -999999.0 -999999.0 -999999.0 -999999.0 -999999.0 -999999.0 -999999.0 -999999.0 -999999.0 -999999.0 -999999.0 -999999.0 -999999.0 -999999.0 -999999.0 -999999.0 -999999.0 -999999.0 -999999.0
22070.297 22996.104 17594.129 20927.385 22126.057 21531.7 20036.637 18594.084 18689.33 20081.31 18623.97 18059.027 22055.809 24778.578 22852.955 20810.906 28394.004 30983.46 31279.629 32911.4 35862.566 38124.805 37073.03 35694.902 32591.277 25141.123 28464.809 30968.645 34923.484 30046.262 30594.578 27949.686 24265.562 24028.877 17628.227 16409.664 14563.367 19354.242 27166.174 27646.393 0.0 -999999.0 -999999.0 0.0 -999999.0 -999999.0 -999999.0 -999999.0 -999999.0 -999999.0 -999999.0 -999999.0 -999999.0 -999999.0 -999999.0 -999999.0 -999999.0 -999999.0 -999999.0 -999999.0 -999999.0 -999999.0 -999999.0
21505.703 15153.055 0.0 19852.244 19456.723 18041.176 16486.291 16017.639 17626.018 17658.836 16481.643 15430.169 17746.72 21275.326 18863.566 20601.146 22814.236 25442.264 32379.135 33455.79 35558.543 36123.844 38449.867 36557.33 27169.527 23551.734 25817.902 31969.066 39349.754 37208.926 43430.375 36048.438 31151.549 26145.578 22258.35 22723.084 22843.201 22200.008 36606.258 0.0 28008.834 -999999.0 -999999.0 -999999.0 -999999.0 -999999.0 -999999.0 -999999.0 -999999.0 -999999.0 -999999.0 -999999.0 -999999.0 -999999.0 -999999.0 -999999.0 -999999.0 -999999.0 -999999.0 -999999.0 -999999.0 -999999.0 -999999.0
21872.04 0.0 0.0 16511.326 16673.24 17708.44 17346.613 16808.334 16330.968 14745.975 14552.283 14208.316 15578.731 17079.184 18939.924 21990.615 23573.447 24562.752 26218.955 30320.367 34007.1 37995.434 39484.316 40469.227 31305.273 23475.625 27478.664 32442.059 38666.176 48223.918 43861.5 39210.51 32656.473 31217.99 34744.89 39442.28 39546.99 30971.639 20046.34 32317.146 0.0 16237.273 0.0 -999999.0 -999999.0 -999999.0 -999999.0 -999999.0 -999999.0 -999999.0 -999999.0 -999999.0 -999999.0 -999999.0 -999999.0 -999999.0 -999999.0 -999999.0 -999999.0 -999999.0 -999999.0 -999999.0 -999999.0
21009.326 0.0 0.0 12878.758 0.0 12644.347 13820.903 14934.417 14944.056 14870.794 14715.037 14089.778 15703.2 15587.635 16983.828 21090.342 22128.322 23915.072 23665.596 24667.66 26699.111 35332.73 38371.707 36188.855 34426.426 30639.764 32581.084 35904.12 45998.996 50594.95 45633.266 40117.117 30543.23 34068.47 41135.15 54889.008 51605.105 44513.08 17674.236 26897.375 27773.129 19242.111 0.0 0.0 -999999.0 -999999.0 -999999.0 -999999.0 -999999.0 -999999.0 -999999.0 -999999.0 -999999.0 -999999.0 -999999.0 -999999.0 -999999.0 -999999.0 -999999.0 -999999.0 -999999.0 -999999.0 -999999.0
19760.78 0.0 0.0 0.0 0.0 0.0 0.0 0.0 14306.136 14556.461 13501.545 15526.423 16235.321 17184.123 15198.844 14790.999 19234.217 21725.58 20891.69 20850.098 22967.994 27349.85 32716.223 32516.148 33720.54 32279.98 32556.008 30403.953 40460.406 45069.35 63689.637 47849.234 35319.86 35446.39 35575.246 50170.44 43497.094 39428.895 34680.863 27969.299 22958.611 0.0 0.0 0.0 0.0 -999999.0 -999999.0 -999999.0 -999999.0 -999999.0 -999999.0 -999999.0 -999999.0 -999999.0 -999999.0 -999999.0 -999999.0 -999999.0 -999999.0 -999999.0 -999999.0 -999999.0 -999999.0
18350.285 12851.627 0.0 0.0 0.0 0.0 0.0 0.0 0.0 0.0 0.0 17398.213 17534.588 17679.887 14986.95 14254.878 13317.684 16403.207 19226.201 20308.354 22438.645 25668.568 29714.72 31827.36 29707.71 28323.186 28916.719 32937.61 43532.04 52170.137 55956.113 45668.527 33584.453 21446.893 15301.585 27895.314 28870.986 26539.717 38331.25 30351.068 25376.422 0.0 0.0 0.0 -999999.0 -999999.0 -999999.0 -999999.0 -999999.0 -999999.0 -999999.0 -999999.0 -999999.0 -999999.0 -999999.0 -999999.0 -999999.0 -999999.0 -999999.0 -999999.0 -999999.0 -999999.0 -999999.0
23277.2 18594.727 15468.717 0.0 0.0 0.0 0.0 0.0 0.0 0.0 0.0 14325.246 17300.863 16716.273 15441.931 15722.132 15591.582 15529.497 14679.007 17183.418 19414.59 22955.617 29564.297 30149.137 25446.707 22383.887 19236.486 33028.926 43114.684 48237.207 48369.4 41680.28 34741.79 27196.678 13824.763 25332.934 44844.145 51399.168 45995.01 32648.646 0.0 0.0 0.0 0.0 -999999.0 -999999.0 -999999.0 -999999.0 -999999.0 -999999.0 -999999.0 -999999.0 -999999.0 -999999.0 -999999.0 -999999.0 -999999.0 -999999.0 -999999.0 -999999.0 -999999.0 -999999.0 -999999.0
29303.953 28029.7 25749.059 22513.123 17982.957 15179.69 0.0 0.0 0.0 0.0 0.0 0.0 16004.07 14104.41 13518.0205 18308.824 19738.314 16371.757 0.0 0.0 15522.01 22610.324 34769.03 34056.656 25337.531 26768.95 40612.492 37968.1 43141.92 39808.53 31301.836 29978.148 27402.184 30226.264 28486.936 40702.984 64088.46 66293.31 54952.86 32945.293 0.0 0.0 0.0 0.0 0.0 -999999.0 -999999.0 -999999.0 -999999.0 -999999.0 -999999.0 -999999.0 -999999.0 -999999.0 -999999.0 -999999.0 -999999.0 -999999.0 -999999.0 -999999.0 -999999.0 -999999.0 -999999.0
35631.742 35403.566 35382.023 35418.28 25479.9 19508.201 15917.018 13694.391 13466.322 0.0 0.0 0.0 14109.811 0.0 0.0 23753.547 24797.006 17483.63 0.0 0.0 0.0 26325.424 37081.594 30907.84 30233.389 39489.195 49897.508 46465.48 53597.363 44074.812 29944.4 27508.967 16778.422 21420.021 42221.73 61015.28 85906.875 83026.36 67096.51 28049.291 0.0 0.0 0.0 0.0 -999999.0 -999999.0 -999999.0 -999999.0 -999999.0 -999999.0 -999999.0 -999999.0 -999999.0 -999999.0 -999999.0 -999999.0 -999999.0 -999999.0 -999999.0 -999999.0 -999999.0 -999999.0 -999999.0
38005.71 40064.21 37131.68 40000.086 36067.605 28886.791 20673.053 13973.277 0.0 0.0 0.0 0.0 0.0 0.0 0.0 28251.494 27052.564 18571.574 0.0 0.0 0.0 29803.791 33512.79 33703.008 39903.008 46075.645 51950.844 51905.656 66423.64 65905.58 50322.32 40777.02 27161.48 27264.086 45440.652 74026.78 102294.99 92011.14 0.0 20574.502 0.0 0.0 0.0 0.0 -999999.0 -999999.0 -999999.0 -999999.0 -999999.0 -999999.0 -999999.0 -999999.0 -999999.0 -999999.0 -999999.0 -999999.0 -999999.0 -999999.0 -999999.0 -999999.0 -999999.0 -999999.0 -999999.0
36786.598 38812.47 36659.793 39748.566 39973.176 34031.1 26587.344 16209.718 0.0 0.0 0.0 0.0 0.0 21670.105 26293.766 29797.861 28014.133 21078.006 18454.418 16837.672 22748.021 30855.957 26332.688 34937.59 45657.332 52208.156 58579.84 62348.984 80849.65 87170.5 77856.17 58135.156 41859.83 45546.49 38861.35 60494.69 66434.945 72903.805 25338.0 21600.83 0.0 0.0 0.0 -999999.0 -999999.0 -999999.0 -999999.0 -999999.0 -999999.0 -999999.0 -999999.0 -999999.0 -999999.0 -999999.0 -999999.0 -999999.0 -999999.0 -999999.0 -999999.0 -999999.0 -999999.0 -999999.0 -999999.0
41558.965 43429.086 41806.05 48077.95 44336.465 37798.652 33444.83 24639.475 14582.529 0.0 0.0 0.0 0.0 21212.957 27853.074 29524.158 30252.523 27093.16 23878.281 26630.412 31074.658 33050.664 36423.383 41871.76 48814.34 53953.285 62952.54 76529.62 96016.09 95925.18 87974.164 70925.95 51820.297 46724.242 36706.176 58211.94 47653.26 -999999.0 30223.963 0.0 0.0 0.0 -999999.0 -999999.0 -999999.0 -999999.0 -999999.0 -999999.0 -999999.0 -999999.0 -999999.0 -999999.0 -999999.0 -999999.0 -999999.0 -999999.0 -999999.0 -999999.0 -999999.0 -999999.0 -999999.0 -999999.0 -999999.0
56605.934 58785.344 53416.477 55738.387 50651.434 46443.883 44771.0 36331.73 25656.404 17027.646 0.0 0.0 16393.873 24988.102 26881.594 29811.775 27052.146 29532.514 26419.193 25608.695 30418.047 35264.94 40318.43 45644.176 51539.04 55634.598 74135.38 82354.75 101218.16 95608.75 88350.83 73019.03 54694.273 48408.66 40557.133 49224.434 26946.855 -999999.0 15902.885 17932.102 0.0 0.0 -999999.0 -999999.0 -999999.0 -999999.0 -999999.0 -999999.0 -999999.0 -999999.0 -999999.0 -999999.0 -999999.0 -999999.0 -999999.0 -999999.0 -999999.0 -999999.0 -999999.0 -999999.0 -999999.0 -999999.0 -999999.0
52019.19 63402.59 52331.367 59523.824 54701.29 53809.945 56486.62 46853.68 35357.84 23264.193 17440.223 15710.9375 21414.033 23076.455 25281.467 30173.896 26964.824 25723.2 21623.25 22170.164 26099.674 29297.332 37174.203 44365.51 53430.082 68288.75 86379.17 91283.11 97700.55 89653.68 87034.06 75604.14 60780.01 49540.973 50497.566 55304.242 25663.703 17353.223 19414.559 0.0 0.0 0.0 0.0 -999999.0 -999999.0 -999999.0 -999999.0 -999999.0 -999999.0 -999999.0 -999999.0 -999999.0 -999999.0 -999999.0 -999999.0 -999999.0 -999999.0 -999999.0 -999999.0 -999999.0 -999999.0 -999999.0 -999999.0
52520.203 58557.09 52659.973 60192.562 57772.594 57819.293 61734.75 54492.84 39073.043 25861.156 20270.158 21877.764 26646.31 17008.957 17346.264 19055.236 16469.645 18829.484 14665.784 13629.54 19947.928 21439.283 26837.402 37102.39 48841.625 67551.64 83653.6 94131.61 98181.67 91686.914 83505.82 70673.32 58787.734 56241.79 59964.605 66250.9 41933.207 36324.445 25765.434 20184.648 0.0 0.0 0.0 -999999.0 -999999.0 -999999.0 -999999.0 -999999.0 -999999.0 -999999.0 -999999.0 -999999.0 -999999.0 -999999.0 -999999.0 -999999.0 -999999.0 -999999.0 -999999.0 -999999.0 -999999.0 -999999.0 -999999.0
54359.58 52009.965 54825.246 63765.34 66471.15 64638.3 64406.35 55910.94 40112.8 41159.273 32850.05 31019.57 33841.707 -999999.0 15630.103 20908.18 21281.512 20100.666 16199.048 0.0 20313.512 21660.906 26014.82 29457.37 52233.86 57568.45 82035.15 89938.305 99967.81 99436.914 76820.56 61231.56 49135.227 53531.215 64693.285 75849.305 58189.234 52442.695 31586.115 22323.586 0.0 0.0 0.0 0.0 -999999.0 -999999.0 -999999.0 -999999.0 -999999.0 -999999.0 -999999.0 -999999.0 -999999.0 -999999.0 -999999.0 -999999.0 -999999.0 -999999.0 -999999.0 -999999.0 -999999.0 -999999.0 -999999.0
65493.51 56722.082 50624.812 63158.996 58449.06 61458.74 59524.64 52906.996 44609.125 52826.99 53330.402 44878.656 27456.86 0.0 22578.305 28260.562 22835.787 28224.201 18598.707 0.0 13917.495 20329.752 25805.6 30869.574 42517.652 59687.035 73561.88 81243.88 102109.02 95168.695 84967.48 80645.08 65750.055 49040.523 75855.46 83869.44 55485.99 26510.95 31179.143 0.0 0.0 0.0 0.0 0.0 -999999.0 -999999.0 -999999.0 -999999.0 -999999.0 -999999.0 -999999.0 -999999.0 -999999.0 -999999.0 -999999.0 -999999.0 -999999.0 -999999.0 -999999.0 -999999.0 -999999.0 -999999.0 -999999.0
72098.47 68873.13 61796.504 71011.03 68422.17 64460.117 56070.637 55496.637 58453.645 69155.99 82542.92 65922.414 43387.168 36264.234 43336.902 37666.44 34451.69 32146.693 22883.006 22837.822 17167.8 18976.184 27188.08 35967.87 45950.21 56014.586 63463.2 66041.3 75988.875 85056.805 94580.4 106022.88 89973.375 74653.18 89356.016 90952.56 50670.38 32542.102 18980.04 29475.283 0.0 0.0 0.0 0.0 -999999.0 -999999.0 -999999.0 -999999.0 -999999.0 -999999.0 -999999.0 -999999.0 -999999.0 -999999.0 -999999.0 -999999.0 -999999.0 -999999.0 -999999.0 -999999.0 -999999.0 -999999.0 -999999.0
64625.844 63358.88 55109.16 61129.285 59034.87 58942.188 56667.715 52298.164 67791.29 68995.38 98042.7 69084.77 49009.176 36991.188 37555.07 47884.02 44270.246 38822.664 31026.62 31039.379 25781.588 28456.252 37615.42 40479.01 51920.926 61408.26 62488.17 48768.094 55855.785 78492.59 88846.85 98970.17 100246.305 76601.02 84509.016 78208.36 51474.535 31588.803 46276.58 42283.797 0.0 0.0 0.0 -999999.0 -999999.0 -999999.0 -999999.0 -999999.0 -999999.0 -999999.0 -999999.0 -999999.0 -999999.0 -999999.0 -999999.0 -999999.0 -999999.0 -999999.0 -999999.0 -999999.0 -999999.0 -999999.0 -999999.0
62225.8 59214.85 50582.164 52297.32 51829.39 48309.82 55170.22 72802.13 82431.98 80909.43 87425.07 73652.766 52387.914 24763.873 38450.562 58783.86 60854.32 52597.05 32229.85 30661.217 31901.95 38362.996 40057.73 51236.89 64755.305 76891.91 62786.3 48254.355 72789.03 101453.87 98590.8 96138.195 89329.47 79255.46 67409.266 59708.53 45147.3 44151.27 49220.754 33434.984 0.0 0.0 0.0 0.0 -999999.0 -999999.0 -999999.0 -999999.0 -999999.0 -999999.0 -999999.0 -999999.0 -999999.0 -999999.0 -999999.0 -999999.0 -999999.0 -999999.0 -999999.0 -999999.0 -999999.0 -999999.0 -999999.0
50419.746 45521.47 38369.035 40991.51 47198.566 33160.824 50228.16 74945.92 91622.875 84163.11 77947.01 67945.555 50985.61 39393.31 58954.008 90588.305 84069.2 61058.953 37822.676 28855.215 36098.78 46575.586 54010.64 69596.13 82073.17 76521.96 57661.17 52256.06 85666.836 97558.44 92549.98 84505.38 77008.26 66191.04 60793.336 52417.934 46334.05 38916.99 36852.684 32082.19 0.0 0.0 0.0 0.0 -999999.0 -999999.0 -999999.0 -999999.0 -999999.0 -999999.0 -999999.0 -999999.0 -999999.0 -999999.0 -999999.0 -999999.0 -999999.0 -999999.0 -999999.0 -999999.0 -999999.0 -999999.0 -999999.0
36920.16 34004.773 28902.672 25280.59 33180.543 31739.08 44413.566 69124.3 75865.83 75973.984 67814.09 70092.4 51144.418 41458.625 73325.34 105028.37 93533.695 61336.832 36539.74 29935.162 33874.36 46167.105 54562.88 80251.65 99330.56 61762.56 50917.605 65165.66 96728.38 94787.27 91456.234 93835.42 85529.78 73760.96 46121.582 44335.863 38592.426 32911.7 28357.1 0.0 0.0 0.0 0.0 0.0 0.0 -999999.0 -999999.0 -999999.0 -999999.0 -999999.0 -999999.0 -999999.0 -999999.0 -999999.0 -999999.0 -999999.0 -999999.0 -999999.0 -999999.0 -999999.0 -999999.0 -999999.0 -999999.0
41485.02 29486.32 24701.285 20092.078 24971.83 26068.32 32773.605 40396.227 56652.53 58439.48 53019.32 26196.807 29224.814 24456.941 60655.773 97884.516 98717.6 50886.85 22642.342 31888.629 38880.324 40092.973 51120.566 64675.23 68241.5 47343.297 53327.715 61777.22 79187.97 93040.14 89119.88 82827.54 75112.516 57507.324 27028.053 36123.1 29188.576 25203.117 0.0 0.0 0.0 0.0 0.0 0.0 -999999.0 -999999.0 -999999.0 -999999.0 -999999.0 -999999.0 -999999.0 -999999.0 -999999.0 -999999.0 -999999.0 -999999.0 -999999.0 -999999.0 -999999.0 -999999.0 -999999.0 -999999.0 -999999.0
51927.89 44468.785 35264.332 20363.22 20810.207 21745.232 22477.006 28322.695 43813.625 44151.63 38788.23 23253.398 18083.707 29417.568 49500.32 73169.91 74976.945 62097.195 55421.26 34573.676 32664.57 26014.3 41759.582 52720.05 68582.73 67886.3 65640.27 65204.67 67549.836 71301.35 78967.49 68326.13 54044.195 30031.914 24531.918 19794.664 22224.95 21375.63 0.0 0.0 0.0 0.0 0.0 0.0 -999999.0 -999999.0 -999999.0 -999999.0 -999999.0 -999999.0 -999999.0 -999999.0 -999999.0 -999999.0 -999999.0 -999999.0 -999999.0 -999999.0 -999999.0 -999999.0 -999999.0 -999999.0 -999999.0
