data/TNO-HT-ATES/HT-ATES_msz2/msz2__flowr_P50_basecase_80-45-40.asc
ncols  140
nrows  163
xllcorner  0.0
yllcorner  300000.0
cellsize  2000.0
NODATA_value  -999999.0
[rows 56 to 83 of 163, columns 62 to 123 of 140]
53.937378 55.950203 59.934998 66.96989 64.16591 65.74535 69.02279 69.11208 67.18769 60.771362 54.19656 48.56516 46.79908 51.294804 60.25815 54.7151 68.00804 63.39374 52.21166 46.84136 57.68763 58.897743 59.245308 60.733242 60.10462 52.96216 33.051365 32.992287 27.309708 27.331213 51.189518 56.07964 58.426285 54.891304 46.036457 27.848293 13.889995 -999999.0 -999999.0 -999999.0 -999999.0 2.471168 0.9219567 6.573531 6.900705 -999999.0 -999999.0 -999999.0 -999999.0 -999999.0 -999999.0 -999999.0 -999999.0 -999999.0 -999999.0 -999999.0 -999999.0 -999999.0 -999999.0 -999999.0 -999999.0 -999999.0
45.260773 51.18886 52.49634 55.710163 60.790447 61.082863 66.62883 61.227535 58.447914 49.229282 48.061367 49.948807 50.11412 51.72126 62.293583 58.586376 69.71853 59.673264 54.325 57.131195 57.549114 57.727722 63.79693 64.97545 64.66346 60.574726 29.128466 26.60314 26.578096 27.622158 52.023453 54.725407 47.333878 45.736782 40.070473 36.333145 18.680593 -999999.0 -999999.0 -999999.0 -999999.0 -999999.0 -999999.0 3.598355 4.666929 -999999.0 -999999.0 -999999.0 -999999.0 -999999.0 -999999.0 -999999.0 -999999.0 -999999.0 -999999.0 -999999.0 -999999.0 -999999.0 -999999.0 -999999.0 -999999.0 -999999.0
36.586014 42.703083 44.006264 47.587242 55.6806 57.07014 57.864822 53.49701 46.841568 43.07453 45.440563 49.61736 55.58781 58.57526 56.734173 70.837776 71.13058 59.28927 55.115772 58.58508 58.254528 61.909134 68.71087 67.393166 69.482956 59.732265 31.51373 30.86028 35.892075 37.216652 44.336388 46.805042 41.261524 38.63523 38.523266 36.99834 34.517265 26.617685 -999999.0 -999999.0 -999999.0 -999999.0 -999999.0 9.120976 -999999.0 -999999.0 -999999.0 -999999.0 -999999.0 -999999.0 -999999.0 -999999.0 -999999.0 -999999.0 -999999.0 -999999.0 -999999.0 -999999.0 -999999.0 -999999.0 -999999.0 -999999.0
31.203556 38.118813 42.790012 43.98258 49.532833 48.94405 49.81897 46.41158 43.658726 40.630234 43.97666 44.39196 47.79987 53.490105 49.346313 63.095596 61.47698 56.597034 61.61861 58.457756 59.244316 64.44425 70.9293 70.31095 68.92712 64.88213 40.716236 45.91671 52.538948 53.796333 48.36607 36.941574 41.193295 44.39215 39.43841 31.45639 29.636595 27.725542 37.14376 7.785842 7.357121 -999999.0 -999999.0 6.731558 0.0 -999999.0 -999999.0 -999999.0 -999999.0 -999999.0 -999999.0 -999999.0 -999999.0 -999999.0 -999999.0 -999999.0 -999999.0 -999999.0 -999999.0 -999999.0 -999999.0 -999999.0
24.93221 44.502888 46.500317 35.103703 42.18505 44.773438 43.55961 40.524506 37.596725 37.901997 40.90957 37.825638 36.67738 45.10211 50.713028 46.489586 42.310383 58.0286 63.454887 64.17689 67.23404 73.20533 78.25063 76.21582 73.20186 66.43427 50.83185 58.739372 64.35745 74.02808 63.468315 61.638317 56.104706 48.392876 48.39304 35.02514 32.460274 28.120905 38.128574 56.923256 56.31111 12.992198 -999999.0 -999999.0 0.0 -999999.0 -999999.0 -999999.0 -999999.0 -999999.0 -999999.0 -999999.0 -999999.0 -999999.0 -999999.0 -999999.0 -999999.0 -999999.0 -999999.0 -999999.0 -999999.0 -999999.0
35.18346 43.257378 30.164722 21.84363 40.041733 39.33659 36.23484 33.064686 32.226147 35.758526 35.65922 33.169945 31.069439 36.114227 43.36527 38.17093 41.754623 46.437416 51.826633 66.3396 68.18093 72.58708 73.515076 79.17157 75.16011 54.733112 47.485355 53.192833 67.23657 84.12252 79.12737 89.254395 73.36709 63.243 52.38396 44.3932 45.485188 45.14318 44.0962 77.826965 0.0 56.995205 -999999.0 -999999.0 -999999.0 -999999.0 -999999.0 -999999.0 -999999.0 -999999.0 -999999.0 -999999.0 -999999.0 -999999.0 -999999.0 -999999.0 -999999.0 -999999.0 -999999.0 -999999.0 -999999.0 -999999.0
44.288265 44.1458 23.806112 15.747246 33.22311 33.594944 35.54865 34.79071 33.929043 33.020226 29.740837 29.21671 28.57093 31.41569 34.6593 38.39877 44.820087 48.06866 50.06626 53.25618 61.73674 69.32363 78.04923 81.46288 83.6959 64.27889 47.497177 57.71962 68.218185 81.04461 97.32914 88.65768 79.8293 66.175735 62.804882 69.94048 80.930664 79.926315 64.69821 41.161755 66.26056 0.0 32.05273 6.3640337 -999999.0 -999999.0 -999999.0 -999999.0 -999999.0 -999999.0 -999999.0 -999999.0 -999999.0 -999999.0 -999999.0 -999999.0 -999999.0 -999999.0 -999999.0 -999999.0 -999999.0 -999999.0
47.538296 42.27732 20.853228 13.052779 25.704084 24.180473 24.978487 27.44132 29.9571 30.034487 29.955593 29.721708 28.279581 31.724373 31.422838 34.354477 42.939125 44.967083 48.575256 47.89035 50.05518 54.036346 72.55083 79.1254 74.13663 71.0711 64.09732 69.07926 75.903046 98.29578 109.26951 97.98889 81.14904 60.92821 68.16381 82.4061 111.61041 104.95445 89.75979 36.047085 55.762444 56.849957 38.144123 0.0 0.0 -999999.0 -999999.0 -999999.0 -999999.0 -999999.0 -999999.0 -999999.0 -999999.0 -999999.0 -999999.0 -999999.0 -999999.0 -999999.0 -999999.0 -999999.0 -999999.0 -999999.0
50.127224 39.648712 22.994225 14.014759 19.685442 13.805505 16.795662 20.453537 21.940195 28.847593 29.364037 27.138035 31.46043 32.849033 34.88615 30.437784 29.593275 38.730495 43.7577 42.013756 42.230225 46.71774 55.793446 67.21868 66.48937 69.97328 67.16547 69.138504 64.00066 81.20872 96.35189 131.54207 97.71673 71.436356 71.82799 71.6947 104.05104 88.66595 80.02837 69.28545 58.614857 46.961212 0.0 0.0 0.0 0.0 -999999.0 -999999.0 -999999.0 -999999.0 -999999.0 -999999.0 -999999.0 -999999.0 -999999.0 -999999.0 -999999.0 -999999.0 -999999.0 -999999.0 -999999.0 -999999.0
53.905296 36.54122 25.350428 17.0585 8.879164 8.080085 18.935635 23.1059 23.700525 17.203945 13.062748 23.757103 35.470078 35.364914 35.879063 30.071457 28.456493 26.45744 32.739403 38.60055 41.08423 45.58358 52.3203 60.93507 65.24577 61.179676 59.374393 61.11076 69.52648 93.40074 112.70829 114.78412 92.43188 67.552605 42.652374 29.757193 56.21935 58.30141 53.07334 76.21547 63.779938 52.051346 0.0 0.0 0.0 -999999.0 -999999.0 -999999.0 -999999.0 -999999.0 -999999.0 -999999.0 -999999.0 -999999.0 -999999.0 -999999.0 -999999.0 -999999.0 -999999.0 -999999.0 -999999.0 -999999.0
56.91187 46.595005 37.116272 30.853575 23.01549 19.651918 22.8972 16.064316 16.824215 16.091942 11.510971 16.85009 29.025124 35.040005 33.75699 31.108658 31.579401 31.244678 30.939823 29.235826 34.531307 39.190113 46.59637 60.65924 61.80425 52.27726 46.34387 39.62879 70.04109 86.808495 97.430824 99.288826 84.80723 69.78776 54.791176 26.795279 50.412716 91.24326 105.26847 92.36185 67.554985 0.0 0.0 0.0 0.0 -999999.0 -999999.0 -999999.0 -999999.0 -999999.0 -999999.0 -999999.0 -999999.0 -999999.0 -999999.0 -999999.0 -999999.0 -999999.0 -999999.0 -999999.0 -999999.0 -999999.0
63.56436 59.19051 56.738705 52.207565 45.778538 36.417492 30.47268 22.107866 22.493238 19.934929 15.433325 15.198495 22.903973 32.49106 28.3574 26.989887 36.756214 39.704357 32.63509 22.72768 19.801678 31.365284 46.24454 73.46012 71.154 52.74861 55.98729 82.55566 76.36126 88.5618 80.88447 63.274673 60.8183 55.245285 61.396286 57.35936 82.97043 131.1431 136.09602 111.29133 67.76658 0.0 0.0 0.0 0.0 0.0 -999999.0 -999999.0 -999999.0 -999999.0 -999999.0 -999999.0 -999999.0 -999999.0 -999999.0 -999999.0 -999999.0 -999999.0 -999999.0 -999999.0 -999999.0 -999999.0
68.34221 72.20054 71.78602 72.15821 73.38571 52.034595 39.456745 32.273304 27.43307 26.927814 18.032467 17.709597 20.354734 28.364866 19.78612 16.099205 47.71795 50.20749 34.971863 23.263071 9.63576 21.064262 55.967617 75.34189 62.3494 61.33741 81.20809 105.09878 96.41284 114.604576 92.59629 61.05743 55.85008 32.869705 42.90804 87.54502 126.996925 177.3175 171.78033 137.42891 57.875572 0.0 0.0 0.0 0.0 -999999.0 -999999.0 -999999.0 -999999.0 -999999.0 -999999.0 -999999.0 -999999.0 -999999.0 -999999.0 -999999.0 -999999.0 -999999.0 -999999.0 -999999.0 -999999.0 -999999.0
71.61487 76.9917 81.363266 75.27457 82.38397 74.79164 59.705696 42.27016 28.096943 16.419252 12.833827 14.587609 19.08684 21.903868 23.226572 21.414358 60.60586 54.925617 37.288437 24.823563 6.705995 22.624216 63.568195 67.74814 68.77594 83.28411 96.44148 109.96473 109.55037 137.46588 136.3272 107.36941 85.78711 55.483166 53.829468 96.48797 157.05872 215.04594 190.44911 20.336586 42.30969 0.0 0.0 0.0 0.0 -999999.0 -999999.0 -999999.0 -999999.0 -999999.0 -999999.0 -999999.0 -999999.0 -999999.0 -999999.0 -999999.0 -999999.0 -999999.0 -999999.0 -999999.0 -999999.0 -999999.0
71.653564 79.409645 83.93045 79.0856 81.21087 82.68938 70.27589 54.959015 33.014812 11.976415 14.895659 9.876522 6.8594847 19.268185 43.511574 53.406517 60.900238 57.32175 42.79663 37.58411 34.54695 47.624184 65.8913 55.88019 71.54633 96.69949 110.82915 125.95219 134.57144 170.12825 182.73775 161.28815 118.74 88.4127 92.45087 77.91384 127.88186 135.29811 149.07655 50.341694 44.374916 0.0 0.0 0.0 -999999.0 -999999.0 -999999.0 -999999.0 -999999.0 -999999.0 -999999.0 -999999.0 -999999.0 -999999.0 -999999.0 -999999.0 -999999.0 -999999.0 -999999.0 -999999.0 -999999.0 -999999.0
75.20057 89.83773 94.04159 90.473434 98.952705 91.349815 77.826485 69.394516 51.094635 29.439249 18.100996 13.281799 7.0960746 17.853718 42.9242 57.24124 60.832478 63.12445 56.507786 49.427517 56.518776 62.54004 66.96494 74.60552 87.53977 103.77225 114.78753 135.92522 159.82465 204.51227 203.34389 184.6706 148.45386 105.622574 95.149 77.04205 123.81297 97.8509 -999999.0 63.538082 21.963867 0.0 0.0 -999999.0 -999999.0 -999999.0 -999999.0 -999999.0 -999999.0 -999999.0 -999999.0 -999999.0 -999999.0 -999999.0 -999999.0 -999999.0 -999999.0 -999999.0 -999999.0 -999999.0 -999999.0 -999999.0
86.54115 115.92611 120.600296 108.80832 115.030014 104.452934 96.39672 93.988785 76.04136 52.99592 35.15081 23.824776 21.874128 33.41464 52.386063 55.914024 62.33886 55.970657 62.128983 54.965775 53.356678 61.51086 72.41986 83.58893 95.70019 109.72155 118.63292 153.71611 172.40955 218.71312 205.41068 187.7538 152.83604 112.06903 99.22072 85.55487 103.68235 54.66175 -999999.0 31.55504 35.98672 0.0 0.0 -999999.0 -999999.0 -999999.0 -999999.0 -999999.0 -999999.0 -999999.0 -999999.0 -999999.0 -999999.0 -999999.0 -999999.0 -999999.0 -999999.0 -999999.0 -999999.0 -999999.0 -999999.0 -999999.0
101.11351 111.68276 129.67967 113.66495 122.42755 112.26221 111.2182 118.16501 97.758354 74.11638 48.195766 35.837357 31.990067 44.3311 48.239223 53.282917 60.68602 56.72372 54.05775 44.876316 46.520134 53.38849 60.48175 78.17893 93.04672 114.38247 141.28697 182.10715 192.64325 210.81111 192.17546 185.8864 160.0438 126.81033 101.403824 102.260826 117.43801 52.179295 33.97643 39.365654 0.0 0.0 0.0 0.0 -999999.0 -999999.0 -999999.0 -999999.0 -999999.0 -999999.0 -999999.0 -999999.0 -999999.0 -999999.0 -999999.0 -999999.0 -999999.0 -999999.0 -999999.0 -999999.0 -999999.0 -999999.0
108.34617 111.97274 127.461 113.52802 123.13115 118.28426 118.79637 127.91162 113.16965 81.49944 53.543877 41.82094 45.21619 55.2799 34.90538 35.69394 39.84507 33.627518 38.812805 29.769102 26.531773 40.274204 43.49236 55.40552 77.28273 104.267586 140.22888 176.15291 200.39827 212.46663 199.10513 180.06029 149.97504 123.26357 116.21259 122.81858 140.44725 87.4243 74.836815 50.729843 39.870678 0.0 0.0 0.0 -999999.0 -999999.0 -999999.0 -999999.0 -999999.0 -999999.0 -999999.0 -999999.0 -999999.0 -999999.0 -999999.0 -999999.0 -999999.0 -999999.0 -999999.0 -999999.0 -999999.0 -999999.0
113.89926 115.98874 110.467575 118.25119 130.42534 137.74559 133.92345 133.59102 116.65398 84.81029 83.777115 66.51917 62.8693 68.51735 -999999.0 30.792513 41.685978 42.60663 39.83337 31.89509 24.102411 40.936768 43.8954 53.792553 60.95776 108.57663 119.24376 175.16719 192.72754 216.84657 216.29684 165.2974 130.05511 102.87452 111.784225 134.74055 162.74828 122.32157 108.33728 62.77592 44.809635 0.0 0.0 0.0 0.0 -999999.0 -999999.0 -999999.0 -999999.0 -999999.0 -999999.0 -999999.0 -999999.0 -999999.0 -999999.0 -999999.0 -999999.0 -999999.0 -999999.0 -999999.0 -999999.0 -999999.0
129.93898 133.18135 122.616844 108.02123 129.12987 119.16992 126.69592 123.489555 111.183136 96.072235 108.28238 109.33467 91.423904 54.93628 19.05227 44.90952 56.732803 47.826252 56.645905 38.654026 24.87447 27.530722 40.931618 53.244938 64.80009 89.92266 125.72264 154.78554 171.8199 222.2693 206.45535 184.09824 173.88318 138.3719 101.00578 157.01776 179.45396 115.68743 52.95522 64.356544 24.080093 0.0 0.0 0.0 0.0 -999999.0 -999999.0 -999999.0 -999999.0 -999999.0 -999999.0 -999999.0 -999999.0 -999999.0 -999999.0 -999999.0 -999999.0 -999999.0 -999999.0 -999999.0 -999999.0 -999999.0
158.88918 148.96404 142.07349 126.23975 148.77628 143.07187 134.73186 116.223274 118.15646 119.59334 143.25467 172.35478 136.10165 88.50601 74.76804 88.18353 75.763916 69.31699 64.259254 47.58538 45.760452 34.12512 37.857624 55.888744 75.89376 93.64837 114.82151 137.54636 136.69638 162.51694 182.68039 205.05882 230.28468 189.00314 153.55809 192.6904 192.40729 103.28434 64.48036 38.118565 59.317955 0.0 0.0 0.0 0.0 -999999.0 -999999.0 -999999.0 -999999.0 -999999.0 -999999.0 -999999.0 -999999.0 -999999.0 -999999.0 -999999.0 -999999.0 -999999.0 -999999.0 -999999.0 -999999.0 -999999.0
144.10768 132.75954 130.222 112.03279 126.74537 122.82549 124.42012 120.162224 110.67524 140.12825 142.40538 202.7517 141.36757 99.47836 75.12926 75.9289 97.520454 89.462654 78.251915 66.04214 62.799747 51.82683 57.782776 78.23139 84.18432 110.326866 132.04066 135.05167 104.28085 116.546616 165.66481 187.64932 211.408 210.1375 165.94548 180.82553 163.15578 105.05473 66.67906 94.91508 85.459526 0.0 0.0 0.0 -999999.0 -999999.0 -999999.0 -999999.0 -999999.0 -999999.0 -999999.0 -999999.0 -999999.0 -999999.0 -999999.0 -999999.0 -999999.0 -999999.0 -999999.0 -999999.0 -999999.0 -999999.0
143.6101 128.75963 122.427124 103.32291 108.51469 108.84219 103.18364 113.095535 149.72734 169.77127 169.40143 183.42825 153.9884 108.06193 49.155964 77.435875 119.948975 124.81795 108.19211 68.33418 61.15253 64.43275 78.4702 80.99776 106.16829 137.33073 166.11348 134.67462 102.66168 152.2422 215.11621 206.67732 202.94724 186.4062 170.51476 141.41765 122.99999 90.87823 93.02496 100.73054 70.4725 0.0 0.0 0.0 0.0 -999999.0 -999999.0 -999999.0 -999999.0 -999999.0 -999999.0 -999999.0 -999999.0 -999999.0 -999999.0 -999999.0 -999999.0 -999999.0 -999999.0 -999999.0 -999999.0 -999999.0
124.10589 103.50902 93.25417 77.53001 84.5773 100.12441 69.52662 101.69436 153.96985 189.33194 173.87395 162.36748 141.45773 104.892334 80.119606 120.76303 187.3879 174.22647 125.08836 80.17853 57.5948 72.92352 95.35797 110.97675 145.71573 173.6384 162.3906 120.903725 109.414116 186.46188 212.36644 200.60965 183.75749 166.56857 140.0339 125.53749 106.3502 92.93837 80.85658 74.23642 66.95445 0.0 0.0 0.0 0.0 -999999.0 -999999.0 -999999.0 -999999.0 -999999.0 -999999.0 -999999.0 -999999.0 -999999.0 -999999.0 -999999.0 -999999.0 -999999.0 -999999.0 -999999.0 -999999.0 -999999.0
72.915855 74.56156 68.58751 58.292656 50.77092 69.33513 67.00988 90.0023 142.28372 155.73602 157.6055 140.21202 146.61336 105.55028 85.28171 153.79044 218.0113 193.44214 126.319756 73.76837 59.83291 67.92443 94.05652 110.8921 167.17976 208.87326 128.72571 105.50395 135.97124 209.10152 204.46695 196.50243 203.26051 184.65376 156.37917 94.021034 88.9769 81.50454 66.43104 55.574802 0.0 0.0 0.0 0.0 0.0 0.0 -999999.0 -999999.0 -999999.0 -999999.0 -999999.0 -999999.0 -999999.0 -999999.0 -999999.0 -999999.0 -999999.0 -999999.0 -999999.0 -999999.0 -999999.0 -999999.0
88.085014 85.800415 59.961758 50.3662 40.442024 52.131966 54.37124 65.411095 81.16658 115.68917 120.163765 109.9826 53.045708 59.17297 49.883026 128.24966 208.05402 205.55583 106.90304 45.527466 64.69326 80.0457 81.80872 104.33656 133.12074 141.74223 97.730995 110.077194 127.90661 167.5382 197.49213 188.29683 176.06279 158.89456 120.03471 55.880882 76.0816 59.53386 49.477318 0.0 0.0 0.0 0.0 0.0 0.0 -999999.0 -999999.0 -999999.0 -999999.0 -999999.0 -999999.0 -999999.0 -999999.0 -999999.0 -999999.0 -999999.0 -999999.0 -999999.0 -999999.0 -999999.0 -999999.0 -999999.0
116.666336 111.3949 95.28792 74.54139 41.42975 42.66536 44.609547 43.825775 55.67836 88.103966 88.84566 78.533325 46.057426 35.763844 60.559322 102.6648 154.43555 156.51149 128.32541 112.2282 69.455795 65.63226 51.177734 83.98697 107.04467 143.01079 140.90596 136.48752 135.00914 138.90811 146.2505 163.96286 141.22244 109.95537 59.781673 48.349762 39.65401 43.90394 41.468864 0.0 0.0 0.0 0.0 0.0 0.0 -999999.0 -999999.0 -999999.0 -999999.0 -999999.0 -999999.0 -999999.0 -999999.0 -999999.0 -999999.0 -999999.0 -999999.0 -999999.0 -999999.0 -999999.0 -999999.0 -999999.0
