data/TNO-HT-ATES/HT-ATES_msz2/msz2__welld_P50_basecase_80-45-40.asc
ncols  140
nrows  163
xllcorner  0.0
yllcorner  300000.0
cellsize  2000.0
NODATA_value  -999999.0
[rows 27 to 53 of 163, columns 62 to 123 of 140]
129.32 128.26225 131.18712 129.56615 128.84338 127.461655 129.73788 129.33907 129.73167 128.6082 135.8701 135.91685 135.62471 135.37378 136.47998 136.13943 135.42291 135.3573 135.45016 137.72028 138.97844 138.91327 142.65108 142.72403 149.43535 150.05032 148.66286 163.24263 158.85132 155.63539 164.95148 163.66911 164.89854 170.65346 169.79614 167.8397 170.58235 161.08807 160.25085 158.74985 156.78336 151.71808 142.5418 140.21822 137.75551 136.75458 143.9227 -999999.0 -999999.0 129.32426 -999999.0 -999999.0 -999999.0 -999999.0 -999999.0 -999999.0 -999999.0 -999999.0 -999999.0 -999999.0 -999999.0 -999999.0
129.63103 129.72751 130.62386 128.15443 127.07283 128.76636 130.0904 130.57967 129.84538 128.74947 135.88652 135.85385 135.77005 135.30469 135.58093 135.57417 135.13136 135.015 135.46518 138.51128 137.35985 138.47282 142.6239 143.15952 145.5241 150.20448 154.06995 156.44305 162.12173 166.09705 169.5195 168.76134 169.72775 168.4015 166.19742 165.10176 171.56929 172.72491 167.26357 154.71643 152.54883 150.43648 139.88058 137.61949 134.51907 133.43993 133.19725 -999999.0 -999999.0 -999999.0 -999999.0 -999999.0 -999999.0 -999999.0 -999999.0 -999999.0 -999999.0 -999999.0 -999999.0 -999999.0 -999999.0 -999999.0
129.65623 129.48438 130.67905 130.88441 132.87576 129.59544 130.39784 130.98163 127.70309 129.11923 132.15826 135.84344 135.5493 135.9793 135.51791 133.46198 132.92818 -999999.0 135.10086 138.13852 139.57047 138.96233 138.81844 145.85002 145.8927 153.9293 154.6237 156.04382 161.73184 168.5689 170.49658 169.02267 169.67017 168.15862 167.01419 169.12238 173.79433 171.54175 163.57935 154.94025 152.16219 149.85446 138.755 137.09407 133.23409 129.46173 130.25723 -999999.0 -999999.0 -999999.0 125.84311 -999999.0 -999999.0 -999999.0 -999999.0 -999999.0 -999999.0 -999999.0 -999999.0 -999999.0 -999999.0 -999999.0
131.81856 129.94139 131.14969 132.6297 133.11551 133.74207 130.31908 130.33786 129.3603 128.88818 132.1259 133.4289 136.24876 135.59131 135.3658 130.6662 126.4344 134.08427 135.0176 137.21523 140.25203 140.12732 148.81935 148.30199 146.46458 155.18622 164.16118 159.65068 161.24512 169.20634 169.9783 168.3481 174.31085 172.30603 171.37282 194.9545 -999999.0 165.99187 163.4018 159.26083 157.206 147.73404 144.74364 142.86 131.9127 128.5429 123.465065 129.57375 130.31638 -999999.0 116.93908 -999999.0 -999999.0 -999999.0 -999999.0 -999999.0 -999999.0 -999999.0 -999999.0 -999999.0 -999999.0 -999999.0
132.5018 132.2865 130.78932 130.89748 132.5847 133.28372 135.07648 135.35985 132.41728 131.0092 133.3579 137.22714 138.69069 137.88655 135.44441 133.74791 134.4151 136.38283 137.04614 140.26303 143.33173 143.5873 153.10992 158.5014 153.70042 156.06082 155.26445 161.64842 164.92694 169.1959 166.98361 165.51027 164.14433 179.4434 166.69397 167.54881 166.9061 159.89458 158.50539 156.75603 146.8358 142.94897 135.69768 134.40994 130.81424 127.962494 122.47981 125.821686 127.58893 128.53293 125.0483 122.582756 -999999.0 -999999.0 -999999.0 -999999.0 -999999.0 -999999.0 -999999.0 -999999.0 -999999.0 -999999.0
132.6591 133.06822 132.12346 132.14171 132.46373 131.99767 135.07266 134.82097 134.78946 138.75542 138.91052 140.91072 140.39409 140.08028 135.04155 135.08504 136.25134 136.79393 142.32545 143.28265 147.72914 148.08528 151.0023 158.49023 156.52075 156.67491 158.25554 168.83578 174.44919 173.24432 173.95981 166.69798 167.19264 165.0746 161.57668 161.49355 165.37128 164.79689 157.64598 156.03229 151.93684 144.19606 132.006 133.3585 130.15038 127.93232 121.83 122.47533 123.390205 125.49901 -999999.0 124.5613 -999999.0 -999999.0 -999999.0 -999999.0 -999999.0 -999999.0 -999999.0 -999999.0 -999999.0 -999999.0
133.02853 135.30417 134.02036 134.13365 134.32219 134.59303 135.41162 135.68594 135.41911 136.06032 140.8765 140.40807 140.22049 139.78859 137.0207 137.46188 139.35863 139.78508 142.6855 147.47708 147.84825 148.50217 149.08038 157.59605 156.95735 157.44545 158.86594 162.66415 171.41235 173.46721 181.64948 172.25905 164.14041 163.22273 159.4866 160.0125 161.54189 154.90189 148.88937 147.35384 144.98341 141.83064 133.97348 132.22247 128.90436 126.999306 121.88798 121.1832 118.7159 119.940544 123.979 -999999.0 -999999.0 -999999.0 -999999.0 -999999.0 -999999.0 -999999.0 -999999.0 -999999.0 -999999.0 -999999.0
133.04753 135.67308 134.58664 134.2348 134.21512 134.64355 137.60013 135.46492 137.41588 141.19824 140.70738 139.8738 139.78468 139.90993 136.98346 137.48868 140.35713 142.90555 150.41205 148.37172 148.86299 149.20374 149.62202 157.71484 156.96523 154.38397 160.06477 162.90396 169.7695 170.39647 173.2212 169.75691 163.33635 161.79819 158.01346 158.46727 157.8882 152.31647 149.21492 145.74608 144.60417 -999999.0 140.9643 131.4959 127.336205 126.30821 121.21821 121.04691 119.96321 119.910225 121.3958 -999999.0 -999999.0 -999999.0 -999999.0 -999999.0 -999999.0 -999999.0 -999999.0 -999999.0 -999999.0 -999999.0
133.28343 137.74866 138.5562 134.788 134.70654 135.32677 136.26746 136.98483 137.28911 139.20612 141.07544 140.14565 139.95819 139.88419 141.96548 142.28505 143.21056 146.26697 148.16434 146.20312 145.6022 146.19814 145.80943 152.71948 156.78253 156.13974 160.77531 165.6185 169.79817 171.01169 165.369 162.61772 158.0955 160.198 158.40334 155.1508 154.51816 147.99066 129.05696 141.1709 140.89963 139.55719 131.98886 128.96397 125.67321 124.26258 119.67897 120.38179 119.88225 119.609055 -999999.0 -999999.0 -999999.0 -999999.0 -999999.0 -999999.0 -999999.0 -999999.0 -999999.0 -999999.0 -999999.0 -999999.0
135.2281 139.60973 141.65868 139.49709 139.41649 137.56122 136.6474 136.21605 137.90596 139.7056 144.0681 143.51537 143.21472 142.66135 141.96826 142.59091 146.05609 147.03543 151.93767 151.61438 149.00945 149.30907 154.32542 157.92068 157.86008 158.45958 163.68576 165.9577 169.8662 172.40987 164.54462 161.82784 157.03072 158.36179 156.29747 153.84863 153.25607 152.00682 141.39827 141.01616 139.26567 137.63307 130.64363 127.219666 124.60574 123.45234 118.29239 118.95388 118.76739 -999999.0 -999999.0 116.349556 123.73589 -999999.0 -999999.0 -999999.0 -999999.0 -999999.0 -999999.0 -999999.0 -999999.0 -999999.0
135.80168 135.4835 136.97423 137.6942 141.25346 138.89775 144.39105 145.49495 145.45674 145.22116 142.1642 142.00716 141.96364 141.33424 143.8245 146.05927 149.2995 147.37903 149.13504 152.39386 151.26988 152.33006 152.90247 161.696 158.36482 157.66267 167.08173 166.14111 173.77061 177.7307 172.45074 163.23677 163.32918 156.25699 151.54106 153.67023 152.62392 146.49696 139.9498 138.53445 137.26337 135.81442 129.04959 126.166306 123.80756 121.1085 118.48814 118.389244 -999999.0 115.199974 112.82908 110.13293 115.45191 -999999.0 -999999.0 -999999.0 -999999.0 -999999.0 -999999.0 -999999.0 -999999.0 -999999.0
136.01373 136.6511 137.443 138.16376 141.51376 141.6768 144.79707 145.63928 146.07187 144.9608 142.59793 142.41432 142.37221 146.99815 145.0546 145.80666 148.8295 149.64357 148.29323 152.10341 152.09547 152.51405 153.23212 157.98703 160.33597 158.95692 168.24054 167.04553 174.40225 169.44402 171.2791 168.70203 162.5042 152.73462 158.30754 159.69484 151.51598 144.00002 134.6063 131.39032 129.59218 129.24315 123.3668 125.07712 123.44141 122.93863 117.34936 -999999.0 0.0 112.12554 108.983086 106.21366 107.09019 -999999.0 -999999.0 -999999.0 -999999.0 -999999.0 -999999.0 -999999.0 -999999.0 -999999.0
133.51616 136.90315 138.3036 138.63779 142.2465 141.96455 145.16379 146.10648 145.21558 145.12953 145.66713 145.43843 145.34666 148.3894 143.74081 143.85178 148.74335 150.1175 151.25046 152.06927 152.1863 151.7494 153.23048 160.40103 161.27087 160.74825 163.96988 162.43228 165.50655 163.82274 167.25615 164.4961 161.42258 160.54076 161.19333 154.30574 150.61092 139.146 -999999.0 -999999.0 123.25945 127.814186 122.34695 120.76337 118.70068 121.85784 -999999.0 -999999.0 112.99992 110.13701 -999999.0 -999999.0 -999999.0 -999999.0 -999999.0 -999999.0 -999999.0 -999999.0 -999999.0 -999999.0 -999999.0 -999999.0
136.3757 139.5914 140.28615 140.89328 140.76756 137.89742 145.81596 145.91415 145.64278 144.98196 143.88165 147.28049 148.69344 148.34761 144.67323 144.67299 149.2381 150.27316 150.84709 151.85612 151.88083 152.03381 152.42802 167.4279 159.64285 158.52646 162.59775 161.07553 162.29332 159.42628 157.5181 155.55333 154.66759 153.7696 156.8628 155.39731 146.53326 134.25417 -999999.0 -999999.0 124.65221 123.16397 121.2609 119.92628 118.02855 117.12382 114.97059 114.46425 111.309555 -999999.0 -999999.0 -999999.0 -999999.0 -999999.0 -999999.0 -999999.0 -999999.0 -999999.0 -999999.0 -999999.0 -999999.0 -999999.0
139.38911 140.27592 143.3879 143.68922 143.66383 143.29176 146.95753 146.75235 146.06755 145.5574 147.25522 147.94415 147.67969 148.2131 148.11942 146.86755 148.56233 150.25539 148.43932 152.35971 149.1863 155.51793 157.44084 160.28542 160.33702 164.57219 162.70888 160.93785 152.67062 150.1984 155.82257 154.58817 153.05052 147.47316 148.81076 149.513 140.55167 133.62402 133.54657 126.81214 124.98829 122.6371 120.86451 119.31829 117.329155 116.22716 114.62804 113.09579 -999999.0 -999999.0 -999999.0 -999999.0 -999999.0 -999999.0 -999999.0 -999999.0 -999999.0 -999999.0 -999999.0 -999999.0 -999999.0 -999999.0
140.41801 141.16805 143.98013 143.50877 143.45029 143.25626 144.528 144.74544 144.02383 144.175 152.3828 152.41997 151.99203 150.41267 147.91405 146.62785 142.78836 147.84412 148.94667 152.74812 151.7589 151.37238 157.98392 159.40123 158.80478 161.39525 161.05864 159.56921 153.68102 157.22426 155.29417 153.0023 151.61214 144.9504 140.49773 146.37375 140.32887 132.95772 131.60889 125.67068 124.482376 122.42892 120.16078 118.68909 116.16272 114.69261 112.0089 111.36966 -999999.0 -999999.0 -999999.0 -999999.0 -999999.0 -999999.0 -999999.0 -999999.0 -999999.0 -999999.0 -999999.0 -999999.0 -999999.0 -999999.0
141.05377 141.81699 144.51639 143.89824 144.00537 143.5516 144.69853 144.94075 144.51549 149.71019 152.53078 151.5426 151.26129 150.1192 147.43143 149.88734 147.18216 147.47545 148.0621 151.68683 150.80704 149.51414 147.11427 156.1408 157.61484 154.36891 154.3771 153.00983 148.34691 151.33551 148.29967 145.99593 146.06406 142.86862 137.77362 141.00302 134.01959 132.14558 130.6361 124.85649 124.23641 122.5218 120.02114 117.864006 114.755714 113.22821 114.594986 -999999.0 -999999.0 -999999.0 -999999.0 -999999.0 -999999.0 -999999.0 -999999.0 -999999.0 -999999.0 -999999.0 -999999.0 -999999.0 -999999.0 -999999.0
141.5533 141.4425 142.77568 144.7636 144.46747 143.8393 144.75327 144.59628 149.90717 149.58362 152.6751 151.71223 151.06226 149.83777 149.2704 149.95331 149.82349 147.08316 146.95001 149.82945 149.20721 148.58327 150.11108 152.41335 154.34502 150.19838 149.69994 147.94907 146.44466 149.98528 142.5782 144.77696 144.70738 142.8814 140.42091 134.47424 132.68988 132.16783 124.53107 124.058556 123.764626 122.77897 120.76902 121.568665 118.14193 -999999.0 114.105736 -999999.0 -999999.0 -999999.0 -999999.0 -999999.0 -999999.0 -999999.0 -999999.0 -999999.0 -999999.0 -999999.0 -999999.0 -999999.0 -999999.0 -999999.0
141.26161 141.28918 144.10359 143.63437 143.27371 142.91377 145.24792 144.78569 144.1624 149.64796 152.29813 151.52328 149.69781 149.06303 149.3767 149.27216 149.77141 145.54277 145.26186 148.2106 147.87193 154.59694 153.99684 154.25378 154.74632 150.24666 147.15276 144.04538 144.99854 147.62437 140.54572 143.45135 138.72769 137.3782 135.30719 133.25333 131.01729 124.973465 123.40295 123.02338 122.70912 121.88508 120.3833 -999999.0 117.35506 -999999.0 -999999.0 -999999.0 -999999.0 -999999.0 -999999.0 -999999.0 -999999.0 -999999.0 -999999.0 -999999.0 -999999.0 -999999.0 -999999.0 -999999.0 -999999.0 -999999.0
139.32999 140.2798 143.3062 144.19292 144.09596 144.71945 145.7195 144.65427 148.89522 148.54008 151.52637 150.16193 148.83879 148.40553 149.02417 149.48323 148.07562 145.5633 144.6419 147.85074 147.47087 147.03496 152.33183 152.8801 153.94101 149.27534 146.19962 144.36356 144.02718 146.11597 139.22522 140.9567 136.79839 134.97923 132.13182 131.24072 128.5734 113.49393 121.68437 122.01967 121.2758 119.93335 -999999.0 -999999.0 115.5374 -999999.0 -999999.0 -999999.0 -999999.0 -999999.0 -999999.0 -999999.0 -999999.0 -999999.0 -999999.0 -999999.0 -999999.0 -999999.0 -999999.0 -999999.0 -999999.0 -999999.0
139.87343 142.10712 144.75638 144.51242 144.90797 144.72943 143.20567 141.89198 143.48634 142.77798 145.50534 144.39595 145.46017 146.26091 148.9484 149.60954 148.397 148.10603 148.03053 147.11806 146.10493 145.79494 151.27646 151.47128 151.6925 148.46352 145.25687 143.77411 142.50276 141.83124 138.89253 142.56976 136.98984 131.71294 130.07518 127.66202 128.89246 125.9792 126.526115 123.577034 120.51987 117.41739 -999999.0 -999999.0 -999999.0 105.938774 -999999.0 -999999.0 -999999.0 -999999.0 -999999.0 -999999.0 -999999.0 -999999.0 -999999.0 -999999.0 -999999.0 -999999.0 -999999.0 -999999.0 -999999.0 -999999.0
142.17136 144.15369 140.1605 140.49683 139.91666 138.98087 140.51172 139.48381 140.97127 145.40512 145.09724 147.27519 147.43927 146.43712 148.83412 149.21483 148.22801 147.53394 146.79884 145.57713 144.5725 144.91866 149.67055 150.16255 149.37303 146.16855 148.12689 147.20451 142.09537 144.88832 139.8168 150.08783 148.87491 133.48955 127.813255 125.42509 128.0863 125.34624 129.87239 127.525185 120.47438 115.20113 -999999.0 -999999.0 112.05304 104.38309 -999999.0 -999999.0 -999999.0 -999999.0 -999999.0 -999999.0 -999999.0 -999999.0 -999999.0 -999999.0 -999999.0 -999999.0 -999999.0 -999999.0 -999999.0 -999999.0
140.27632 142.03679 140.63277 141.95842 140.88194 138.94315 140.29536 139.18674 140.3477 139.42407 144.7461 145.01352 146.7236 146.6338 146.55998 146.72658 147.41077 144.39886 142.92516 142.68304 143.58003 144.49184 140.7653 147.22908 145.54276 141.1367 146.61684 147.67528 144.56541 142.61736 141.7975 146.78516 148.64346 138.17451 134.48201 132.45346 131.65738 124.741615 125.901344 125.401344 117.74239 113.52455 -999999.0 118.13376 111.93756 103.795135 -999999.0 -999999.0 -999999.0 -999999.0 -999999.0 -999999.0 -999999.0 -999999.0 -999999.0 -999999.0 -999999.0 -999999.0 -999999.0 -999999.0 -999999.0 -999999.0
140.1263 140.46526 140.05644 141.83855 141.76472 139.69882 139.91801 138.72159 139.96292 139.52106 139.9941 144.30083 146.84515 146.81339 146.0582 145.88489 145.08295 143.58208 142.64925 143.84532 144.4957 143.4188 146.3878 149.49205 149.1995 146.34972 145.50879 145.86829 144.18712 141.67776 139.35416 139.47766 140.85538 138.10117 134.63716 132.1317 130.67613 123.73199 124.80893 124.524376 125.053894 114.964714 113.08199 117.05763 108.26139 104.21415 -999999.0 -999999.0 -999999.0 -999999.0 -999999.0 -999999.0 -999999.0 -999999.0 -999999.0 -999999.0 -999999.0 -999999.0 -999999.0 -999999.0 -999999.0 -999999.0
139.57265 141.07104 142.29828 141.28958 140.56912 139.63367 138.10797 136.47627 137.35497 137.18068 144.27959 144.36098 144.1512 143.98648 144.44664 146.13306 144.86047 144.12961 142.34544 143.85246 143.72192 142.78029 149.84976 150.0225 148.899 148.48135 146.05609 144.75955 142.97182 141.08119 139.02042 137.55058 133.85753 135.86165 134.99628 131.84492 130.04294 123.40698 123.562935 127.07711 121.45884 119.72392 112.31606 120.269745 111.65305 105.315254 -999999.0 -999999.0 -999999.0 -999999.0 -999999.0 -999999.0 -999999.0 -999999.0 -999999.0 -999999.0 -999999.0 -999999.0 -999999.0 -999999.0 -999999.0 -999999.0
137.32251 139.04648 140.1778 138.89163 139.64684 138.25247 137.6457 136.25955 137.414 137.60942 141.8356 144.57272 144.23688 143.91583 143.5081 145.63773 145.28664 144.54292 142.56555 143.50726 143.15312 139.45297 141.75252 147.71756 145.86205 145.38402 146.14508 144.59242 143.23305 142.46153 141.1717 154.38068 148.80756 156.77902 156.63695 143.0215 139.4859 133.16348 124.1417 120.394226 121.03564 122.91512 121.41314 119.93236 113.423134 -999999.0 -999999.0 -999999.0 -999999.0 -999999.0 -999999.0 -999999.0 -999999.0 -999999.0 -999999.0 -999999.0 -999999.0 -999999.0 -999999.0 -999999.0 -999999.0 -999999.0
137.36427 138.03433 139.5618 138.73376 137.64777 135.71605 135.7995 135.76721 138.10507 137.82056 142.257 145.2075 144.66519 144.34724 143.84335 143.553 145.33797 143.71234 139.59583 138.59703 140.93498 138.83893 140.9105 146.21117 144.38396 143.90594 145.22484 144.62654 136.4455 143.46484 143.32608 163.17201 164.85373 163.33669 160.416 157.62425 153.45172 143.41817 134.00058 128.73978 134.37221 129.83076 120.09461 119.08287 113.54979 -999999.0 -999999.0 -999999.0 -999999.0 -999999.0 -999999.0 -999999.0 -999999.0 -999999.0 -999999.0 -999999.0 -999999.0 -999999.0 -999999.0 -999999.0 -999999.0 -999999.0
