data/TNO-HT-ATES/HT-ATES_msz2/msz2__temperature_basecase_80-45-40.asc
ncols  140
nrows  163
xllcorner  0.0
yllcorner  300000.0
cellsize  2000.0
NODATA_value  -999999.0
[rows 52 to 77 of 163, columns 60 to 119 of 140]
19.884764 20.423504 20.80374 21.01749 20.929007 20.806377 20.674067 20.295918 19.758644 19.381556 19.172909 19.291714 19.276796 19.31403 19.179258 19.098782 18.991114 18.867815 18.880852 19.002422 18.992525 18.83864 18.661867 18.408083 18.342184 18.30385 18.091223 17.708958 17.397493 17.03102 16.767519 16.561762 16.303305 15.996929 15.676174 15.369966 14.973728 14.55469 14.208617 14.031358 13.926234 13.850141 13.740864 13.624327 13.469518 13.235856 12.966005 -999999.0 -999999.0 -999999.0 -999999.0 -999999.0 -999999.0 -999999.0 -999999.0 -999999.0 -999999.0 -999999.0 -999999.0 -999999.0
19.806318 20.213493 20.802502 21.03006 20.96266 20.839766 20.595798 20.267012 19.799067 19.420275 19.143429 19.056915 19.106789 19.178415 19.165045 19.028053 18.900654 18.790562 18.834446 18.840076 18.85705 18.736301 18.555555 18.271063 18.134186 18.081648 17.93722 17.658417 17.379341 16.955038 16.538044 16.317966 16.123987 15.922204 15.63891 15.4245615 15.088182 14.718661 14.396992 14.15293 13.927141 13.838399 13.698353 13.608692 13.457969 13.219804 12.985824 -999999.0 -999999.0 -999999.0 -999999.0 -999999.0 -999999.0 -999999.0 -999999.0 -999999.0 -999999.0 -999999.0 -999999.0 -999999.0
19.761072 20.255013 20.740807 21.0871 21.204926 20.959768 20.56073 20.29125 19.912363 19.579674 19.380802 19.220943 18.987087 19.02289 19.150133 19.084074 18.862663 18.86587 18.911163 18.863884 18.837141 18.6855 18.480974 18.27615 18.0266 17.936966 17.85064 17.712814 17.32144 16.907719 16.546062 16.23816 16.01956 15.854668 15.634702 15.544395 15.275879 14.990845 14.750436 14.3970585 -999999.0 13.806588 13.764007 13.6147 13.455876 13.24535 13.00368 -999999.0 -999999.0 -999999.0 -999999.0 -999999.0 -999999.0 -999999.0 -999999.0 -999999.0 -999999.0 -999999.0 -999999.0 -999999.0
19.807434 20.296696 20.702896 21.00974 21.183659 21.033604 20.530005 20.22698 19.954224 19.67407 19.581032 19.550098 19.256866 18.860014 18.844343 19.04838 19.021 18.94511 18.941326 18.882586 18.792566 18.586216 18.440205 18.263731 18.049047 17.907108 17.759293 17.48889 17.06899 16.787697 16.533543 16.226934 16.031544 15.840368 15.7309475 15.74553 15.511168 15.2631035 14.963483 -999999.0 -999999.0 13.976886 13.81149 13.5644045 13.331324 13.1655655 12.910221 -999999.0 -999999.0 -999999.0 -999999.0 -999999.0 -999999.0 -999999.0 -999999.0 -999999.0 -999999.0 -999999.0 -999999.0 -999999.0
19.759066 20.244478 20.65415 20.92175 20.915874 20.84086 20.529037 20.203276 19.976385 19.689259 19.46009 19.411991 19.35712 18.881783 18.69391 18.771301 18.945486 18.997637 19.055355 18.921019 18.732346 18.54136 18.391302 18.352985 18.192076 17.977808 17.768871 17.428898 17.029488 16.71145 16.41794 16.21027 16.093246 15.910286 15.846113 15.911501 15.788502 15.526922 15.29237 -999999.0 -999999.0 -999999.0 -999999.0 13.569518 13.293666 13.03675 12.833599 -999999.0 -999999.0 -999999.0 -999999.0 -999999.0 -999999.0 -999999.0 -999999.0 -999999.0 -999999.0 -999999.0 -999999.0 -999999.0
19.767431 20.132477 20.536478 20.783506 20.661081 20.434896 20.261173 20.180878 19.994379 19.72203 19.428362 19.23672 19.202839 18.960608 18.7836 18.726328 18.889507 19.12649 19.149721 19.11141 18.926674 18.632454 18.49787 18.589815 18.533907 18.223207 17.809328 17.441711 17.05779 16.818165 16.529253 16.290623 16.230827 16.158674 16.060516 16.017605 15.943497 15.77875 15.57195 -999999.0 -999999.0 -999999.0 -999999.0 -999999.0 -999999.0 12.914658 12.658511 -999999.0 -999999.0 -999999.0 -999999.0 -999999.0 -999999.0 -999999.0 -999999.0 -999999.0 -999999.0 -999999.0 -999999.0 -999999.0
19.879227 20.044527 20.306522 20.586275 20.575193 20.276474 20.107487 19.982761 19.861662 19.687311 19.551014 19.338345 19.222181 19.033699 18.966066 18.914341 19.021627 19.007679 19.18163 19.366877 19.21533 19.020432 18.835081 18.729326 18.499521 18.198292 17.732183 17.414974 17.111729 16.96942 16.72769 16.563374 16.45422 16.277794 16.171698 16.018047 15.881907 15.747902 15.536953 15.245029 -999999.0 -999999.0 -999999.0 -999999.0 -999999.0 12.783646 -999999.0 -999999.0 -999999.0 -999999.0 -999999.0 -999999.0 -999999.0 -999999.0 -999999.0 -999999.0 -999999.0 -999999.0 -999999.0 -999999.0
19.926468 19.917076 20.051764 20.265932 20.426754 20.282143 20.058702 19.89953 19.808516 19.75299 19.538776 19.4136 19.332779 19.24973 19.119568 19.002949 19.016539 18.878437 18.866278 18.97047 19.032211 18.830837 18.666796 18.577082 18.318958 17.96981 17.623592 17.450773 17.211428 17.072365 16.887598 16.68549 16.562572 16.436914 16.179058 15.933302 15.786332 15.651283 15.403354 15.099029 14.551431 13.887073 13.422818 -999999.0 -999999.0 12.474683 12.039528 -999999.0 -999999.0 -999999.0 -999999.0 -999999.0 -999999.0 -999999.0 -999999.0 -999999.0 -999999.0 -999999.0 -999999.0 -999999.0
19.766047 19.764484 19.850243 19.996647 20.018248 20.092443 19.98713 19.866201 19.761833 19.756657 19.567533 19.448618 19.448736 19.467463 19.381052 19.219404 18.975632 18.892159 18.738697 18.567804 18.60396 18.528936 18.398657 18.280981 18.10188 17.781244 17.45091 17.37061 17.214836 17.039095 16.795727 16.60348 16.460814 16.386494 16.23871 15.916795 15.626023 15.424059 15.145061 14.789936 14.177301 13.431985 12.98353 12.799077 -999999.0 -999999.0 11.919796 -999999.0 -999999.0 -999999.0 -999999.0 -999999.0 -999999.0 -999999.0 -999999.0 -999999.0 -999999.0 -999999.0 -999999.0 -999999.0
19.652847 19.715723 19.874166 19.82023 19.704931 19.743507 19.89079 19.833662 19.711931 19.701344 19.620083 19.550573 19.522154 19.56592 19.519505 19.356798 19.084524 18.99081 18.756226 18.542297 18.509356 18.5079 18.248812 18.00698 17.88287 17.650423 17.369915 17.214117 17.092566 16.814734 16.521444 16.38445 16.28106 16.160275 15.869994 15.587318 15.276274 15.084512 14.717213 14.318042 13.73635 12.907626 12.263049 12.409601 -999999.0 -999999.0 -999999.0 -999999.0 -999999.0 -999999.0 -999999.0 -999999.0 -999999.0 -999999.0 -999999.0 -999999.0 -999999.0 -999999.0 -999999.0 -999999.0
19.67782 19.5983 19.650057 19.650454 19.544018 19.58932 19.754765 19.663954 19.595243 19.634758 19.648893 19.634872 19.595928 19.555614 19.449913 19.362864 19.264761 19.194483 18.969738 18.667164 18.510294 18.458923 18.103762 17.846395 17.79803 17.683462 17.483183 17.14708 16.96929 16.624989 16.330835 16.17153 16.13084 16.134064 15.691219 15.164999 14.795952 14.630303 14.312983 13.786825 13.429308 13.197594 12.604369 12.444498 12.374341 12.239111 -999999.0 -999999.0 -999999.0 -999999.0 -999999.0 -999999.0 -999999.0 -999999.0 -999999.0 -999999.0 -999999.0 -999999.0 -999999.0 -999999.0
19.864151 19.69141 19.490194 19.412235 19.367737 19.459883 19.561655 19.51719 19.492607 19.508326 19.49963 19.509432 19.539356 19.512323 19.447224 19.386396 19.437801 19.45078 19.217733 18.864351 18.53439 18.364857 18.021576 17.890526 18.05529 17.971043 17.608772 17.384777 17.183096 16.80672 16.294348 16.14237 16.058266 16.077269 15.716662 15.088517 14.5752945 14.248691 13.998442 13.516907 13.128902 13.343421 13.205816 12.741755 12.446893 12.210777 12.113053 -999999.0 -999999.0 -999999.0 -999999.0 -999999.0 -999999.0 -999999.0 -999999.0 -999999.0 -999999.0 -999999.0 -999999.0 -999999.0
19.629673 19.559322 19.444818 19.40205 19.26652 19.406025 19.53702 19.413034 19.35512 19.317053 19.280645 19.281206 19.33904 19.260582 19.250923 19.3125 19.435188 19.568134 19.419853 19.083626 18.763683 18.562141 18.28451 18.10881 18.128819 17.946922 17.6262 17.37561 17.063225 16.720718 16.282816 15.857838 15.464947 15.785896 15.386573 14.951359 14.563941 14.143244 13.921429 13.767174 13.448955 13.416132 13.232044 12.720719 12.34221 12.131763 11.941448 11.849844 -999999.0 -999999.0 -999999.0 -999999.0 -999999.0 -999999.0 -999999.0 -999999.0 -999999.0 -999999.0 -999999.0 -999999.0
19.00471 19.014078 19.07878 19.176376 19.215569 19.373014 19.46424 19.350666 19.25724 19.227108 19.137012 19.14047 19.199797 19.17213 19.108637 19.066654 19.161226 19.36399 19.39837 19.194199 18.876364 18.576859 18.31366 18.149786 18.05975 17.962654 17.718796 17.374348 17.02584 16.724289 16.356041 15.800222 15.312638 14.930669 14.904585 14.743145 14.479065 14.148093 13.99762 14.00109 13.912853 13.455124 13.093126 12.591249 12.183472 11.957025 11.761887 -999999.0 -999999.0 -999999.0 -999999.0 -999999.0 -999999.0 -999999.0 -999999.0 -999999.0 -999999.0 -999999.0 -999999.0 -999999.0
18.615484 18.589346 18.66959 18.745476 18.864058 19.10531 19.274574 19.2814 19.21198 19.235216 19.13338 19.089567 19.20891 19.195686 19.107801 19.008568 19.054104 19.112297 19.09424 19.07474 18.871948 18.53885 18.347168 18.253145 18.155441 18.140636 18.000345 17.520647 17.07657 16.941746 16.64583 16.052029 15.474793 15.079111 14.86463 14.674681 14.4328 14.267907 14.144939 13.97571 13.740379 13.342826 12.951226 12.481662 12.070247 11.792446 11.640346 -999999.0 -999999.0 -999999.0 -999999.0 -999999.0 -999999.0 -999999.0 -999999.0 -999999.0 -999999.0 -999999.0 -999999.0 -999999.0
18.218044 18.334263 18.439453 18.47161 18.553947 18.707024 18.858334 18.970242 19.0079 19.08655 19.127068 19.15 19.138836 19.084852 19.070086 19.008917 18.953682 18.961226 18.916367 18.795275 18.589325 18.331097 18.294153 18.287592 18.240576 18.237906 18.222683 17.636074 17.202837 17.07275 16.7255 16.201216 15.698475 15.303342 14.968775 14.714895 14.516624 14.472586 14.307671 13.962471 13.531777 13.200405 12.800675 12.203214 11.751081 11.533592 11.49737 11.403868 -999999.0 -999999.0 -999999.0 -999999.0 -999999.0 -999999.0 -999999.0 -999999.0 -999999.0 -999999.0 -999999.0 -999999.0
17.863703 17.941544 18.084877 18.169142 18.293531 18.432823 18.551687 18.673695 18.77911 18.848738 18.94518 19.10064 19.13706 19.042818 19.00443 18.975094 18.908747 18.933287 18.921095 18.662922 18.378979 18.29953 18.275269 18.191109 18.191025 18.2292 18.028286 17.669584 17.293583 16.983452 16.63785 16.232248 15.84809 15.500047 15.021803 14.62761 14.550771 14.511202 14.276004 13.97866 13.369081 12.952491 12.6868725 11.976785 11.433044 11.356141 11.408403 -999999.0 -999999.0 -999999.0 -999999.0 -999999.0 -999999.0 -999999.0 -999999.0 -999999.0 -999999.0 -999999.0 -999999.0 -999999.0
17.509174 17.57492 17.714258 17.883074 17.989986 18.174864 18.29945 18.357752 18.444447 18.588251 18.709404 18.875673 18.967657 18.941383 18.848507 18.720776 18.65837 18.846956 18.914898 18.548258 18.24763 18.166304 18.21304 18.220255 18.167414 18.216738 17.986221 17.628313 17.267597 16.938084 16.566736 16.317835 15.95899 15.582717 15.13324 14.663688 14.483606 14.288477 14.03734 13.899006 13.373067 14.152034 12.776085 11.879686 11.506352 11.400738 11.326065 -999999.0 -999999.0 -999999.0 -999999.0 -999999.0 -999999.0 -999999.0 -999999.0 -999999.0 -999999.0 -999999.0 -999999.0 -999999.0
17.176306 17.31956 17.462458 17.54915 17.629038 17.813745 17.95426 18.002958 18.106106 18.19799 18.330446 18.574831 18.682564 18.6895 18.655535 18.503149 18.205982 18.400364 18.670671 18.387026 18.080692 17.945627 17.962984 18.129372 18.339548 18.346914 17.90703 17.484423 17.158712 16.86423 16.467367 16.18236 15.803731 15.519657 15.2309265 14.856776 14.492467 14.022242 13.712246 13.478099 13.504673 13.5568495 12.606871 12.094541 11.768311 11.674267 -999999.0 -999999.0 -999999.0 -999999.0 -999999.0 -999999.0 -999999.0 -999999.0 -999999.0 -999999.0 -999999.0 -999999.0 -999999.0 -999999.0
16.900055 17.08504 17.195768 17.171022 17.228304 17.277306 17.340137 17.4242 17.70165 17.775057 17.841547 17.996138 18.237837 18.358053 18.385176 18.350225 18.199223 18.225502 18.405449 18.370867 17.947987 17.730398 17.743948 17.823254 17.980093 17.980076 17.732082 17.40728 17.168999 16.902655 16.536371 16.109476 15.740856 15.403292 15.139499 14.841813 14.505701 14.145901 13.729267 13.164882 -999999.0 12.781652 12.661575 12.151754 11.837536 -999999.0 -999999.0 -999999.0 -999999.0 -999999.0 -999999.0 -999999.0 -999999.0 -999999.0 -999999.0 -999999.0 -999999.0 -999999.0 -999999.0 -999999.0
16.719221 16.931644 17.004414 16.905901 16.909487 16.86337 16.775541 16.845266 17.090204 17.275051 17.406494 17.537767 17.84022 18.113907 18.167149 18.131395 18.097599 18.17022 18.254793 18.260317 17.898046 17.51922 17.528437 17.634054 17.67022 17.729298 17.601822 17.431402 17.232977 16.937607 16.588953 16.230663 15.919385 15.527821 15.195158 14.843683 14.53826 14.277638 13.916841 13.403017 -999999.0 12.281553 12.110745 11.917657 11.697674 -999999.0 -999999.0 -999999.0 -999999.0 -999999.0 -999999.0 -999999.0 -999999.0 -999999.0 -999999.0 -999999.0 -999999.0 -999999.0 -999999.0 -999999.0
16.644207 16.77739 16.745394 16.702015 16.773556 16.694473 16.530872 16.513515 16.736406 16.920246 17.279984 17.398523 17.552206 17.8658 18.03719 17.9552 17.934101 17.920235 17.885925 17.825954 17.650599 17.351566 17.317978 17.367805 17.384174 17.652262 17.710827 17.674597 17.557884 17.273731 16.892036 16.502869 16.16155 15.766459 15.381283 14.966209 14.582264 14.332856 14.0716 13.71139 13.020224 12.229715 11.946447 11.622336 11.580682 11.387347 -999999.0 -999999.0 -999999.0 -999999.0 -999999.0 -999999.0 -999999.0 -999999.0 -999999.0 -999999.0 -999999.0 -999999.0 -999999.0 -999999.0
16.485851 16.59527 16.56609 16.575079 16.63715 16.541214 16.35049 16.293892 16.486917 16.731417 16.9946 17.34137 17.479036 17.677223 17.794989 17.802814 17.69805 17.57516 17.477165 17.35259 17.269829 17.287056 17.29286 17.215282 17.181355 17.312588 17.530636 17.650051 17.506844 17.31476 17.005878 16.601833 16.230238 15.818263 15.43895 15.017306 14.611866 14.301958 14.1755295 13.853935 13.201998 12.5497675 12.149709 11.815285 11.703315 11.008243 -999999.0 -999999.0 -999999.0 -999999.0 -999999.0 -999999.0 -999999.0 -999999.0 -999999.0 -999999.0 -999999.0 -999999.0 -999999.0 -999999.0
16.322407 16.400906 16.463406 16.494968 16.409994 16.210686 15.972503 15.988602 16.193518 16.379166 16.690563 17.074015 17.283236 17.468256 17.573792 17.514544 -999999.0 17.175379 17.061647 16.993141 16.973438 17.126476 17.261885 17.376698 17.337776 17.20643 17.311966 17.524584 17.366219 17.108854 16.964743 16.643946 16.275642 15.859147 15.555864 15.047826 14.525176 14.150532 13.968798 13.854873 13.437538 13.025826 12.379692 11.966669 11.564668 11.078295 10.676406 -999999.0 -999999.0 -999999.0 -999999.0 -999999.0 -999999.0 -999999.0 -999999.0 -999999.0 -999999.0 -999999.0 -999999.0 -999999.0
16.245157 16.322124 16.405853 16.303259 16.198637 16.053337 15.864764 15.860156 15.893462 16.12842 16.422792 16.664011 16.834799 16.987268 17.13175 17.122194 16.86672 16.547636 16.513271 16.619267 16.751007 16.784592 16.968956 17.148294 17.159967 17.12081 17.21431 17.41064 17.257462 17.076384 16.9116 16.669092 16.33098 16.083048 15.809882 15.154336 14.598654 14.034136 13.787767 13.853919 13.620675 12.852578 12.265494 12.038832 11.4514 11.332859 11.126673 -999999.0 -999999.0 -999999.0 -999999.0 -999999.0 -999999.0 -999999.0 -999999.0 -999999.0 -999999.0 -999999.0 -999999.0 -999999.0
16.23104 16.313442 16.269297 16.185627 16.034605 15.909509 15.79398 15.680131 15.675953 15.888195 16.192259 16.346869 16.405489 16.461235 16.616243 16.565353 16.270344 16.02612 16.202854 16.338337 16.426804 16.40977 16.576324 16.725046 16.699299 16.698465 16.790882 16.867538 16.905682 16.91154 16.73528 16.478376 16.305115 16.143688 15.7718725 15.109612 14.579266 13.978906 13.622128 13.557557 13.34239 13.048441 12.319542 12.194412 12.180985 11.938585 11.308492 -999999.0 -999999.0 -999999.0 -999999.0 -999999.0 -999999.0 -999999.0 -999999.0 -999999.0 -999999.0 -999999.0 -999999.0 -999999.0
