data/TNO-HT-ATES/HT-ATES_msz2/msz2__temperature_basecase_80-45-40.asc
ncols  140
nrows  163
xllcorner  0.0
yllcorner  300000.0
cellsize  2000.0
NODATA_value  -999999.0
[rows 0 to 25 of 163, columns 60 to 119 of 140]
-999999.0 -999999.0 -999999.0 -999999.0 -999999.0 -999999.0 -999999.0 -999999.0 -999999.0 -999999.0 -999999.0 -999999.0 -999999.0 -999999.0 -999999.0 -999999.0 -999999.0 -999999.0 -999999.0 -999999.0 -999999.0 -999999.0 -999999.0 -999999.0 -999999.0 -999999.0 -999999.0 -999999.0 -999999.0 -999999.0 -999999.0 -999999.0 -999999.0 -999999.0 -999999.0 -999999.0 -999999.0 -999999.0 -999999.0 -999999.0 -999999.0 -999999.0 -999999.0 -999999.0 -999999.0 -999999.0 -999999.0 -999999.0 -999999.0 -999999.0 -999999.0 -999999.0 -999999.0 -999999.0 -999999.0 -999999.0 -999999.0 -999999.0 -999999.0 -999999.0
-999999.0 -999999.0 -999999.0 -999999.0 -999999.0 -999999.0 -999999.0 -999999.0 -999999.0 -999999.0 -999999.0 -999999.0 -999999.0 -999999.0 -999999.0 -999999.0 -999999.0 -999999.0 -999999.0 -999999.0 -999999.0 -999999.0 -999999.0 -999999.0 -999999.0 -999999.0 -999999.0 -999999.0 -999999.0 -999999.0 -999999.0 -999999.0 -999999.0 -999999.0 -999999.0 -999999.0 -999999.0 -999999.0 -999999.0 -999999.0 -999999.0 -999999.0 -999999.0 -999999.0 -999999.0 -999999.0 -999999.0 -999999.0 -999999.0 -999999.0 -999999.0 -999999.0 -999999.0 -999999.0 -999999.0 -999999.0 -999999.0 -999999.0 -999999.0 -999999.0
-999999.0 -999999.0 -999999.0 -999999.0 -999999.0 -999999.0 -999999.0 -999999.0 -999999.0 -999999.0 -999999.0 -999999.0 -999999.0 -999999.0 -999999.0 -999999.0 -999999.0 -999999.0 -999999.0 -999999.0 -999999.0 -999999.0 -999999.0 -999999.0 -999999.0 -999999.0 -999999.0 -999999.0 -999999.0 -999999.0 -999999.0 -999999.0 -999999.0 -999999.0 -999999.0 -999999.0 -999999.0 -999999.0 -999999.0 -999999.0 -999999.0 -999999.0 -999999.0 -999999.0 -999999.0 -999999.0 -999999.0 -999999.0 -999999.0 -999999.0 -999999.0 -999999.0 -999999.0 -999999.0 -999999.0 -999999.0 -999999.0 -999999.0 -999999.0 -999999.0
-999999.0 -999999.0 -999999.0 -999999.0 -999999.0 -999999.0 -999999.0 -999999.0 -999999.0 -999999.0 -999999.0 -999999.0 -999999.0 -999999.0 -999999.0 -999999.0 -999999.0 -999999.0 -999999.0 -999999.0 -999999.0 -999999.0 -999999.0 -999999.0 -999999.0 -999999.0 -999999.0 -999999.0 -999999.0 -999999.0 -999999.0 -999999.0 -999999.0 -999999.0 -999999.0 -999999.0 -999999.0 -999999.0 -999999.0 -999999.0 -999999.0 -999999.0 -999999.0 -999999.0 -999999.0 -999999.0 -999999.0 -999999.0 -999999.0 -999999.0 -999999.0 -999999.0 -999999.0 -999999.0 -999999.0 -999999.0 -999999.0 -999999.0 -999999.0 -999999.0
-999999.0 -999999.0 -999999.0 -999999.0 -999999.0 -999999.0 -999999.0 -999999.0 -999999.0 -999999.0 -999999.0 -999999.0 -999999.0 -999999.0 -999999.0 -999999.0 -999999.0 -999999.0 -999999.0 -999999.0 -999999.0 -999999.0 -999999.0 -999999.0 -999999.0 -999999.0 -999999.0 -999999.0 -999999.0 -999999.0 -999999.0 -999999.0 -999999.0 -999999.0 -999999.0 -999999.0 -999999.0 -999999.0 -999999.0 -999999.0 -999999.0 -999999.0 -999999.0 -999999.0 -999999.0 -999999.0 -999999.0 -999999.0 -999999.0 -999999.0 15.06524 15.096956 -999999.0 -999999.0 -999999.0 -999999.0 -999999.0 -999999.0 -999999.0 -999999.0
-999999.0 -999999.0 -999999.0 -999999.0 -999999.0 -999999.0 -999999.0 -999999.0 -999999.0 -999999.0 -999999.0 -999999.0 -999999.0 -999999.0 -999999.0 -999999.0 -999999.0 -999999.0 -999999.0 -999999.0 -999999.0 -999999.0 -999999.0 -999999.0 -999999.0 -999999.0 -999999.0 -999999.0 -999999.0 -999999.0 -999999.0 -999999.0 -999999.0 -999999.0 -999999.0 -999999.0 -999999.0 -999999.0 -999999.0 -999999.0 -999999.0 -999999.0 -999999.0 -999999.0 -999999.0 -999999.0 -999999.0 -999999.0 -999999.0 15.054142 15.022619 15.128685 -999999.0 -999999.0 -999999.0 -999999.0 -999999.0 -999999.0 -999999.0 -999999.0
-999999.0 -999999.0 -999999.0 -999999.0 -999999.0 -999999.0 -999999.0 -999999.0 -999999.0 -999999.0 -999999.0 -999999.0 -999999.0 -999999.0 -999999.0 -999999.0 -999999.0 -999999.0 -999999.0 -999999.0 -999999.0 -999999.0 -999999.0 -999999.0 -999999.0 -999999.0 -999999.0 -999999.0 -999999.0 -999999.0 -999999.0 -999999.0 -999999.0 -999999.0 -999999.0 -999999.0 -999999.0 -999999.0 -999999.0 -999999.0 -999999.0 -999999.0 17.370316 16.997128 16.660147 16.26991 15.826623 15.461056 15.147262 14.942798 14.878553 14.967986 15.0257635 -999999.0 -999999.0 -999999.0 -999999.0 -999999.0 -999999.0 -999999.0
-999999.0 -999999.0 -999999.0 -999999.0 -999999.0 -999999.0 -999999.0 -999999.0 -999999.0 -999999.0 -999999.0 -999999.0 -999999.0 -999999.0 -999999.0 -999999.0 -999999.0 -999999.0 -999999.0 -999999.0 -999999.0 -999999.0 -999999.0 -999999.0 -999999.0 -999999.0 -999999.0 -999999.0 -999999.0 -999999.0 -999999.0 -999999.0 -999999.0 -999999.0 -999999.0 -999999.0 -999999.0 -999999.0 -999999.0 18.952902 18.673882 18.165464 17.646029 17.225191 16.789349 16.343843 15.904355 15.407721 14.987002 14.847752 14.788734 14.8548 14.905593 14.990732 -999999.0 -999999.0 -999999.0 -999999.0 -999999.0 -999999.0
-999999.0 -999999.0 -999999.0 -999999.0 -999999.0 -999999.0 -999999.0 -999999.0 -999999.0 -999999.0 -999999.0 -999999.0 -999999.0 -999999.0 -999999.0 -999999.0 -999999.0 -999999.0 -999999.0 -999999.0 -999999.0 -999999.0 -999999.0 -999999.0 -999999.0 -999999.0 21.083673 21.424376 -999999.0 -999999.0 -999999.0 -999999.0 -999999.0 20.404066 19.665522 18.967464 -999999.0 -999999.0 -999999.0 -999999.0 18.910837 18.521255 18.014244 17.506102 17.05558 16.57416 16.094435 15.489397 14.976178 14.798792 14.728948 14.782285 14.741986 14.878364 -999999.0 -999999.0 -999999.0 -999999.0 -999999.0 -999999.0
-999999.0 -999999.0 -999999.0 -999999.0 -999999.0 -999999.0 -999999.0 -999999.0 -999999.0 -999999.0 -999999.0 -999999.0 -999999.0 -999999.0 -999999.0 -999999.0 -999999.0 -999999.0 -999999.0 -999999.0 -999999.0 -999999.0 -999999.0 20.633654 20.768436 20.90001 21.20176 21.585743 21.962488 21.98004 21.79413 21.5969 21.188799 20.349014 19.495508 18.967705 -999999.0 19.337858 -999999.0 -999999.0 -999999.0 18.848564 18.484211 17.91539 17.410755 16.967678 16.389616 15.685271 15.083454 14.805208 14.71573 14.768669 14.807311 14.885654 -999999.0 -999999.0 -999999.0 -999999.0 -999999.0 -999999.0
-999999.0 -999999.0 -999999.0 -999999.0 -999999.0 -999999.0 -999999.0 -999999.0 -999999.0 -999999.0 -999999.0 -999999.0 -999999.0 -999999.0 -999999.0 -999999.0 -999999.0 -999999.0 -999999.0 20.34028 20.348907 20.45979 20.500566 20.564219 20.642233 20.880058 21.24746 21.69902 21.969225 22.065115 22.000748 21.686325 21.20711 20.509449 19.736032 19.509209 -999999.0 19.426739 19.32762 -999999.0 -999999.0 19.12169 18.850132 18.273386 17.615032 17.060833 16.510208 15.889014 15.269463 14.942876 14.81271 14.892372 15.068783 15.26511 -999999.0 -999999.0 -999999.0 -999999.0 -999999.0 -999999.0
-999999.0 -999999.0 -999999.0 -999999.0 -999999.0 -999999.0 -999999.0 -999999.0 -999999.0 -999999.0 -999999.0 -999999.0 -999999.0 -999999.0 -999999.0 20.435167 20.450003 20.349611 20.298273 20.361628 20.407118 20.504454 20.57052 20.567154 20.57753 20.871458 21.24425 21.601202 21.837646 22.00093 22.024584 21.823076 21.389044 20.770584 19.983004 19.755983 18.85797 19.470263 19.307724 19.451828 19.417181 19.399538 19.228771 18.524555 17.74291 17.074 16.60807 16.134514 15.622603 15.278893 15.068359 -999999.0 -999999.0 16.364988 -999999.0 -999999.0 -999999.0 -999999.0 -999999.0 -999999.0
-999999.0 -999999.0 -999999.0 -999999.0 -999999.0 -999999.0 -999999.0 -999999.0 -999999.0 -999999.0 -999999.0 21.051743 20.831137 20.663143 20.563873 20.470451 20.399328 20.22406 20.129534 20.315708 20.407063 20.470554 20.675064 20.70198 20.64029 20.813637 21.098743 21.36017 21.60308 21.735281 21.796104 21.732779 -999999.0 20.692537 19.969553 19.78584 20.300545 19.65677 19.51222 19.645348 19.626348 19.603514 19.305674 18.656542 17.874964 17.247915 16.906588 16.545015 16.131153 15.826879 15.509837 15.114689 -999999.0 -999999.0 -999999.0 -999999.0 -999999.0 -999999.0 -999999.0 -999999.0
-999999.0 -999999.0 -999999.0 -999999.0 -999999.0 -999999.0 -999999.0 -999999.0 -999999.0 -999999.0 21.334187 21.13569 20.816694 20.633352 20.601326 20.572342 20.5223 20.293224 20.183447 20.212868 20.210869 20.33679 20.536516 20.675451 20.7759 20.910671 21.118721 21.285587 21.506062 21.556393 21.575 21.5247 21.64473 20.89861 19.942665 19.634619 19.911467 -999999.0 -999999.0 19.744513 19.600025 19.479925 19.238552 18.720638 18.130882 17.549976 17.181158 16.892096 16.54509 16.206696 15.813098 -999999.0 -999999.0 -999999.0 -999999.0 -999999.0 -999999.0 -999999.0 -999999.0 -999999.0
-999999.0 -999999.0 -999999.0 -999999.0 -999999.0 -999999.0 -999999.0 -999999.0 -999999.0 21.56371 21.405334 21.186033 20.820332 20.62673 20.647198 20.724056 20.625435 20.40078 20.3142 20.24516 20.18917 20.26223 20.464813 20.598919 20.798702 21.022205 21.157425 21.302649 21.43785 21.436031 21.377234 21.370148 21.079903 21.428234 19.975676 19.566721 19.663727 -999999.0 -999999.0 19.741352 19.50256 19.395699 19.158804 18.827354 18.382187 17.895647 17.486046 17.16172 16.899105 16.538609 16.06763 15.724843 15.880215 16.824337 -999999.0 -999999.0 -999999.0 -999999.0 -999999.0 -999999.0
-999999.0 -999999.0 -999999.0 -999999.0 -999999.0 -999999.0 -999999.0 -999999.0 -999999.0 21.576372 21.444763 21.231928 20.970514 20.771107 20.785324 20.847208 20.68871 20.488651 20.491085 20.489824 20.441032 20.509056 20.55695 20.640965 20.803526 20.954084 21.114807 21.265175 21.346495 21.312445 21.307037 21.115814 20.785368 20.441866 20.057318 19.660568 21.088316 20.937136 20.339558 19.69316 19.38335 19.316275 18.902569 18.622166 18.349075 18.006596 17.675264 17.333263 17.098082 16.697102 16.265564 15.868903 15.940527 16.296719 17.146622 16.460901 -999999.0 -999999.0 -999999.0 -999999.0
-999999.0 -999999.0 -999999.0 -999999.0 -999999.0 -999999.0 -999999.0 -999999.0 -999999.0 21.444317 21.333555 21.160551 20.978542 20.874445 20.944971 20.980825 20.795828 20.561188 20.587612 20.672052 20.66132 20.654884 20.624367 20.71233 20.886845 20.94433 21.028727 21.20415 21.291134 21.27141 21.105722 20.902344 20.621033 20.316668 19.906513 19.616085 21.003727 21.106133 20.574709 19.80156 19.40048 19.516323 18.878536 18.61527 18.507433 18.079958 17.753006 17.449787 17.11383 16.747427 16.380865 16.16394 16.034435 16.016825 -999999.0 -999999.0 -999999.0 -999999.0 -999999.0 -999999.0
-999999.0 -999999.0 -999999.0 -999999.0 -999999.0 -999999.0 21.776833 21.6731 21.414629 21.305151 21.245445 21.138403 21.051834 20.964264 21.011894 21.045277 20.866468 20.625652 20.626965 20.848747 20.856567 20.73084 20.67905 20.687695 20.731455 20.882044 21.00552 21.10062 21.191135 21.062422 20.799564 20.556978 20.401882 20.154436 19.80085 19.5939 20.578749 20.725645 20.58613 19.96921 19.520916 19.46038 18.848307 18.716248 18.910204 18.310495 17.84335 17.51402 17.270102 16.98043 16.672413 16.486036 16.29624 -999999.0 -999999.0 -999999.0 -999999.0 -999999.0 -999999.0 -999999.0
-999999.0 -999999.0 -999999.0 -999999.0 21.551079 21.482908 21.5769 21.582176 21.46582 21.360851 21.326948 21.199678 21.165749 21.118652 21.096685 21.130371 20.99708 20.824348 20.927858 21.053965 21.10234 20.922762 20.761518 20.620003 20.446497 20.670912 20.886261 20.893225 20.773865 20.616848 20.449419 20.23613 20.112364 20.092743 19.774523 19.55822 19.350441 20.129528 20.14604 19.802534 19.542873 19.602274 19.159588 18.894777 19.590681 18.509556 17.983978 17.66104 17.481192 17.365406 17.068542 16.711647 16.467833 -999999.0 -999999.0 -999999.0 -999999.0 -999999.0 -999999.0 -999999.0
-999999.0 -999999.0 -999999.0 21.486464 21.436928 21.372911 21.442354 21.543442 21.508678 21.477266 21.363396 21.241762 21.282265 21.263725 21.183685 21.215645 21.08468 20.946545 20.96587 21.022938 21.067932 20.941328 20.698528 20.509958 20.387243 20.468271 20.530148 20.481966 20.367783 20.23701 20.085566 19.932333 19.770428 19.818571 19.622034 19.477545 19.248861 19.23358 -999999.0 -999999.0 19.402155 19.265884 18.992592 -999999.0 -999999.0 19.519213 -999999.0 17.911928 17.67479 17.502758 17.149805 16.699953 16.42339 -999999.0 -999999.0 -999999.0 -999999.0 -999999.0 -999999.0 -999999.0
-999999.0 -999999.0 20.96008 21.248684 21.188255 21.166815 21.225586 21.406784 21.47467 21.511776 21.45023 21.393007 21.404922 21.34207 21.280846 21.403313 21.163448 20.923016 20.817818 20.843008 20.82191 20.823648 20.615055 20.427425 20.388113 20.38839 20.353941 20.277504 20.117887 19.985596 19.881294 19.814041 19.700533 19.540714 19.471931 19.438208 19.258465 19.275648 -999999.0 -999999.0 19.1593 19.099215 -999999.0 -999999.0 -999999.0 -999999.0 18.70766 18.03451 17.655994 17.361105 17.01127 16.661848 16.364136 -999999.0 -999999.0 -999999.0 -999999.0 -999999.0 -999999.0 -999999.0
-999999.0 20.45443 20.712894 20.913485 20.817175 20.807995 20.991161 21.217161 21.376822 21.488977 21.528086 21.556055 21.47558 21.417551 21.31383 21.302757 21.07489 20.834429 20.681402 20.525936 20.37001 20.392433 20.353481 20.373968 20.40035 20.32494 20.261328 20.184572 19.997204 19.86828 19.852676 19.84075 19.6626 19.439785 19.36508 19.372698 19.392714 19.429081 -999999.0 -999999.0 19.085804 19.138716 -999999.0 -999999.0 -999999.0 -999999.0 19.025644 18.313498 17.507221 17.165703 16.804232 16.51052 16.197111 -999999.0 -999999.0 -999999.0 -999999.0 -999999.0 -999999.0 -999999.0
19.921564 20.28667 20.471083 20.553215 20.602009 20.710535 20.883982 21.035624 21.164148 21.375458 21.450087 21.475674 21.414963 21.337774 21.214172 21.028091 20.835289 20.717466 20.474049 20.32994 20.269402 20.32246 20.390207 20.357952 20.23517 20.112408 20.093962 20.034267 19.918337 19.820145 19.702618 19.66868 19.593014 19.481375 19.32117 19.32974 19.323078 19.327 19.274511 -999999.0 18.971954 19.005104 19.012863 -999999.0 -999999.0 -999999.0 18.75048 18.588507 17.603527 17.09474 16.68307 16.371273 -999999.0 -999999.0 -999999.0 -999999.0 -999999.0 -999999.0 -999999.0 -999999.0
19.831097 20.154078 20.323479 20.402323 20.569529 20.72431 20.786448 20.807676 20.940199 21.152594 21.245693 21.292067 21.256634 21.195103 21.088718 20.878714 20.729301 20.473703 20.157461 20.146246 20.222351 20.250275 20.26782 20.239185 20.138166 20.057507 20.078321 20.1565 19.985281 19.839651 19.658646 19.690062 19.704752 19.602947 19.405384 19.293833 19.196001 19.177153 19.055927 18.852816 18.848106 18.882719 18.844072 18.797388 18.512512 18.15624 17.895325 18.60363 17.542189 16.970062 16.539581 16.212635 -999999.0 -999999.0 -999999.0 -999999.0 -999999.0 -999999.0 -999999.0 -999999.0
19.817379 20.11678 20.28771 20.380043 20.64523 20.737097 20.633505 20.677635 20.77325 20.845541 21.006878 21.069643 21.098 21.069492 21.0034 20.831799 20.604109 20.280996 19.994997 20.042461 20.097603 20.06968 20.034096 20.097898 20.186537 20.197826 20.279938 20.419445 20.178743 19.949799 19.789202 19.927227 19.929138 19.721697 19.545914 19.32564 19.125204 19.022453 18.957188 18.91508 18.808928 18.756811 18.64212 18.516315 18.328203 18.163704 17.895842 18.535938 18.224594 16.697163 16.3998 -999999.0 -999999.0 -999999.0 -999999.0 -999999.0 -999999.0 -999999.0 -999999.0 -999999.0
19.649242 20.038696 20.280903 20.381388 20.574526 20.600817 20.610489 20.725632 20.763165 20.7395 20.802593 20.814508 20.70842 20.858171 20.924786 20.864912 20.698595 20.39687 20.07627 20.04119 20.00804 19.98792 19.957615 19.981287 20.050636 20.199814 20.308636 20.383816 20.21129 20.093454 19.94574 19.983994 20.008183 19.874878 19.72041 19.509918 19.282824 19.08281 18.852467 18.835571 18.749273 18.70699 18.628199 18.458536 18.25655 18.082989 17.707685 17.273624 18.25851 -999999.0 -999999.0 -999999.0 -999999.0 -999999.0 -999999.0 -999999.0 -999999.0 -999999.0 -999999.0 -999999.0
