data/TNO-HT-ATES/HT-ATES_msz2/msz2__energy_out_P50_basecase_80-45-40.asc
ncols  140
nrows  163
xllcorner  0.0
yllcorner  300000.0
cellsize  2000.0
NODATA_value  -999999.0
[rows 28 to 55 of 163, columns 63 to 125 of 140]
24553.232 27608.047 27117.346 26172.406 26080.295 25470.918 25648.838 24979.91 23875.871 24573.375 21750.432 19061.924 21045.256 24488.44 23750.996 22832.604 22117.121 22591.729 22916.549 29843.287 34073.023 37034.062 37353.953 37562.55 38374.582 38051.086 37253.207 35271.406 32411.785 29617.248 27022.35 24646.41 21864.738 19038.367 16486.803 15981.374 15078.351 13322.743 11019.357 10016.41 8326.45 0.0 0.0 0.0 0.0 0.0 -999999.0 -999999.0 -999999.0 -999999.0 -999999.0 -999999.0 -999999.0 -999999.0 -999999.0 -999999.0 -999999.0 -999999.0 -999999.0 -999999.0 -999999.0 -999999.0 -999999.0
23792.988 25529.291 25980.092 26767.434 24661.049 24370.96 23585.645 23026.057 22480.203 22006.656 19463.482 19472.418 21900.232 22263.932 22589.865 20900.75 -999999.0 23514.139 25201.443 30779.3 36103.47 36494.87 39862.984 38322.812 40671.09 38446.137 35479.285 33582.035 31880.79 28917.354 25892.76 24656.65 19509.678 14205.604 11098.665 14169.914 15627.3125 13056.143 10612.833 9205.666 7830.7666 0.0 0.0 0.0 0.0 0.0 -999999.0 -999999.0 -999999.0 0.0 -999999.0 -999999.0 -999999.0 -999999.0 -999999.0 -999999.0 -999999.0 -999999.0 -999999.0 -999999.0 -999999.0 -999999.0 -999999.0
20057.605 21138.13 22469.469 22966.973 22344.62 21856.857 21310.46 20446.516 21068.516 18936.916 19725.611 20610.162 21975.086 21509.855 21071.95 20967.951 24946.408 27130.436 29445.611 32898.926 35369.51 38834.266 39976.062 39256.45 41237.793 41935.242 35212.906 31197.574 29991.988 19313.309 18803.521 19852.941 16553.355 10676.396 5858.4165 -999999.0 14392.243 12572.243 10498.493 8956.96 6945.7207 6218.956 6025.3823 0.0 0.0 0.0 0.0 0.0 -999999.0 0.0 -999999.0 -999999.0 -999999.0 -999999.0 -999999.0 -999999.0 -999999.0 -999999.0 -999999.0 -999999.0 -999999.0 -999999.0 -999999.0
17825.893 18316.402 18701.93 19115.86 18976.303 21792.342 21090.762 18804.05 18405.943 19844.766 21627.006 22386.234 23211.885 22114.484 22438.65 27278.316 30015.988 31802.227 32494.938 33428.914 35813.51 33065.17 33610.844 39727.51 40366.99 35522.48 33830.426 29954.205 21383.998 10031.312 10955.633 13147.439 16195.778 10413.585 7827.523 10121.078 12499.867 11204.322 9229.29 6894.1577 0.0 0.0 0.0 6544.9414 8267.383 7587.171 7142.018 0.0 0.0 0.0 0.0 -999999.0 -999999.0 -999999.0 -999999.0 -999999.0 -999999.0 -999999.0 -999999.0 -999999.0 -999999.0 -999999.0 -999999.0
15987.793 16440.277 17316.502 17784.768 18835.654 20502.104 19440.205 18146.873 17757.045 20311.568 22443.398 23869.19 25083.566 25009.068 25236.162 30585.045 30888.572 34231.39 34279.21 36456.727 37577.0 34606.57 35903.47 41163.2 38566.87 34650.406 34683.477 31375.207 12135.16 0.0 8012.736 11824.092 12793.705 11186.068 9993.019 10581.93 10968.41 9807.104 7926.949 0.0 0.0 0.0 0.0 6996.7593 8259.856 8260.15 8831.267 6555.14 0.0 -999999.0 0.0 -999999.0 -999999.0 -999999.0 -999999.0 -999999.0 -999999.0 -999999.0 -999999.0 -999999.0 -999999.0 -999999.0 -999999.0
14387.845 15511.242 17235.385 18384.107 19069.324 19796.896 18494.562 17879.676 14384.456 19421.695 23208.287 24865.264 26405.549 27152.26 27980.727 32105.287 34296.617 35376.008 35456.113 36793.043 36409.895 33903.51 35063.004 39062.367 36092.85 32832.844 30538.367 27212.842 13940.74 11837.934 10593.669 12845.527 14265.522 13504.862 12361.839 10770.479 8832.151 7086.4023 0.0 0.0 0.0 0.0 0.0 6718.948 7645.1157 7676.225 7699.932 0.0 0.0 0.0 -999999.0 -999999.0 -999999.0 -999999.0 -999999.0 -999999.0 -999999.0 -999999.0 -999999.0 -999999.0 -999999.0 -999999.0 -999999.0
12207.788 12910.397 15557.905 17262.389 17824.168 19649.12 18748.393 18343.71 19391.416 21448.756 24472.578 25643.31 25298.969 26601.486 28847.898 32556.346 35865.867 37936.06 34498.234 33149.574 32638.92 31918.293 35322.816 37253.973 31891.941 30803.518 28387.875 24329.014 14648.904 10933.586 12488.551 14912.728 17224.363 16717.87 14655.674 11415.879 8484.941 6280.7256 0.0 0.0 -999999.0 0.0 0.0 6249.743 7252.696 7150.2666 0.0 0.0 0.0 0.0 -999999.0 -999999.0 -999999.0 -999999.0 -999999.0 -999999.0 -999999.0 -999999.0 -999999.0 -999999.0 -999999.0 -999999.0 -999999.0
11593.545 13431.632 14750.293 16336.796 17571.854 18294.266 18592.293 18066.82 18802.477 21656.166 24030.797 25129.285 24826.584 27389.39 34242.18 34292.777 37117.594 37198.695 34417.32 31122.084 26910.334 26901.734 35782.58 34054.098 30066.611 28281.553 27248.104 21134.922 13371.097 9050.593 11414.831 15644.958 20214.775 20206.291 16585.723 12298.612 8036.543 0.0 0.0 0.0 0.0 0.0 0.0 0.0 6763.3184 0.0 0.0 0.0 0.0 -999999.0 -999999.0 -999999.0 -999999.0 -999999.0 -999999.0 -999999.0 -999999.0 -999999.0 -999999.0 -999999.0 -999999.0 -999999.0 -999999.0
11559.466 13591.744 15217.538 16976.37 17942.22 17356.105 17810.146 17857.838 18954.213 22443.734 23099.566 24735.055 24556.02 27342.756 32931.56 34884.723 37886.637 40144.78 36804.66 31478.08 29308.768 30122.723 33883.61 30956.943 27728.611 26377.55 24866.227 16882.988 9794.276 6744.262 11888.56 18032.102 20745.023 19731.172 17845.129 14260.16 8894.413 0.0 0.0 0.0 0.0 0.0 0.0 0.0 0.0 0.0 0.0 0.0 -999999.0 -999999.0 0.0 0.0 -999999.0 -999999.0 -999999.0 -999999.0 -999999.0 -999999.0 -999999.0 -999999.0 -999999.0 -999999.0 -999999.0
9371.171 12310.277 14600.427 17163.54 17557.156 19888.648 18800.684 18146.06 19957.287 20547.129 19821.898 20241.729 22487.588 27889.559 33776.0 36512.387 37967.9 39519.28 38095.04 33634.504 29335.135 27204.342 28363.104 27294.365 23632.705 24762.61 20271.133 14159.384 7344.5293 0.0 11655.589 20528.158 20228.656 18894.877 17990.63 13887.701 7277.5464 0.0 0.0 0.0 0.0 0.0 0.0 0.0 0.0 0.0 0.0 -999999.0 0.0 0.0 0.0 7164.6714 -999999.0 -999999.0 -999999.0 -999999.0 -999999.0 -999999.0 -999999.0 -999999.0 -999999.0 -999999.0 -999999.0
9359.269 11704.539 13680.677 17037.252 16937.25 19120.559 19147.611 15632.298 15871.944 17207.764 18524.648 19941.123 23275.059 30180.793 35642.56 38648.92 41406.145 38604.645 37360.06 32866.87 27578.39 24732.246 23874.617 25529.566 21281.215 22627.422 17772.174 13397.883 8064.767 8036.6616 12985.284 19247.43 18489.262 19764.648 18958.127 10846.418 0.0 0.0 0.0 0.0 0.0 0.0 0.0 0.0 0.0 0.0 -999999.0 0.0 0.0 0.0 0.0 0.0 -999999.0 -999999.0 -999999.0 -999999.0 -999999.0 -999999.0 -999999.0 -999999.0 -999999.0 -999999.0 -999999.0
8943.831 11483.497 13827.963 16143.357 17168.904 19371.193 19598.104 17423.42 14809.479 15262.098 18411.879 20296.102 25559.354 29465.129 34510.97 41456.21 41379.824 39741.65 36811.883 31925.322 24998.322 23158.53 23145.43 25058.7 22188.33 21320.59 16474.838 12671.165 9718.866 9998.964 12485.673 16092.924 18958.672 18703.805 12642.265 6436.62 0.0 -999999.0 -999999.0 0.0 0.0 0.0 0.0 0.0 0.0 -999999.0 -999999.0 0.0 0.0 -999999.0 -999999.0 -999999.0 -999999.0 -999999.0 -999999.0 -999999.0 -999999.0 -999999.0 -999999.0 -999999.0 -999999.0 -999999.0 -999999.0
11200.007 12946.056 14082.975 16035.231 16512.154 21010.068 20083.85 18042.18 16456.613 13407.471 16237.93 20581.902 25020.348 28609.098 35646.984 42130.285 40835.33 38765.273 35681.35 30095.766 27317.709 23950.516 26902.062 24308.605 22015.832 21062.701 16619.078 13223.769 10751.947 9858.744 10197.439 11198.235 12004.306 11633.937 7988.387 0.0 0.0 -999999.0 -999999.0 0.0 0.0 0.0 0.0 0.0 0.0 0.0 0.0 0.0 -999999.0 -999999.0 -999999.0 -999999.0 -999999.0 -999999.0 -999999.0 -999999.0 -999999.0 -999999.0 -999999.0 -999999.0 -999999.0 -999999.0 -999999.0
13288.728 15053.115 17087.393 18805.727 18949.334 20235.725 21113.775 19104.99 17080.434 17608.111 16378.57 19560.441 24871.773 29716.148 39466.49 39217.535 38042.816 34431.35 32886.223 29223.102 28570.756 25010.514 25802.395 24548.734 23989.557 22583.861 17786.23 12553.354 10331.181 10078.64 8863.33 7950.062 6938.117 6596.057 0.0 0.0 0.0 0.0 0.0 0.0 0.0 0.0 0.0 0.0 0.0 0.0 0.0 -999999.0 -999999.0 -999999.0 -999999.0 -999999.0 -999999.0 -999999.0 -999999.0 -999999.0 -999999.0 -999999.0 -999999.0 -999999.0 -999999.0 -999999.0 -999999.0
15276.534 16981.666 19281.973 20757.857 20526.713 20690.75 20136.695 18444.408 16290.061 19252.922 16830.977 18769.523 24443.707 29384.822 35828.043 32541.309 32664.578 30201.492 29072.7 26714.328 23249.482 24873.414 23716.12 24578.906 22848.334 21487.299 18593.416 13910.005 11388.127 8825.805 6819.4346 0.0 0.0 0.0 0.0 0.0 0.0 0.0 0.0 0.0 0.0 0.0 0.0 0.0 0.0 0.0 0.0 -999999.0 -999999.0 -999999.0 -999999.0 -999999.0 -999999.0 -999999.0 -999999.0 -999999.0 -999999.0 -999999.0 -999999.0 -999999.0 -999999.0 -999999.0 -999999.0
17601.479 19397.1 21350.021 21995.604 21231.24 21146.82 20353.406 18210.062 17399.074 18503.648 18219.312 18765.059 20360.418 24702.375 30646.281 29180.898 27247.57 26141.652 23880.2 19147.21 19443.418 18661.664 20815.969 23443.941 21419.857 18867.512 16710.834 13718.094 10543.89 7302.034 0.0 0.0 0.0 0.0 0.0 0.0 0.0 0.0 0.0 0.0 0.0 0.0 0.0 0.0 0.0 0.0 -999999.0 -999999.0 -999999.0 -999999.0 -999999.0 -999999.0 -999999.0 -999999.0 -999999.0 -999999.0 -999999.0 -999999.0 -999999.0 -999999.0 -999999.0 -999999.0 -999999.0
20019.877 21845.303 23067.672 22576.506 21423.52 20713.918 19825.627 19303.658 16985.477 17781.635 18672.842 19542.582 20569.305 20813.004 23450.502 24931.68 22567.787 20134.535 18176.77 13090.672 14807.997 16698.102 18156.01 21158.713 20080.97 17208.105 14812.357 13253.785 10805.674 6875.173 0.0 0.0 0.0 0.0 0.0 0.0 0.0 0.0 0.0 0.0 0.0 0.0 0.0 0.0 -999999.0 0.0 -999999.0 -999999.0 -999999.0 -999999.0 -999999.0 -999999.0 -999999.0 -999999.0 -999999.0 -999999.0 -999999.0 -999999.0 -999999.0 -999999.0 -999999.0 -999999.0 -999999.0
23337.836 24990.111 24186.14 22609.855 22233.832 20043.57 19359.129 17771.38 16835.807 16464.8 14789.54 19570.045 22385.201 20242.852 19650.846 18632.738 17257.785 12799.516 9520.985 11193.527 13603.196 14820.273 16303.308 19577.541 19242.982 17608.8 13921.629 12898.863 11418.513 7833.404 0.0 0.0 0.0 0.0 0.0 0.0 0.0 0.0 0.0 0.0 0.0 0.0 -999999.0 0.0 -999999.0 -999999.0 -999999.0 -999999.0 -999999.0 -999999.0 -999999.0 -999999.0 -999999.0 -999999.0 -999999.0 -999999.0 -999999.0 -999999.0 -999999.0 -999999.0 -999999.0 -999999.0 -999999.0
26230.81 27671.855 27087.873 24916.14 20468.53 19307.56 19070.035 19268.941 19577.617 17474.197 14341.645 21967.908 24095.428 17059.393 14921.628 12932.35 0.0 0.0 0.0 0.0 6380.025 9605.764 12525.492 16348.272 18457.057 17240.63 15613.3545 13763.931 13088.392 9143.368 6255.9834 0.0 0.0 0.0 0.0 0.0 0.0 0.0 0.0 0.0 0.0 -999999.0 -999999.0 0.0 -999999.0 -999999.0 -999999.0 -999999.0 -999999.0 -999999.0 -999999.0 -999999.0 -999999.0 -999999.0 -999999.0 -999999.0 -999999.0 -999999.0 -999999.0 -999999.0 -999999.0 -999999.0 -999999.0
29995.41 31284.934 30894.734 28175.822 23530.264 21319.66 21178.225 20841.432 20187.436 18064.19 18069.87 21591.223 21388.84 14389.665 9490.899 6109.523 0.0 0.0 0.0 0.0 0.0 8398.515 11719.54 14441.799 16353.978 17054.258 15043.6045 12875.057 11273.386 9026.841 6586.325 0.0 0.0 0.0 0.0 0.0 0.0 0.0 0.0 0.0 0.0 -999999.0 -999999.0 -999999.0 0.0 -999999.0 -999999.0 -999999.0 -999999.0 -999999.0 -999999.0 -999999.0 -999999.0 -999999.0 -999999.0 -999999.0 -999999.0 -999999.0 -999999.0 -999999.0 -999999.0 -999999.0 -999999.0
34574.246 33339.72 32203.637 29292.752 26185.814 24819.021 24363.521 23816.936 22924.72 21048.697 19238.61 18773.916 15442.249 11838.685 8043.7427 0.0 0.0 0.0 6192.4893 7881.9165 8582.665 10160.1455 11884.48 14070.31 14549.386 15556.707 15720.118 13351.183 12409.741 10067.319 7588.4204 0.0 6227.9204 0.0 0.0 0.0 0.0 0.0 0.0 0.0 0.0 -999999.0 -999999.0 0.0 0.0 -999999.0 -999999.0 -999999.0 -999999.0 -999999.0 -999999.0 -999999.0 -999999.0 -999999.0 -999999.0 -999999.0 -999999.0 -999999.0 -999999.0 -999999.0 -999999.0 -999999.0 -999999.0
37913.387 36677.137 34983.08 31784.03 28834.162 27432.436 25847.45 24683.525 23379.48 20664.283 16844.748 15048.624 11038.434 9871.928 8493.533 6220.985 0.0 0.0 0.0 9083.862 12585.089 11234.869 10997.62 12227.086 13613.482 13827.378 13961.117 14374.353 12536.634 10705.462 8586.054 7736.1045 0.0 0.0 0.0 0.0 0.0 0.0 0.0 0.0 0.0 -999999.0 0.0 0.0 0.0 -999999.0 -999999.0 -999999.0 -999999.0 -999999.0 -999999.0 -999999.0 -999999.0 -999999.0 -999999.0 -999999.0 -999999.0 -999999.0 -999999.0 -999999.0 -999999.0 -999999.0 -999999.0
38880.8 37755.95 35992.477 33503.13 30113.697 27692.893 25675.838 24292.613 21838.238 17861.64 17550.328 14975.775 11777.799 11279.748 8738.272 10940.85 6549.5244 0.0 0.0 8209.734 12862.906 13863.637 11114.725 7255.456 13736.353 9731.275 9887.698 11709.051 11657.734 9461.769 7504.241 6340.9565 0.0 0.0 0.0 0.0 0.0 0.0 0.0 0.0 0.0 0.0 0.0 0.0 0.0 -999999.0 -999999.0 -999999.0 -999999.0 -999999.0 -999999.0 -999999.0 -999999.0 -999999.0 -999999.0 -999999.0 -999999.0 -999999.0 -999999.0 -999999.0 -999999.0 -999999.0 -999999.0
37153.836 37455.848 35405.695 33437.406 29879.656 26939.287 25031.928 23612.764 21985.541 19688.055 17814.43 14896.298 12088.271 11551.193 12172.698 13416.204 7699.3257 6928.0737 8267.716 9966.84 13213.183 14701.003 13407.173 12732.733 10162.307 8653.704 8271.832 9291.882 10810.782 9576.6 8116.327 6422.0195 0.0 0.0 0.0 0.0 0.0 0.0 0.0 0.0 0.0 0.0 0.0 0.0 0.0 -999999.0 -999999.0 -999999.0 -999999.0 -999999.0 -999999.0 -999999.0 -999999.0 -999999.0 -999999.0 -999999.0 -999999.0 -999999.0 -999999.0 -999999.0 -999999.0 -999999.0 -999999.0
31902.54 32158.238 31078.537 30528.639 28630.203 26450.06 22236.0 20955.377 21453.58 20831.025 19658.363 16881.168 14132.035 13759.467 14189.78 13027.031 10356.186 10422.156 9363.091 11182.4375 13748.15 13691.892 14916.085 12539.144 6492.5596 7806.5435 8761.562 8076.9565 8750.12 9617.605 10972.775 7722.4214 7513.705 5967.6636 0.0 0.0 0.0 0.0 0.0 0.0 0.0 0.0 0.0 0.0 -999999.0 -999999.0 -999999.0 -999999.0 -999999.0 -999999.0 -999999.0 -999999.0 -999999.0 -999999.0 -999999.0 -999999.0 -999999.0 -999999.0 -999999.0 -999999.0 -999999.0 -999999.0 -999999.0
26488.938 26428.217 26154.932 26518.686 25776.68 24708.896 21866.432 20964.715 21475.033 20373.168 19205.611 17346.125 14671.001 13003.577 13164.05 11651.922 14746.186 12225.778 9939.83 12564.136 15758.335 15990.632 16181.832 13151.617 8628.463 11365.535 9770.213 0.0 7044.849 9268.179 12016.938 9524.37 8634.129 8515.406 0.0 0.0 0.0 0.0 0.0 0.0 0.0 0.0 0.0 0.0 -999999.0 -999999.0 -999999.0 -999999.0 -999999.0 -999999.0 -999999.0 -999999.0 -999999.0 -999999.0 -999999.0 -999999.0 -999999.0 -999999.0 -999999.0 -999999.0 -999999.0 -999999.0 -999999.0
20347.188 19016.004 20112.738 22422.625 23174.451 24361.312 23219.537 23296.102 21707.734 19243.36 17615.766 15818.176 14299.006 14839.38 14768.4375 12787.479 16229.896 12746.195 10013.693 16072.838 17679.578 17584.482 16313.646 14040.2 11928.859 9899.668 8627.148 7208.0747 6795.305 8788.576 11694.901 12779.647 11796.167 8020.3413 0.0 0.0 0.0 -999999.0 0.0 0.0 0.0 0.0 0.0 0.0 -999999.0 -999999.0 -999999.0 -999999.0 -999999.0 -999999.0 -999999.0 -999999.0 -999999.0 -999999.0 -999999.0 -999999.0 -999999.0 -999999.0 -999999.0 -999999.0 -999999.0 -999999.0 -999999.0
17043.916 14072.265 17303.104 20084.6 21767.045 22628.2 22172.256 22530.74 20545.781 17572.277 15216.822 14001.838 13677.649 16408.627 17262.162 15689.564 18284.307 13936.273 10327.639 16557.477 17058.799 16973.959 16899.418 15645.578 11863.777 7084.7866 7813.227 7513.5103 6954.677 11635.256 14615.856 14971.123 12921.6455 7344.705 0.0 0.0 -999999.0 -999999.0 0.0 0.0 0.0 0.0 0.0 0.0 -999999.0 -999999.0 -999999.0 -999999.0 -999999.0 -999999.0 -999999.0 -999999.0 -999999.0 -999999.0 -999999.0 -999999.0 -999999.0 -999999.0 -999999.0 -999999.0 -999999.0 -999999.0 -999999.0
