data/TNO-HT-ATES/HT-ATES_msz2/msz2__energy_in_P50_basecase_80-45-40.asc
ncols  140
nrows  163
xllcorner  0.0
yllcorner  300000.0
cellsize  2000.0
NODATA_value  -999999.0
[rows 28 to 55 of 163, columns 63 to 125 of 140]
39161.902 43435.223 42713.94 41381.523 41212.695 40311.26 40559.656 39631.914 38074.637 39020.78 35053.152 31297.363 34080.62 38938.156 37917.613 36674.38 35672.03 36334.004 36750.402 46477.08 52350.227 56368.477 56783.78 57074.918 58125.508 57631.434 56481.27 53673.156 49790.79 46017.504 42551.707 39396.824 35623.21 31713.525 28179.176 27571.623 26322.402 23843.078 20393.021 18939.553 16401.865 0.0 0.0 0.0 0.0 0.0 -999999.0 -999999.0 -999999.0 -999999.0 -999999.0 -999999.0 -999999.0 -999999.0 -999999.0 -999999.0 -999999.0 -999999.0 -999999.0 -999999.0 -999999.0 -999999.0 -999999.0
38181.242 40566.805 41138.836 42166.4 39231.64 38821.492 37704.383 36904.25 36126.31 35484.227 31898.496 31897.861 35321.996 35835.887 36316.52 34009.82 -999999.0 37626.133 39980.938 47770.99 55169.3 55738.773 60236.68 58114.617 61182.125 58138.527 54071.69 51437.664 49013.223 45053.016 41034.742 39423.934 32405.115 24965.113 20556.643 25024.717 27126.271 23435.676 19812.049 17734.482 15660.518 0.0 0.0 0.0 0.0 0.0 -999999.0 -999999.0 -999999.0 0.0 -999999.0 -999999.0 -999999.0 -999999.0 -999999.0 -999999.0 -999999.0 -999999.0 -999999.0 -999999.0 -999999.0 -999999.0 -999999.0
32902.375 34397.25 36219.285 36855.41 35961.54 35292.992 34516.527 33259.37 34137.695 31159.791 32271.582 33512.188 35443.023 34798.7 34226.703 34059.113 39654.83 42695.465 45907.363 50698.8 54120.234 58734.246 60353.152 59438.094 61913.42 62596.35 53642.234 48147.4 46424.348 31933.266 31290.049 32817.145 28301.879 19969.906 13720.579 -999999.0 25356.514 22759.607 19703.232 17451.002 14274.331 13131.426 12828.884 0.0 0.0 0.0 0.0 0.0 -999999.0 0.0 -999999.0 -999999.0 -999999.0 -999999.0 -999999.0 -999999.0 -999999.0 -999999.0 -999999.0 -999999.0 -999999.0 -999999.0 -999999.0
29737.057 30394.008 30912.523 31484.996 31263.791 35192.555 34189.785 30977.727 30395.701 32464.688 34957.71 36038.48 37225.793 35672.81 36114.348 42909.676 46726.406 49165.113 50048.598 51318.582 54629.582 50710.8 51397.766 59880.1 60700.582 54176.78 51724.094 46417.242 34735.98 18776.15 20186.88 23389.164 29653.951 19540.385 15741.905 19152.06 22606.678 20718.232 17833.645 14150.146 0.0 0.0 0.0 13549.469 16289.7 14134.809 14470.19 0.0 0.0 0.0 0.0 -999999.0 -999999.0 -999999.0 -999999.0 -999999.0 -999999.0 -999999.0 -999999.0 -999999.0 -999999.0 -999999.0 -999999.0
27115.715 27737.393 28972.29 29616.898 31094.703 33432.336 31900.963 30048.09 29509.1 33111.195 36124.473 38123.555 39839.15 39735.85 40026.74 47496.973 47896.324 52413.723 52418.0 55358.55 56943.746 52839.31 54508.46 61743.992 58239.25 52875.402 52733.785 48193.316 21860.926 0.0 15787.419 21509.717 22955.266 20624.693 18892.115 19835.299 20455.266 18681.57 15864.1455 0.0 0.0 0.0 0.0 14266.735 16269.532 15126.138 15990.934 12606.533 0.0 -999999.0 0.0 -999999.0 -999999.0 -999999.0 -999999.0 -999999.0 -999999.0 -999999.0 -999999.0 -999999.0 -999999.0 -999999.0 -999999.0
24794.633 26418.053 28905.262 30507.512 31467.973 32468.36 30586.844 29697.625 24653.602 31863.002 37197.684 39520.84 41644.492 42687.18 43823.27 49534.53 52567.918 53968.52 53982.234 55813.8 55330.094 51967.86 53408.49 58905.53 54858.965 50385.71 47254.676 42700.375 24463.725 22954.232 19770.799 22959.527 25079.707 24003.84 22390.916 20094.521 17180.184 14453.725 0.0 0.0 0.0 0.0 0.0 13812.192 15295.574 14268.64 14313.745 0.0 0.0 0.0 -999999.0 -999999.0 -999999.0 -999999.0 -999999.0 -999999.0 -999999.0 -999999.0 -999999.0 -999999.0 -999999.0 -999999.0 -999999.0
21617.168 22630.87 26479.213 28921.299 29693.777 32254.043 30968.883 30385.326 31849.902 34744.613 38986.66 40602.207 40093.848 41910.766 45017.734 50124.684 54654.7 57361.57 52637.68 50844.656 50153.98 49224.43 53807.51 56473.934 49172.11 47626.113 44320.1 38817.57 25493.145 20238.6 22509.559 25950.031 29300.438 28654.668 25746.773 21043.193 16646.598 13210.21 0.0 0.0 -999999.0 0.0 0.0 13046.616 14673.372 13495.596 0.0 0.0 0.0 0.0 -999999.0 -999999.0 -999999.0 -999999.0 -999999.0 -999999.0 -999999.0 -999999.0 -999999.0 -999999.0 -999999.0 -999999.0 -999999.0
20710.879 23411.12 25300.795 27561.652 29323.05 30343.393 30754.469 29985.992 31004.182 35049.273 38361.434 39868.312 39426.55 42973.758 52407.13 52473.89 56306.316 56353.254 52602.945 48123.36 42297.21 42319.082 54573.332 52131.88 46658.203 44158.367 42754.594 34473.19 23684.963 17407.584 20873.127 26999.934 33559.297 33630.863 28539.299 22351.91 15936.591 0.0 0.0 0.0 0.0 0.0 0.0 0.0 12935.518 0.0 0.0 0.0 0.0 -999999.0 -999999.0 -999999.0 -999999.0 -999999.0 -999999.0 -999999.0 -999999.0 -999999.0 -999999.0 -999999.0 -999999.0 -999999.0 -999999.0
20673.816 23652.285 25978.072 28486.266 29841.424 28981.477 29620.598 29680.43 31206.262 36144.418 37027.0 39296.824 39015.48 42879.11 50583.86 53233.95 57371.387 60383.887 55870.297 48632.44 45618.547 46707.195 51837.23 47851.445 43437.62 41593.812 39553.83 28571.363 18527.316 13843.945 21591.688 30423.707 34349.2 33004.125 30370.379 25246.395 17325.465 0.0 0.0 0.0 0.0 0.0 0.0 0.0 0.0 0.0 0.0 0.0 -999999.0 -999999.0 0.0 0.0 -999999.0 -999999.0 -999999.0 -999999.0 -999999.0 -999999.0 -999999.0 -999999.0 -999999.0 -999999.0 -999999.0
17350.732 21728.51 25058.484 28720.586 29279.037 32560.676 31019.998 30086.586 32630.805 33465.676 32417.674 32993.71 36140.336 43632.492 51726.836 55429.957 57495.32 59628.074 57644.777 51545.98 45635.87 42709.12 44220.848 42837.47 37846.594 39357.96 33205.145 24801.293 15881.487 0.0 21293.379 33982.3 33684.59 31865.19 30632.893 24742.514 14805.077 0.0 0.0 0.0 0.0 0.0 0.0 0.0 0.0 0.0 0.0 -999999.0 0.0 0.0 0.0 13582.736 -999999.0 -999999.0 -999999.0 -999999.0 -999999.0 -999999.0 -999999.0 -999999.0 -999999.0 -999999.0 -999999.0
17330.678 20815.637 23699.344 28517.215 28355.555 31462.469 31476.676 26479.38 26817.623 28736.934 30580.727 32567.568 37219.41 46820.992 54317.45 58427.605 62209.566 58420.887 56639.31 50476.875 43213.023 39320.02 38141.402 40419.164 34541.11 36456.72 29796.191 23758.672 15996.956 16030.062 23279.44 32216.727 31246.334 33134.6 32040.031 20290.682 0.0 0.0 0.0 0.0 0.0 0.0 0.0 0.0 0.0 0.0 -999999.0 0.0 0.0 0.0 0.0 0.0 -999999.0 -999999.0 -999999.0 -999999.0 -999999.0 -999999.0 -999999.0 -999999.0 -999999.0 -999999.0 -999999.0
16694.898 20473.81 23898.078 27228.688 28665.88 31783.145 32098.205 29017.277 25294.701 25944.818 30438.092 33073.223 40397.188 45858.84 52792.957 62305.18 62203.383 59909.562 55906.207 49172.04 39635.695 37165.113 37150.906 39786.543 35822.027 34672.836 27965.938 22646.662 18394.44 18909.62 22562.172 27814.127 31948.244 31648.465 22933.426 13562.82 0.0 -999999.0 -999999.0 0.0 0.0 0.0 0.0 0.0 0.0 -999999.0 -999999.0 0.0 0.0 -999999.0 -999999.0 -999999.0 -999999.0 -999999.0 -999999.0 -999999.0 -999999.0 -999999.0 -999999.0 -999999.0 -999999.0 -999999.0 -999999.0
20069.586 22627.709 24263.172 27057.783 27711.086 34078.617 32768.22 29873.344 27614.057 23281.193 27339.14 33492.664 39690.184 44700.496 54371.547 63254.31 61489.16 58638.625 54402.387 46713.66 42884.465 38287.043 42268.355 38816.574 35661.375 34366.855 28216.256 23452.545 19884.883 18617.404 19149.71 20672.768 21914.13 21447.217 16030.25 0.0 0.0 -999999.0 -999999.0 0.0 0.0 0.0 0.0 0.0 0.0 0.0 0.0 0.0 -999999.0 -999999.0 -999999.0 -999999.0 -999999.0 -999999.0 -999999.0 -999999.0 -999999.0 -999999.0 -999999.0 -999999.0 -999999.0 -999999.0 -999999.0
23117.055 25666.232 28561.47 30969.67 31154.697 32953.14 34176.46 31358.5 28498.473 29259.963 27548.92 32049.426 39480.08 46169.18 59679.07 59326.367 57703.32 52777.973 50584.98 45577.824 44633.527 39752.33 40882.723 39186.305 38417.8 36549.855 29887.602 22420.574 19202.604 18943.6 17176.777 15836.029 14225.0 13742.817 0.0 0.0 0.0 0.0 0.0 0.0 0.0 0.0 0.0 0.0 0.0 0.0 0.0 -999999.0 -999999.0 -999999.0 -999999.0 -999999.0 -999999.0 -999999.0 -999999.0 -999999.0 -999999.0 -999999.0 -999999.0 -999999.0 -999999.0 -999999.0 -999999.0
25969.527 28392.82 31644.709 33685.527 33340.41 33566.54 32773.59 30400.61 27355.498 31572.473 28167.887 30916.29 38850.81 45727.17 54685.066 50282.57 50363.703 46956.867 45346.82 42122.312 37361.594 39658.09 38062.54 39289.805 36929.7 35050.516 31067.33 24426.912 20861.477 17109.254 14055.661 0.0 0.0 0.0 0.0 0.0 0.0 0.0 0.0 0.0 0.0 0.0 0.0 0.0 0.0 0.0 0.0 -999999.0 -999999.0 -999999.0 -999999.0 -999999.0 -999999.0 -999999.0 -999999.0 -999999.0 -999999.0 -999999.0 -999999.0 -999999.0 -999999.0 -999999.0 -999999.0
29244.27 31771.883 34510.625 35379.688 34289.938 34157.633 33061.586 30067.393 28932.475 30507.723 30112.445 30904.924 33178.906 39279.94 47513.824 45572.992 42912.594 41366.93 38233.883 31650.75 32107.336 31020.799 34076.203 37790.1 35003.348 31449.332 28441.104 24176.04 19599.525 14717.991 0.0 0.0 0.0 0.0 0.0 0.0 0.0 0.0 0.0 0.0 0.0 0.0 0.0 0.0 0.0 0.0 -999999.0 -999999.0 -999999.0 -999999.0 -999999.0 -999999.0 -999999.0 -999999.0 -999999.0 -999999.0 -999999.0 -999999.0 -999999.0 -999999.0 -999999.0 -999999.0 -999999.0
32627.31 35167.67 36841.51 36130.31 34524.07 33528.914 32288.639 31591.51 28356.021 29505.676 30775.7 32023.55 33491.574 33879.613 37596.156 39685.492 36434.61 33027.105 30287.896 23055.646 25543.334 28271.469 30362.12 34607.65 33149.79 29134.596 25754.512 23517.805 20009.58 13995.629 0.0 0.0 0.0 0.0 0.0 0.0 0.0 0.0 0.0 0.0 0.0 0.0 0.0 0.0 -999999.0 0.0 -999999.0 -999999.0 -999999.0 -999999.0 -999999.0 -999999.0 -999999.0 -999999.0 -999999.0 -999999.0 -999999.0 -999999.0 -999999.0 -999999.0 -999999.0 -999999.0 -999999.0
37240.074 39470.996 38335.04 36120.83 35584.824 32553.84 31621.535 29410.031 28149.838 27660.564 25302.47 32075.248 36042.203 33057.8 32309.375 30874.584 28961.31 22575.44 17823.648 20303.652 23882.85 25629.7 27782.16 32441.24 32021.83 29742.662 24481.533 23044.504 20928.426 15475.811 0.0 0.0 0.0 0.0 0.0 0.0 0.0 0.0 0.0 0.0 0.0 0.0 -999999.0 0.0 -999999.0 -999999.0 -999999.0 -999999.0 -999999.0 -999999.0 -999999.0 -999999.0 -999999.0 -999999.0 -999999.0 -999999.0 -999999.0 -999999.0 -999999.0 -999999.0 -999999.0 -999999.0 -999999.0
41221.715 43130.973 42265.465 39245.76 33079.7 31491.59 31209.428 31539.287 32016.021 29103.738 24659.025 35429.625 38406.445 28583.793 25593.44 22761.883 0.0 0.0 0.0 0.0 13072.077 18063.164 22359.762 27897.688 30924.094 29251.096 26965.48 24336.373 23403.865 17503.812 13091.513 0.0 0.0 0.0 0.0 0.0 0.0 0.0 0.0 0.0 0.0 -999999.0 -999999.0 0.0 -999999.0 -999999.0 -999999.0 -999999.0 -999999.0 -999999.0 -999999.0 -999999.0 -999999.0 -999999.0 -999999.0 -999999.0 -999999.0 -999999.0 -999999.0 -999999.0 -999999.0 -999999.0 -999999.0
46317.48 48017.945 47432.023 43691.88 37311.836 34293.42 34159.496 33747.48 32873.29 29917.432 29955.732 34919.96 34670.035 24799.322 17709.828 12615.99 0.0 0.0 0.0 0.0 0.0 16244.44 21179.408 25166.115 27946.617 29001.596 26152.559 23047.143 20726.09 17346.725 13660.654 0.0 0.0 0.0 0.0 0.0 0.0 0.0 0.0 0.0 0.0 -999999.0 -999999.0 -999999.0 0.0 -999999.0 -999999.0 -999999.0 -999999.0 -999999.0 -999999.0 -999999.0 -999999.0 -999999.0 -999999.0 -999999.0 -999999.0 -999999.0 -999999.0 -999999.0 -999999.0 -999999.0 -999999.0
52452.535 50762.06 49203.21 45271.242 41004.44 39163.7 38602.637 37913.254 36719.684 34161.812 31610.91 30965.773 26280.01 21129.73 15545.85 0.0 0.0 0.0 12748.181 15351.571 16438.482 18878.135 21431.828 24641.477 25356.816 26882.564 27177.6 23772.633 22464.053 18956.258 15339.924 0.0 13104.518 0.0 0.0 0.0 0.0 0.0 0.0 0.0 0.0 -999999.0 -999999.0 0.0 0.0 -999999.0 -999999.0 -999999.0 -999999.0 -999999.0 -999999.0 -999999.0 -999999.0 -999999.0 -999999.0 -999999.0 -999999.0 -999999.0 -999999.0 -999999.0 -999999.0 -999999.0 -999999.0
56910.203 55236.215 52953.582 48651.32 44693.516 42810.625 40706.465 39166.95 37407.33 33636.56 28239.447 25698.053 19918.95 18230.37 16188.476 12692.647 0.0 0.0 0.0 17167.334 22393.146 20393.852 20137.229 21965.537 24005.752 24397.877 24662.4 25305.918 22658.467 19960.854 16852.842 15637.924 0.0 0.0 0.0 0.0 0.0 0.0 0.0 0.0 0.0 -999999.0 0.0 0.0 0.0 -999999.0 -999999.0 -999999.0 -999999.0 -999999.0 -999999.0 -999999.0 -999999.0 -999999.0 -999999.0 -999999.0 -999999.0 -999999.0 -999999.0 -999999.0 -999999.0 -999999.0 -999999.0
58159.484 56654.88 54315.848 51015.17 46493.266 43241.016 40540.324 38687.445 35290.832 29686.066 29264.307 25609.441 21014.738 20308.354 16547.758 19843.729 13244.403 0.0 0.0 15854.277 22803.8 24298.572 20349.992 14579.743 24239.783 18370.49 18657.732 21415.83 21350.637 18060.281 15103.215 13332.574 0.0 0.0 0.0 0.0 0.0 0.0 0.0 0.0 0.0 0.0 0.0 0.0 0.0 -999999.0 -999999.0 -999999.0 -999999.0 -999999.0 -999999.0 -999999.0 -999999.0 -999999.0 -999999.0 -999999.0 -999999.0 -999999.0 -999999.0 -999999.0 -999999.0 -999999.0 -999999.0
55839.55 56253.566 53569.58 50976.336 46219.902 42290.152 39724.87 37783.074 35536.5 32309.432 29688.707 25506.668 21457.385 20691.91 21647.145 23457.146 15001.733 13839.711 15920.564 18502.182 23322.4 25545.035 23716.826 22772.32 19029.982 16779.71 16213.376 17794.34 20105.586 18272.69 16040.833 13368.192 0.0 0.0 0.0 0.0 0.0 0.0 0.0 0.0 0.0 0.0 0.0 0.0 0.0 -999999.0 -999999.0 -999999.0 -999999.0 -999999.0 -999999.0 -999999.0 -999999.0 -999999.0 -999999.0 -999999.0 -999999.0 -999999.0 -999999.0 -999999.0 -999999.0 -999999.0 -999999.0
48757.62 49093.81 47691.42 47007.98 44515.902 41610.395 35828.43 34062.785 34778.977 33931.285 32287.113 28354.98 24426.555 23919.883 24559.605 22913.176 18996.004 19109.28 17565.035 20296.844 24087.566 24060.955 25903.805 22492.982 13408.974 15499.621 16986.908 15959.154 17017.01 18366.451 20581.738 15629.196 15454.639 12992.251 0.0 0.0 0.0 0.0 0.0 0.0 0.0 0.0 0.0 0.0 -999999.0 -999999.0 -999999.0 -999999.0 -999999.0 -999999.0 -999999.0 -999999.0 -999999.0 -999999.0 -999999.0 -999999.0 -999999.0 -999999.0 -999999.0 -999999.0 -999999.0 -999999.0 -999999.0
41305.523 41224.44 40885.285 41474.527 40558.887 39185.06 35272.086 34070.645 34829.57 33283.246 31644.717 29016.678 25194.184 22815.367 23077.102 20892.03 25415.62 21750.514 18372.156 22320.705 27027.754 27423.547 27746.43 23399.703 16695.285 20883.898 18526.172 0.0 14410.062 17876.854 22217.832 18577.814 17278.648 17101.879 0.0 0.0 0.0 0.0 0.0 0.0 0.0 0.0 0.0 0.0 -999999.0 -999999.0 -999999.0 -999999.0 -999999.0 -999999.0 -999999.0 -999999.0 -999999.0 -999999.0 -999999.0 -999999.0 -999999.0 -999999.0 -999999.0 -999999.0 -999999.0 -999999.0 -999999.0
32755.691 30876.324 32445.498 35751.938 36887.516 38652.957 37142.082 37314.863 35134.285 31699.045 29383.146 26822.373 24654.893 25466.123 25395.416 22541.377 27542.068 22504.703 18477.549 27450.992 29806.316 29725.941 27944.465 24671.709 21604.06 18716.244 16842.945 14665.462 14055.35 17164.84 21781.574 23386.816 21944.955 16380.427 0.0 0.0 0.0 -999999.0 0.0 0.0 0.0 0.0 0.0 0.0 -999999.0 -999999.0 -999999.0 -999999.0 -999999.0 -999999.0 -999999.0 -999999.0 -999999.0 -999999.0 -999999.0 -999999.0 -999999.0 -999999.0 -999999.0 -999999.0 -999999.0 -999999.0 -999999.0
28126.387 23877.875 28497.867 32506.56 34968.99 36212.64 35648.3 36206.445 33445.875 29274.592 25936.766 24221.295 23751.512 27717.045 28955.238 26719.904 30481.629 24241.219 18945.81 28140.285 28904.955 28841.545 28806.736 27034.658 21521.68 14434.021 15754.899 15312.213 14480.857 21580.78 26110.373 28417.336 23636.572 15237.415 0.0 0.0 -999999.0 -999999.0 0.0 0.0 0.0 0.0 0.0 0.0 -999999.0 -999999.0 -999999.0 -999999.0 -999999.0 -999999.0 -999999.0 -999999.0 -999999.0 -999999.0 -999999.0 -999999.0 -999999.0 -999999.0 -999999.0 -999999.0 -999999.0 -999999.0 -999999.0
