data/TNO-HT-ATES/HT-ATES_msz2/msz2__energy_out_P50_basecase_80-45-40.asc
ncols  140
nrows  163
xllcorner  0.0
yllcorner  300000.0
cellsize  2000.0
NODATA_value  -999999.0
[rows 56 to 83 of 163, columns 63 to 125 of 140]
16484.998 17791.918 20125.072 19282.633 19798.695 20796.738 20767.734 20016.36 17803.182 15601.132 13664.861 13056.759 14532.157 17522.523 15696.627 20009.729 18509.592 14923.658 13215.138 16560.441 17003.328 17184.668 17669.934 17400.508 15099.123 8495.422 8231.59 6467.623 6397.9717 13761.758 15026.211 15429.769 14182.063 11421.959 6096.643 0.0 -999999.0 -999999.0 -999999.0 -999999.0 0.0 0.0 0.0 0.0 -999999.0 -999999.0 -999999.0 -999999.0 -999999.0 -999999.0 -999999.0 -999999.0 -999999.0 -999999.0 -999999.0 -999999.0 -999999.0 -999999.0 -999999.0 -999999.0 -999999.0 -999999.0 -999999.0
14905.55 15418.561 16527.002 18153.445 18286.871 19962.451 18181.846 17106.254 14072.591 13520.801 14129.843 14163.63 14664.925 18191.588 16948.04 20656.86 17428.62 15657.383 16560.732 16609.133 16724.32 18669.35 19034.254 18875.283 17482.01 7489.8657 6340.1724 6162.9155 6372.9155 14008.426 14604.659 12197.342 11428.564 9710.691 8499.19 0.0 -999999.0 -999999.0 -999999.0 -999999.0 -999999.0 -999999.0 0.0 0.0 -999999.0 -999999.0 -999999.0 -999999.0 -999999.0 -999999.0 -999999.0 -999999.0 -999999.0 -999999.0 -999999.0 -999999.0 -999999.0 -999999.0 -999999.0 -999999.0 -999999.0 -999999.0 -999999.0
12155.397 12624.5205 13801.097 16477.61 16946.762 17053.4 15580.091 13298.714 12042.788 12690.747 14004.271 15923.56 16923.479 16414.91 21007.316 21070.363 17309.934 15899.74 17045.318 16911.453 18146.742 20262.168 19829.184 20461.852 17272.768 8077.134 7639.971 9137.577 9384.198 11628.68 11963.107 10213.927 9356.97 9111.81 8536.058 7892.1904 5232.2095 -999999.0 -999999.0 -999999.0 -999999.0 -999999.0 0.0 -999999.0 -999999.0 -999999.0 -999999.0 -999999.0 -999999.0 -999999.0 -999999.0 -999999.0 -999999.0 -999999.0 -999999.0 -999999.0 -999999.0 -999999.0 -999999.0 -999999.0 -999999.0 -999999.0 -999999.0
10623.621 12159.672 12560.334 14373.355 14217.783 14367.95 13200.859 12284.708 11197.008 12288.792 12423.864 13536.359 15356.184 13951.884 18469.293 17973.498 16362.342 18063.91 16950.576 17328.713 19060.045 21107.094 20826.898 20347.076 18937.092 10982.359 12357.94 14430.466 14688.298 12743.25 8986.964 10017.464 10740.743 9308.203 6608.4697 6119.475 5672.28 8775.457 0.0 0.0 -999999.0 -999999.0 0.0 0.0 -999999.0 -999999.0 -999999.0 -999999.0 -999999.0 -999999.0 -999999.0 -999999.0 -999999.0 -999999.0 -999999.0 -999999.0 -999999.0 -999999.0 -999999.0 -999999.0 -999999.0 -999999.0 -999999.0
12745.388 13377.159 9734.773 11963.488 12773.249 12334.658 11302.983 10297.591 10325.113 11252.335 10245.788 9855.52 12539.967 14399.109 13056.229 11634.046 16834.38 18628.02 18813.098 19926.693 21967.875 23496.094 22692.807 21660.535 19438.652 14249.024 16468.95 18167.637 20933.162 17444.37 16324.533 14537.593 12117.713 11787.3 7731.862 6828.087 5794.896 8757.185 14993.497 15331.202 0.0 -999999.0 -999999.0 0.0 -999999.0 -999999.0 -999999.0 -999999.0 -999999.0 -999999.0 -999999.0 -999999.0 -999999.0 -999999.0 -999999.0 -999999.0 -999999.0 -999999.0 -999999.0 -999999.0 -999999.0 -999999.0 -999999.0
12347.317 8091.3774 0.0 11215.578 10926.611 9975.098 8927.086 8569.466 9617.43 9629.496 8849.85 8124.394 9613.811 11989.223 10343.08 11495.698 12989.046 14776.654 19590.775 20303.66 21731.256 22080.992 23666.959 22265.76 15686.008 13167.041 14620.468 18855.611 24099.3 22484.02 24974.172 19862.104 16494.88 13165.651 10598.442 10795.152 10977.32 10434.487 21537.146 0.0 15519.426 -999999.0 -999999.0 -999999.0 -999999.0 -999999.0 -999999.0 -999999.0 -999999.0 -999999.0 -999999.0 -999999.0 -999999.0 -999999.0 -999999.0 -999999.0 -999999.0 -999999.0 -999999.0 -999999.0 -999999.0 -999999.0 -999999.0
12554.668 0.0 0.0 8940.846 9051.295 9754.261 9498.29 9101.145 8758.221 7694.7173 7568.0493 7331.26 8165.9688 9162.034 10405.364 12458.204 13514.685 14174.353 15297.4 18097.238 20625.58 23390.828 24398.463 25046.979 18530.955 13105.777 15735.853 19172.14 23480.611 28343.615 25293.738 22007.812 17480.4 16486.703 18783.598 21792.094 21834.947 17635.904 10181.8545 18431.92 0.0 7814.7646 0.0 -999999.0 -999999.0 -999999.0 -999999.0 -999999.0 -999999.0 -999999.0 -999999.0 -999999.0 -999999.0 -999999.0 -999999.0 -999999.0 -999999.0 -999999.0 -999999.0 -999999.0 -999999.0 -999999.0 -999999.0
11946.454 0.0 0.0 6539.6553 0.0 6446.446 7172.0723 7855.4653 7832.4434 7766.743 7644.657 7246.7246 8263.207 8180.825 9103.397 11854.977 12543.737 13736.472 13545.164 14197.677 15568.763 21536.443 23639.64 22035.152 20764.008 18061.865 19367.406 21621.016 28771.176 32155.023 28500.076 22630.666 16151.669 18423.67 23083.582 32317.877 29926.229 25037.709 8672.751 14810.962 15336.458 9726.3545 0.0 0.0 -999999.0 -999999.0 -999999.0 -999999.0 -999999.0 -999999.0 -999999.0 -999999.0 -999999.0 -999999.0 -999999.0 -999999.0 -999999.0 -999999.0 -999999.0 -999999.0 -999999.0 -999999.0 -999999.0
11081.102 0.0 0.0 0.0 0.0 0.0 0.0 0.0 7372.4443 7531.835 6824.883 8131.5273 8649.706 9252.133 7951.05 7671.1714 10616.284 12279.644 11679.548 11582.956 13006.483 15990.534 19688.855 19490.094 20286.342 19212.68 19343.504 17739.697 23030.312 28005.838 38987.61 27831.775 19214.98 19236.441 19277.941 29168.521 24522.94 21675.152 18586.352 15544.614 12120.175 0.0 0.0 0.0 0.0 -999999.0 -999999.0 -999999.0 -999999.0 -999999.0 -999999.0 -999999.0 -999999.0 -999999.0 -999999.0 -999999.0 -999999.0 -999999.0 -999999.0 -999999.0 -999999.0 -999999.0 -999999.0
10140.772 6531.983 0.0 0.0 0.0 0.0 0.0 0.0 0.0 0.0 0.0 9380.097 9519.132 9587.066 7812.602 7323.4536 6703.0825 8719.014 10564.032 11222.941 12641.168 14839.871 17611.512 19021.938 17488.078 16437.076 16771.725 19552.357 27028.004 33174.477 33365.31 26265.03 18097.205 10072.621 6086.7036 14129.145 14746.066 13274.861 21055.984 17184.795 13719.806 0.0 0.0 0.0 -999999.0 -999999.0 -999999.0 -999999.0 -999999.0 -999999.0 -999999.0 -999999.0 -999999.0 -999999.0 -999999.0 -999999.0 -999999.0 -999999.0 -999999.0 -999999.0 -999999.0 -999999.0 -999999.0
13433.973 10290.351 8228.702 0.0 0.0 0.0 0.0 0.0 0.0 0.0 0.0 7329.698 9352.35 8942.846 8115.419 8291.807 8195.315 8137.244 7574.6084 9127.716 10603.034 12992.923 17536.404 17902.96 14559.198 12324.888 10140.869 19654.695 24905.65 28226.44 28178.451 23586.877 18893.023 13760.808 5324.583 12527.573 25523.604 29908.762 26087.07 18701.271 0.0 0.0 0.0 0.0 -999999.0 -999999.0 -999999.0 -999999.0 -999999.0 -999999.0 -999999.0 -999999.0 -999999.0 -999999.0 -999999.0 -999999.0 -999999.0 -999999.0 -999999.0 -999999.0 -999999.0 -999999.0 -999999.0
17513.494 16652.18 15096.567 12884.863 9806.446 7920.3003 0.0 0.0 0.0 0.0 0.0 0.0 8398.184 7212.5513 6867.844 10044.693 10971.436 8713.197 0.0 0.0 7959.769 12739.414 21235.893 20704.51 14460.075 15391.09 23451.531 21578.268 24900.014 22548.342 16640.844 15675.602 13970.333 15745.467 14641.728 22751.021 38624.61 40006.69 32111.777 18886.248 0.0 0.0 0.0 0.0 0.0 -999999.0 -999999.0 -999999.0 -999999.0 -999999.0 -999999.0 -999999.0 -999999.0 -999999.0 -999999.0 -999999.0 -999999.0 -999999.0 -999999.0 -999999.0 -999999.0 -999999.0 -999999.0
21850.826 21730.85 21753.264 21837.855 14883.415 10793.232 8309.0 6885.3584 6774.0396 0.0 0.0 0.0 7142.452 0.0 0.0 13771.41 14416.067 9433.407 0.0 0.0 0.0 15192.918 21347.678 17102.666 16496.61 22731.78 29884.053 27366.133 32282.432 25425.047 15698.095 13989.876 7379.05 10013.267 23865.793 36783.67 53566.2 51413.45 40348.45 15520.6 0.0 0.0 0.0 0.0 -999999.0 -999999.0 -999999.0 -999999.0 -999999.0 -999999.0 -999999.0 -999999.0 -999999.0 -999999.0 -999999.0 -999999.0 -999999.0 -999999.0 -999999.0 -999999.0 -999999.0 -999999.0 -999999.0
23436.426 24931.98 22915.45 25002.336 22241.39 17191.656 11503.724 7057.1064 0.0 0.0 0.0 0.0 0.0 0.0 0.0 18102.328 15949.899 10130.775 0.0 0.0 0.0 17677.764 18933.088 18933.205 23005.314 27278.357 31356.941 31216.424 39462.445 38880.457 29783.955 22925.96 13688.899 12663.469 26044.467 46100.7 65212.61 57380.477 0.0 10464.646 0.0 0.0 0.0 0.0 -999999.0 -999999.0 -999999.0 -999999.0 -999999.0 -999999.0 -999999.0 -999999.0 -999999.0 -999999.0 -999999.0 -999999.0 -999999.0 -999999.0 -999999.0 -999999.0 -999999.0 -999999.0 -999999.0
24122.467 25644.086 24094.225 24725.65 24922.602 20734.277 15531.3 8395.876 0.0 0.0 0.0 0.0 0.0 12202.328 15371.061 17842.195 16573.87 11769.729 9903.234 8705.806 12728.619 18442.486 15227.423 19762.418 27059.57 31659.115 36173.79 38829.598 49794.383 54119.68 47258.965 33329.68 23688.309 24514.69 20027.09 36494.79 40116.914 44509.3 12485.018 11153.907 0.0 0.0 0.0 -999999.0 -999999.0 -999999.0 -999999.0 -999999.0 -999999.0 -999999.0 -999999.0 -999999.0 -999999.0 -999999.0 -999999.0 -999999.0 -999999.0 -999999.0 -999999.0 -999999.0 -999999.0 -999999.0 -999999.0
27523.932 28912.623 27758.64 30468.69 27870.89 23305.014 20274.357 14108.874 7320.2954 0.0 0.0 0.0 0.0 11832.107 16394.299 17584.072 18095.479 15839.074 13565.077 15406.1 17255.031 18567.852 20827.736 24460.926 29322.111 32895.78 39396.656 46841.82 60913.395 60543.19 54584.203 42366.43 28937.59 25340.73 19946.725 34989.246 27324.268 -999999.0 17084.83 0.0 0.0 0.0 -999999.0 -999999.0 -999999.0 -999999.0 -999999.0 -999999.0 -999999.0 -999999.0 -999999.0 -999999.0 -999999.0 -999999.0 -999999.0 -999999.0 -999999.0 -999999.0 -999999.0 -999999.0 -999999.0 -999999.0 -999999.0
36159.08 37711.496 33938.773 35714.637 32171.629 29326.871 28247.139 22242.697 14773.396 8786.51 0.0 0.0 8466.948 14289.037 15656.511 17734.916 15816.361 17501.672 15291.113 14726.051 16732.37 19960.793 23442.78 27111.982 31270.531 34191.23 45219.95 51012.34 65122.53 60709.29 55096.367 43851.426 30898.283 26424.97 22627.178 28637.807 13385.978 -999999.0 7551.8154 8784.738 0.0 0.0 -999999.0 -999999.0 -999999.0 -999999.0 -999999.0 -999999.0 -999999.0 -999999.0 -999999.0 -999999.0 -999999.0 -999999.0 -999999.0 -999999.0 -999999.0 -999999.0 -999999.0 -999999.0 -999999.0 -999999.0 -999999.0
34772.01 40737.547 35206.383 38183.02 34835.5 34335.71 36386.023 29617.22 21511.584 13046.802 9086.933 7999.9814 11816.344 12907.205 14449.193 16603.373 15627.418 14749.792 11920.519 12241.582 13620.308 15723.157 21113.05 26216.791 32649.115 41201.848 54156.676 57592.605 62667.652 56453.824 54301.266 45862.273 35085.21 27265.432 27896.553 33012.434 12560.287 7294.465 9753.067 0.0 0.0 0.0 0.0 -999999.0 -999999.0 -999999.0 -999999.0 -999999.0 -999999.0 -999999.0 -999999.0 -999999.0 -999999.0 -999999.0 -999999.0 -999999.0 -999999.0 -999999.0 -999999.0 -999999.0 -999999.0 -999999.0 -999999.0
34971.41 39606.57 35259.707 38455.605 36797.36 36935.26 39810.234 34814.883 24062.91 14820.421 11004.729 12117.522 15410.5625 8737.18 8942.717 10026.139 8368.322 9968.834 7190.016 5929.3584 9536.159 10486.843 14010.005 21087.87 29349.447 40696.246 52161.215 59824.543 63084.457 58260.477 51996.176 42352.95 33762.934 31884.059 34264.746 40730.47 23495.354 19585.904 12768.482 10355.964 0.0 0.0 0.0 -999999.0 -999999.0 -999999.0 -999999.0 -999999.0 -999999.0 -999999.0 -999999.0 -999999.0 -999999.0 -999999.0 -999999.0 -999999.0 -999999.0 -999999.0 -999999.0 -999999.0 -999999.0 -999999.0 -999999.0
36208.613 34484.69 36709.293 40756.242 42878.234 41640.043 41542.348 35760.37 24808.494 23868.525 18220.367 16993.84 18941.99 -999999.0 6988.7246 10246.221 10470.164 9827.977 7460.1733 0.0 9760.702 10780.482 13493.911 15773.203 29982.947 33644.223 51168.004 56953.605 64483.082 64009.883 47145.496 35745.78 27059.87 29972.803 37564.164 47621.125 34821.426 30688.291 16582.59 11754.556 0.0 0.0 0.0 0.0 -999999.0 -999999.0 -999999.0 -999999.0 -999999.0 -999999.0 -999999.0 -999999.0 -999999.0 -999999.0 -999999.0 -999999.0 -999999.0 -999999.0 -999999.0 -999999.0 -999999.0 -999999.0 -999999.0
41806.56 38006.4 33482.863 40252.13 36983.742 39244.766 38060.164 33717.613 28064.818 31837.527 32221.352 26413.625 14583.884 0.0 11308.687 15015.41 12519.359 15037.306 9662.091 0.0 5859.6323 9771.164 13217.423 16562.326 22924.95 35153.6 44920.543 50383.062 66055.41 60750.273 53235.082 49946.55 38676.594 26901.586 45271.46 53208.23 32865.42 13312.658 17765.855 0.0 0.0 0.0 0.0 0.0 -999999.0 -999999.0 -999999.0 -999999.0 -999999.0 -999999.0 -999999.0 -999999.0 -999999.0 -999999.0 -999999.0 -999999.0 -999999.0 -999999.0 -999999.0 -999999.0 -999999.0 -999999.0 -999999.0
46587.844 44316.754 39247.164 46065.797 44197.92 41473.44 35555.84 35605.457 35582.305 43155.26 52691.293 40964.098 25214.412 20175.752 25080.213 21265.178 19122.857 17619.373 12594.138 11401.725 7868.6714 8907.678 14113.682 20005.564 25546.744 32447.94 39728.32 39335.703 46617.703 53226.58 60302.684 68554.016 55801.375 44573.438 57339.11 57677.836 29458.877 17296.9 9600.123 16477.504 0.0 0.0 0.0 0.0 -999999.0 -999999.0 -999999.0 -999999.0 -999999.0 -999999.0 -999999.0 -999999.0 -999999.0 -999999.0 -999999.0 -999999.0 -999999.0 -999999.0 -999999.0 -999999.0 -999999.0 -999999.0 -999999.0
41283.406 40423.63 34584.27 39001.76 37584.273 37720.37 36210.402 33172.32 42093.88 42998.19 63024.105 42911.383 28963.088 20736.725 21131.484 28147.498 25702.379 22046.1 18193.44 16750.822 13298.181 15007.198 21132.104 23121.963 31225.771 38107.926 38889.35 28921.916 32045.78 48044.93 55413.37 62868.484 62971.88 48437.2 53652.555 48602.312 30034.717 18125.844 27939.059 25048.299 0.0 0.0 0.0 -999999.0 -999999.0 -999999.0 -999999.0 -999999.0 -999999.0 -999999.0 -999999.0 -999999.0 -999999.0 -999999.0 -999999.0 -999999.0 -999999.0 -999999.0 -999999.0 -999999.0 -999999.0 -999999.0 -999999.0
39738.402 37649.76 31546.14 32913.81 32713.23 30357.086 33085.94 45342.527 52074.75 51363.07 55841.125 46118.74 31184.074 12603.4795 21693.904 35662.082 37139.152 31380.469 18984.125 16507.277 17267.895 21600.3 22879.06 30533.336 40245.035 49158.14 38737.895 28478.023 43824.434 64403.13 62007.812 60327.715 55166.93 50226.754 41316.67 35648.53 25599.754 26811.045 29875.377 20622.47 0.0 0.0 0.0 0.0 -999999.0 -999999.0 -999999.0 -999999.0 -999999.0 -999999.0 -999999.0 -999999.0 -999999.0 -999999.0 -999999.0 -999999.0 -999999.0 -999999.0 -999999.0 -999999.0 -999999.0 -999999.0 -999999.0
31475.795 28046.611 23085.482 25010.332 29510.094 19510.791 29513.762 46682.793 58201.848 53156.582 48996.59 41971.09 30113.754 22186.053 35683.71 57733.742 53307.66 37153.62 22849.781 15216.678 20028.553 27180.734 32347.793 43386.49 52369.586 48536.55 35009.04 31187.87 55524.277 64020.633 60271.492 54458.08 48800.914 40687.99 36548.246 30597.852 26417.209 23111.654 21441.623 19605.479 0.0 0.0 0.0 0.0 -999999.0 -999999.0 -999999.0 -999999.0 -999999.0 -999999.0 -999999.0 -999999.0 -999999.0 -999999.0 -999999.0 -999999.0 -999999.0 -999999.0 -999999.0 -999999.0 -999999.0 -999999.0 -999999.0
22054.684 20059.012 16576.197 14129.361 19520.963 18470.19 25492.5 42527.934 47189.062 47376.547 41682.96 43373.633 30081.082 23415.605 45726.094 67489.78 59553.79 37306.79 20280.365 15850.51 18494.94 26842.469 32577.56 50613.76 64132.6 37761.66 30155.932 40136.06 63178.043 61651.92 59088.99 60981.29 54818.156 46032.48 26400.098 25100.52 23005.246 18865.477 15743.852 0.0 0.0 0.0 0.0 0.0 0.0 -999999.0 -999999.0 -999999.0 -999999.0 -999999.0 -999999.0 -999999.0 -999999.0 -999999.0 -999999.0 -999999.0 -999999.0 -999999.0 -999999.0 -999999.0 -999999.0 -999999.0 -999999.0
25427.44 16935.271 13641.856 10564.194 13728.572 14422.698 17524.814 22645.734 33772.777 35032.832 31279.305 13109.306 15072.16 11747.581 36743.09 63078.97 63110.76 30013.125 10870.558 16945.352 21648.236 22513.645 30111.9 39536.96 42135.895 27653.855 31814.014 37658.297 50104.91 59808.324 56908.445 52588.723 46998.35 34341.055 15027.602 21237.389 16385.922 13677.8 0.0 0.0 0.0 0.0 0.0 0.0 -999999.0 -999999.0 -999999.0 -999999.0 -999999.0 -999999.0 -999999.0 -999999.0 -999999.0 -999999.0 -999999.0 -999999.0 -999999.0 -999999.0 -999999.0 -999999.0 -999999.0 -999999.0 -999999.0
33085.67 27721.344 21120.473 10642.914 10869.793 11454.2 10883.031 14598.305 24867.186 25068.877 21485.773 11276.932 7883.8677 14962.825 28819.564 45587.46 46708.062 37671.6 33051.465 18806.818 17494.428 13249.969 23650.29 31107.668 42314.27 41856.156 40296.105 39901.766 41525.105 44070.06 49385.22 41917.3 31919.785 15658.267 12089.938 10155.464 11732.577 11211.776 0.0 0.0 0.0 0.0 0.0 0.0 -999999.0 -999999.0 -999999.0 -999999.0 -999999.0 -999999.0 -999999.0 -999999.0 -999999.0 -999999.0 -999999.0 -999999.0 -999999.0 -999999.0 -999999.0 -999999.0 -999999.0 -999999.0 -999999.0
