data/TNO-HT-ATES/HT-ATES_msz2/msz2__h_P50_basecase_80-45-40.asc
ncols  140
nrows  163
xllcorner  0.0
yllcorner  300000.0
cellsize  2000.0
NODATA_value  -999999.0
[rows 56 to 83 of 163, columns 63 to 125 of 140]
16.98 18.102499 20.097498 20.664999 21.419998 21.3275 21.35 19.645 17.125 15.2275 13.1175 12.414999 13.755 16.4225 14.8225 18.0125 17.125 15.01 13.842501 15.647499 16.48 17.4625 17.902498 17.322498 15.655 9.004999 7.6699996 6.1099997 5.92 11.062499 10.747499 9.724999 8.74 7.415 4.8774996 2.2299998 -999999.0 -999999.0 -999999.0 -999999.0 0.6275 0.2775 2.1599998 2.645 -999999.0 -999999.0 -999999.0 -999999.0 -999999.0 -999999.0 -999999.0 -999999.0 -999999.0 -999999.0 -999999.0 -999999.0 -999999.0 -999999.0 -999999.0 -999999.0 -999999.0 -999999.0 -999999.0
15.994999 17.019999 18.615 19.7975 20.34 20.569998 19.0325 17.0325 14.349999 13.012501 13.502499 13.287499 13.782499 16.697498 15.775 19.125 17.39 15.6425 16.742498 16.16 17.137499 18.217499 18.689999 18.325 16.93 9.192499 6.5875 5.74 5.645 11.0925 10.42 8.754999 7.69 6.7825 5.955 2.9475 -999999.0 -999999.0 -999999.0 -999999.0 -999999.0 -999999.0 1.2225 1.7624999 -999999.0 -999999.0 -999999.0 -999999.0 -999999.0 -999999.0 -999999.0 -999999.0 -999999.0 -999999.0 -999999.0 -999999.0 -999999.0 -999999.0 -999999.0 -999999.0 -999999.0 -999999.0 -999999.0
13.795 14.487499 16.0425 18.342499 19.115 17.775 16.285 13.764999 12.3949995 12.227499 13.295 14.627501 15.585 15.8775 19.1525 19.2225 17.2475 15.6725 16.8975 16.857498 18.255001 19.34 19.33 19.675 17.1925 8.914999 7.4750004 8.529999 8.0375 9.66 8.385 7.49 6.805 6.1724997 5.6224995 5.3325 3.8774998 -999999.0 -999999.0 -999999.0 -999999.0 -999999.0 3.4125 -999999.0 -999999.0 -999999.0 -999999.0 -999999.0 -999999.0 -999999.0 -999999.0 -999999.0 -999999.0 -999999.0 -999999.0 -999999.0 -999999.0 -999999.0 -999999.0 -999999.0 -999999.0 -999999.0 -999999.0
12.424999 13.737499 14.35 15.9725 15.997499 15.159999 13.9225 12.78 11.2975 12.247499 12.355 13.459999 15.1 13.714999 17.3275 17.42 16.177498 17.977499 16.544998 17.9875 20.0725 21.06 20.3225 20.289999 18.7425 11.33 10.93 12.327499 11.855 9.8075 6.7924995 6.865 6.5775 6.0499997 4.2225003 3.9199998 4.3575 6.475 1.5474999 1.66 -999999.0 -999999.0 2.0974998 7.2525 -999999.0 -999999.0 -999999.0 -999999.0 -999999.0 -999999.0 -999999.0 -999999.0 -999999.0 -999999.0 -999999.0 -999999.0 -999999.0 -999999.0 -999999.0 -999999.0 -999999.0 -999999.0 -999999.0
14.65 15.122499 11.809999 13.6325 14.44 13.217499 12.255 10.99 10.7175 11.2699995 10.3575 10.07 12.107499 13.75 13.0025 11.7275 16.4375 18.19 18.194998 20.1925 22.7025 22.977499 21.5075 20.234999 18.932499 14.044999 13.8675 14.51 14.69 12.154999 9.824999 8.885 7.6825 6.755 4.5324993 4.0525 4.3900003 5.6899996 10.5425 13.159999 2.6625 -999999.0 -999999.0 3.0375001 -999999.0 -999999.0 -999999.0 -999999.0 -999999.0 -999999.0 -999999.0 -999999.0 -999999.0 -999999.0 -999999.0 -999999.0 -999999.0 -999999.0 -999999.0 -999999.0 -999999.0 -999999.0 -999999.0
14.45 10.285 7.1099997 12.617499 11.8324995 11.245 10.29 9.414999 10.0625 10.065 9.577499 8.737499 9.565001 11.6425 10.5725 11.5575 13.0 14.6925 19.295 20.84 22.289999 23.082499 21.925 20.4375 16.7775 13.277499 12.3425 13.815 16.0625 15.3949995 13.112499 11.037499 9.157499 7.7699995 6.3924994 6.2375 7.1349998 6.3525 14.305 16.0225 13.384999 -999999.0 -999999.0 -999999.0 -999999.0 -999999.0 -999999.0 -999999.0 -999999.0 -999999.0 -999999.0 -999999.0 -999999.0 -999999.0 -999999.0 -999999.0 -999999.0 -999999.0 -999999.0 -999999.0 -999999.0 -999999.0 -999999.0
14.2125 7.87 5.085 10.014999 10.2074995 11.1425 10.865 9.934999 9.3325 8.349999 8.3525 8.135 8.295 9.299999 10.525 12.2725 13.36 14.122499 15.464999 18.494999 20.8575 22.255001 22.487501 22.494999 16.85 12.862499 11.5075 13.964999 17.8575 17.77 15.32 12.192499 9.799999 9.5875 11.129999 11.164999 12.344999 12.94 7.8349996 15.36 15.152499 8.195 1.9649999 -999999.0 -999999.0 -999999.0 -999999.0 -999999.0 -999999.0 -999999.0 -999999.0 -999999.0 -999999.0 -999999.0 -999999.0 -999999.0 -999999.0 -999999.0 -999999.0 -999999.0 -999999.0 -999999.0 -999999.0
13.7175 6.95 4.2349997 7.745 7.6075 8.3324995 8.6825 8.804999 8.5025 8.285 8.119999 8.005 8.530001 8.437499 9.4175 11.78 12.5525 13.747499 13.8725 14.62 16.3325 20.5225 21.912498 20.884998 18.25 14.0275 13.554999 15.512501 19.6525 20.8625 18.807499 13.3925 10.3575 11.412499 14.2575 18.2 16.4725 14.5625 6.9725 11.0525 12.6075 9.777499 3.94 1.0875001 -999999.0 -999999.0 -999999.0 -999999.0 -999999.0 -999999.0 -999999.0 -999999.0 -999999.0 -999999.0 -999999.0 -999999.0 -999999.0 -999999.0 -999999.0 -999999.0 -999999.0 -999999.0 -999999.0
12.804999 7.6475 4.4875 5.8824997 4.285 5.2874994 6.2275 6.5949993 7.7724996 7.8399997 7.2325 8.0975 9.117499 9.375 8.6725 8.475 11.309999 13.0925 12.697499 11.53 12.83 15.544999 18.3825 18.5725 16.935 15.397499 13.3324995 12.7699995 14.839999 18.8975 20.5625 15.3625 10.907499 10.8 11.08 14.03 13.1425 11.819999 11.309999 10.8575 9.655 8.775 3.7199998 0.86249995 0.13499999 -999999.0 -999999.0 -999999.0 -999999.0 -999999.0 -999999.0 -999999.0 -999999.0 -999999.0 -999999.0 -999999.0 -999999.0 -999999.0 -999999.0 -999999.0 -999999.0 -999999.0 -999999.0
12.525 8.505 5.485 2.4575 2.43 5.6449995 6.84 6.905 4.65 3.5175 6.3 9.0675 9.9075 9.6825 8.555 8.1475 7.675 9.8225 11.705 11.2699995 12.517499 14.6375 16.439999 17.9925 15.407499 12.354999 11.8125 13.934999 17.8875 21.272501 18.064999 15.325 10.8175 6.1625 4.4575 7.9 8.215 7.9275 13.5575 12.0575 10.94 8.172501 2.7124999 0.45749998 -999999.0 -999999.0 -999999.0 -999999.0 -999999.0 -999999.0 -999999.0 -999999.0 -999999.0 -999999.0 -999999.0 -999999.0 -999999.0 -999999.0 -999999.0 -999999.0 -999999.0 -999999.0 -999999.0
16.3125 12.6175 10.045 6.4999995 5.5425 6.7549996 4.7425 4.9425 4.3975 3.12 4.52 7.445 9.807499 9.190001 8.8575 9.059999 9.0875 9.174999 8.9574995 9.5425 10.747499 12.942499 16.157501 16.6075 12.869999 9.865 8.1625 13.782499 15.7474985 17.3825 14.91 13.0725 11.3025 7.8575 4.1175003 7.6075 13.987499 15.77 15.65 14.575 11.58 5.675 2.2524998 0.36499998 -999999.0 -999999.0 -999999.0 -999999.0 -999999.0 -999999.0 -999999.0 -999999.0 -999999.0 -999999.0 -999999.0 -999999.0 -999999.0 -999999.0 -999999.0 -999999.0 -999999.0 -999999.0 -999999.0
19.7325 18.537498 16.182499 13.1525 10.262499 8.365 5.9325 5.8575 5.7075 4.2325 4.11 5.94 8.067499 7.81 7.865 10.997499 11.964999 10.102501 7.1474996 5.8575 7.8275 11.849999 15.787499 16.82 11.5025 11.772499 13.977499 13.9175 13.327499 12.9775 9.6525 8.6050005 8.0575 8.4325 8.4875 12.224999 21.145 21.4375 18.4325 15.26 8.74 2.7400002 1.1075001 0.45499998 0.025 -999999.0 -999999.0 -999999.0 -999999.0 -999999.0 -999999.0 -999999.0 -999999.0 -999999.0 -999999.0 -999999.0 -999999.0 -999999.0 -999999.0 -999999.0 -999999.0 -999999.0 -999999.0
24.477499 24.085 23.0525 19.64 14.86 10.9725 7.955 7.2 7.445 5.1974998 4.69 5.3824997 7.2425 5.6224995 5.1375 16.039999 15.692499 10.7775 6.0975 2.0825 3.9625 10.5875 13.23 10.9425 9.785 12.3324995 13.742499 13.8225 13.335 11.4825 8.32 7.4975 4.9449997 5.6924996 11.51 17.815 28.6275 26.644999 21.752499 12.0625 6.08 2.84 1.26 0.5925 -999999.0 -999999.0 -999999.0 -999999.0 -999999.0 -999999.0 -999999.0 -999999.0 -999999.0 -999999.0 -999999.0 -999999.0 -999999.0 -999999.0 -999999.0 -999999.0 -999999.0 -999999.0 -999999.0
26.8975 28.150002 25.672499 24.117498 19.994999 15.2675 10.742499 7.48 4.835 3.7675 3.8874998 4.3125 5.8549995 7.2174997 6.9824996 22.182499 17.1025 11.152499 6.2574997 1.5899999 4.5824995 12.175 12.04 11.1 11.15 13.1775 13.94 14.14 14.277499 13.94 12.277499 10.0875 7.0049996 5.8349996 10.815 19.919998 31.087498 30.215 1.8425 7.9125 2.665 1.8774999 1.6 0.114999995 -999999.0 -999999.0 -999999.0 -999999.0 -999999.0 -999999.0 -999999.0 -999999.0 -999999.0 -999999.0 -999999.0 -999999.0 -999999.0 -999999.0 -999999.0 -999999.0 -999999.0 -999999.0 -999999.0
28.9175 30.349998 28.74 25.822498 22.8625 19.109999 13.5175 7.575 2.6475 3.4025 2.24 1.555 4.9425 13.7575 15.724999 17.592499 15.95 11.809999 9.1425 7.3525 9.7775 12.565 10.765 11.295 12.025 14.0199995 14.782499 15.4325 16.335 18.1575 17.0075 12.8975 10.1375 9.54 8.4725 15.7825 22.914999 25.1425 7.7 8.504999 2.29 1.3149999 0.28999996 -999999.0 -999999.0 -999999.0 -999999.0 -999999.0 -999999.0 -999999.0 -999999.0 -999999.0 -999999.0 -999999.0 -999999.0 -999999.0 -999999.0 -999999.0 -999999.0 -999999.0 -999999.0 -999999.0 -999999.0
32.845 34.344997 32.934998 30.105 26.804998 21.737501 17.494999 11.762499 7.0299997 4.38 3.04 1.655 4.56 11.825 15.115 15.8825 14.76 12.839999 11.365 10.782499 11.3949995 11.615 11.889999 11.969999 12.855 14.4125 15.775 16.2325 18.74 19.119999 18.1025 13.937499 11.21 9.705 8.724999 14.465 13.940001 -999999.0 11.91 4.615 2.52 0.86 -999999.0 -999999.0 -999999.0 -999999.0 -999999.0 -999999.0 -999999.0 -999999.0 -999999.0 -999999.0 -999999.0 -999999.0 -999999.0 -999999.0 -999999.0 -999999.0 -999999.0 -999999.0 -999999.0 -999999.0 -999999.0
38.11 39.085 37.707497 34.4475 30.99 26.092499 22.9475 17.9375 12.757499 7.115 5.0975 4.9925003 7.6624994 10.807501 12.8125 14.2725 13.59 13.414999 12.2525 11.914999 10.3425 11.0175 12.099999 12.96 13.567499 14.73 16.69 17.575 18.5125 17.7075 16.8825 14.535 11.527499 9.5925 9.625 12.58 6.9849997 -999999.0 7.28 7.8574996 8.6925 1.6075 -999999.0 -999999.0 -999999.0 -999999.0 -999999.0 -999999.0 -999999.0 -999999.0 -999999.0 -999999.0 -999999.0 -999999.0 -999999.0 -999999.0 -999999.0 -999999.0 -999999.0 -999999.0 -999999.0 -999999.0 -999999.0
44.0725 44.0625 41.144997 38.214996 35.0825 32.272503 30.8275 25.2775 17.1375 10.570001 7.77 7.45 9.764999 9.855 10.5824995 10.9175 11.695 11.1025 9.555 8.99 7.41 8.049999 9.789999 12.5325 13.7074995 15.4425 17.8975 18.9875 17.9725 16.624998 16.2175 14.244999 11.5925 10.105 11.169999 13.822499 6.505 4.9649997 8.187499 10.5 11.825 10.187499 6.0150003 -999999.0 -999999.0 -999999.0 -999999.0 -999999.0 -999999.0 -999999.0 -999999.0 -999999.0 -999999.0 -999999.0 -999999.0 -999999.0 -999999.0 -999999.0 -999999.0 -999999.0 -999999.0 -999999.0 -999999.0
46.197502 45.95 43.114998 40.265 37.885 36.56 36.902496 31.489998 19.699999 12.2074995 9.3125 10.157499 12.6449995 7.3824997 7.3774996 7.3099995 7.1225 8.2225 6.335 4.71 5.5150003 5.895 7.0024996 10.36 12.432499 14.749999 17.372501 18.7175 17.84 15.907499 14.615 12.872499 10.865 11.16 12.8025 17.602499 10.842499 9.459999 8.5625 10.93 12.574999 7.225 6.0825 -999999.0 -999999.0 -999999.0 -999999.0 -999999.0 -999999.0 -999999.0 -999999.0 -999999.0 -999999.0 -999999.0 -999999.0 -999999.0 -999999.0 -999999.0 -999999.0 -999999.0 -999999.0 -999999.0 -999999.0
47.8275 46.659996 44.6875 42.977497 39.829998 38.612503 38.225 30.877499 18.244999 14.099999 10.9575 10.18 11.65 -999999.0 4.9625 6.64 6.6775 6.915 5.5525002 3.8999999 5.7 6.1875005 6.6375 7.8974996 10.639999 12.2 15.525 16.9275 17.98 17.495 13.344999 10.655 8.639999 9.702499 12.452499 19.307499 15.6 15.1375 10.5525 11.1275 14.747499 7.8049994 11.594999 5.5874996 -999999.0 -999999.0 -999999.0 -999999.0 -999999.0 -999999.0 -999999.0 -999999.0 -999999.0 -999999.0 -999999.0 -999999.0 -999999.0 -999999.0 -999999.0 -999999.0 -999999.0 -999999.0 -999999.0
47.36 45.93 43.845 42.129997 39.247498 37.485 34.355 26.69 18.4475 18.2175 18.5 15.6075 9.405 3.015 7.59 9.567499 9.1425 9.49 7.3025 3.8899999 3.85 5.8075 6.6349998 7.4975 6.8999996 11.305 14.8125 16.14 18.05 16.757502 14.655001 14.002499 12.257499 9.502501 15.865 22.1125 15.512501 8.07 14.072499 6.18 16.0625 8.665 10.7699995 3.61 -999999.0 -999999.0 -999999.0 -999999.0 -999999.0 -999999.0 -999999.0 -999999.0 -999999.0 -999999.0 -999999.0 -999999.0 -999999.0 -999999.0 -999999.0 -999999.0 -999999.0 -999999.0 -999999.0
44.86 42.9 41.239998 39.0625 37.7025 34.86 31.565 25.7375 20.755 23.22 27.035 22.592499 14.514999 10.375 14.374999 13.597501 11.84 11.525 9.8325 7.0525002 5.1 5.625 7.2424994 8.734999 10.235001 12.5425 15.4725 14.285 13.7625 15.3625 16.685 18.822498 18.342499 16.447498 22.9375 25.980001 16.24 11.4525 8.7325 15.445 22.295 21.32 12.5375 2.1525 -999999.0 -999999.0 -999999.0 -999999.0 -999999.0 -999999.0 -999999.0 -999999.0 -999999.0 -999999.0 -999999.0 -999999.0 -999999.0 -999999.0 -999999.0 -999999.0 -999999.0 -999999.0 -999999.0
41.3475 39.885 37.2425 34.97 32.469997 29.177498 26.9525 24.819998 22.637499 23.6125 35.85 25.3975 17.42 11.997499 12.692499 16.3175 15.934999 13.7074995 12.1825 9.8775 8.155 8.5725 10.1475 11.28 13.419999 15.44 15.3475 11.9 10.775 15.305 17.805 18.8975 21.265 18.654999 22.3775 23.644999 16.227499 12.424999 24.73 24.485 26.189999 21.15 8.235001 -999999.0 -999999.0 -999999.0 -999999.0 -999999.0 -999999.0 -999999.0 -999999.0 -999999.0 -999999.0 -999999.0 -999999.0 -999999.0 -999999.0 -999999.0 -999999.0 -999999.0 -999999.0 -999999.0 -999999.0
36.6075 34.725 31.7 28.574999 25.755 20.795 18.175 25.5125 29.66 25.4025 27.5525 22.8 16.255 8.3425 13.2925 20.7875 20.827501 16.920002 13.225 10.8125 10.240001 11.8775 13.73 15.475 17.7575 19.685 15.995 11.985 14.619999 20.395 21.052498 19.33 18.837502 20.285 19.175 18.404999 15.192499 19.35 27.07 26.287498 26.285 20.68 8.02 0.69000006 -999999.0 -999999.0 -999999.0 -999999.0 -999999.0 -999999.0 -999999.0 -999999.0 -999999.0 -999999.0 -999999.0 -999999.0 -999999.0 -999999.0 -999999.0 -999999.0 -999999.0 -999999.0 -999999.0
29.805 26.582499 23.929998 21.7175 21.244999 14.49 17.817501 26.215 32.19 29.245 24.845 20.9525 15.9825 12.4725 20.0175 32.1725 28.77 21.102499 16.0075 9.8375 11.9025 14.92 17.5375 21.0025 24.057499 21.715 16.517498 14.7175 21.39 24.922499 23.955 20.852499 19.0525 17.91 18.665 17.592499 16.269999 17.9075 21.234999 26.535 23.84 18.0725 10.637501 6.02 -999999.0 -999999.0 -999999.0 -999999.0 -999999.0 -999999.0 -999999.0 -999999.0 -999999.0 -999999.0 -999999.0 -999999.0 -999999.0 -999999.0 -999999.0 -999999.0 -999999.0 -999999.0 -999999.0
22.9 20.324999 16.48 14.41 14.66 12.87 14.897499 23.1225 26.5525 24.57 21.692501 20.76 15.434999 11.98 21.689999 37.075 33.002502 20.0475 12.047501 9.924999 11.58 15.115 19.3 25.877499 31.365 18.495 15.23 19.852499 25.515 25.227499 24.6675 24.102499 21.84 20.185001 14.377501 15.415 16.07 17.76 18.7925 19.5375 16.7475 13.9 15.172501 10.99 1.8399999 -999999.0 -999999.0 -999999.0 -999999.0 -999999.0 -999999.0 -999999.0 -999999.0 -999999.0 -999999.0 -999999.0 -999999.0 -999999.0 -999999.0 -999999.0 -999999.0 -999999.0 -999999.0
21.7025 15.597501 11.87 10.032499 10.054999 10.610001 10.98 13.849999 18.927502 18.474998 15.2575 7.2374997 8.26 5.9125 16.047499 28.265 33.0225 13.5824995 6.205 9.35 10.885 12.152499 16.779999 21.39 21.524998 14.237499 16.435 19.42 22.7225 27.0375 26.384998 23.0825 21.005001 16.0625 11.6475 14.9475 13.9025 15.62 16.325 15.669999 14.315 15.66 22.3625 17.2325 -999999.0 -999999.0 -999999.0 -999999.0 -999999.0 -999999.0 -999999.0 -999999.0 -999999.0 -999999.0 -999999.0 -999999.0 -999999.0 -999999.0 -999999.0 -999999.0 -999999.0 -999999.0 -999999.0
22.475 18.6525 15.077499 9.0675 8.657499 9.2875 7.9825 10.09 15.014999 15.1675 12.099999 7.2075 4.9775 7.1075 13.964999 20.435 22.9425 19.469997 19.762499 11.365 10.467499 9.2625 14.537499 18.275 20.73 21.357498 20.28 20.5425 22.785 24.999998 25.544998 21.884998 18.137499 9.799999 8.1175 9.6025 12.375 14.227499 15.4375 14.1925 11.835 17.5075 25.3325 8.615 -999999.0 -999999.0 -999999.0 -999999.0 -999999.0 -999999.0 -999999.0 -999999.0 -999999.0 -999999.0 -999999.0 -999999.0 -999999.0 -999999.0 -999999.0 -999999.0 -999999.0 -999999.0 -999999.0
