data/TNO-HT-ATES/HT-ATES_msz2/msz2__utc_P50_basecase_80-45-40.asc
ncols  140
nrows  163
xllcorner  0.0
yllcorner  300000.0
cellsize  2000.0
NODATA_value  -999999.0
[rows 56 to 83 of 163, columns 63 to 125 of 140]
6.5447345 6.085574 5.4054513 5.5979676 5.435226 5.171957 5.162128 5.336219 5.975837 6.7813177 7.7430725 8.103986 7.2579865 6.015616 6.693241 5.2695646 5.6695547 6.9670305 7.8331227 6.25406 6.0697865 5.973245 5.7868667 5.851844 6.682991 12.040523 12.597284 18.226679 18.338787 7.284591 6.7071433 6.6217546 7.231799 9.074853 19.934786 0.0 -999999.0 -999999.0 -999999.0 -999999.0 0.0 0.0 0.0 0.0 -999999.0 -999999.0 -999999.0 -999999.0 -999999.0 -999999.0 -999999.0 -999999.0 -999999.0 -999999.0 -999999.0 -999999.0 -999999.0 -999999.0 -999999.0 -999999.0 -999999.0 -999999.0 -999999.0
7.197516 6.961119 6.5014987 5.92417 5.861045 5.3816924 5.8738914 6.2290497 7.530186 7.844446 7.4961047 7.4694743 7.200443 5.8140855 6.2112155 5.10755 5.9970913 6.6512113 6.267602 6.237304 6.1605716 5.520874 5.3932796 5.4122906 5.7954154 13.585122 16.68503 19.207933 18.502378 7.1631365 6.9042916 8.334123 9.048765 10.768562 12.540909 0.0 -999999.0 -999999.0 -999999.0 -999999.0 -999999.0 -999999.0 0.0 0.0 -999999.0 -999999.0 -999999.0 -999999.0 -999999.0 -999999.0 -999999.0 -999999.0 -999999.0 -999999.0 -999999.0 -999999.0 -999999.0 -999999.0 -999999.0 -999999.0 -999999.0 -999999.0 -999999.0
8.773825 8.456179 7.73721 6.498487 6.3098564 6.27457 6.8422494 7.989899 8.8200245 8.378811 7.579024 6.6534224 6.249884 6.4247637 5.0421023 5.015718 6.0400662 6.5532794 6.0960913 6.1256948 5.694027 5.108566 5.190766 5.008619 5.8615026 12.658519 13.6042595 11.181786 10.932453 8.68179 8.589834 10.144441 11.194954 11.645666 12.615372 15.058476 28.044815 -999999.0 -999999.0 -999999.0 -999999.0 -999999.0 0.0 -999999.0 -999999.0 -999999.0 -999999.0 -999999.0 -999999.0 -999999.0 -999999.0 -999999.0 -999999.0 -999999.0 -999999.0 -999999.0 -999999.0 -999999.0 -999999.0 -999999.0 -999999.0 -999999.0 -999999.0
10.037535 8.7705 8.484311 7.422491 7.493343 7.4283786 8.072435 8.665005 9.523578 8.651898 8.541534 7.81651 6.873496 7.547576 5.7101793 5.8459187 6.392095 5.7836213 6.146578 5.9820285 5.428186 4.91013 4.95256 5.035944 5.3666005 9.188841 8.18877 6.9704294 6.841092 7.939794 11.651777 10.467159 9.810722 11.427509 19.634151 24.898062 22.578846 11.819907 0.0 0.0 -999999.0 -999999.0 0.0 0.0 -999999.0 -999999.0 -999999.0 -999999.0 -999999.0 -999999.0 -999999.0 -999999.0 -999999.0 -999999.0 -999999.0 -999999.0 -999999.0 -999999.0 -999999.0 -999999.0 -999999.0 -999999.0 -999999.0
8.340501 7.9536557 10.956239 8.902776 8.330037 8.64276 9.427108 10.370522 10.34256 9.476038 10.411272 10.828423 8.446537 7.3301044 8.0551605 9.025442 6.219778 5.623135 5.5541425 5.2345605 4.7483616 4.438719 4.5702667 4.754281 5.2382364 7.0661893 6.1365867 5.5569224 4.8371387 5.776265 6.2701135 7.044682 8.518885 8.883061 16.675255 21.552153 22.033173 12.140828 6.485028 6.214554 0.0 -999999.0 -999999.0 0.0 -999999.0 -999999.0 -999999.0 -999999.0 -999999.0 -999999.0 -999999.0 -999999.0 -999999.0 -999999.0 -999999.0 -999999.0 -999999.0 -999999.0 -999999.0 -999999.0 -999999.0 -999999.0 -999999.0
8.587515 13.19269 0.0 9.510632 9.789743 10.711498 11.988772 12.56027 11.149958 11.124253 12.107372 13.24632 11.127082 8.823372 10.217747 9.143167 8.058533 7.064254 5.3397255 5.1377225 4.7995977 4.7033954 4.393754 4.6328955 6.433928 7.6392717 6.912034 5.3734474 4.224198 4.496225 4.128378 5.1407785 6.193317 7.7964516 9.891534 9.69138 9.29556 9.915081 4.483208 0.0 6.1032515 -999999.0 -999999.0 -999999.0 -999999.0 -999999.0 -999999.0 -999999.0 -999999.0 -999999.0 -999999.0 -999999.0 -999999.0 -999999.0 -999999.0 -999999.0 -999999.0 -999999.0 -999999.0 -999999.0 -999999.0 -999999.0 -999999.0
8.433794 0.0 0.0 12.027772 11.865263 10.958225 11.242281 11.7902355 12.286531 14.072395 14.297521 14.765962 13.230642 11.6661825 10.177788 8.442162 7.7549543 7.368256 6.8006153 5.7425675 5.0457115 4.4643636 4.2702394 4.1491165 5.4953027 7.6881003 6.466497 5.281593 4.306301 3.6381218 4.046379 4.632492 5.8104887 6.120995 5.314234 4.594359 4.5323696 5.464083 9.7323475 5.1471186 0.0 12.461878 0.0 -999999.0 -999999.0 -999999.0 -999999.0 -999999.0 -999999.0 -999999.0 -999999.0 -999999.0 -999999.0 -999999.0 -999999.0 -999999.0 -999999.0 -999999.0 -999999.0 -999999.0 -999999.0 -999999.0 -999999.0
8.844515 0.0 0.0 16.726248 0.0 16.832783 15.074626 13.754209 13.829439 13.960989 14.189721 14.966379 13.044826 13.173589 11.712802 8.887814 8.369353 7.6100483 7.6878724 7.299417 6.628259 4.830592 4.4043875 4.6844916 4.94692 5.6680984 5.2778296 4.69243 3.563652 3.2084372 3.57584 4.479908 6.2212224 5.4235225 4.3161955 3.1339517 3.3451908 3.9265645 12.724294 6.5138345 6.2056336 9.8011675 0.0 0.0 -999999.0 -999999.0 -999999.0 -999999.0 -999999.0 -999999.0 -999999.0 -999999.0 -999999.0 -999999.0 -999999.0 -999999.0 -999999.0 -999999.0 -999999.0 -999999.0 -999999.0 -999999.0 -999999.0
9.515562 0.0 0.0 0.0 0.0 0.0 0.0 0.0 14.809595 14.477983 16.067049 13.349229 12.412084 11.569973 13.475943 13.968503 9.897363 8.503507 8.90465 8.998378 7.9720864 6.4645467 5.258707 5.2797503 5.0723224 5.327626 5.28838 5.7113857 4.428889 3.6135743 2.715863 3.6747913 5.2413964 5.218079 5.1756163 3.470625 4.0703883 4.562417 5.289042 6.244 7.9601016 0.0 0.0 0.0 0.0 -999999.0 -999999.0 -999999.0 -999999.0 -999999.0 -999999.0 -999999.0 -999999.0 -999999.0 -999999.0 -999999.0 -999999.0 -999999.0 -999999.0 -999999.0 -999999.0 -999999.0 -999999.0
10.345763 16.430359 0.0 0.0 0.0 0.0 0.0 0.0 0.0 0.0 0.0 11.487685 11.236347 11.160056 13.754177 14.693612 16.09558 12.093242 9.850027 9.290727 8.209862 6.963354 5.874068 5.419933 5.8640504 6.2481403 6.10055 5.1993437 3.7745988 3.0929592 3.091647 3.856215 5.5503983 10.436621 20.103922 7.181776 6.8588104 7.610628 4.652212 5.610926 6.9671607 0.0 0.0 0.0 -999999.0 -999999.0 -999999.0 -999999.0 -999999.0 -999999.0 -999999.0 -999999.0 -999999.0 -999999.0 -999999.0 -999999.0 -999999.0 -999999.0 -999999.0 -999999.0 -999999.0 -999999.0 -999999.0
7.7641616 10.195693 12.930031 0.0 0.0 0.0 0.0 0.0 0.0 0.0 0.0 14.91132 11.426281 11.988241 13.208763 12.884598 12.979273 13.019392 13.940179 11.499564 9.832539 7.966436 5.9166217 5.775045 7.0609064 8.374114 10.278356 5.194589 4.134128 3.6404567 3.6380458 4.2960343 5.313895 7.4296346 27.162933 8.121679 3.9311247 3.3694847 3.7922843 5.1048455 0.0 0.0 0.0 0.0 -999999.0 -999999.0 -999999.0 -999999.0 -999999.0 -999999.0 -999999.0 -999999.0 -999999.0 -999999.0 -999999.0 -999999.0 -999999.0 -999999.0 -999999.0 -999999.0 -999999.0 -999999.0 -999999.0
5.977382 6.298696 6.970503 8.206862 10.862344 13.617094 0.0 0.0 0.0 0.0 0.0 0.0 12.892867 15.036197 15.763135 10.525053 9.580566 12.0718565 0.0 0.0 13.386258 8.168564 4.9567747 5.0606384 7.1653366 6.6971126 4.483088 4.8056407 4.177123 4.5460367 6.1314983 6.5303893 7.3326516 6.488793 6.9207644 4.4139204 2.673361 2.5763292 3.1199543 5.033399 0.0 0.0 0.0 0.0 0.0 -999999.0 -999999.0 -999999.0 -999999.0 -999999.0 -999999.0 -999999.0 -999999.0 -999999.0 -999999.0 -999999.0 -999999.0 -999999.0 -999999.0 -999999.0 -999999.0 -999999.0 -999999.0
4.8055987 4.8486695 4.8685446 4.8809853 7.074413 9.798631 13.002744 15.816792 15.999662 0.0 0.0 0.0 15.261005 0.0 0.0 7.6149273 7.264208 11.11314 0.0 0.0 0.0 6.9378815 5.0024447 6.201874 6.441137 4.667266 3.5937634 3.8686597 3.3124943 4.1173587 6.5989985 7.4234414 16.44652 10.718769 4.273424 2.8179963 2.0171387 2.07323 2.5369637 6.1422443 0.0 0.0 0.0 0.0 -999999.0 -999999.0 -999999.0 -999999.0 -999999.0 -999999.0 -999999.0 -999999.0 -999999.0 -999999.0 -999999.0 -999999.0 -999999.0 -999999.0 -999999.0 -999999.0 -999999.0 -999999.0 -999999.0
4.47347 4.234634 4.6029735 4.2623224 4.770809 6.1311026 9.179725 15.314889 0.0 0.0 0.0 0.0 0.0 0.0 0.0 5.75472 6.5696297 10.337899 0.0 0.0 0.0 5.9559174 5.626124 5.6343684 4.6691413 3.9402053 3.4447277 3.4364476 2.7929966 2.8151693 3.5389771 4.5322604 7.6518764 8.521015 3.967929 2.3148692 1.7202302 1.892423 0.0 9.4301195 0.0 0.0 0.0 0.0 -999999.0 -999999.0 -999999.0 -999999.0 -999999.0 -999999.0 -999999.0 -999999.0 -999999.0 -999999.0 -999999.0 -999999.0 -999999.0 -999999.0 -999999.0 -999999.0 -999999.0 -999999.0 -999999.0
4.2855625 4.059454 4.314719 4.2695336 4.254782 5.0735445 6.7593164 12.838507 0.0 0.0 0.0 0.0 0.0 8.48242 6.7797613 5.8857665 6.3272996 8.882824 10.6714735 12.338133 8.2763405 5.7152114 6.9301434 5.4058857 4.0085964 3.4388716 3.0305426 2.8294847 2.2845407 2.1151798 2.3594432 3.2057495 4.3919744 4.2806916 5.1909833 2.848516 2.5802839 2.352576 8.081168 8.750406 0.0 0.0 0.0 -999999.0 -999999.0 -999999.0 -999999.0 -999999.0 -999999.0 -999999.0 -999999.0 -999999.0 -999999.0 -999999.0 -999999.0 -999999.0 -999999.0 -999999.0 -999999.0 -999999.0 -999999.0 -999999.0 -999999.0
3.766417 3.6082761 3.7560441 3.4954147 3.8023567 4.509326 5.1685743 7.4286036 14.785006 0.0 0.0 0.0 0.0 8.794291 6.3625417 5.958343 5.8161554 6.633646 7.7186685 6.8467655 6.1506257 5.74201 5.1439147 4.416868 3.7147312 3.3205664 2.8076887 2.4272807 1.9335856 1.932816 2.0947397 2.6034734 3.6642067 4.154245 5.174661 2.9694054 3.6801429 -999999.0 5.6551023 0.0 0.0 0.0 -999999.0 -999999.0 -999999.0 -999999.0 -999999.0 -999999.0 -999999.0 -999999.0 -999999.0 -999999.0 -999999.0 -999999.0 -999999.0 -999999.0 -999999.0 -999999.0 -999999.0 -999999.0 -999999.0 -999999.0 -999999.0
2.9541569 2.851461 3.1375027 3.0076218 3.3098803 3.6115496 3.750175 4.708771 7.0382595 12.273287 0.0 0.0 12.624245 7.3499093 6.675545 5.9062543 6.60636 5.9873533 6.831842 7.0900745 6.3738794 5.3715043 4.597222 3.997725 3.495807 3.2096584 2.514207 2.2569757 1.8371556 1.9384357 2.087109 2.528787 3.4526896 4.0075064 4.5672965 3.5862823 7.7062016 -999999.0 13.179401 11.164214 0.0 0.0 -999999.0 -999999.0 -999999.0 -999999.0 -999999.0 -999999.0 -999999.0 -999999.0 -999999.0 -999999.0 -999999.0 -999999.0 -999999.0 -999999.0 -999999.0 -999999.0 -999999.0 -999999.0 -999999.0 -999999.0 -999999.0
3.0003889 2.644766 2.9798312 2.8128889 3.0565598 3.1006112 2.9492204 3.5634341 4.8411546 7.9956884 11.70983 13.348754 8.874468 8.127761 7.2471223 6.377635 6.686804 7.0804343 8.795151 8.623065 7.978908 6.8932776 5.122319 4.125149 3.362046 2.7368228 2.1555042 2.0403428 1.900359 2.063798 2.1221175 2.4392607 3.0904472 3.8865795 3.7576911 3.152746 8.321327 16.366312 10.035089 0.0 0.0 0.0 0.0 -999999.0 -999999.0 -999999.0 -999999.0 -999999.0 -999999.0 -999999.0 -999999.0 -999999.0 -999999.0 -999999.0 -999999.0 -999999.0 -999999.0 -999999.0 -999999.0 -999999.0 -999999.0 -999999.0 -999999.0
2.9691195 2.6650462 2.957412 2.774656 2.8867512 2.8809912 2.6966484 3.0474513 4.315219 6.965232 9.500744 8.600171 6.7277365 12.177079 11.89468 10.636008 12.745572 10.561225 15.080124 21.07237 11.722662 10.584726 7.803498 5.10094 3.7169933 2.7731514 2.2276843 1.9771848 1.8930119 2.017709 2.2117412 2.6308753 3.2177796 3.35281 3.0962412 2.6012392 4.3393564 5.143739 7.7432632 9.142649 0.0 0.0 0.0 -999999.0 -999999.0 -999999.0 -999999.0 -999999.0 -999999.0 -999999.0 -999999.0 -999999.0 -999999.0 -999999.0 -999999.0 -999999.0 -999999.0 -999999.0 -999999.0 -999999.0 -999999.0 -999999.0 -999999.0
2.865951 2.9940343 2.8374147 2.6209366 2.5098643 2.5754132 2.5804918 2.9596233 4.1840158 4.418715 5.785382 6.2229137 5.554922 -999999.0 17.709366 10.539622 10.302726 10.926167 16.304626 0.0 11.362112 11.318651 8.990464 6.8631926 3.7014852 3.3040946 2.2702389 2.066058 1.8594253 1.8662125 2.415737 3.090364 3.9996452 3.5734055 2.857168 2.2634912 2.9778008 3.3093867 5.938089 8.102521 0.0 0.0 0.0 0.0 -999999.0 -999999.0 -999999.0 -999999.0 -999999.0 -999999.0 -999999.0 -999999.0 -999999.0 -999999.0 -999999.0 -999999.0 -999999.0 -999999.0 -999999.0 -999999.0 -999999.0 -999999.0 -999999.0
2.5484822 2.737696 3.0649316 2.633795 2.837955 2.6940944 2.7739358 3.110251 3.712497 3.3483307 3.315872 3.9933147 7.1830373 0.0 9.338142 6.939706 8.266149 6.9590244 10.959172 0.0 23.727797 11.301193 8.262193 6.565518 4.9182706 3.1864347 2.5315204 2.286088 1.8207047 1.9466146 2.177373 2.290009 2.836618 3.9523199 2.4001667 2.052904 3.128643 7.601129 5.4154353 0.0 0.0 0.0 0.0 0.0 -999999.0 -999999.0 -999999.0 -999999.0 -999999.0 -999999.0 -999999.0 -999999.0 -999999.0 -999999.0 -999999.0 -999999.0 -999999.0 -999999.0 -999999.0 -999999.0 -999999.0 -999999.0 -999999.0
2.3172214 2.4191635 2.6828282 2.3397453 2.420369 2.55639 2.9320266 2.9467723 2.9958591 2.52874 2.1308823 2.650973 4.144623 5.185558 4.1435585 4.844433 5.4096403 5.863723 8.150772 9.364411 15.703608 12.386728 7.620592 5.372429 4.2553596 3.3823705 2.7778049 2.8249948 2.4381027 2.173246 1.9559909 1.7517874 2.044194 2.4467878 1.9311318 1.9087712 3.4396648 5.699103 10.212779 5.726144 0.0 0.0 0.0 0.0 -999999.0 -999999.0 -999999.0 -999999.0 -999999.0 -999999.0 -999999.0 -999999.0 -999999.0 -999999.0 -999999.0 -999999.0 -999999.0 -999999.0 -999999.0 -999999.0 -999999.0 -999999.0 -999999.0
2.563748 2.610684 2.9918902 2.6926033 2.781922 2.7692964 2.8774972 3.124083 2.5718124 2.5283093 1.8206192 2.5215302 3.6018348 4.983779 4.874616 3.6978836 4.0254154 4.676732 5.607937 6.1972604 7.888964 6.998351 4.9948907 4.5669713 3.4427845 2.8650568 2.8140447 3.7012315 3.4079785 2.353963 2.0783386 1.86518 1.8407618 2.2472522 2.0405543 2.1979544 3.3641195 5.3847966 3.4859536 3.8315191 0.0 0.0 0.0 -999999.0 -999999.0 -999999.0 -999999.0 -999999.0 -999999.0 -999999.0 -999999.0 -999999.0 -999999.0 -999999.0 -999999.0 -999999.0 -999999.0 -999999.0 -999999.0 -999999.0 -999999.0 -999999.0 -999999.0
2.6457274 2.7719536 3.2456453 3.130658 3.147669 3.3744266 3.1609724 2.3851604 2.1226525 2.1567152 2.006496 2.3606236 3.3561435 8.213253 4.7316966 2.9635868 2.8592339 3.3350408 5.318499 6.193056 5.9723516 4.796752 4.5229597 3.4566143 2.7007124 2.2681077 2.7923558 3.7278123 2.534653 1.8267906 1.8783269 1.913423 2.0470388 2.170632 2.5501387 2.8861947 3.8855941 3.6534264 3.2779472 4.530663 0.0 0.0 0.0 0.0 -999999.0 -999999.0 -999999.0 -999999.0 -999999.0 -999999.0 -999999.0 -999999.0 -999999.0 -999999.0 -999999.0 -999999.0 -999999.0 -999999.0 -999999.0 -999999.0 -999999.0 -999999.0 -999999.0
3.2478683 3.6054082 4.3219376 4.032452 3.460714 5.1124816 3.4859662 2.3135967 1.919952 2.0742075 2.2248313 2.548726 3.4436753 4.613803 2.9486437 1.9430599 2.0786295 2.843805 4.4083824 6.705231 5.1116915 3.8119943 3.2463233 2.4974048 2.125041 2.275152 3.0358303 3.3806283 2.0310464 1.803205 1.8892833 2.0486577 2.2377837 2.604205 2.832362 3.3019986 3.761981 4.1877074 4.4435267 4.742386 0.0 0.0 0.0 0.0 -999999.0 -999999.0 -999999.0 -999999.0 -999999.0 -999999.0 -999999.0 -999999.0 -999999.0 -999999.0 -999999.0 -999999.0 -999999.0 -999999.0 -999999.0 -999999.0 -999999.0 -999999.0 -999999.0
4.492903 4.9186683 5.928671 6.953866 5.106693 5.385697 3.9815557 2.495111 2.2810333 2.2768166 2.5445802 2.463503 3.426169 4.358354 2.3554156 1.7025716 1.8837539 2.823886 5.020601 6.416585 5.4837184 3.8303974 3.1925142 2.1674137 1.7828131 2.8140607 3.4643748 2.667734 1.8165051 1.8495383 1.9083872 1.8560119 2.0193896 2.329454 3.8138292 3.9548674 4.228523 5.0355067 5.9257264 0.0 0.0 0.0 0.0 0.0 0.0 -999999.0 -999999.0 -999999.0 -999999.0 -999999.0 -999999.0 -999999.0 -999999.0 -999999.0 -999999.0 -999999.0 -999999.0 -999999.0 -999999.0 -999999.0 -999999.0 -999999.0 -999999.0
3.9811354 5.802994 7.2273784 9.373534 7.260203 6.854291 5.695051 4.424569 3.0489786 2.9569201 3.2940886 7.8977494 6.776272 9.068403 2.8497694 1.791544 1.7880541 3.4620774 9.76689 6.0270486 4.723866 4.5230823 3.4180226 2.6710017 2.5350592 3.7452877 3.2771137 2.8091214 2.1914027 1.8840402 1.9571837 2.0871167 2.2910018 3.0072773 6.4834957 4.5758753 5.8325458 6.827149 0.0 0.0 0.0 0.0 0.0 0.0 -999999.0 -999999.0 -999999.0 -999999.0 -999999.0 -999999.0 -999999.0 -999999.0 -999999.0 -999999.0 -999999.0 -999999.0 -999999.0 -999999.0 -999999.0 -999999.0 -999999.0 -999999.0 -999999.0
3.1296256 3.691869 4.779541 9.36066 9.179198 8.615014 9.228484 6.768796 4.0183578 3.9907992 4.659754 9.084393 15.180014 6.9322815 3.543197 2.3466458 2.300101 2.7732408 3.117135 5.3464627 5.752657 7.578311 4.2555947 3.2961802 2.5158792 2.5435712 2.6332788 2.6542864 2.5577037 2.4238956 2.192517 2.5214746 3.2048225 6.373019 8.295479 9.53413 8.04869 8.279769 0.0 0.0 0.0 0.0 0.0 0.0 -999999.0 -999999.0 -999999.0 -999999.0 -999999.0 -999999.0 -999999.0 -999999.0 -999999.0 -999999.0 -999999.0 -999999.0 -999999.0 -999999.0 -999999.0 -999999.0 -999999.0 -999999.0 -999999.0
