data/TNO-HT-ATES/HT-ATES_msz2/msz2__welld_P50_basecase_80-45-40.asc
ncols  140
nrows  163
xllcorner  0.0
yllcorner  300000.0
cellsize  2000.0
NODATA_value  -999999.0
[rows 54 to 80 of 163, columns 62 to 123 of 140]
133.8664 136.99258 138.22969 137.28079 135.74509 134.0456 138.2696 138.02002 140.12405 140.36023 142.72679 145.45659 145.31438 144.58208 143.62207 146.04825 144.63991 142.85318 138.76102 137.78668 143.85808 142.28154 141.42082 139.94772 138.40941 138.64053 147.61102 147.74997 145.05635 145.34859 144.26027 167.56198 166.04105 161.71867 166.05855 164.33978 166.69191 156.25447 -999999.0 134.1507 132.42247 132.24336 122.06908 118.37769 111.19607 -999999.0 -999999.0 -999999.0 -999999.0 -999999.0 -999999.0 -999999.0 -999999.0 -999999.0 -999999.0 -999999.0 -999999.0 -999999.0 -999999.0 -999999.0 -999999.0 -999999.0
135.33218 136.15038 139.89131 138.02884 131.92062 132.29822 135.3542 134.71234 140.30992 140.5569 142.882 143.21292 146.22868 145.18942 144.6368 146.63744 145.00397 143.35524 139.0163 138.01819 143.96765 141.21475 139.95288 139.8504 138.59047 138.5831 147.66307 158.37056 156.63887 156.64456 154.96257 173.49084 176.39955 170.02565 164.83272 163.70456 170.61044 -999999.0 -999999.0 138.9679 133.88033 131.37074 121.8486 117.40967 103.84478 -999999.0 -999999.0 -999999.0 -999999.0 -999999.0 -999999.0 -999999.0 -999999.0 -999999.0 -999999.0 -999999.0 -999999.0 -999999.0 -999999.0 -999999.0 -999999.0 -999999.0
135.0379 135.55507 135.79716 136.1785 131.52415 130.74957 134.32416 134.25424 138.09142 140.63976 140.85597 143.63184 144.9908 144.14914 143.09462 143.59406 145.20996 143.7842 139.38553 137.55595 143.4377 141.2644 137.65305 137.75337 139.31279 137.72466 143.28175 155.31389 158.23119 160.9528 161.01468 170.98532 183.53766 187.73325 186.63303 178.80824 186.52611 -999999.0 -999999.0 -999999.0 -999999.0 147.93631 137.67392 131.50984 121.35714 -999999.0 -999999.0 -999999.0 -999999.0 -999999.0 -999999.0 -999999.0 -999999.0 -999999.0 -999999.0 -999999.0 -999999.0 -999999.0 -999999.0 -999999.0 -999999.0 -999999.0
132.30495 133.45479 131.11154 129.12062 130.7744 129.36403 134.28252 133.93779 138.29117 138.37352 143.4231 143.54832 145.07588 144.59535 144.39534 143.96265 142.70393 138.42526 139.38243 138.09174 141.06035 137.11938 139.9282 139.4128 140.5174 141.60152 133.3864 150.25046 160.97693 165.49455 162.22118 171.72504 174.26025 182.51767 182.08511 185.0218 188.28232 -999999.0 -999999.0 -999999.0 -999999.0 -999999.0 -999999.0 128.52003 121.33496 -999999.0 -999999.0 -999999.0 -999999.0 -999999.0 -999999.0 -999999.0 -999999.0 -999999.0 -999999.0 -999999.0 -999999.0 -999999.0 -999999.0 -999999.0 -999999.0 -999999.0
131.43309 131.36067 130.15558 128.45764 130.09154 128.9749 134.68259 135.31894 137.63243 139.20651 144.01796 144.13042 145.53098 144.76692 141.15288 143.7249 143.68005 138.56174 140.24544 139.2637 138.99236 137.75764 140.91922 139.61034 140.56378 139.53638 140.71115 152.21806 153.45679 161.17401 160.47249 177.08743 175.64201 178.51314 187.05908 191.96074 190.80354 196.28789 -999999.0 -999999.0 -999999.0 -999999.0 -999999.0 122.812874 -999999.0 -999999.0 -999999.0 -999999.0 -999999.0 -999999.0 -999999.0 -999999.0 -999999.0 -999999.0 -999999.0 -999999.0 -999999.0 -999999.0 -999999.0 -999999.0 -999999.0 -999999.0
130.58199 130.57324 131.73125 130.59506 131.41542 130.64629 135.3016 136.20195 138.08153 141.62738 141.59428 141.68877 140.83282 140.50768 141.54645 142.55695 140.29916 139.69351 138.33626 140.46788 135.69554 133.96356 137.20126 139.111 137.8261 139.14055 141.90031 153.404 154.50089 159.60985 166.2176 174.4944 183.31827 194.65811 191.32758 204.65022 205.96593 188.80775 179.39725 167.5089 158.0813 -999999.0 -999999.0 134.02582 0.0 -999999.0 -999999.0 -999999.0 -999999.0 -999999.0 -999999.0 -999999.0 -999999.0 -999999.0 -999999.0 -999999.0 -999999.0 -999999.0 -999999.0 -999999.0 -999999.0 -999999.0
130.01447 130.10619 130.8573 128.84595 131.32155 131.29768 135.64267 135.72809 138.06125 140.33797 142.18306 142.66469 142.34618 144.08348 143.49385 141.29216 141.7544 140.43085 139.55595 140.26833 136.31474 134.16867 137.9255 140.70392 142.34628 140.15715 142.44037 154.02519 157.67012 168.08037 171.22537 187.50163 188.13704 187.91095 200.4281 208.43974 212.37143 189.95525 193.94632 174.28294 155.19482 165.51225 -999999.0 -999999.0 0.0 -999999.0 -999999.0 -999999.0 -999999.0 -999999.0 -999999.0 -999999.0 -999999.0 -999999.0 -999999.0 -999999.0 -999999.0 -999999.0 -999999.0 -999999.0 -999999.0 -999999.0
128.66357 129.16797 127.684814 130.90723 132.95126 136.10594 134.11224 133.77838 138.10709 140.54674 140.65723 138.99239 140.74417 144.9502 144.20998 141.96548 142.07938 141.11488 140.33093 138.50716 135.21904 134.84615 133.43925 142.1422 143.5074 135.06856 141.52771 155.33298 165.19124 171.45947 169.84673 195.40944 193.09703 196.82599 194.70616 197.48293 202.45908 188.56609 197.58629 174.98723 0.0 154.84987 -999999.0 -999999.0 -999999.0 -999999.0 -999999.0 -999999.0 -999999.0 -999999.0 -999999.0 -999999.0 -999999.0 -999999.0 -999999.0 -999999.0 -999999.0 -999999.0 -999999.0 -999999.0 -999999.0 -999999.0
129.67967 131.52055 129.6859 131.39055 135.89877 135.23563 133.37802 133.6415 137.81067 140.27759 140.67702 139.59422 139.68613 145.53304 144.00375 142.66269 142.696 141.63084 140.58292 138.763 136.53046 136.3444 140.0674 142.31305 144.24919 146.07002 143.76488 167.61673 165.5678 159.6271 175.27052 180.16425 191.73807 194.71436 191.95572 187.8197 201.7871 190.84981 167.66655 172.03516 155.8009 0.0 148.20193 135.1956 -999999.0 -999999.0 -999999.0 -999999.0 -999999.0 -999999.0 -999999.0 -999999.0 -999999.0 -999999.0 -999999.0 -999999.0 -999999.0 -999999.0 -999999.0 -999999.0 -999999.0 -999999.0
129.06001 131.04683 129.44965 131.23395 135.87976 133.29124 129.32628 132.87428 137.6893 140.36745 141.94858 142.62425 140.24724 143.98848 144.22295 142.55641 142.54245 141.41837 140.53824 138.9758 138.19328 135.97519 140.55754 142.05249 141.01389 147.63704 159.88039 168.96996 165.61035 167.5183 171.37552 170.99406 184.31662 181.6508 183.20102 180.30795 185.7592 189.43713 186.20828 170.53938 168.62733 159.36882 148.26132 0.0 0.0 -999999.0 -999999.0 -999999.0 -999999.0 -999999.0 -999999.0 -999999.0 -999999.0 -999999.0 -999999.0 -999999.0 -999999.0 -999999.0 -999999.0 -999999.0 -999999.0 -999999.0
130.56007 131.41824 129.49547 132.23055 136.40428 134.10054 133.41235 135.4708 136.25554 143.76723 144.49234 144.64616 147.21361 141.51941 143.91098 140.06938 139.63985 138.33426 136.73984 135.96997 143.10866 142.54916 141.6107 142.943 141.57828 152.12831 156.38203 170.51915 167.68513 175.1231 169.2013 189.48523 188.9436 191.87791 193.26045 190.83186 204.25325 194.8293 195.19077 185.71153 174.37244 165.6778 0.0 0.0 0.0 0.0 -999999.0 -999999.0 -999999.0 -999999.0 -999999.0 -999999.0 -999999.0 -999999.0 -999999.0 -999999.0 -999999.0 -999999.0 -999999.0 -999999.0 -999999.0 -999999.0
126.60191 127.58545 128.93936 131.57462 141.76176 135.66818 136.99469 137.37975 138.4298 143.74478 144.37552 144.79196 147.62027 141.25726 143.689 140.00325 139.73561 138.88007 136.5289 135.63821 142.76495 142.58966 141.20435 143.93127 142.33868 149.0427 164.0422 170.27504 167.33218 171.12585 172.49472 188.87032 184.09987 187.23132 197.16861 193.66876 200.0727 199.72333 193.97267 177.91039 172.49535 163.73535 0.0 0.0 0.0 -999999.0 -999999.0 -999999.0 -999999.0 -999999.0 -999999.0 -999999.0 -999999.0 -999999.0 -999999.0 -999999.0 -999999.0 -999999.0 -999999.0 -999999.0 -999999.0 -999999.0
125.4103 126.23569 127.99965 130.69745 140.42026 140.7516 137.25574 137.19331 137.69795 142.77338 143.69756 144.25467 147.19751 140.9467 143.22372 139.72096 139.38576 138.46689 137.38216 134.7891 142.23726 142.80359 141.80597 144.9399 144.2994 150.7175 162.21286 165.00699 168.70924 175.80219 177.3272 193.33466 190.88365 186.32288 197.89929 191.00323 193.19366 191.53516 193.76938 182.3365 161.55553 0.0 0.0 0.0 0.0 -999999.0 -999999.0 -999999.0 -999999.0 -999999.0 -999999.0 -999999.0 -999999.0 -999999.0 -999999.0 -999999.0 -999999.0 -999999.0 -999999.0 -999999.0 -999999.0 -999999.0
128.41946 129.42818 130.62738 134.14359 139.30573 140.52397 142.75192 144.10808 146.11192 139.35957 142.60963 143.432 146.64493 149.99963 142.13924 138.27692 136.6814 136.14104 134.30524 133.2427 137.64734 149.5818 147.59625 161.35007 153.78922 160.1297 163.1365 181.79704 175.27605 193.02449 186.89078 191.69083 199.23866 196.088 202.38971 194.78044 195.3558 186.84496 188.9659 184.406 158.20592 0.0 0.0 0.0 0.0 0.0 -999999.0 -999999.0 -999999.0 -999999.0 -999999.0 -999999.0 -999999.0 -999999.0 -999999.0 -999999.0 -999999.0 -999999.0 -999999.0 -999999.0 -999999.0 -999999.0
127.10949 128.39381 129.09143 132.19199 144.45087 139.69145 141.80353 150.6321 146.03075 142.05644 139.15285 145.39899 145.14929 148.05293 139.77025 132.41217 128.86879 133.51381 134.53368 146.2179 161.20618 172.23767 171.75577 178.2811 178.42075 187.25153 191.8973 206.89006 197.63226 219.41568 212.59459 203.02632 204.60338 193.31607 205.91579 206.66154 200.14946 186.72311 190.52563 188.61281 164.39651 0.0 0.0 0.0 0.0 -999999.0 -999999.0 -999999.0 -999999.0 -999999.0 -999999.0 -999999.0 -999999.0 -999999.0 -999999.0 -999999.0 -999999.0 -999999.0 -999999.0 -999999.0 -999999.0 -999999.0
125.00873 126.40389 127.041504 128.03983 138.1502 144.46217 147.75287 148.20183 144.62354 137.7503 137.57713 144.52625 156.82025 144.73517 134.12187 131.00145 123.5376 133.76817 136.58849 149.01358 152.98665 166.24371 170.76143 177.28865 185.9494 204.41391 202.27504 210.15201 208.25482 232.23808 234.13062 221.45518 218.40005 210.90202 227.60263 223.752 210.56233 197.3042 188.36218 249.1406 173.61075 0.0 0.0 0.0 0.0 -999999.0 -999999.0 -999999.0 -999999.0 -999999.0 -999999.0 -999999.0 -999999.0 -999999.0 -999999.0 -999999.0 -999999.0 -999999.0 -999999.0 -999999.0 -999999.0 -999999.0
122.2601 123.84432 124.36293 124.078705 132.53171 142.15575 143.22221 150.67078 156.188 158.63548 156.02597 157.12471 156.05283 147.63742 132.83249 137.74576 139.07072 141.69627 142.166 151.65265 162.15202 164.85382 171.23662 170.2187 188.00844 212.03566 210.21648 218.33461 221.00935 241.52522 237.50786 230.57901 227.17818 221.2212 233.26788 227.15962 213.44327 182.29947 182.61768 191.86307 171.56923 0.0 0.0 0.0 -999999.0 -999999.0 -999999.0 -999999.0 -999999.0 -999999.0 -999999.0 -999999.0 -999999.0 -999999.0 -999999.0 -999999.0 -999999.0 -999999.0 -999999.0 -999999.0 -999999.0 -999999.0
121.93468 123.66941 123.723625 123.93534 135.52963 138.01122 141.51831 148.86943 155.7539 153.08195 151.78178 156.19836 154.99094 147.62111 142.52643 145.4082 146.30484 154.57658 156.72818 155.88623 171.16203 175.04816 179.39119 187.19933 202.09135 212.37054 210.98714 219.55869 234.7437 247.23741 244.10503 239.13394 244.41074 229.84488 234.53795 222.59877 219.43672 198.76819 -999999.0 173.21887 163.98932 0.0 0.0 -999999.0 -999999.0 -999999.0 -999999.0 -999999.0 -999999.0 -999999.0 -999999.0 -999999.0 -999999.0 -999999.0 -999999.0 -999999.0 -999999.0 -999999.0 -999999.0 -999999.0 -999999.0 -999999.0
121.93647 130.4545 131.42622 127.0426 136.7139 137.29446 143.76787 151.28728 153.93184 152.30138 166.155 161.80713 156.30801 156.11198 164.65399 156.14896 156.12227 151.68509 160.74919 158.46164 158.06793 182.37027 191.65823 196.51196 203.20844 212.65486 212.26491 226.95305 234.27843 257.14597 254.84952 249.65327 242.7916 233.53311 241.00075 223.47195 215.12503 209.94728 -999999.0 156.31139 160.66568 0.0 0.0 -999999.0 -999999.0 -999999.0 -999999.0 -999999.0 -999999.0 -999999.0 -999999.0 -999999.0 -999999.0 -999999.0 -999999.0 -999999.0 -999999.0 -999999.0 -999999.0 -999999.0 -999999.0 -999999.0
119.47026 119.13418 128.36972 124.38711 133.937 133.8631 138.89876 146.5284 147.06458 155.4138 159.78809 160.44289 154.6658 159.22461 165.44902 167.7079 176.20602 164.58214 164.86232 162.02655 170.11047 200.69992 204.95673 211.13376 203.68536 215.98839 226.1657 238.61479 238.25827 256.23276 254.39847 253.3678 250.89885 247.78482 237.27882 226.6904 218.55956 212.31483 196.18633 164.5678 0.0 0.0 0.0 0.0 -999999.0 -999999.0 -999999.0 -999999.0 -999999.0 -999999.0 -999999.0 -999999.0 -999999.0 -999999.0 -999999.0 -999999.0 -999999.0 -999999.0 -999999.0 -999999.0 -999999.0 -999999.0
119.02933 116.59229 124.684006 121.48647 130.92482 132.27893 134.97005 139.38826 141.8053 152.23361 156.7068 158.28284 157.66095 156.39275 162.56334 164.47835 174.62666 162.72539 162.44533 162.29129 177.50764 202.10811 203.10362 210.45004 204.21808 216.57735 230.62582 238.17464 244.7639 258.1125 264.7312 262.68018 255.50482 252.14764 241.7624 232.02402 211.70009 212.77158 211.06418 182.52478 143.29657 0.0 0.0 0.0 -999999.0 -999999.0 -999999.0 -999999.0 -999999.0 -999999.0 -999999.0 -999999.0 -999999.0 -999999.0 -999999.0 -999999.0 -999999.0 -999999.0 -999999.0 -999999.0 -999999.0 -999999.0
117.31986 116.605644 115.24407 121.82101 130.4212 139.23927 139.43935 139.96922 145.42902 161.40079 182.37492 184.37053 185.87724 181.28908 -999999.0 186.22958 187.52275 188.84502 179.43715 179.00993 185.66895 200.5362 199.13689 212.90277 207.74449 238.7346 233.82297 251.19048 252.43869 259.80933 263.06573 263.36365 261.55545 258.32147 254.2628 246.54329 217.64378 209.9624 200.69485 182.9319 150.44147 0.0 0.0 0.0 0.0 -999999.0 -999999.0 -999999.0 -999999.0 -999999.0 -999999.0 -999999.0 -999999.0 -999999.0 -999999.0 -999999.0 -999999.0 -999999.0 -999999.0 -999999.0 -999999.0 -999999.0
124.18472 125.57777 122.31831 117.497055 131.11809 130.48601 137.68611 141.93906 152.84244 170.81921 182.38159 181.8387 181.07367 180.96434 188.11215 181.96727 182.10558 171.17325 182.88239 172.10054 189.4434 199.75534 198.50127 211.76938 219.70453 269.89597 249.45406 241.77249 244.09003 262.49103 262.6449 265.16556 263.74973 251.55852 244.20471 235.7821 213.62155 204.77498 192.02954 160.44664 148.39622 0.0 0.0 0.0 0.0 -999999.0 -999999.0 -999999.0 -999999.0 -999999.0 -999999.0 -999999.0 -999999.0 -999999.0 -999999.0 -999999.0 -999999.0 -999999.0 -999999.0 -999999.0 -999999.0 -999999.0
141.33203 136.50136 136.31044 131.02106 146.1362 145.88887 147.30475 143.73053 160.46371 179.62598 185.88515 189.04268 183.6646 184.7548 200.90833 185.52261 176.59435 181.2214 176.84917 164.50638 190.69019 193.46616 194.09758 207.81932 220.56166 226.28386 226.4115 223.10614 231.51994 257.07883 258.06183 262.3114 261.82944 240.3831 228.95215 217.30379 204.08102 189.06561 177.9301 156.81227 147.17026 0.0 0.0 0.0 0.0 -999999.0 -999999.0 -999999.0 -999999.0 -999999.0 -999999.0 -999999.0 -999999.0 -999999.0 -999999.0 -999999.0 -999999.0 -999999.0 -999999.0 -999999.0 -999999.0 -999999.0
142.12408 134.17932 135.33316 129.88425 142.6165 145.69102 154.63316 158.10614 158.12448 186.30609 183.86775 178.1319 176.67554 178.91049 187.28311 183.10783 183.03961 177.35654 178.86372 174.39543 188.70142 188.64912 194.2074 207.9122 204.44559 214.62666 218.88382 221.96666 221.49792 246.07156 246.29842 242.98561 250.3802 235.41783 223.50336 213.1028 197.02376 190.87848 173.73253 146.96394 140.21628 0.0 0.0 0.0 -999999.0 -999999.0 -999999.0 -999999.0 -999999.0 -999999.0 -999999.0 -999999.0 -999999.0 -999999.0 -999999.0 -999999.0 -999999.0 -999999.0 -999999.0 -999999.0 -999999.0 -999999.0
149.30482 140.46582 140.6049 135.17136 145.94228 153.95863 166.9085 186.89856 181.45438 179.21115 193.43773 193.224 194.63365 193.13306 181.88307 180.82881 179.95139 183.36812 189.311 170.11812 178.16324 187.82881 192.34093 181.92513 196.14888 208.2491 217.46225 217.1682 219.10196 241.6547 243.1036 234.58235 242.69464 235.6729 217.2876 203.56349 193.8532 183.47665 164.47307 144.76564 122.87135 0.0 0.0 0.0 0.0 -999999.0 -999999.0 -999999.0 -999999.0 -999999.0 -999999.0 -999999.0 -999999.0 -999999.0 -999999.0 -999999.0 -999999.0 -999999.0 -999999.0 -999999.0 -999999.0 -999999.0
150.13292 139.59233 140.29176 134.8854 147.84592 162.5846 164.07672 178.94849 181.64769 181.77834 182.71753 191.55371 194.67593 191.83856 189.8677 183.98015 180.76741 184.35776 182.30418 167.66423 181.18376 185.38368 189.30057 188.3931 197.2809 201.21172 204.76805 202.5522 204.11404 221.09818 218.60738 216.71507 222.42918 221.57791 209.54793 194.45169 184.34258 179.29205 159.48846 140.25957 119.236755 0.0 0.0 0.0 0.0 -999999.0 -999999.0 -999999.0 -999999.0 -999999.0 -999999.0 -999999.0 -999999.0 -999999.0 -999999.0 -999999.0 -999999.0 -999999.0 -999999.0 -999999.0 -999999.0 -999999.0
