data/TNO-HT-ATES/HT-ATES_msz2/msz2__kh_P50_basecase_80-45-40.asc
ncols  140
nrows  163
xllcorner  0.0
yllcorner  300000.0
cellsize  2000.0
NODATA_value  -999999.0
[rows 0 to 26 of 163, columns 60 to 119 of 140]
-999999.0 -999999.0 -999999.0 -999999.0 -999999.0 -999999.0 -999999.0 -999999.0 -999999.0 -999999.0 -999999.0 -999999.0 -999999.0 -999999.0 -999999.0 -999999.0 -999999.0 -999999.0 -999999.0 -999999.0 -999999.0 -999999.0 -999999.0 -999999.0 -999999.0 -999999.0 -999999.0 -999999.0 -999999.0 -999999.0 -999999.0 -999999.0 -999999.0 -999999.0 -999999.0 -999999.0 -999999.0 -999999.0 -999999.0 -999999.0 -999999.0 -999999.0 -999999.0 -999999.0 -999999.0 -999999.0 -999999.0 -999999.0 -999999.0 -999999.0 -999999.0 -999999.0 -999999.0 -999999.0 -999999.0 -999999.0 -999999.0 -999999.0 -999999.0 -999999.0
-999999.0 -999999.0 -999999.0 -999999.0 -999999.0 -999999.0 -999999.0 -999999.0 -999999.0 -999999.0 -999999.0 -999999.0 -999999.0 -999999.0 -999999.0 -999999.0 -999999.0 -999999.0 -999999.0 -999999.0 -999999.0 -999999.0 -999999.0 -999999.0 -999999.0 -999999.0 -999999.0 -999999.0 -999999.0 -999999.0 -999999.0 -999999.0 -999999.0 -999999.0 -999999.0 -999999.0 -999999.0 -999999.0 -999999.0 -999999.0 -999999.0 -999999.0 -999999.0 -999999.0 -999999.0 -999999.0 -999999.0 -999999.0 -999999.0 -999999.0 -999999.0 -999999.0 -999999.0 -999999.0 -999999.0 -999999.0 -999999.0 -999999.0 -999999.0 -999999.0
-999999.0 -999999.0 -999999.0 -999999.0 -999999.0 -999999.0 -999999.0 -999999.0 -999999.0 -999999.0 -999999.0 -999999.0 -999999.0 -999999.0 -999999.0 -999999.0 -999999.0 -999999.0 -999999.0 -999999.0 -999999.0 -999999.0 -999999.0 -999999.0 -999999.0 -999999.0 -999999.0 -999999.0 -999999.0 -999999.0 -999999.0 -999999.0 -999999.0 -999999.0 -999999.0 -999999.0 -999999.0 -999999.0 -999999.0 -999999.0 -999999.0 -999999.0 -999999.0 -999999.0 -999999.0 -999999.0 -999999.0 -999999.0 -999999.0 -999999.0 -999999.0 -999999.0 -999999.0 -999999.0 -999999.0 -999999.0 -999999.0 -999999.0 -999999.0 -999999.0
-999999.0 -999999.0 -999999.0 -999999.0 -999999.0 -999999.0 -999999.0 -999999.0 -999999.0 -999999.0 -999999.0 -999999.0 -999999.0 -999999.0 -999999.0 -999999.0 -999999.0 -999999.0 -999999.0 -999999.0 -999999.0 -999999.0 -999999.0 -999999.0 -999999.0 -999999.0 -999999.0 -999999.0 -999999.0 -999999.0 -999999.0 -999999.0 -999999.0 -999999.0 -999999.0 -999999.0 -999999.0 -999999.0 -999999.0 -999999.0 -999999.0 -999999.0 -999999.0 -999999.0 -999999.0 -999999.0 -999999.0 -999999.0 -999999.0 -999999.0 -999999.0 -999999.0 -999999.0 -999999.0 -999999.0 -999999.0 -999999.0 -999999.0 -999999.0 -999999.0
-999999.0 -999999.0 -999999.0 -999999.0 -999999.0 -999999.0 -999999.0 -999999.0 -999999.0 -999999.0 -999999.0 -999999.0 -999999.0 -999999.0 -999999.0 -999999.0 -999999.0 -999999.0 -999999.0 -999999.0 -999999.0 -999999.0 -999999.0 -999999.0 -999999.0 -999999.0 -999999.0 -999999.0 -999999.0 -999999.0 -999999.0 -999999.0 -999999.0 -999999.0 -999999.0 -999999.0 -999999.0 -999999.0 -999999.0 -999999.0 -999999.0 -999999.0 -999999.0 -999999.0 -999999.0 -999999.0 -999999.0 -999999.0 -999999.0 -999999.0 7.4794197 2.5192928 -999999.0 -999999.0 -999999.0 -999999.0 -999999.0 -999999.0 -999999.0 -999999.0
-999999.0 -999999.0 -999999.0 -999999.0 -999999.0 -999999.0 -999999.0 -999999.0 -999999.0 -999999.0 -999999.0 -999999.0 -999999.0 -999999.0 -999999.0 -999999.0 -999999.0 -999999.0 -999999.0 -999999.0 -999999.0 -999999.0 -999999.0 -999999.0 -999999.0 -999999.0 -999999.0 -999999.0 -999999.0 -999999.0 -999999.0 -999999.0 -999999.0 -999999.0 -999999.0 -999999.0 -999999.0 -999999.0 -999999.0 -999999.0 -999999.0 -999999.0 -999999.0 -999999.0 -999999.0 -999999.0 -999999.0 -999999.0 -999999.0 13.631364 9.777965 4.9948626 -999999.0 -999999.0 -999999.0 -999999.0 -999999.0 -999999.0 -999999.0 -999999.0
-999999.0 -999999.0 -999999.0 -999999.0 -999999.0 -999999.0 -999999.0 -999999.0 -999999.0 -999999.0 -999999.0 -999999.0 -999999.0 -999999.0 -999999.0 -999999.0 -999999.0 -999999.0 -999999.0 -999999.0 -999999.0 -999999.0 -999999.0 -999999.0 -999999.0 -999999.0 -999999.0 -999999.0 -999999.0 -999999.0 -999999.0 -999999.0 -999999.0 -999999.0 -999999.0 -999999.0 -999999.0 -999999.0 -999999.0 -999999.0 -999999.0 -999999.0 22.86698 18.146992 16.422344 18.205675 19.990465 21.100977 20.060608 15.427609 12.82023 10.882215 4.0348926 -999999.0 -999999.0 -999999.0 -999999.0 -999999.0 -999999.0 -999999.0
-999999.0 -999999.0 -999999.0 -999999.0 -999999.0 -999999.0 -999999.0 -999999.0 -999999.0 -999999.0 -999999.0 -999999.0 -999999.0 -999999.0 -999999.0 -999999.0 -999999.0 -999999.0 -999999.0 -999999.0 -999999.0 -999999.0 -999999.0 -999999.0 -999999.0 -999999.0 -999999.0 -999999.0 -999999.0 -999999.0 -999999.0 -999999.0 -999999.0 -999999.0 -999999.0 -999999.0 -999999.0 -999999.0 -999999.0 5.484857 18.467176 22.709568 20.69087 17.260555 14.782582 15.931031 20.77965 26.166906 27.741575 20.506416 18.642454 18.376787 13.662597 2.325945 -999999.0 -999999.0 -999999.0 -999999.0 -999999.0 -999999.0
-999999.0 -999999.0 -999999.0 -999999.0 -999999.0 -999999.0 -999999.0 -999999.0 -999999.0 -999999.0 -999999.0 -999999.0 -999999.0 -999999.0 -999999.0 -999999.0 -999999.0 -999999.0 -999999.0 -999999.0 -999999.0 -999999.0 -999999.0 -999999.0 -999999.0 -999999.0 256.124 242.85966 -999999.0 -999999.0 -999999.0 -999999.0 -999999.0 3.0869746 2.318777 47.429714 -999999.0 -999999.0 -999999.0 -999999.0 8.237469 19.615461 19.64732 18.199642 14.063124 10.691839 18.231754 28.477722 33.590107 29.890987 27.23436 24.540468 26.44044 7.9818916 -999999.0 -999999.0 -999999.0 -999999.0 -999999.0 -999999.0
-999999.0 -999999.0 -999999.0 -999999.0 -999999.0 -999999.0 -999999.0 -999999.0 -999999.0 -999999.0 -999999.0 -999999.0 -999999.0 -999999.0 -999999.0 -999999.0 -999999.0 -999999.0 -999999.0 -999999.0 -999999.0 -999999.0 -999999.0 299.903 285.0592 262.90057 231.74751 241.3001 225.03525 177.19055 133.44946 89.26398 44.034863 27.912693 7.295369 5.655358 -999999.0 11.686091 -999999.0 -999999.0 -999999.0 16.73141 22.382563 23.314396 19.63235 16.59922 20.565638 27.4632 31.338942 32.673954 32.875603 30.13226 28.851967 10.964128 -999999.0 -999999.0 -999999.0 -999999.0 -999999.0 -999999.0
-999999.0 -999999.0 -999999.0 -999999.0 -999999.0 -999999.0 -999999.0 -999999.0 -999999.0 -999999.0 -999999.0 -999999.0 -999999.0 -999999.0 -999999.0 -999999.0 -999999.0 -999999.0 -999999.0 269.89835 263.03864 291.59396 296.7726 294.78076 286.9753 262.69873 246.87514 232.75668 212.37614 206.2931 179.3997 137.05058 110.689255 79.40134 54.276585 45.502018 -999999.0 27.487307 19.986448 -999999.0 -999999.0 14.76258 27.352888 33.686684 26.416254 22.947351 24.70096 27.926083 31.357666 34.394585 33.87775 22.068335 18.38004 4.1493325 -999999.0 -999999.0 -999999.0 -999999.0 -999999.0 -999999.0
-999999.0 -999999.0 -999999.0 -999999.0 -999999.0 -999999.0 -999999.0 -999999.0 -999999.0 -999999.0 -999999.0 -999999.0 -999999.0 -999999.0 -999999.0 239.89279 250.24487 270.59076 271.77603 275.19028 266.33234 285.2326 294.55927 293.9502 279.996 262.86462 249.51474 238.72069 227.43877 209.70552 184.90598 164.23679 147.20607 123.37807 99.991714 85.91612 5.608408 20.429022 20.47491 3.8106513 2.4558148 12.078643 26.600477 23.114853 17.352942 14.261167 16.533033 21.937315 34.086647 35.594395 34.18349 -999999.0 -999999.0 19.519855 -999999.0 -999999.0 -999999.0 -999999.0 -999999.0 -999999.0
-999999.0 -999999.0 -999999.0 -999999.0 -999999.0 -999999.0 -999999.0 -999999.0 -999999.0 -999999.0 -999999.0 207.21426 206.09003 218.64252 232.74754 243.91495 246.90051 264.13992 280.30518 276.78555 270.27808 272.35458 277.48572 274.50723 275.39914 270.92285 254.7039 238.48216 221.32056 209.08525 186.6372 163.3392 -999999.0 122.50032 103.397064 89.707115 78.13782 22.459171 10.5531 10.125033 12.564211 9.656674 7.1033177 9.694938 3.6411972 3.8857272 15.662461 22.5202 33.237476 37.78079 31.765896 10.370568 -999999.0 -999999.0 -999999.0 -999999.0 -999999.0 -999999.0 -999999.0 -999999.0
-999999.0 -999999.0 -999999.0 -999999.0 -999999.0 -999999.0 -999999.0 -999999.0 -999999.0 -999999.0 225.03526 191.14766 190.80963 207.7359 215.52623 227.0634 243.91597 268.51932 283.95822 276.42865 268.95538 274.3378 267.58405 266.3989 260.151 263.43823 251.45825 240.18808 225.13042 210.43631 185.09862 162.9329 119.72307 102.32539 101.62185 89.01954 80.381454 -999999.0 -999999.0 4.999767 19.79513 19.709333 19.146952 17.693653 10.743236 14.503466 23.636148 25.689497 29.550026 30.493511 12.693143 -999999.0 -999999.0 -999999.0 -999999.0 -999999.0 -999999.0 -999999.0 -999999.0 -999999.0
-999999.0 -999999.0 -999999.0 -999999.0 -999999.0 -999999.0 -999999.0 -999999.0 -999999.0 213.98189 215.60123 199.19366 195.60442 211.8792 217.46672 211.50154 217.7209 260.57187 256.55945 253.08542 255.20273 259.10297 257.90326 257.64072 252.49289 251.35399 247.15662 236.71924 227.7325 212.7629 187.18222 163.16098 138.86324 66.30204 96.9802 81.64507 73.42657 -999999.0 -999999.0 11.405025 26.53582 36.898277 38.892662 35.96722 34.679554 36.729664 39.681194 33.016155 31.162527 28.480167 20.05276 2.6121461 3.352858 11.827788 -999999.0 -999999.0 -999999.0 -999999.0 -999999.0 -999999.0
-999999.0 -999999.0 -999999.0 -999999.0 -999999.0 -999999.0 -999999.0 -999999.0 -999999.0 209.02698 210.3024 209.52316 202.19167 207.22052 210.67259 207.26662 193.14105 229.23514 241.68951 240.58313 235.61705 252.5173 247.10106 242.24495 254.01152 247.83315 239.84656 234.30008 225.58292 210.02461 185.3987 158.1522 133.6145 113.07121 91.10989 70.58339 67.412544 42.8966 27.565477 29.021322 32.130783 39.104023 48.677948 46.324764 45.58816 46.989258 47.611267 39.00046 38.089905 40.350903 39.851547 31.78782 25.503038 17.424278 23.199203 9.289692 -999999.0 -999999.0 -999999.0 -999999.0
-999999.0 -999999.0 -999999.0 -999999.0 -999999.0 -999999.0 -999999.0 -999999.0 -999999.0 204.1896 209.32484 205.89589 202.4792 198.46844 197.60092 187.28143 181.20995 205.70514 226.8879 225.87914 240.37936 248.47047 240.34547 233.91182 232.3035 232.54256 222.09923 232.71535 221.72084 212.0344 185.18715 158.14511 134.63885 111.92433 83.66057 60.99586 99.38573 81.74275 61.032436 37.042336 25.542002 43.930458 46.123745 48.45664 51.25634 44.86473 36.37699 40.783573 43.516342 50.005657 54.710014 52.211193 38.741547 31.663654 -999999.0 -999999.0 -999999.0 -999999.0 -999999.0 -999999.0
-999999.0 -999999.0 -999999.0 -999999.0 -999999.0 -999999.0 152.88765 156.77927 166.92603 195.15733 206.01514 201.83527 203.20021 204.9085 195.02986 177.84784 166.72794 182.61014 210.91187 225.33154 231.53873 235.71559 226.42148 225.54028 223.91982 231.10992 230.29384 219.38556 217.63832 198.55028 182.31366 161.75299 142.59732 110.58309 71.30514 55.036995 112.38112 94.02962 61.5143 50.162018 42.90061 39.30067 38.113487 50.10401 54.137123 21.728474 23.57671 39.053566 47.113316 55.60544 60.70016 59.01112 54.32276 -999999.0 -999999.0 -999999.0 -999999.0 -999999.0 -999999.0 -999999.0
-999999.0 -999999.0 -999999.0 -999999.0 144.49054 137.342 136.85196 138.32564 146.65881 183.7934 201.22379 197.35481 200.87344 205.63866 190.43727 177.7459 184.22615 172.32524 192.61282 217.72371 226.57173 224.51764 221.41124 216.02888 214.76778 222.34389 220.07152 208.7335 207.0505 194.22581 181.17177 172.29141 148.7105 118.97229 88.405396 63.71526 42.67757 38.983253 13.97146 33.04271 55.25029 45.369648 60.585682 33.79927 11.005454 5.550543 6.3435745 36.62718 48.05864 59.354843 63.232845 64.09485 45.32217 -999999.0 -999999.0 -999999.0 -999999.0 -999999.0 -999999.0 -999999.0
-999999.0 -999999.0 -999999.0 135.10814 135.06882 134.99435 124.85956 124.11157 134.04501 172.36755 197.25089 190.52657 198.90385 199.25974 181.76147 180.43019 187.65283 186.76152 193.13803 206.91614 213.07193 206.71399 213.0607 209.98463 204.53357 214.23868 213.51076 202.623 200.01457 189.37114 180.57278 176.00883 162.62396 129.6712 100.76575 83.44365 58.538403 25.296816 -999999.0 -999999.0 22.758053 19.38205 14.2728815 -999999.0 -999999.0 9.73929 -999999.0 33.41537 42.259 52.71674 53.941875 46.329727 18.623077 -999999.0 -999999.0 -999999.0 -999999.0 -999999.0 -999999.0 -999999.0
-999999.0 -999999.0 146.65442 132.80515 130.0458 132.82785 128.62163 131.40291 130.80885 165.65938 169.1888 186.10497 192.36002 188.71771 176.38301 180.44334 190.5255 194.94655 194.25145 210.83765 206.06013 181.08153 206.86032 205.0867 203.11714 196.87883 199.90367 193.5808 193.31099 189.3162 179.9827 164.88858 152.62688 127.888565 103.466484 89.36581 57.76148 10.1149645 -999999.0 -999999.0 10.445117 2.4764163 -999999.0 -999999.0 -999999.0 -999999.0 5.6693263 22.388903 27.48496 30.149408 34.498177 25.95101 6.6081614 -999999.0 -999999.0 -999999.0 -999999.0 -999999.0 -999999.0 -999999.0
-999999.0 150.80571 151.64671 140.85802 138.64264 138.30971 135.28268 129.231 134.02734 144.15556 162.7242 191.57735 186.75606 188.72206 182.03413 177.20491 188.08647 190.93588 202.1794 205.32614 205.22878 200.45653 195.68317 186.66649 194.47517 185.93816 191.24059 194.75226 187.26906 184.1157 173.4526 161.88554 149.61209 129.69409 104.43189 91.25955 60.256348 21.297237 -999999.0 -999999.0 2.437349 4.67724 -999999.0 -999999.0 -999999.0 -999999.0 23.119967 23.11977 15.6504 9.553097 15.975228 16.417667 1.2699603 -999999.0 -999999.0 -999999.0 -999999.0 -999999.0 -999999.0 -999999.0
137.77008 146.42131 150.12363 145.19363 141.7048 140.41219 138.01328 135.31473 130.87941 132.45728 155.4982 183.21301 186.7491 190.32292 185.44838 185.11623 193.02124 193.00053 185.43764 197.57172 204.64223 198.17003 189.10165 178.5354 172.75172 176.80826 188.79077 185.60654 185.36264 170.41588 172.25404 164.68045 154.24162 132.87955 112.93425 96.214874 52.87873 33.56394 30.537731 -999999.0 12.540603 15.166506 8.690256 -999999.0 -999999.0 -999999.0 26.800774 20.455862 17.778803 3.6104553 6.467776 12.030202 -999999.0 -999999.0 -999999.0 -999999.0 -999999.0 -999999.0 -999999.0 -999999.0
134.78203 145.09328 146.92354 140.04758 145.34853 142.40811 141.00206 136.91565 128.51761 129.42804 140.68602 165.21153 191.07501 188.85347 185.63596 175.34492 180.25046 177.0176 180.66266 193.22986 201.86298 186.55048 178.5133 174.5236 180.28731 181.60806 183.63278 188.7262 198.80943 186.87862 196.65584 184.05234 162.01418 135.90048 128.12253 100.59265 42.290783 50.033752 41.573048 40.28872 38.05044 39.670856 28.257992 15.311822 12.735808 11.609303 13.622627 11.174715 16.323273 6.822425 4.3335953 5.3264894 -999999.0 -999999.0 -999999.0 -999999.0 -999999.0 -999999.0 -999999.0 -999999.0
134.32005 143.00859 147.67683 144.79254 142.34392 140.39482 143.57776 136.57751 131.40974 127.770454 130.84544 144.71902 174.65227 181.89168 179.81415 158.63423 170.88976 167.00064 180.6328 185.9583 188.82552 181.13385 175.39934 172.09114 184.8907 184.92508 178.10701 180.66014 199.00983 211.65892 199.84346 183.99945 173.72488 144.18346 132.61758 84.46058 9.548025 45.263844 72.3544 76.236244 74.36308 68.08176 52.108326 30.253313 23.557732 25.191534 34.337414 19.053396 13.126764 3.0649846 0.6409398 -999999.0 -999999.0 -999999.0 -999999.0 -999999.0 -999999.0 -999999.0 -999999.0 -999999.0
132.56682 143.1219 143.58275 144.42444 142.7136 138.75464 136.95724 136.0923 134.60025 129.17816 138.83621 139.90256 140.58948 161.51086 180.86406 160.08011 162.76195 168.96294 178.72588 175.77269 177.75233 177.3753 174.33594 181.24306 186.34413 193.38013 193.12743 186.63681 199.4559 210.15439 214.14516 196.44514 172.59587 153.89375 147.05553 107.56279 70.02613 97.706856 106.361626 90.05115 87.03789 85.15351 69.38396 47.707844 30.603188 23.972675 37.38467 51.30941 25.901941 -999999.0 -999999.0 -999999.0 -999999.0 -999999.0 -999999.0 -999999.0 -999999.0 -999999.0 -999999.0 -999999.0
137.516 142.79527 143.7022 145.2356 146.26405 144.89417 139.094 115.12126 129.66441 135.2168 139.13623 134.83556 132.41953 129.49153 143.2167 142.80951 136.62639 147.54707 160.49673 164.16333 163.34703 164.25516 171.78685 175.21518 186.8753 193.31393 192.46864 191.1858 207.11775 208.62035 203.5548 182.28722 170.36981 154.68819 152.18341 128.3383 118.39982 111.772316 114.74562 91.33705 81.74833 85.56198 77.63436 57.92025 40.2179 27.72357 28.655338 27.815777 25.524244 -999999.0 -999999.0 -999999.0 -999999.0 -999999.0 -999999.0 -999999.0 -999999.0 -999999.0 -999999.0 -999999.0
