data/TNO-HT-ATES/HT-ATES_msz2/msz2__flowr_olst_P50_basecase_80-45-40.asc
ncols  140
nrows  163
xllcorner  0.0
yllcorner  300000.0
cellsize  2000.0
NODATA_value  -999999.0
[rows 0 to 27 of 163, columns 62 to 123 of 140]
-999999.0 -999999.0 -999999.0 -999999.0 -999999.0 -999999.0 -999999.0 -999999.0 -999999.0 -999999.0 -999999.0 -999999.0 -999999.0 -999999.0 -999999.0 -999999.0 -999999.0 -999999.0 -999999.0 -999999.0 -999999.0 -999999.0 -999999.0 -999999.0 -999999.0 -999999.0 -999999.0 -999999.0 -999999.0 -999999.0 -999999.0 -999999.0 -999999.0 -999999.0 -999999.0 -999999.0 -999999.0 -999999.0 -999999.0 -999999.0 -999999.0 -999999.0 -999999.0 -999999.0 -999999.0 -999999.0 -999999.0 -999999.0 -999999.0 -999999.0 -999999.0 -999999.0 -999999.0 -999999.0 -999999.0 -999999.0 -999999.0 -999999.0 -999999.0 -999999.0 -999999.0 -999999.0
-999999.0 -999999.0 -999999.0 -999999.0 -999999.0 -999999.0 -999999.0 -999999.0 -999999.0 -999999.0 -999999.0 -999999.0 -999999.0 -999999.0 -999999.0 -999999.0 -999999.0 -999999.0 -999999.0 -999999.0 -999999.0 -999999.0 -999999.0 -999999.0 -999999.0 -999999.0 -999999.0 -999999.0 -999999.0 -999999.0 -999999.0 -999999.0 -999999.0 -999999.0 -999999.0 -999999.0 -999999.0 -999999.0 -999999.0 -999999.0 -999999.0 -999999.0 -999999.0 -999999.0 -999999.0 -999999.0 -999999.0 -999999.0 -999999.0 -999999.0 -999999.0 -999999.0 -999999.0 -999999.0 -999999.0 -999999.0 -999999.0 -999999.0 -999999.0 -999999.0 -999999.0 -999999.0
-999999.0 -999999.0 -999999.0 -999999.0 -999999.0 -999999.0 -999999.0 -999999.0 -999999.0 -999999.0 -999999.0 -999999.0 -999999.0 -999999.0 -999999.0 -999999.0 -999999.0 -999999.0 -999999.0 -999999.0 -999999.0 -999999.0 -999999.0 -999999.0 -999999.0 -999999.0 -999999.0 -999999.0 -999999.0 -999999.0 -999999.0 -999999.0 -999999.0 -999999.0 -999999.0 -999999.0 -999999.0 -999999.0 -999999.0 -999999.0 -999999.0 -999999.0 -999999.0 -999999.0 -999999.0 -999999.0 -999999.0 -999999.0 -999999.0 -999999.0 -999999.0 -999999.0 -999999.0 -999999.0 -999999.0 -999999.0 -999999.0 -999999.0 -999999.0 -999999.0 -999999.0 -999999.0
-999999.0 -999999.0 -999999.0 -999999.0 -999999.0 -999999.0 -999999.0 -999999.0 -999999.0 -999999.0 -999999.0 -999999.0 -999999.0 -999999.0 -999999.0 -999999.0 -999999.0 -999999.0 -999999.0 -999999.0 -999999.0 -999999.0 -999999.0 -999999.0 -999999.0 -999999.0 -999999.0 -999999.0 -999999.0 -999999.0 -999999.0 -999999.0 -999999.0 -999999.0 -999999.0 -999999.0 -999999.0 -999999.0 -999999.0 -999999.0 -999999.0 -999999.0 -999999.0 -999999.0 -999999.0 -999999.0 -999999.0 -999999.0 -999999.0 -999999.0 -999999.0 -999999.0 -999999.0 -999999.0 -999999.0 -999999.0 -999999.0 -999999.0 -999999.0 -999999.0 -999999.0 -999999.0
-999999.0 -999999.0 -999999.0 -999999.0 -999999.0 -999999.0 -999999.0 -999999.0 -999999.0 -999999.0 -999999.0 -999999.0 -999999.0 -999999.0 -999999.0 -999999.0 -999999.0 -999999.0 -999999.0 -999999.0 -999999.0 -999999.0 -999999.0 -999999.0 -999999.0 -999999.0 -999999.0 -999999.0 -999999.0 -999999.0 -999999.0 -999999.0 -999999.0 -999999.0 -999999.0 -999999.0 -999999.0 -999999.0 -999999.0 -999999.0 -999999.0 -999999.0 -999999.0 -999999.0 -999999.0 -999999.0 -999999.0 -999999.0 4.3962555 1.407084 -999999.0 -999999.0 -999999.0 -999999.0 -999999.0 -999999.0 -999999.0 -999999.0 -999999.0 -999999.0 -999999.0 -999999.0
-999999.0 -999999.0 -999999.0 -999999.0 -999999.0 -999999.0 -999999.0 -999999.0 -999999.0 -999999.0 -999999.0 -999999.0 -999999.0 -999999.0 -999999.0 -999999.0 -999999.0 -999999.0 -999999.0 -999999.0 -999999.0 -999999.0 -999999.0 -999999.0 -999999.0 -999999.0 -999999.0 -999999.0 -999999.0 -999999.0 -999999.0 -999999.0 -999999.0 -999999.0 -999999.0 -999999.0 -999999.0 -999999.0 -999999.0 -999999.0 -999999.0 -999999.0 -999999.0 -999999.0 -999999.0 -999999.0 -999999.0 8.100826 5.7104597 2.8668954 -999999.0 -999999.0 -999999.0 -999999.0 -999999.0 -999999.0 -999999.0 -999999.0 -999999.0 -999999.0 -999999.0 -999999.0
-999999.0 -999999.0 -999999.0 -999999.0 -999999.0 -999999.0 -999999.0 -999999.0 -999999.0 -999999.0 -999999.0 -999999.0 -999999.0 -999999.0 -999999.0 -999999.0 -999999.0 -999999.0 -999999.0 -999999.0 -999999.0 -999999.0 -999999.0 -999999.0 -999999.0 -999999.0 -999999.0 -999999.0 -999999.0 -999999.0 -999999.0 -999999.0 -999999.0 -999999.0 -999999.0 -999999.0 -999999.0 -999999.0 -999999.0 -999999.0 18.216074 13.93747 12.072744 12.713655 13.238112 13.314411 12.148263 9.078213 7.4322543 6.280903 2.2718065 -999999.0 -999999.0 -999999.0 -999999.0 -999999.0 -999999.0 -999999.0 -999999.0 -999999.0 -999999.0 -999999.0
-999999.0 -999999.0 -999999.0 -999999.0 -999999.0 -999999.0 -999999.0 -999999.0 -999999.0 -999999.0 -999999.0 -999999.0 -999999.0 -999999.0 -999999.0 -999999.0 -999999.0 -999999.0 -999999.0 -999999.0 -999999.0 -999999.0 -999999.0 -999999.0 -999999.0 -999999.0 -999999.0 -999999.0 -999999.0 -999999.0 -999999.0 -999999.0 -999999.0 -999999.0 -999999.0 -999999.0 -999999.0 4.8686705 16.241428 19.19833 16.787197 13.485037 11.009597 11.222939 13.826433 16.396385 16.538767 11.960862 10.7261915 10.505293 7.760146 1.2504306 -999999.0 -999999.0 -999999.0 -999999.0 -999999.0 -999999.0 -999999.0 -999999.0 -999999.0 -999999.0
-999999.0 -999999.0 -999999.0 -999999.0 -999999.0 -999999.0 -999999.0 -999999.0 -999999.0 -999999.0 -999999.0 -999999.0 -999999.0 -999999.0 -999999.0 -999999.0 -999999.0 -999999.0 -999999.0 -999999.0 -999999.0 -999999.0 -999999.0 -999999.0 303.5718 289.82776 -999999.0 -999999.0 -999999.0 -999999.0 -999999.0 3.211775 2.1669629 42.974174 -999999.0 -999999.0 -999999.0 -999999.0 7.3139887 16.987526 16.348965 14.51634 10.654717 7.6247025 12.309561 18.015518 20.115149 17.467321 15.613431 13.875998 14.679445 4.4410863 -999999.0 -999999.0 -999999.0 -999999.0 -999999.0 -999999.0 -999999.0 -999999.0 -999999.0 -999999.0
-999999.0 -999999.0 -999999.0 -999999.0 -999999.0 -999999.0 -999999.0 -999999.0 -999999.0 -999999.0 -999999.0 -999999.0 -999999.0 -999999.0 -999999.0 -999999.0 -999999.0 -999999.0 -999999.0 -999999.0 -999999.0 350.87967 333.90405 309.40598 274.53528 287.8078 270.1606 213.17679 160.31001 106.73306 51.350086 30.448397 7.2200127 5.1903224 -999999.0 10.791089 -999999.0 -999999.0 -999999.0 14.793409 19.102835 19.024782 15.206663 12.146958 14.193491 17.828197 19.293007 19.367975 18.93021 17.03329 16.151133 6.080547 -999999.0 -999999.0 -999999.0 -999999.0 -999999.0 -999999.0 -999999.0 -999999.0 -999999.0 -999999.0
-999999.0 -999999.0 -999999.0 -999999.0 -999999.0 -999999.0 -999999.0 -999999.0 -999999.0 -999999.0 -999999.0 -999999.0 -999999.0 -999999.0 -999999.0 -999999.0 -999999.0 313.84415 305.91086 339.76547 345.7674 342.8255 334.33066 308.19052 291.74146 276.9877 253.64903 246.37714 213.33923 160.94385 126.412 86.44184 55.693123 44.53238 -999999.0 24.61189 18.307306 -999999.0 -999999.0 13.259922 23.853558 28.043354 20.789145 17.05453 17.359695 18.594639 19.826384 20.781815 19.732843 12.516091 10.1904745 2.249717 -999999.0 -999999.0 -999999.0 -999999.0 -999999.0 -999999.0 -999999.0 -999999.0 -999999.0 -999999.0
-999999.0 -999999.0 -999999.0 -999999.0 -999999.0 -999999.0 -999999.0 -999999.0 -999999.0 -999999.0 -999999.0 -999999.0 -999999.0 289.026 300.85892 317.12106 316.2375 320.0961 309.90527 332.3954 343.04425 340.97037 324.85715 306.99533 293.37604 282.07925 269.21295 247.78108 217.16199 190.14912 166.07294 134.01704 103.79445 86.03048 4.647221 17.329874 18.503744 3.431973 2.152615 10.994098 23.690964 19.568226 13.81125 10.694323 11.790476 14.943564 22.167595 22.055708 20.210897 -999999.0 -999999.0 10.770512 -999999.0 -999999.0 -999999.0 -999999.0 -999999.0 -999999.0 -999999.0 -999999.0 -999999.0 -999999.0
-999999.0 -999999.0 -999999.0 -999999.0 -999999.0 -999999.0 -999999.0 -999999.0 -999999.0 260.1237 257.58972 270.95834 285.01025 294.9303 297.30594 309.73834 326.42776 322.3749 314.88757 317.2595 323.46228 318.781 318.955 314.4148 296.86884 278.9401 259.03738 243.81699 216.0583 186.64418 -999999.0 132.57172 107.909485 91.039894 78.5394 19.7697 9.845837 9.580765 11.782443 8.860007 6.2833605 8.22674 2.8239055 2.8595278 11.400096 15.755625 22.273438 24.185163 19.269768 5.7295465 -999999.0 -999999.0 -999999.0 -999999.0 -999999.0 -999999.0 -999999.0 -999999.0 -999999.0 -999999.0 -999999.0 -999999.0
-999999.0 -999999.0 -999999.0 -999999.0 -999999.0 -999999.0 -999999.0 -999999.0 282.43494 244.50063 242.05962 258.50803 265.28497 276.02017 294.62793 315.78445 331.6772 322.463 312.92017 319.10486 311.35526 309.14566 301.39865 304.933 291.40915 278.59488 260.94785 242.59343 211.64908 184.15657 138.53491 113.92552 106.611176 91.07498 81.32713 -999999.0 -999999.0 4.8357005 18.95119 18.310665 17.13096 15.153003 8.696237 11.217242 17.589245 18.418201 20.348276 20.124495 7.94529 -999999.0 -999999.0 -999999.0 -999999.0 -999999.0 -999999.0 -999999.0 -999999.0 -999999.0 -999999.0 -999999.0 -999999.0 -999999.0
-999999.0 -999999.0 -999999.0 -999999.0 -999999.0 -999999.0 -999999.0 267.15134 270.3142 252.44176 246.37558 263.1818 267.2933 259.36853 264.4247 307.66168 300.9674 296.01013 297.1983 301.09003 299.71436 298.7008 292.415 290.5798 285.19897 272.71582 261.50882 242.79015 211.82608 182.94478 153.39928 79.162476 102.460205 84.1572 74.63732 -999999.0 -999999.0 11.566188 25.802214 34.40777 34.730404 30.880016 28.556341 28.963182 30.115368 24.213272 22.040588 19.36071 13.073584 1.5609127 2.0638797 8.282679 -999999.0 -999999.0 -999999.0 -999999.0 -999999.0 -999999.0 -999999.0 -999999.0 -999999.0 -999999.0
-999999.0 -999999.0 -999999.0 -999999.0 -999999.0 -999999.0 -999999.0 261.238 262.2466 261.91272 252.07173 257.10056 260.0809 254.33556 236.12398 272.10657 284.99927 282.93826 275.8215 294.38574 287.3652 280.80328 293.7804 285.54166 275.45163 268.1485 256.7714 237.30984 207.90858 175.63956 146.69208 122.62124 97.24489 73.65931 79.88502 49.86989 30.460413 30.123093 31.53712 36.726036 43.242634 39.35204 37.533665 37.409985 36.79209 29.234818 27.63934 28.214231 26.857162 20.854225 16.592468 11.44937 16.431452 6.05551 -999999.0 -999999.0 -999999.0 -999999.0 -999999.0 -999999.0 -999999.0 -999999.0
-999999.0 -999999.0 -999999.0 -999999.0 -999999.0 -999999.0 -999999.0 254.64554 260.3533 255.55801 250.86063 245.79884 244.68513 230.63889 222.17311 246.64198 268.8399 267.00708 282.50244 290.12802 279.01993 271.0995 268.59058 267.36172 253.93126 264.7358 250.41203 237.35066 205.14166 173.66615 146.784 121.50164 90.33521 65.241035 118.23421 95.48034 68.109436 38.80496 25.152729 41.61924 40.332653 40.808666 42.413994 36.22927 28.643024 31.271963 32.314114 35.8022 37.77412 35.13009 25.450209 20.183712 -999999.0 -999999.0 -999999.0 -999999.0 -999999.0 -999999.0 -999999.0 -999999.0 -999999.0 -999999.0
-999999.0 -999999.0 -999999.0 -999999.0 192.03859 197.13855 208.58867 242.95686 255.80238 249.72786 251.26984 253.04282 241.7616 219.79453 204.98358 220.33841 251.13191 267.31024 272.79044 275.29416 262.73898 260.93008 257.94623 264.93866 262.60666 248.45285 244.0498 219.73058 198.96472 174.68645 153.44032 119.39375 77.63276 60.65574 133.46771 109.6327 68.94845 52.65044 42.098545 36.933025 32.959694 42.246346 45.64783 17.817905 18.90573 30.614985 35.870876 40.923138 43.14544 40.755684 36.423252 -999999.0 -999999.0 -999999.0 -999999.0 -999999.0 -999999.0 -999999.0 -999999.0 -999999.0 -999999.0 -999999.0
-999999.0 -999999.0 179.21654 171.44992 171.93665 174.528 184.38522 229.181 249.96118 243.99771 248.32513 254.14565 235.83707 220.52872 225.25963 209.39862 231.9673 258.8056 267.42368 262.46655 256.80014 249.31029 246.05048 253.57907 249.92775 235.36522 229.73601 211.96866 194.54599 182.31367 156.4244 126.59155 95.52712 69.69814 46.147064 45.12333 15.565249 34.611385 54.117836 42.959614 53.877434 29.222443 9.975501 4.5395565 5.0938325 29.396595 37.557316 44.991676 46.33195 45.35581 31.0244 -999999.0 -999999.0 -999999.0 -999999.0 -999999.0 -999999.0 -999999.0 -999999.0 -999999.0 -999999.0 -999999.0
-999999.0 165.5132 166.53238 167.72757 156.81769 157.14291 168.71294 215.39404 244.68616 235.29283 245.904 247.14502 225.87885 222.75117 229.75441 227.10326 232.61682 245.3808 250.84587 241.21193 246.4833 241.51204 233.61687 243.03323 240.29279 225.66037 219.46118 204.3212 191.35884 183.01537 165.71967 135.1962 106.7896 89.14529 62.114315 26.418488 -999999.0 -999999.0 22.282305 18.208464 12.928847 -999999.0 -999999.0 8.792248 -999999.0 27.48295 33.820877 40.99176 40.529877 33.557983 12.97005 -999999.0 -999999.0 -999999.0 -999999.0 -999999.0 -999999.0 -999999.0 -999999.0 -999999.0 -999999.0 -999999.0
176.36055 161.24298 158.86035 163.51042 159.69557 164.41508 163.74306 206.4054 209.63576 229.8746 237.53206 233.96936 220.04956 225.84468 234.06955 235.9269 232.45567 248.67455 241.22919 210.5802 238.6699 235.11046 231.42982 222.58928 223.67499 213.86938 210.4082 202.89688 189.87428 171.27597 156.95122 132.19289 108.02111 93.84527 60.353813 10.310888 -999999.0 -999999.0 9.978744 2.18821 -999999.0 -999999.0 -999999.0 -999999.0 4.808046 18.761768 22.385483 23.881676 26.41194 19.160555 4.6120496 -999999.0 -999999.0 -999999.0 -999999.0 -999999.0 -999999.0 -999999.0 -999999.0 -999999.0 -999999.0 -999999.0
180.3614 168.89462 167.1291 167.86731 165.68599 159.50113 166.13353 178.93451 201.44746 236.3723 230.11699 233.27223 224.85107 220.34181 229.48734 229.61436 240.20439 240.20119 238.10814 231.31253 224.57918 213.48401 221.17633 209.5509 213.01779 213.95743 202.79553 196.82278 183.2929 169.22563 155.0541 134.0376 108.167366 94.68714 62.378162 21.806355 -999999.0 -999999.0 2.18989 4.256807 -999999.0 -999999.0 -999999.0 -999999.0 20.956972 19.948149 12.834977 7.580807 12.299292 12.202691 0.8103869 -999999.0 -999999.0 -999999.0 -999999.0 -999999.0 -999999.0 -999999.0 -999999.0 -999999.0 -999999.0 -999999.0
177.28163 171.75006 168.66048 168.42744 166.92375 164.78192 160.21904 163.02634 191.69084 225.52019 229.04533 232.23936 226.32545 225.37677 232.02983 229.89494 218.65271 229.34398 235.99683 227.8152 216.68454 203.76668 195.77054 198.33824 209.31029 202.78201 199.98276 182.22842 182.29329 172.67859 160.5646 137.6599 116.48127 98.9272 54.10197 34.11745 30.544733 -999999.0 11.782323 14.008847 7.8218074 -999999.0 -999999.0 -999999.0 24.259142 18.162516 14.630594 2.7791197 4.897561 8.901083 -999999.0 -999999.0 -999999.0 -999999.0 -999999.0 -999999.0 -999999.0 -999999.0 -999999.0 -999999.0 -999999.0 -999999.0
171.58842 164.46738 171.21936 169.01808 168.46933 164.47438 155.32976 157.43912 171.82915 202.33035 231.10039 228.06105 223.63449 210.32027 214.60786 208.35295 209.42935 222.50401 231.33636 213.54704 203.67877 198.4135 203.57976 203.2746 203.47772 206.62067 214.97314 200.26184 208.61131 193.7686 169.4648 141.1756 131.95161 102.64809 42.643253 49.996883 41.00812 38.650475 35.608543 36.39514 25.490782 13.567079 11.059011 9.844002 11.318389 10.008849 13.212648 5.2908745 3.2019255 3.8359792 -999999.0 -999999.0 -999999.0 -999999.0 -999999.0 -999999.0 -999999.0 -999999.0 -999999.0 -999999.0 -999999.0 -999999.0
170.70557 168.32161 166.84425 165.67615 169.43422 162.12447 156.94385 153.41617 158.03352 174.59898 210.49434 217.69502 214.05846 188.10075 201.00386 194.06067 207.26271 212.50479 214.97316 205.92526 198.84438 194.7376 208.44307 207.10268 197.9699 199.25996 216.74619 227.67886 212.72504 194.76189 182.57988 150.1008 136.53078 85.749146 9.374406 44.290855 69.70351 72.20811 68.81788 61.73691 46.588917 26.586538 20.302275 21.257822 28.18521 17.229694 11.669128 2.2532926 0.0 -999999.0 -999999.0 -999999.0 -999999.0 -999999.0 -999999.0 -999999.0 -999999.0 -999999.0 -999999.0 -999999.0 -999999.0 -999999.0
164.38889 166.26215 165.48953 161.77237 160.64026 160.13017 159.2848 153.5006 164.88327 166.70462 167.88248 192.56833 213.79567 188.45346 190.16014 194.98541 203.44089 199.62341 201.14969 200.50636 196.73407 204.1148 209.28024 216.32433 214.69418 206.05807 217.84462 227.13206 229.09286 208.61621 181.89088 160.59229 151.59511 109.2363 69.671585 94.6909 100.49287 84.46322 80.14324 76.86866 61.597855 41.538376 26.089931 20.000048 30.122215 39.862057 23.202108 -999999.0 -999999.0 -999999.0 -999999.0 -999999.0 -999999.0 -999999.0 -999999.0 -999999.0 -999999.0 -999999.0 -999999.0 -999999.0 -999999.0 -999999.0
162.42465 165.0153 167.4194 166.91135 161.50215 134.78674 152.53891 158.4524 163.62234 159.22102 157.08481 154.33789 169.86029 167.76244 159.47551 170.52867 183.45021 186.26768 184.50345 185.04903 192.94643 196.22334 208.9482 215.5078 213.33955 210.38039 226.0822 226.14763 219.0464 194.50867 180.10776 161.91432 157.13838 130.68044 118.55148 109.088776 109.620384 86.1007 75.4242 77.04832 68.35937 49.819942 33.71077 22.629234 22.608088 21.31185 22.842493 -999999.0 -999999.0 -999999.0 -999999.0 -999999.0 -999999.0 -999999.0 -999999.0 -999999.0 -999999.0 -999999.0 -999999.0 -999999.0 -999999.0 -999999.0
158.12918 164.17784 166.12979 175.25417 168.18492 157.84053 158.17523 158.13005 158.95757 153.2176 153.97478 143.33723 141.13367 142.18553 158.97104 153.34608 159.54373 155.0393 155.35951 169.0404 194.39227 205.81345 225.34308 223.52312 239.76599 234.17021 218.6713 250.43526 212.46259 185.67572 186.05222 166.85806 151.75609 140.2149 122.45895 114.42282 110.317276 80.145874 84.692535 83.52919 78.449615 59.393192 39.678024 28.689098 20.643684 11.0550585 5.900979 -999999.0 -999999.0 1.293161 -999999.0 -999999.0 -999999.0 -999999.0 -999999.0 -999999.0 -999999.0 -999999.0 -999999.0 -999999.0 -999999.0 -999999.0
