data/TNO-HT-ATES/HT-ATES_msz2/msz2__efficiency_P50_basecase_80-45-40.asc
ncols  140
nrows  163
xllcorner  0.0
yllcorner  300000.0
cellsize  2000.0
NODATA_value  -999999.0
[rows 28 to 55 of 163, columns 63 to 125 of 140]
62.69673 63.561428 63.485935 63.246597 63.282185 63.18561 63.237316 63.02978 62.708076 62.9751 62.049862 60.905846 61.75139 62.8906 62.638428 62.257637 62.001293 62.177925 62.35727 64.21076 65.08668 65.69995 65.78278 65.812706 66.02021 66.02488 65.95675 65.71517 65.09595 64.36083 63.504738 62.559383 61.377792 60.03233 58.507046 57.963123 57.283337 55.876774 54.034943 52.886204 50.765266 0.0 0.0 0.0 0.0 0.0 -999999.0 -999999.0 -999999.0 -999999.0 -999999.0 -999999.0 -999999.0 -999999.0 -999999.0 -999999.0 -999999.0 -999999.0 -999999.0 -999999.0 -999999.0 -999999.0 -999999.0
62.31591 62.93148 63.15223 63.48048 62.860096 62.776978 62.55412 62.394054 62.22668 62.01814 61.016926 61.046158 62.001682 62.12748 62.20273 61.455048 -999999.0 62.49417 63.03365 64.43095 65.44123 65.47484 66.17725 65.9435 66.47544 66.1285 65.61527 65.28686 65.04528 64.185165 63.099606 62.54234 60.20555 56.901817 53.99065 56.623676 57.609512 55.710545 53.567574 51.908287 50.003242 0.0 0.0 0.0 0.0 0.0 -999999.0 -999999.0 -999999.0 0.0 -999999.0 -999999.0 -999999.0 -999999.0 -999999.0 -999999.0 -999999.0 -999999.0 -999999.0 -999999.0 -999999.0 -999999.0 -999999.0
60.960964 61.452965 62.03731 62.316425 62.13477 61.929733 61.73988 61.475952 61.716278 60.773567 61.12378 61.500496 62.001163 61.81224 61.56582 61.56341 62.908882 63.54407 64.141365 64.89094 65.35358 66.11861 66.23691 66.045944 66.605576 66.99311 65.644 64.795975 64.60401 60.480213 60.094254 60.49564 58.488537 53.46243 42.69803 -999999.0 56.75955 55.23928 53.2831 51.326332 48.658817 47.359337 46.967316 0.0 0.0 0.0 0.0 0.0 -999999.0 0.0 -999999.0 -999999.0 -999999.0 -999999.0 -999999.0 -999999.0 -999999.0 -999999.0 -999999.0 -999999.0 -999999.0 -999999.0 -999999.0
59.94505 60.263203 60.49952 60.714188 60.697384 61.923157 61.687313 60.701843 60.554432 61.12723 61.8662 62.117588 62.35431 61.992554 62.132233 63.571484 64.23774 64.68454 64.92677 65.13998 65.557 65.20341 65.393585 66.3451 66.501816 65.567726 65.40554 64.53249 61.56152 53.42581 54.271053 56.21167 54.61592 53.29263 49.724113 52.845898 55.29281 54.07953 51.752125 48.72146 0.0 0.0 0.0 48.304043 50.75221 53.677208 49.356766 0.0 0.0 0.0 0.0 -999999.0 -999999.0 -999999.0 -999999.0 -999999.0 -999999.0 -999999.0 -999999.0 -999999.0 -999999.0 -999999.0 -999999.0
58.961353 59.27117 59.769184 60.049393 60.575123 61.324173 60.93924 60.392765 60.174812 61.343506 62.127956 62.610085 62.962105 62.938297 63.048264 64.39367 64.490486 65.30998 65.39588 65.855644 65.989685 65.49399 65.8677 66.66754 66.22144 65.53218 65.77088 65.10282 55.510735 0.0 50.75393 54.97093 55.733204 54.236294 52.89518 53.348984 53.62145 52.49614 49.967705 0.0 0.0 0.0 0.0 49.04247 50.768864 54.60846 55.226707 51.99796 0.0 -999999.0 0.0 -999999.0 -999999.0 -999999.0 -999999.0 -999999.0 -999999.0 -999999.0 -999999.0 -999999.0 -999999.0 -999999.0 -999999.0
58.02806 58.714554 59.627155 60.26092 60.59915 60.972893 60.465744 60.20574 58.346264 60.953754 62.391754 62.916843 63.407063 63.60753 63.849014 64.81396 65.242485 65.54934 65.681076 65.92105 65.80486 65.23939 65.65062 66.31358 65.792076 65.16301 64.62507 63.729748 56.98536 51.5719 53.582397 55.94857 56.880737 56.261257 55.20917 53.59908 51.40895 49.028206 0.0 0.0 0.0 0.0 0.0 48.645054 49.982533 53.797874 53.793972 0.0 0.0 0.0 -999999.0 -999999.0 -999999.0 -999999.0 -999999.0 -999999.0 -999999.0 -999999.0 -999999.0 -999999.0 -999999.0 -999999.0 -999999.0
56.472652 57.047733 58.755165 59.68746 60.02661 60.919865 60.53945 60.370296 60.88375 61.732605 62.771667 63.157433 63.099377 63.47172 64.081184 64.95072 65.62266 66.13497 65.53905 65.197754 65.07742 64.842384 65.64662 65.96667 64.85779 64.67779 64.05192 62.67526 57.462135 54.02343 55.481102 57.46709 58.785347 58.342567 56.922367 54.24975 50.971027 47.54448 0.0 0.0 -999999.0 0.0 0.0 47.90317 49.4276 52.982224 0.0 0.0 0.0 0.0 -999999.0 -999999.0 -999999.0 -999999.0 -999999.0 -999999.0 -999999.0 -999999.0 -999999.0 -999999.0 -999999.0 -999999.0 -999999.0
55.978043 57.372875 58.29972 59.273643 59.925053 60.290768 60.453957 60.250866 60.64497 61.787773 62.643112 63.03072 62.9692 63.735153 65.338776 65.35207 65.92083 66.00984 65.428505 64.67147 63.62201 63.568806 65.56789 65.322975 64.44014 64.04574 63.731403 61.308285 56.453945 51.99224 54.686733 57.944427 60.235992 60.082584 58.11538 55.022644 50.428246 0.0 0.0 0.0 0.0 0.0 0.0 0.0 52.284866 0.0 0.0 0.0 0.0 -999999.0 -999999.0 -999999.0 -999999.0 -999999.0 -999999.0 -999999.0 -999999.0 -999999.0 -999999.0 -999999.0 -999999.0 -999999.0 -999999.0
55.91356 57.464825 58.578392 59.594925 60.125214 59.886894 60.12758 60.167046 60.73849 62.09461 62.385735 62.944157 62.93917 63.767082 65.102905 65.53097 66.03751 66.482605 65.875175 64.72651 64.24748 64.492676 65.36539 64.693855 63.835476 63.417004 62.8668 59.09059 52.863976 48.71633 55.060818 59.269905 60.39449 59.783955 58.758335 56.483944 51.337223 0.0 0.0 0.0 0.0 0.0 0.0 0.0 0.0 0.0 0.0 0.0 -999999.0 -999999.0 0.0 0.0 -999999.0 -999999.0 -999999.0 -999999.0 -999999.0 -999999.0 -999999.0 -999999.0 -999999.0 -999999.0 -999999.0
54.01023 56.654957 58.2654 59.76041 59.964935 61.081806 60.60827 60.312794 61.16088 61.39762 61.145348 61.35026 62.22296 63.91924 65.29686 65.871216 66.0365 66.2763 66.085846 65.25146 64.28087 63.696796 64.13966 63.716103 62.443413 62.916393 61.048176 57.091316 46.245853 0.0 54.73809 60.40838 60.053146 59.296295 58.72978 56.128902 49.155746 0.0 0.0 0.0 0.0 0.0 0.0 0.0 0.0 0.0 0.0 -999999.0 0.0 0.0 0.0 52.748363 -999999.0 -999999.0 -999999.0 -999999.0 -999999.0 -999999.0 -999999.0 -999999.0 -999999.0 -999999.0 -999999.0
54.004055 56.22955 57.72598 59.743744 59.73168 60.7726 60.831112 59.03574 59.18475 59.880306 60.576225 61.230007 62.53473 64.45996 65.61899 66.14839 66.55913 66.080215 65.96136 65.112724 63.819626 62.899883 62.59502 63.162033 61.61126 62.066532 59.64579 56.39155 50.414387 50.134937 55.780056 59.743595 59.17258 59.649574 59.170124 53.455166 0.0 0.0 0.0 0.0 0.0 0.0 0.0 0.0 0.0 0.0 -999999.0 0.0 0.0 0.0 0.0 0.0 -999999.0 -999999.0 -999999.0 -999999.0 -999999.0 -999999.0 -999999.0 -999999.0 -999999.0 -999999.0 -999999.0
53.572235 56.088715 57.862236 59.288048 59.89317 60.948013 61.056698 60.044983 58.54775 58.825226 60.489597 61.367176 63.27013 64.2518 65.3704 66.537346 66.52343 66.33607 65.84579 64.925766 63.070225 62.312553 62.301117 62.98285 61.940468 61.49076 58.91037 55.95158 52.83589 52.877655 55.33897 57.858814 59.341824 59.098618 55.12593 47.45783 0.0 -999999.0 -999999.0 0.0 0.0 0.0 0.0 0.0 0.0 -999999.0 -999999.0 0.0 0.0 -999999.0 -999999.0 -999999.0 -999999.0 -999999.0 -999999.0 -999999.0 -999999.0 -999999.0 -999999.0 -999999.0 -999999.0 -999999.0 -999999.0
55.80587 57.213284 58.042595 59.262917 59.58682 61.651764 61.290634 60.39558 59.595055 57.589275 59.394444 61.45197 63.039135 64.00175 65.56184 66.60461 66.410614 66.108765 65.587845 64.42605 63.700714 62.55514 63.64587 62.62429 61.735794 61.287834 58.89895 56.38522 54.070965 52.954445 53.25114 54.169018 54.77884 54.244507 49.833202 0.0 0.0 -999999.0 -999999.0 0.0 0.0 0.0 0.0 0.0 0.0 0.0 0.0 0.0 -999999.0 -999999.0 -999999.0 -999999.0 -999999.0 -999999.0 -999999.0 -999999.0 -999999.0 -999999.0 -999999.0 -999999.0 -999999.0 -999999.0 -999999.0
57.48452 58.649494 59.826725 60.723045 60.82336 61.40758 61.778706 60.92444 59.934555 60.178173 59.452675 61.032112 62.998287 64.3636 66.1312 66.10473 65.92829 65.238106 65.01183 64.11693 64.01187 62.91585 63.113197 62.64621 62.44386 61.789196 59.5104 55.99033 53.800938 53.203403 51.60066 50.20237 48.77411 47.9964 0.0 0.0 0.0 0.0 0.0 0.0 0.0 0.0 0.0 0.0 0.0 0.0 0.0 -999999.0 -999999.0 -999999.0 -999999.0 -999999.0 -999999.0 -999999.0 -999999.0 -999999.0 -999999.0 -999999.0 -999999.0 -999999.0 -999999.0 -999999.0 -999999.0
58.824844 59.809715 60.93269 61.622482 61.567066 61.641003 61.441837 60.67118 59.54949 60.98009 59.752354 60.710793 62.916855 64.261185 65.51705 64.71687 64.85738 64.31752 64.11188 63.420845 62.228294 62.719646 62.308296 62.557976 61.869804 61.303802 59.848774 56.945408 54.589268 51.584972 48.517353 0.0 0.0 0.0 0.0 0.0 0.0 0.0 0.0 0.0 0.0 0.0 0.0 0.0 0.0 0.0 0.0 -999999.0 -999999.0 -999999.0 -999999.0 -999999.0 -999999.0 -999999.0 -999999.0 -999999.0 -999999.0 -999999.0 -999999.0 -999999.0 -999999.0 -999999.0 -999999.0
60.18779 61.051147 61.865074 62.170147 61.91683 61.9095 61.5621 60.564156 60.136833 60.652344 60.504265 60.71867 61.36555 62.888016 64.49972 64.03112 63.495514 63.19457 62.458214 60.495285 60.55756 60.158554 61.086525 62.03726 61.193737 59.993362 58.755924 56.74252 53.796658 49.61298 0.0 0.0 0.0 0.0 0.0 0.0 0.0 0.0 0.0 0.0 0.0 0.0 0.0 0.0 0.0 0.0 -999999.0 -999999.0 -999999.0 -999999.0 -999999.0 -999999.0 -999999.0 -999999.0 -999999.0 -999999.0 -999999.0 -999999.0 -999999.0 -999999.0 -999999.0 -999999.0 -999999.0
61.359264 62.117573 62.61326 62.48634 62.053864 61.779266 61.40125 61.103943 59.90077 60.265133 60.67398 61.025658 61.416355 61.432236 62.37473 62.823162 61.94052 60.96367 60.01331 56.778595 57.97206 59.06344 59.79823 61.138832 60.576466 59.06416 57.51364 56.356384 54.002502 49.12372 0.0 0.0 0.0 0.0 0.0 0.0 0.0 0.0 0.0 0.0 0.0 0.0 0.0 0.0 -999999.0 0.0 -999999.0 -999999.0 -999999.0 -999999.0 -999999.0 -999999.0 -999999.0 -999999.0 -999999.0 -999999.0 -999999.0 -999999.0 -999999.0 -999999.0 -999999.0 -999999.0 -999999.0
62.668606 63.312595 63.09147 62.595062 62.48122 61.570526 61.221348 60.426258 59.807823 59.52446 58.45097 61.012917 62.108303 61.234722 60.82088 60.349762 59.589104 56.696636 53.417717 55.130608 56.95801 57.82461 58.68265 60.347694 60.093327 59.203854 56.865837 55.97371 54.55983 50.61708 0.0 0.0 0.0 0.0 0.0 0.0 0.0 0.0 0.0 0.0 0.0 0.0 -999999.0 0.0 -999999.0 -999999.0 -999999.0 -999999.0 -999999.0 -999999.0 -999999.0 -999999.0 -999999.0 -999999.0 -999999.0 -999999.0 -999999.0 -999999.0 -999999.0 -999999.0 -999999.0 -999999.0 -999999.0
63.633476 64.15774 64.08984 63.487473 61.87641 61.31021 61.103443 61.095047 61.14944 60.041077 58.15982 62.004345 62.737976 59.682045 58.30255 56.81582 0.0 0.0 0.0 0.0 48.806515 53.178745 56.018005 58.600815 59.68503 58.94012 57.901264 56.557034 55.92406 52.23644 47.786556 0.0 0.0 0.0 0.0 0.0 0.0 0.0 0.0 0.0 0.0 -999999.0 -999999.0 0.0 -999999.0 -999999.0 -999999.0 -999999.0 -999999.0 -999999.0 -999999.0 -999999.0 -999999.0 -999999.0 -999999.0 -999999.0 -999999.0 -999999.0 -999999.0 -999999.0 -999999.0 -999999.0 -999999.0
64.76045 65.15259 65.13476 64.48755 63.06381 62.168365 61.99806 61.757 61.409843 60.38015 60.321907 61.83061 61.692577 58.024433 53.59114 48.42682 0.0 0.0 0.0 0.0 0.0 51.70086 55.334595 57.385887 58.51863 58.80455 57.522495 55.864002 54.392246 52.037724 48.213833 0.0 0.0 0.0 0.0 0.0 0.0 0.0 0.0 0.0 0.0 -999999.0 -999999.0 -999999.0 0.0 -999999.0 -999999.0 -999999.0 -999999.0 -999999.0 -999999.0 -999999.0 -999999.0 -999999.0 -999999.0 -999999.0 -999999.0 -999999.0 -999999.0 -999999.0 -999999.0 -999999.0 -999999.0
65.9153 65.67842 65.45027 64.70499 63.86092 63.372517 63.11362 62.81955 62.431694 61.614693 60.86066 60.627956 58.760437 56.028564 51.742058 0.0 0.0 0.0 48.575478 51.342735 52.21081 53.819653 55.45248 57.10011 57.378597 57.869133 57.842186 56.161983 55.242664 53.10816 49.468437 0.0 47.524986 0.0 0.0 0.0 0.0 0.0 0.0 0.0 0.0 -999999.0 -999999.0 0.0 0.0 -999999.0 -999999.0 -999999.0 -999999.0 -999999.0 -999999.0 -999999.0 -999999.0 -999999.0 -999999.0 -999999.0 -999999.0 -999999.0 -999999.0 -999999.0 -999999.0 -999999.0 -999999.0
66.61967 66.40052 66.06367 65.33025 64.51531 64.07857 63.49716 63.021313 62.49973 61.434 59.649708 58.55939 55.416744 54.151005 52.466545 49.012512 0.0 0.0 0.0 52.913643 56.20063 55.08949 54.613377 55.664864 56.70925 56.674515 56.608913 56.802334 55.328693 53.632286 50.947216 49.47015 0.0 0.0 0.0 0.0 0.0 0.0 0.0 0.0 0.0 -999999.0 0.0 0.0 0.0 -999999.0 -999999.0 -999999.0 -999999.0 -999999.0 -999999.0 -999999.0 -999999.0 -999999.0 -999999.0 -999999.0 -999999.0 -999999.0 -999999.0 -999999.0 -999999.0 -999999.0 -999999.0
66.852036 66.64201 66.265144 65.672874 64.77002 64.04311 63.33407 62.79198 61.880768 60.168434 59.971786 58.47756 56.04542 55.542408 52.806385 55.135044 49.45126 0.0 0.0 51.782455 56.406853 57.055355 54.617836 49.76395 56.66863 52.972324 52.99518 54.674747 54.60134 52.38993 49.686382 47.55988 0.0 0.0 0.0 0.0 0.0 0.0 0.0 0.0 0.0 0.0 0.0 0.0 0.0 -999999.0 -999999.0 -999999.0 -999999.0 -999999.0 -999999.0 -999999.0 -999999.0 -999999.0 -999999.0 -999999.0 -999999.0 -999999.0 -999999.0 -999999.0 -999999.0 -999999.0 -999999.0
66.53677 66.583954 66.09292 65.59398 64.646736 63.701088 63.013237 62.495613 61.867493 60.935932 60.00406 58.40158 56.33618 55.82468 56.232346 57.19453 51.322906 50.05938 51.931046 53.868458 56.654472 57.549355 56.530216 55.9132 53.401554 51.57243 51.018562 52.21819 53.770042 52.40936 50.59791 48.039555 0.0 0.0 0.0 0.0 0.0 0.0 0.0 0.0 0.0 0.0 0.0 0.0 0.0 -999999.0 -999999.0 -999999.0 -999999.0 -999999.0 -999999.0 -999999.0 -999999.0 -999999.0 -999999.0 -999999.0 -999999.0 -999999.0 -999999.0 -999999.0 -999999.0 -999999.0 -999999.0
65.43088 65.503654 65.165886 64.94353 64.31455 63.565998 62.062447 61.51986 61.685486 61.391796 60.8861 59.53511 57.855213 57.52314 57.776905 56.85389 54.517708 54.539764 53.30528 55.09447 57.07571 56.90502 57.582603 55.746914 48.419514 50.366028 51.57832 50.61018 51.419838 52.365074 53.313164 49.41023 48.617798 45.932484 0.0 0.0 0.0 0.0 0.0 0.0 0.0 0.0 0.0 0.0 -999999.0 -999999.0 -999999.0 -999999.0 -999999.0 -999999.0 -999999.0 -999999.0 -999999.0 -999999.0 -999999.0 -999999.0 -999999.0 -999999.0 -999999.0 -999999.0 -999999.0 -999999.0 -999999.0
64.12928 64.10812 63.9715 63.939693 63.553715 63.056934 61.993584 61.533073 61.657475 61.211483 60.69137 59.779842 58.2317 56.994816 57.043774 55.772095 58.02017 56.20915 54.102688 56.289154 58.30427 58.30986 58.32041 56.20421 51.682037 54.422474 52.737354 0.0 48.8884 51.844578 54.086906 51.26744 49.969933 49.792225 0.0 0.0 0.0 0.0 0.0 0.0 0.0 0.0 0.0 0.0 -999999.0 -999999.0 -999999.0 -999999.0 -999999.0 -999999.0 -999999.0 -999999.0 -999999.0 -999999.0 -999999.0 -999999.0 -999999.0 -999999.0 -999999.0 -999999.0 -999999.0 -999999.0 -999999.0
62.118023 61.58765 61.989304 62.717236 62.824646 63.02574 62.51544 62.431156 61.78505 60.706432 59.951935 58.973816 57.996628 58.27106 58.15395 56.728916 58.92766 56.637917 54.19384 58.551025 59.314873 59.155342 58.37881 56.9081 55.21582 52.89345 51.22114 49.15 48.346756 51.20104 53.691715 54.644665 53.753437 48.962955 0.0 0.0 0.0 -999999.0 0.0 0.0 0.0 0.0 0.0 0.0 -999999.0 -999999.0 -999999.0 -999999.0 -999999.0 -999999.0 -999999.0 -999999.0 -999999.0 -999999.0 -999999.0 -999999.0 -999999.0 -999999.0 -999999.0 -999999.0 -999999.0 -999999.0 -999999.0
60.5976 58.934322 60.717186 61.786293 62.24671 62.487022 62.197235 62.22853 61.429943 60.025692 58.668926 57.807964 57.586437 59.200493 59.616714 58.71864 59.98468 57.489986 54.511463 58.83905 59.016865 58.85246 58.664818 57.8723 55.12478 49.083942 49.59236 49.06874 48.02669 53.9149 55.9772 52.683064 54.66802 48.20178 0.0 0.0 -999999.0 -999999.0 0.0 0.0 0.0 0.0 0.0 0.0 -999999.0 -999999.0 -999999.0 -999999.0 -999999.0 -999999.0 -999999.0 -999999.0 -999999.0 -999999.0 -999999.0 -999999.0 -999999.0 -999999.0 -999999.0 -999999.0 -999999.0 -999999.0 -999999.0
