data/TNO-HT-ATES/HT-ATES_msz2/msz2__h_P50_basecase_80-45-40.asc
ncols  140
nrows  163
xllcorner  0.0
yllcorner  300000.0
cellsize  2000.0
NODATA_value  -999999.0
[rows 84 to 111 of 163, columns 0 to 62 of 140]
-999999.0 -999999.0 -999999.0 -999999.0 -999999.0 -999999.0 -999999.0 -999999.0 -999999.0 -999999.0 -999999.0 -999999.0 -999999.0 -999999.0 -999999.0 -999999.0 -999999.0 -999999.0 -999999.0 -999999.0 -999999.0 -999999.0 -999999.0 -999999.0 -999999.0 -999999.0 -999999.0 -999999.0 -999999.0 -999999.0 -999999.0 -999999.0 -999999.0 -999999.0 -999999.0 -999999.0 -999999.0 -999999.0 -999999.0 18.28 12.3875 8.1825 4.16 11.299999 11.459999 9.554999 7.79 6.7225 4.2375 0.5425 -999999.0 1.995 8.2 14.077499 18.9075 21.9425 21.36 30.22 30.16 28.164999 26.13 25.0 24.795
-999999.0 -999999.0 -999999.0 -999999.0 -999999.0 -999999.0 -999999.0 -999999.0 -999999.0 -999999.0 -999999.0 -999999.0 -999999.0 -999999.0 -999999.0 -999999.0 -999999.0 -999999.0 -999999.0 -999999.0 -999999.0 -999999.0 -999999.0 -999999.0 -999999.0 -999999.0 -999999.0 -999999.0 -999999.0 -999999.0 -999999.0 -999999.0 -999999.0 -999999.0 -999999.0 -999999.0 -999999.0 -999999.0 24.474998 18.252499 12.934999 9.375 9.342501 13.16 13.1725 11.2699995 7.795 5.2799997 3.2599998 -999999.0 -999999.0 -999999.0 9.282499 15.014999 18.4725 21.3275 22.0525 20.349998 28.827497 26.5175 24.415 24.092499 24.54
-999999.0 -999999.0 -999999.0 -999999.0 -999999.0 -999999.0 -999999.0 -999999.0 -999999.0 -999999.0 -999999.0 -999999.0 -999999.0 -999999.0 -999999.0 -999999.0 -999999.0 -999999.0 -999999.0 -999999.0 -999999.0 -999999.0 -999999.0 -999999.0 -999999.0 -999999.0 -999999.0 -999999.0 -999999.0 -999999.0 -999999.0 -999999.0 -999999.0 -999999.0 -999999.0 -999999.0 -999999.0 29.384998 25.189999 20.23 16.279999 11.622499 10.692499 12.702499 14.7625 15.315001 11.1775 6.3974996 6.845 6.5474997 3.46 6.5874996 14.004999 16.664999 18.192501 20.0525 21.3225 21.78 26.624998 25.029999 24.0975 23.137499 19.745
-999999.0 -999999.0 -999999.0 -999999.0 -999999.0 -999999.0 -999999.0 -999999.0 -999999.0 -999999.0 -999999.0 -999999.0 -999999.0 -999999.0 -999999.0 -999999.0 -999999.0 -999999.0 -999999.0 -999999.0 -999999.0 -999999.0 -999999.0 -999999.0 -999999.0 -999999.0 -999999.0 -999999.0 -999999.0 -999999.0 -999999.0 -999999.0 -999999.0 -999999.0 -999999.0 -999999.0 25.134998 24.489998 24.547499 25.574999 18.0575 10.105 11.115 12.864999 15.094999 18.905 18.915 9.66 14.387499 18.5525 17.124998 15.5525 16.7625 16.425 16.81 18.4375 20.075 20.220001 19.4975 22.857498 22.925 17.937498 16.132498
-999999.0 -999999.0 -999999.0 -999999.0 -999999.0 -999999.0 -999999.0 -999999.0 -999999.0 -999999.0 -999999.0 -999999.0 -999999.0 -999999.0 -999999.0 -999999.0 -999999.0 -999999.0 -999999.0 -999999.0 -999999.0 -999999.0 -999999.0 -999999.0 -999999.0 -999999.0 -999999.0 -999999.0 -999999.0 -999999.0 -999999.0 -999999.0 -999999.0 -999999.0 -999999.0 23.005 17.6225 17.574999 20.697498 23.4125 17.8175 12.5775 13.985001 12.405 13.5824995 17.5125 19.845 19.355 23.015 25.857498 23.0525 19.3825 15.235 12.4 14.3875 16.9 17.847498 17.6 16.6925 16.81 20.622498 12.7225 11.370001
-999999.0 -999999.0 -999999.0 -999999.0 -999999.0 -999999.0 -999999.0 -999999.0 -999999.0 -999999.0 -999999.0 -999999.0 -999999.0 -999999.0 -999999.0 -999999.0 -999999.0 -999999.0 -999999.0 -999999.0 -999999.0 -999999.0 -999999.0 -999999.0 -999999.0 -999999.0 -999999.0 -999999.0 -999999.0 -999999.0 -999999.0 -999999.0 -999999.0 -999999.0 28.3825 14.147499 17.3175 16.7075 16.5975 17.3525 15.7699995 13.7125 13.41 8.4625 11.9175 16.395 19.585 23.6475 30.087498 29.07 25.6325 21.047499 15.157499 10.23 13.004999 14.7675 15.849999 14.2975 15.32 16.1675 20.2275 22.4025 8.2925
-999999.0 -999999.0 -999999.0 -999999.0 -999999.0 -999999.0 -999999.0 -999999.0 -999999.0 -999999.0 -999999.0 -999999.0 -999999.0 -999999.0 -999999.0 -999999.0 -999999.0 -999999.0 -999999.0 -999999.0 -999999.0 -999999.0 -999999.0 -999999.0 -999999.0 -999999.0 -999999.0 -999999.0 -999999.0 -999999.0 -999999.0 38.4525 38.1 36.8425 33.75 26.744999 22.814999 22.04 15.3825 16.0025 15.225 12.3324995 10.357499 8.8625 12.2275 15.3324995 18.4875 23.6175 29.0375 26.46 23.73 20.77 17.715 14.615 14.669999 14.202499 13.7975 13.289999 13.1075 15.6449995 20.544998 23.912498 18.2725
-999999.0 -999999.0 -999999.0 -999999.0 -999999.0 -999999.0 -999999.0 -999999.0 -999999.0 -999999.0 -999999.0 -999999.0 -999999.0 -999999.0 -999999.0 -999999.0 -999999.0 -999999.0 -999999.0 -999999.0 -999999.0 -999999.0 -999999.0 -999999.0 -999999.0 -999999.0 -999999.0 -999999.0 -999999.0 -999999.0 38.917496 39.53 41.2325 43.087498 40.894997 35.995 30.114998 27.144999 25.009998 23.1225 20.11 17.494999 16.85 14.935 12.5825 12.939999 17.072498 21.225 21.4725 19.765 18.875 19.6175 18.835 15.522499 15.202499 14.3475 13.6675 12.23 11.835 12.9725 12.64 9.499999 13.437499
-999999.0 -999999.0 -999999.0 -999999.0 -999999.0 -999999.0 -999999.0 -999999.0 -999999.0 -999999.0 -999999.0 -999999.0 -999999.0 -999999.0 -999999.0 -999999.0 -999999.0 -999999.0 -999999.0 -999999.0 -999999.0 -999999.0 -999999.0 -999999.0 -999999.0 -999999.0 -999999.0 -999999.0 -999999.0 -999999.0 42.074997 43.347496 44.92 48.1625 48.295 45.73 42.4525 38.785 32.97 28.8875 24.682499 24.08 24.137499 20.2875 12.992499 13.71 17.054998 18.925 17.4625 14.2575 16.912498 20.220001 18.735 15.719999 14.612499 14.375 13.7275 9.49 8.4175 9.987501 8.83 10.155 9.2325
-999999.0 -999999.0 -999999.0 -999999.0 -999999.0 -999999.0 -999999.0 -999999.0 -999999.0 -999999.0 -999999.0 -999999.0 -999999.0 -999999.0 -999999.0 -999999.0 -999999.0 -999999.0 -999999.0 -999999.0 -999999.0 -999999.0 -999999.0 -999999.0 -999999.0 -999999.0 -999999.0 -999999.0 -999999.0 -999999.0 44.205 47.0725 50.504997 54.537502 56.6125 55.227497 51.282497 44.309998 36.260002 32.695 31.384998 31.21 34.525 27.797499 14.535 16.5525 22.4225 19.21 17.652498 16.135002 17.8625 19.037498 16.695 14.544999 13.0875 12.639999 12.952499 7.0674996 6.0499997 9.24 11.2575 11.105 8.0725
-999999.0 -999999.0 -999999.0 -999999.0 -999999.0 -999999.0 -999999.0 -999999.0 -999999.0 -999999.0 -999999.0 -999999.0 -999999.0 -999999.0 -999999.0 -999999.0 -999999.0 -999999.0 -999999.0 -999999.0 -999999.0 -999999.0 -999999.0 -999999.0 -999999.0 -999999.0 -999999.0 -999999.0 -999999.0 -999999.0 -999999.0 50.32 54.7675 59.22 65.505 64.57 54.62 44.975 36.39 36.3975 37.2775 36.394997 41.647495 35.43 23.287498 25.3825 26.324999 20.72 18.9375 18.2325 17.6525 17.039999 16.5075 13.389999 10.54 9.369999 9.1075 7.08 6.8199997 11.035 15.454999 21.32 21.5425
-999999.0 -999999.0 -999999.0 -999999.0 -999999.0 -999999.0 -999999.0 -999999.0 -999999.0 -999999.0 -999999.0 -999999.0 -999999.0 -999999.0 -999999.0 -999999.0 -999999.0 -999999.0 -999999.0 -999999.0 -999999.0 -999999.0 -999999.0 -999999.0 -999999.0 -999999.0 -999999.0 -999999.0 -999999.0 -999999.0 -999999.0 50.9325 56.47 62.9225 65.835 61.614998 54.534996 45.489998 37.745 36.925 38.7425 36.852497 34.722496 34.252495 31.5775 32.502502 27.562498 25.244999 22.95 20.345 17.199999 21.697498 20.3575 11.8225 8.275 6.3325 6.665 7.7299995 9.4925 12.870001 16.6725 20.619999 22.0425
-999999.0 -999999.0 -999999.0 -999999.0 -999999.0 -999999.0 -999999.0 -999999.0 -999999.0 -999999.0 -999999.0 -999999.0 -999999.0 -999999.0 -999999.0 -999999.0 -999999.0 -999999.0 -999999.0 -999999.0 -999999.0 -999999.0 -999999.0 -999999.0 -999999.0 -999999.0 -999999.0 -999999.0 -999999.0 -999999.0 -999999.0 53.529995 56.4475 61.915 63.665 61.0625 54.215 44.932503 37.2275 36.1225 37.415 34.587498 30.565 31.177498 31.254997 27.5325 24.7225 25.050001 23.092499 18.18 12.5824995 17.7825 19.027498 19.1075 7.8325 5.875 7.9524994 11.1675 12.902499 14.997499 17.46 19.375 18.79
-999999.0 -999999.0 -999999.0 -999999.0 -999999.0 -999999.0 -999999.0 -999999.0 -999999.0 -999999.0 -999999.0 -999999.0 -999999.0 -999999.0 -999999.0 -999999.0 -999999.0 -999999.0 -999999.0 -999999.0 -999999.0 -999999.0 -999999.0 -999999.0 -999999.0 -999999.0 -999999.0 -999999.0 -999999.0 -999999.0 -999999.0 -999999.0 54.485 59.829998 62.182495 59.302498 51.442497 43.407497 34.852497 31.2575 31.294998 28.66 25.449997 24.447498 22.109999 18.947498 19.6325 17.91 11.117499 15.357499 17.6975 11.252501 13.5725 19.874998 25.802498 5.3550005 8.089999 12.9975 15.7425 16.245 16.9175 18.0125 16.54
-999999.0 -999999.0 -999999.0 -999999.0 -999999.0 -999999.0 -999999.0 -999999.0 -999999.0 -999999.0 -999999.0 -999999.0 -999999.0 -999999.0 -999999.0 -999999.0 -999999.0 -999999.0 -999999.0 -999999.0 -999999.0 -999999.0 -999999.0 -999999.0 -999999.0 -999999.0 -999999.0 -999999.0 45.97 49.4225 50.8275 -999999.0 52.472496 53.5 53.159996 51.149998 45.0325 38.954998 29.0175 22.544998 20.835 18.2025 17.0825 17.59 15.5275 13.4275 18.342499 23.82 15.869999 11.825 14.922501 13.545 17.412498 22.535 26.7425 26.035 5.1425 10.3925 14.2074995 16.0 16.205 16.6725 17.5725
-999999.0 -999999.0 -999999.0 -999999.0 -999999.0 -999999.0 -999999.0 -999999.0 -999999.0 -999999.0 -999999.0 -999999.0 -999999.0 -999999.0 -999999.0 -999999.0 -999999.0 -999999.0 -999999.0 -999999.0 -999999.0 -999999.0 -999999.0 -999999.0 -999999.0 28.635 32.3425 39.3825 47.125 49.8225 49.7625 49.755 49.5475 49.925 47.7 45.294994 38.61 32.8575 22.85 12.6725 15.3825 14.147499 14.155001 13.554999 14.057499 16.3325 17.9075 17.619999 13.377501 7.4575 13.535 24.807499 27.659998 24.645 28.0225 25.0925 14.397499 11.227499 13.627499 15.285 16.84 16.795 21.9375
-999999.0 -999999.0 -999999.0 -999999.0 -999999.0 -999999.0 -999999.0 -999999.0 -999999.0 -999999.0 -999999.0 -999999.0 -999999.0 -999999.0 -999999.0 -999999.0 -999999.0 -999999.0 -999999.0 -999999.0 -999999.0 -999999.0 -999999.0 -999999.0 -999999.0 25.789999 28.829998 34.8775 44.225002 47.899998 51.125 47.405 47.697495 46.067497 43.399998 40.1475 33.282497 30.4375 24.029999 19.8725 18.635 16.7225 14.834999 13.8075 16.484999 19.6225 18.6325 14.855 13.3125 12.872499 15.0025 24.932499 26.8275 22.2125 24.684998 17.9675 13.1575 15.942499 15.1275 16.06 21.97 24.605 20.8275
-999999.0 -999999.0 -999999.0 -999999.0 -999999.0 -999999.0 -999999.0 -999999.0 -999999.0 -999999.0 -999999.0 -999999.0 -999999.0 -999999.0 -999999.0 -999999.0 -999999.0 -999999.0 -999999.0 -999999.0 -999999.0 -999999.0 -999999.0 -999999.0 -999999.0 23.47 26.947498 31.650002 38.51 42.845 44.0775 43.072502 41.9375 42.3875 36.917503 35.5125 31.8275 29.14 26.63 26.524998 24.099998 20.274998 16.6 14.429999 16.765 18.705 15.7125 14.73 16.5075 15.6449995 16.82 20.119999 13.607499 12.177499 8.82 17.1075 10.609999 10.8375 14.067499 20.947498 27.785 27.58 22.8275
-999999.0 -999999.0 -999999.0 -999999.0 -999999.0 -999999.0 -999999.0 -999999.0 -999999.0 -999999.0 -999999.0 -999999.0 -999999.0 -999999.0 -999999.0 -999999.0 -999999.0 -999999.0 -999999.0 -999999.0 -999999.0 -999999.0 -999999.0 -999999.0 -999999.0 21.535 24.695 31.192501 34.94 38.420002 37.6325 35.4075 36.3325 35.7725 31.619999 29.0 29.037498 27.735 26.5625 25.262499 22.8825 19.740002 17.6925 16.1475 17.182499 17.727499 16.217499 15.657499 13.344999 13.129999 14.3425 15.315 19.087502 14.5225 8.43 27.835 12.225 14.5475 18.539999 24.7325 25.072498 25.4725 23.47
-999999.0 -999999.0 -999999.0 -999999.0 -999999.0 -999999.0 -999999.0 -999999.0 -999999.0 -999999.0 -999999.0 -999999.0 -999999.0 -999999.0 -999999.0 -999999.0 -999999.0 -999999.0 -999999.0 -999999.0 -999999.0 -999999.0 -999999.0 -999999.0 19.705 15.175 21.7575 28.3675 31.505 32.7575 31.225 29.939999 31.037498 30.617498 25.105 26.25 25.602499 24.999998 24.3 22.4625 20.22 19.697498 18.489998 16.595 15.705 15.219999 16.0425 13.5425 7.6974998 7.95 19.28 17.7825 22.307499 18.917498 18.802498 21.259998 21.309998 19.317501 18.697498 22.0075 22.155 20.98 21.195
-999999.0 -999999.0 -999999.0 -999999.0 -999999.0 -999999.0 -999999.0 -999999.0 -999999.0 -999999.0 -999999.0 -999999.0 -999999.0 -999999.0 -999999.0 -999999.0 -999999.0 -999999.0 -999999.0 17.945 15.085 13.994999 21.664999 21.625 20.255 18.2825 21.637499 26.967499 28.4025 27.677498 25.25 26.395 26.400002 26.8 25.7875 24.36 22.689999 22.355 21.964998 18.7875 18.3225 19.732498 18.352499 15.9625 14.7925 14.66 14.91 9.3025 6.2124996 6.8625 15.804999 19.96 20.455 21.185 20.1025 18.307499 15.5575 19.330002 22.262499 24.435 20.5375 17.0425 18.645
-999999.0 -999999.0 -999999.0 -999999.0 -999999.0 -999999.0 -999999.0 -999999.0 -999999.0 -999999.0 -999999.0 -999999.0 -999999.0 -999999.0 -999999.0 -999999.0 -999999.0 -999999.0 -999999.0 16.35 12.682499 15.139999 15.617499 16.884998 19.305 17.432499 21.977499 24.2475 20.5825 20.095 20.525 20.9275 22.1225 23.145 23.275 21.880001 21.4775 19.8925 19.56 16.4525 17.535 20.7075 17.3725 15.545 15.1325 13.424999 13.934999 10.5975 9.67 12.32 16.1375 18.9975 17.592499 19.162498 20.515 17.630001 13.4525 2.7400002 28.5 33.05 21.9975 19.7625 19.060001
-999999.0 -999999.0 -999999.0 -999999.0 -999999.0 -999999.0 -999999.0 -999999.0 -999999.0 -999999.0 -999999.0 -999999.0 -999999.0 -999999.0 -999999.0 -999999.0 -999999.0 -999999.0 9.91 14.98 16.05 16.9725 12.3825 11.959999 16.3575 18.985 17.849998 17.654999 16.377499 14.697499 15.8975 16.555 18.1625 20.0725 20.664999 19.877499 19.9375 18.8725 18.7275 18.467499 20.4125 22.837502 17.0875 14.49 16.6375 14.66 14.4125 13.657499 13.1375 16.182499 16.724998 12.5775 11.264999 16.5825 20.73 19.742498 15.112499 9.565 36.089996 43.89 35.5575 28.4225 23.482498
-999999.0 -999999.0 -999999.0 -999999.0 -999999.0 -999999.0 -999999.0 -999999.0 -999999.0 -999999.0 -999999.0 -999999.0 -999999.0 -999999.0 -999999.0 -999999.0 -999999.0 -999999.0 -999999.0 9.2575 15.724999 17.2575 12.777499 14.0625 11.375 15.507501 16.9125 14.5375 15.1175 12.0325 12.355 12.83 13.66 16.525 20.045 18.685001 17.052502 16.467499 17.099998 17.135 16.949999 18.8025 15.557499 12.33 16.907497 17.51 15.492499 14.199999 16.6675 18.669998 20.6675 15.3375 12.1375 15.95 22.837498 25.845001 22.275 16.289999 28.535 40.012497 45.364998 37.76 26.337498
-999999.0 -999999.0 -999999.0 -999999.0 -999999.0 -999999.0 -999999.0 -999999.0 -999999.0 -999999.0 -999999.0 -999999.0 -999999.0 -999999.0 -999999.0 -999999.0 -999999.0 -999999.0 -999999.0 -999999.0 12.865 14.3125 12.305 11.662499 10.032499 12.875 12.9725 12.4175 13.5125 9.247499 16.170002 13.422501 10.6 11.2 14.962501 14.665 14.52 15.647499 15.6775 16.167501 15.1375 14.5975 13.22 11.9125 15.0075 16.0 14.3324995 15.077499 16.547499 19.912498 22.5875 21.0225 13.52 14.832499 24.845 32.2725 26.347498 22.335 22.67 34.8275 40.094997 35.339996 24.825
-999999.0 -999999.0 -999999.0 -999999.0 -999999.0 -999999.0 -999999.0 -999999.0 -999999.0 -999999.0 -999999.0 -999999.0 -999999.0 -999999.0 -999999.0 -999999.0 -999999.0 -999999.0 -999999.0 7.94 12.3175 11.995 10.82 10.0175 10.4775 10.9625 11.915 12.02 13.7625 11.7074995 10.5175 15.3075 10.505 8.895 10.7775 12.4875 13.047501 15.294999 16.044998 16.8275 15.4574995 13.157499 10.844999 10.65 13.1449995 14.365001 16.1875 15.1275 16.875 19.669998 21.434998 19.017498 9.4725 11.344999 18.605 23.234999 15.684999 21.627499 29.9875 24.262497 33.4925 31.699999 18.79
-999999.0 -999999.0 -999999.0 -999999.0 -999999.0 -999999.0 -999999.0 -999999.0 -999999.0 -999999.0 -999999.0 -999999.0 -999999.0 -999999.0 -999999.0 -999999.0 -999999.0 -999999.0 5.0024996 3.905 7.335 8.9225 8.3775 7.615 6.7749996 5.99 6.595 8.429999 10.8025 12.045 10.2675 10.365 8.994999 6.795 7.2825003 8.514999 13.264999 15.11 15.9325 14.7699995 14.0825 14.084999 9.997499 8.557499 15.157499 20.2175 17.734999 13.78 14.817499 19.1325 19.0475 17.225 11.6525 5.935 10.405 15.424999 9.08 10.165 21.4575 22.2925 23.3625 31.2925 20.875
-999999.0 -999999.0 -999999.0 -999999.0 -999999.0 -999999.0 -999999.0 -999999.0 -999999.0 -999999.0 -999999.0 -999999.0 -999999.0 -999999.0 -999999.0 -999999.0 -999999.0 -999999.0 -999999.0 5.13 7.1425 7.7 6.865 3.955 3.7575 4.3149996 4.5025 6.7249994 6.7074995 8.387501 5.8075 4.47 3.7724998 3.4474998 4.8525 6.87 10.3525 13.2625 14.904999 12.4475 12.129999 15.912499 17.782501 17.672499 19.617498 18.125 14.827499 12.0025 14.7325 17.947498 19.3675 18.6925 18.094997 20.5525 22.452497 22.3925 10.554999 13.0475 9.4625 13.4925 19.58 10.9625 10.5125
