data/TNO-HT-ATES/HT-ATES_msz2/msz2__flowr_prodnorm_P50_basecase_80-45-40.asc
ncols  140
nrows  163
xllcorner  0.0
yllcorner  300000.0
cellsize  2000.0
NODATA_value  -999999.0
[rows 56 to 83 of 163, columns 62 to 123 of 140]
53.9504 56.03616 59.964478 66.939125 64.18505 65.725334 69.04713 69.02739 67.18494 60.740707 54.168583 48.51796 46.786148 51.22549 60.254402 54.76002 68.02862 63.403942 52.217377 46.889133 57.61012 58.833878 59.174873 60.731537 60.079193 53.044067 33.01224 33.024364 27.29523 27.354189 51.139126 56.019226 58.40232 54.907135 46.02775 27.78285 13.818085 -999999.0 -999999.0 -999999.0 -999999.0 2.4420311 0.9350574 6.638779 6.9202466 -999999.0 -999999.0 -999999.0 -999999.0 -999999.0 -999999.0 -999999.0 -999999.0 -999999.0 -999999.0 -999999.0 -999999.0 -999999.0 -999999.0 -999999.0 -999999.0 -999999.0
45.2779 51.15313 52.541523 55.72925 60.78598 61.095745 66.55631 61.254288 58.428925 49.27957 48.000725 49.88568 50.132977 51.650116 62.38776 58.581356 69.75927 59.67827 54.418564 57.15148 57.545418 57.646755 63.793465 64.94154 64.66016 60.635456 29.203066 26.544615 26.540459 27.576826 52.04984 54.783653 47.395782 45.66292 40.074966 36.319847 18.610445 -999999.0 -999999.0 -999999.0 -999999.0 -999999.0 -999999.0 3.5880122 4.608819 -999999.0 -999999.0 -999999.0 -999999.0 -999999.0 -999999.0 -999999.0 -999999.0 -999999.0 -999999.0 -999999.0 -999999.0 -999999.0 -999999.0 -999999.0 -999999.0 -999999.0
36.685535 42.737003 44.065475 47.52847 55.726074 57.069366 57.863235 53.50721 46.780617 43.085804 45.485878 49.52417 55.538094 58.54304 56.6946 70.878975 71.08152 59.30929 55.202488 58.668087 58.2866 61.981747 68.68899 67.358475 69.468315 59.7944 31.518091 30.91531 35.842213 37.24221 44.361324 46.886963 41.19464 38.6537 38.489346 36.910572 34.574436 26.597488 -999999.0 -999999.0 -999999.0 -999999.0 -999999.0 9.143284 -999999.0 -999999.0 -999999.0 -999999.0 -999999.0 -999999.0 -999999.0 -999999.0 -999999.0 -999999.0 -999999.0 -999999.0 -999999.0 -999999.0 -999999.0 -999999.0 -999999.0 -999999.0
31.187183 38.02769 42.795925 43.93588 49.515503 49.009968 49.808323 46.348442 43.719784 40.652615 44.043697 44.483734 47.868233 53.438545 49.251602 63.09167 61.42524 56.54523 61.602905 58.44818 59.28244 64.45196 70.90414 70.3124 68.87775 64.81759 40.73718 45.912773 52.50673 53.870388 48.32472 36.882374 41.12885 44.421444 39.462543 31.504744 29.612652 27.649113 37.072186 7.7213473 7.373902 -999999.0 -999999.0 6.690623 0.0 -999999.0 -999999.0 -999999.0 -999999.0 -999999.0 -999999.0 -999999.0 -999999.0 -999999.0 -999999.0 -999999.0 -999999.0 -999999.0 -999999.0 -999999.0 -999999.0 -999999.0
24.89881 44.51054 46.47671 35.19452 42.19991 44.679024 43.644184 40.513298 37.587845 37.86983 40.871433 37.813175 36.59521 45.067135 50.746796 46.5189 42.223213 58.059116 63.43761 64.09299 67.15693 73.11943 78.177734 76.12546 73.27099 66.43624 50.8852 58.725773 64.36383 74.02195 63.547062 61.586155 56.057747 48.33986 48.33984 35.07209 32.53708 28.184072 38.059704 56.897755 56.29168 12.956773 -999999.0 -999999.0 0.0 -999999.0 -999999.0 -999999.0 -999999.0 -999999.0 -999999.0 -999999.0 -999999.0 -999999.0 -999999.0 -999999.0 -999999.0 -999999.0 -999999.0 -999999.0 -999999.0 -999999.0
35.177357 43.263905 30.090122 21.868832 40.033047 39.343132 36.29957 33.04849 32.224476 35.66461 35.72647 33.192932 31.046057 36.039238 43.40516 38.19046 41.805576 46.375904 51.82098 66.27062 68.19825 72.51639 73.50864 79.197525 75.218094 54.67721 47.489956 53.157494 67.26249 84.21547 79.18109 89.25278 73.342575 63.201305 52.454987 44.379833 45.489933 45.117077 44.081013 77.77548 0.0 56.971096 -999999.0 -999999.0 -999999.0 -999999.0 -999999.0 -999999.0 -999999.0 -999999.0 -999999.0 -999999.0 -999999.0 -999999.0 -999999.0 -999999.0 -999999.0 -999999.0 -999999.0 -999999.0 -999999.0 -999999.0
44.200405 44.107475 23.749622 15.754665 33.19967 33.50821 35.575928 34.823357 33.858833 32.953228 29.650196 29.201328 28.474121 31.509249 34.579502 38.398502 44.782417 48.012787 49.993023 53.32269 61.70766 69.37325 78.08956 81.42521 83.65034 64.22186 47.469208 57.705326 68.29623 81.1388 97.310104 88.62617 79.86425 66.174065 62.887184 69.853714 80.841835 79.911446 64.623955 41.19261 66.17834 0.0 31.953674 6.376089 -999999.0 -999999.0 -999999.0 -999999.0 -999999.0 -999999.0 -999999.0 -999999.0 -999999.0 -999999.0 -999999.0 -999999.0 -999999.0 -999999.0 -999999.0 -999999.0 -999999.0 -999999.0
47.465282 42.255966 20.894869 13.089342 25.667479 24.261005 25.014042 27.511395 29.95583 30.06226 29.954279 29.633549 28.24475 31.719404 31.472744 34.313396 42.89881 44.98151 48.63779 47.982185 49.982574 54.041412 72.52339 79.05966 74.22953 71.07754 64.04948 69.08857 75.89411 98.32932 109.20933 97.994576 81.051186 60.854404 68.16647 82.443954 111.63408 105.026634 89.66415 36.027855 55.824146 56.849228 38.148075 0.0 0.0 -999999.0 -999999.0 -999999.0 -999999.0 -999999.0 -999999.0 -999999.0 -999999.0 -999999.0 -999999.0 -999999.0 -999999.0 -999999.0 -999999.0 -999999.0 -999999.0 -999999.0
50.100735 39.660393 23.003073 14.079891 19.646076 13.832063 16.892027 20.511393 21.972258 28.82657 29.370256 27.147736 31.480413 32.753086 34.820084 30.50957 29.626171 38.785133 43.852966 42.041443 42.278805 46.66573 55.778614 67.1779 66.55544 70.03969 67.2597 69.2096 64.06199 81.130905 96.36565 131.53111 97.66876 71.48849 71.77579 71.76865 104.06805 88.67915 80.01423 69.30823 58.65085 47.05497 0.0 0.0 0.0 0.0 -999999.0 -999999.0 -999999.0 -999999.0 -999999.0 -999999.0 -999999.0 -999999.0 -999999.0 -999999.0 -999999.0 -999999.0 -999999.0 -999999.0 -999999.0 -999999.0
53.844185 36.554245 25.358788 17.036942 8.864993 8.028241 19.012762 23.164473 23.740967 17.239288 13.155543 23.69574 35.446304 35.459873 35.852848 30.069447 28.522497 26.53443 32.804974 38.56695 41.126335 45.555676 52.226818 60.92759 65.18434 61.175255 59.397984 61.156597 69.623505 93.37937 112.73129 114.70917 92.45892 67.50161 42.63331 29.743406 56.244614 58.28282 53.04053 76.25003 63.723267 52.06318 0.0 0.0 0.0 -999999.0 -999999.0 -999999.0 -999999.0 -999999.0 -999999.0 -999999.0 -999999.0 -999999.0 -999999.0 -999999.0 -999999.0 -999999.0 -999999.0 -999999.0 -999999.0 -999999.0
56.908314 46.58734 37.06221 30.77477 22.995604 19.701887 22.831215 16.01431 16.810696 16.080013 11.557793 16.873636 28.935795 34.944405 33.80906 31.008677 31.559309 31.230898 31.028214 29.14834 34.56739 39.234802 46.580864 60.73587 61.857685 52.26975 46.38303 39.70194 70.02341 86.79549 97.39398 99.249214 84.80458 69.850845 54.77214 26.72993 50.510075 91.25006 105.24716 92.432144 67.54069 0.0 0.0 0.0 0.0 -999999.0 -999999.0 -999999.0 -999999.0 -999999.0 -999999.0 -999999.0 -999999.0 -999999.0 -999999.0 -999999.0 -999999.0 -999999.0 -999999.0 -999999.0 -999999.0 -999999.0
63.590916 59.217373 56.68259 52.199978 45.767033 36.342022 30.57055 22.095028 22.424929 19.877937 15.437911 15.165152 22.908894 32.551163 28.296755 26.968227 36.836205 39.747166 32.649475 22.727325 19.873245 31.355656 46.207207 73.55811 71.18739 52.7448 55.995598 82.53494 76.3422 88.591995 80.80984 63.19904 60.840084 55.168957 61.494915 57.311775 82.997955 131.23753 136.01111 111.31714 67.79504 0.0 0.0 0.0 0.0 0.0 -999999.0 -999999.0 -999999.0 -999999.0 -999999.0 -999999.0 -999999.0 -999999.0 -999999.0 -999999.0 -999999.0 -999999.0 -999999.0 -999999.0 -999999.0 -999999.0
68.3434 72.24688 71.88389 72.172165 73.44118 51.973843 39.551434 32.358665 27.524868 26.932272 18.043592 17.777115 20.331343 28.46175 19.694178 16.153229 47.75477 50.131195 34.947308 23.349453 9.692192 21.048092 55.907974 75.26087 62.331043 61.36455 81.18569 105.10634 96.41425 114.57282 92.55861 61.132572 55.918022 32.914223 42.988136 87.51103 126.95816 177.41264 171.79868 137.39374 57.86894 0.0 0.0 0.0 0.0 -999999.0 -999999.0 -999999.0 -999999.0 -999999.0 -999999.0 -999999.0 -999999.0 -999999.0 -999999.0 -999999.0 -999999.0 -999999.0 -999999.0 -999999.0 -999999.0 -999999.0
71.53444 76.9085 81.32114 75.363914 82.435616 74.7462 59.714924 42.278893 28.037374 16.443262 12.781293 14.554401 19.008377 21.981201 23.26683 21.479652 60.66988 54.83473 37.27305 24.885042 6.6636662 22.672684 63.541897 67.734055 68.67938 83.33757 96.39773 110.023766 109.5388 137.46422 136.32903 107.36299 85.74858 55.508106 53.841396 96.39788 157.11093 215.11285 190.40735 20.349092 42.348072 0.0 0.0 0.0 0.0 -999999.0 -999999.0 -999999.0 -999999.0 -999999.0 -999999.0 -999999.0 -999999.0 -999999.0 -999999.0 -999999.0 -999999.0 -999999.0 -999999.0 -999999.0 -999999.0 -999999.0
71.658325 79.32763 83.97072 79.17424 81.17869 82.70746 70.18633 54.9586 33.103783 11.938112 14.84124 9.909085 6.7855988 19.300518 43.465244 53.435886 60.950886 57.364292 42.7512 37.649837 34.607513 47.559654 65.94588 55.83804 71.44748 96.71171 110.784775 125.95339 134.66792 170.14273 182.7833 161.27966 118.66716 88.408844 92.46621 77.82736 127.89861 135.36133 149.00722 50.39025 44.447296 0.0 0.0 0.0 -999999.0 -999999.0 -999999.0 -999999.0 -999999.0 -999999.0 -999999.0 -999999.0 -999999.0 -999999.0 -999999.0 -999999.0 -999999.0 -999999.0 -999999.0 -999999.0 -999999.0 -999999.0
75.16167 89.789986 93.986015 90.45522 98.897644 91.33202 77.90028 69.39563 51.08801 29.501638 18.071701 13.284207 7.1214566 17.7977 43.007015 57.218452 60.876987 63.157364 56.471832 49.43959 56.541725 62.49428 66.90404 74.57764 87.481514 103.71616 114.73585 135.93887 159.83167 204.5697 203.36617 184.69243 148.46986 105.55493 95.10797 76.971306 123.912506 97.90642 -999999.0 63.470596 22.040874 0.0 0.0 -999999.0 -999999.0 -999999.0 -999999.0 -999999.0 -999999.0 -999999.0 -999999.0 -999999.0 -999999.0 -999999.0 -999999.0 -999999.0 -999999.0 -999999.0 -999999.0 -999999.0 -999999.0 -999999.0
86.48682 115.848145 120.60514 108.74081 115.06355 104.41916 96.43172 93.93029 76.03577 52.953808 35.15948 23.892511 21.838367 33.429844 52.44501 55.91716 62.27392 55.976215 62.042557 55.05942 53.27463 61.559967 72.42951 83.62255 95.758156 109.75875 118.69515 153.69035 172.39139 218.66351 205.3459 187.78166 152.82121 112.075714 99.2722 85.59617 103.60146 54.761505 -999999.0 31.580833 36.001785 0.0 0.0 -999999.0 -999999.0 -999999.0 -999999.0 -999999.0 -999999.0 -999999.0 -999999.0 -999999.0 -999999.0 -999999.0 -999999.0 -999999.0 -999999.0 -999999.0 -999999.0 -999999.0 -999999.0 -999999.0
101.09936 111.65358 129.6263 113.67306 122.429245 112.29106 111.23392 118.2599 97.71593 74.02219 48.27901 35.79079 31.893887 44.299065 48.26686 53.253178 60.64878 56.67647 53.985455 44.877243 46.544025 53.406788 60.511055 78.09356 93.02674 114.39367 141.27007 182.19777 192.6526 210.8247 192.157 185.83566 159.97963 126.90946 101.38734 102.23922 117.533165 52.177578 33.97037 39.367836 0.0 0.0 0.0 0.0 -999999.0 -999999.0 -999999.0 -999999.0 -999999.0 -999999.0 -999999.0 -999999.0 -999999.0 -999999.0 -999999.0 -999999.0 -999999.0 -999999.0 -999999.0 -999999.0 -999999.0 -999999.0
108.281975 112.0504 127.46656 113.564354 123.190056 118.329666 118.89512 127.99482 113.085175 81.595406 53.603256 41.73173 45.16722 55.316486 34.8917 35.691086 39.862556 33.72658 38.79954 29.840477 26.54566 40.298073 43.504562 55.488213 77.29949 104.32049 140.31187 176.20808 200.43848 212.37512 199.14122 180.05386 149.95836 123.18961 116.24588 122.75718 140.43747 87.349144 74.92445 50.67162 39.840992 0.0 0.0 0.0 -999999.0 -999999.0 -999999.0 -999999.0 -999999.0 -999999.0 -999999.0 -999999.0 -999999.0 -999999.0 -999999.0 -999999.0 -999999.0 -999999.0 -999999.0 -999999.0 -999999.0 -999999.0
113.99531 115.9871 110.53292 118.296326 130.40535 137.75577 133.93623 133.60602 116.56418 84.90646 83.810555 66.58874 62.891644 68.44889 -999999.0 30.761152 41.72953 42.56045 39.79491 31.80813 24.03917 40.992306 43.884815 53.81632 60.973366 108.4805 119.29485 175.1383 192.81302 216.86885 216.28564 165.2994 130.10478 102.82422 111.767426 134.7773 162.75711 122.35775 108.41218 62.76437 44.720085 0.0 0.0 0.0 0.0 -999999.0 -999999.0 -999999.0 -999999.0 -999999.0 -999999.0 -999999.0 -999999.0 -999999.0 -999999.0 -999999.0 -999999.0 -999999.0 -999999.0 -999999.0 -999999.0 -999999.0
129.93082 133.16982 122.53069 107.93182 129.14769 119.15813 126.71181 123.44111 111.257065 96.10809 108.21888 109.258026 91.417046 55.028423 19.062363 44.884247 56.65971 47.84613 56.70003 38.64745 24.952677 27.46285 40.910484 53.20361 64.72028 89.91113 125.79396 154.77507 171.85652 222.20464 206.49826 184.05429 173.9067 138.34097 100.979744 157.00182 179.5111 115.72879 52.93764 64.36758 24.16449 0.0 0.0 0.0 0.0 -999999.0 -999999.0 -999999.0 -999999.0 -999999.0 -999999.0 -999999.0 -999999.0 -999999.0 -999999.0 -999999.0 -999999.0 -999999.0 -999999.0 -999999.0 -999999.0 -999999.0
158.89018 149.00435 142.09492 126.19719 148.70343 143.02963 134.8269 116.253006 118.201866 119.49877 143.18198 172.39284 136.01115 88.44661 74.7568 88.27992 75.6698 69.40765 64.35283 47.518543 45.80906 34.10588 37.86642 55.896553 75.94606 93.67361 114.90933 137.61478 136.79625 162.45592 182.71574 205.03264 230.35092 188.99176 153.57019 192.72115 192.40623 103.24717 64.474525 38.168873 59.382343 0.0 0.0 0.0 0.0 -999999.0 -999999.0 -999999.0 -999999.0 -999999.0 -999999.0 -999999.0 -999999.0 -999999.0 -999999.0 -999999.0 -999999.0 -999999.0 -999999.0 -999999.0 -999999.0 -999999.0
144.19754 132.67853 130.19252 111.97737 126.76711 122.828865 124.32811 120.08235 110.64732 140.14932 142.40335 202.76895 141.38046 99.473404 75.08314 75.92048 97.51367 89.414055 78.243484 66.12097 62.7829 51.81599 57.731617 78.32968 84.20263 110.40863 132.11209 135.03967 104.25336 116.48176 165.73807 187.62509 211.34967 210.05704 165.94937 180.80507 163.20334 105.1229 66.672615 94.86071 85.45572 0.0 0.0 0.0 -999999.0 -999999.0 -999999.0 -999999.0 -999999.0 -999999.0 -999999.0 -999999.0 -999999.0 -999999.0 -999999.0 -999999.0 -999999.0 -999999.0 -999999.0 -999999.0 -999999.0 -999999.0
143.7015 128.7161 122.33943 103.22494 108.47698 108.80163 103.241486 113.156494 149.69818 169.75516 169.45084 183.34375 153.96518 108.1115 49.231247 77.51961 120.01553 124.855316 108.1277 68.25783 61.22183 64.45411 78.4026 81.08505 106.24642 137.42912 166.13306 134.62743 102.67769 152.33716 215.03516 206.63289 202.99442 186.43042 170.51604 141.37349 122.99196 90.90802 92.999725 100.74938 70.45245 0.0 0.0 0.0 0.0 -999999.0 -999999.0 -999999.0 -999999.0 -999999.0 -999999.0 -999999.0 -999999.0 -999999.0 -999999.0 -999999.0 -999999.0 -999999.0 -999999.0 -999999.0 -999999.0 -999999.0
124.14144 103.490974 93.23386 77.59379 84.619705 100.08003 69.506134 101.64391 154.05672 189.40993 173.90118 162.39763 141.47522 104.81481 80.141525 120.749275 187.30133 174.2338 124.99443 80.20649 57.57406 72.93712 95.33297 110.98523 145.74103 173.65967 162.39282 120.86975 109.36716 186.47652 212.3559 200.55069 183.83961 166.61063 140.00081 125.55215 106.29999 92.95611 80.91753 74.1777 66.96214 0.0 0.0 0.0 0.0 -999999.0 -999999.0 -999999.0 -999999.0 -999999.0 -999999.0 -999999.0 -999999.0 -999999.0 -999999.0 -999999.0 -999999.0 -999999.0 -999999.0 -999999.0 -999999.0 -999999.0
72.94382 74.54279 68.68629 58.295364 50.749866 69.43397 67.02476 89.95083 142.2694 155.81618 157.55739 140.28754 146.66978 105.46805 85.29173 153.81839 217.94154 193.43658 126.30447 73.753975 59.91721 67.907585 94.09095 110.87702 167.15103 208.89478 128.82474 105.44475 135.87769 209.13425 204.40247 196.46364 203.30988 184.61826 156.32169 94.01509 88.90788 81.506424 66.4822 55.67021 0.0 0.0 0.0 0.0 0.0 0.0 -999999.0 -999999.0 -999999.0 -999999.0 -999999.0 -999999.0 -999999.0 -999999.0 -999999.0 -999999.0 -999999.0 -999999.0 -999999.0 -999999.0 -999999.0 -999999.0
88.06484 85.88845 59.96202 50.406376 40.4376 52.11529 54.36179 65.44431 81.13473 115.61907 120.212616 110.05432 52.97808 59.245346 49.848648 128.23573 207.99069 205.56042 106.85352 45.538483 64.76643 80.12797 81.89494 104.36502 133.1067 141.64436 97.64956 110.131615 127.8818 167.54785 197.41164 188.2048 175.97249 158.82483 120.10868 55.904922 76.10973 59.596664 49.572586 0.0 0.0 0.0 0.0 0.0 0.0 -999999.0 -999999.0 -999999.0 -999999.0 -999999.0 -999999.0 -999999.0 -999999.0 -999999.0 -999999.0 -999999.0 -999999.0 -999999.0 -999999.0 -999999.0 -999999.0 -999999.0
116.68273 111.38859 95.25933 74.53467 41.48661 42.750324 44.563755 43.84961 55.75121 88.142654 88.81022 78.560234 46.093826 35.711926 60.64934 102.689865 154.5131 156.4853 128.29477 112.25226 69.457214 65.63179 51.237045 83.917694 106.95036 142.99791 140.82422 136.40234 135.01802 138.88768 146.18329 163.8644 141.15712 109.98828 59.861153 48.32452 39.65237 43.990166 41.483925 0.0 0.0 0.0 0.0 0.0 0.0 -999999.0 -999999.0 -999999.0 -999999.0 -999999.0 -999999.0 -999999.0 -999999.0 -999999.0 -999999.0 -999999.0 -999999.0 -999999.0 -999999.0 -999999.0 -999999.0 -999999.0
