data/TNO-HT-ATES/HT-ATES_msz2/msz2__k_P50_basecase_80-45-40.asc
ncols  140
nrows  163
xllcorner  0.0
yllcorner  300000.0
cellsize  2000.0
NODATA_value  -999999.0
[rows 81 to 107 of 163, columns 60 to 119 of 140]
10587.487 9925.133 8492.801 9597.416 9965.214 10343.923 10119.557 13943.763 16038.145 18816.266 19664.203 18914.71 20399.598 20297.152 22275.92 21305.734 21959.426 22082.922 18660.633 18274.29 18635.885 17619.39 17323.014 16910.902 18043.918 16738.7 19154.059 20037.398 19554.977 19139.809 19183.771 23256.514 23422.936 23614.59 25704.46 26784.273 25835.357 23225.367 22154.637 20902.37 16558.96 14061.766 11575.494 10543.037 9880.043 10162.681 10305.3125 10674.041 -999999.0 -999999.0 -999999.0 -999999.0 -999999.0 -999999.0 -999999.0 -999999.0 -999999.0 -999999.0 -999999.0 -999999.0
12024.973 11165.918 10426.004 10922.008 11592.381 12800.061 12209.198 16173.834 16910.54 20198.695 19734.965 20320.865 21469.611 23499.107 22967.416 23161.324 27431.105 26107.36 24165.426 20707.197 23612.027 21414.264 20664.242 22320.023 20483.73 19126.736 19188.795 19732.809 19446.035 19297.578 19167.055 21773.535 22184.426 22242.445 24262.428 24837.92 25786.375 17488.006 20361.648 18252.695 14672.806 13493.746 11378.915 10411.343 9785.028 9635.041 9877.488 -999999.0 -999999.0 -999999.0 -999999.0 -999999.0 -999999.0 -999999.0 -999999.0 -999999.0 -999999.0 -999999.0 -999999.0 -999999.0
12444.51 12028.227 12980.036 13862.678 13967.489 13463.003 14598.008 16339.87 16847.756 19949.297 20286.777 20986.824 20736.473 22621.082 21814.465 24265.459 28873.023 24859.85 25133.115 22387.188 21488.438 18630.166 19404.568 20154.006 17717.809 18693.734 18863.59 21705.406 20313.406 20444.568 20077.457 18943.018 18406.191 20809.555 21316.582 20506.082 21411.367 22094.643 16730.986 15707.221 13912.314 12359.811 11125.688 10499.816 9898.1455 9622.732 9798.287 -999999.0 -999999.0 -999999.0 -999999.0 -999999.0 -999999.0 -999999.0 -999999.0 -999999.0 -999999.0 -999999.0 -999999.0 -999999.0
13230.083 13917.244 13675.345 13990.522 14084.424 14969.586 18537.582 15812.483 18651.148 19909.61 20536.572 23986.95 21130.797 24270.486 23347.83 25376.361 28586.547 27863.791 24232.445 24422.586 22137.68 18686.129 20038.197 21692.074 21848.549 22089.402 16719.314 18576.994 18925.723 20474.746 19818.916 16315.094 16468.332 17554.234 17531.234 16641.07 15359.967 15320.258 13106.433 11174.416 9975.8125 9825.947 10906.709 10081.126 9930.493 8983.005 9762.033 -999999.0 -999999.0 -999999.0 -999999.0 -999999.0 -999999.0 -999999.0 -999999.0 -999999.0 -999999.0 -999999.0 -999999.0 -999999.0
14937.9375 15713.231 16282.697 13844.942 14341.904 15887.677 18204.176 19168.383 19603.445 19997.984 18996.914 22874.547 22219.586 23993.299 24054.44 24317.969 29720.537 28766.164 27213.844 29714.176 27273.492 21829.057 20701.682 20859.043 20195.85 20785.318 18900.766 18601.459 17981.473 17164.574 17224.44 17605.871 17193.773 15015.965 15223.084 14171.076 14767.2705 14636.389 14281.158 12952.792 10607.608 9295.226 9890.036 9693.15 9549.141 8518.763 8761.29 9913.454 -999999.0 -999999.0 -999999.0 -999999.0 -999999.0 -999999.0 -999999.0 -999999.0 -999999.0 -999999.0 -999999.0 -999999.0
15625.922 18145.379 22867.643 18980.736 18338.857 19613.584 19412.43 17806.168 19370.05 21973.742 20535.219 24791.797 25121.137 28917.191 27391.371 30766.082 30647.86 28382.043 26970.666 27208.223 26763.898 23374.463 20744.477 19723.385 17475.45 17810.543 17523.736 18778.93 16660.113 17738.87 17479.92 16203.551 17026.594 14427.735 12310.012 12013.872 12410.885 13010.381 13551.532 11192.058 10084.898 9666.061 8159.5015 8967.316 8898.619 8940.58 9294.365 9060.938 -999999.0 -999999.0 -999999.0 -999999.0 -999999.0 -999999.0 -999999.0 -999999.0 -999999.0 -999999.0 -999999.0 -999999.0
19462.691 21582.707 22549.893 25506.857 21947.258 19352.73 18327.242 18272.883 18162.686 24137.11 24155.55 24223.074 26920.242 27149.098 28613.643 27595.723 31096.7 28280.03 28046.441 25929.465 25157.021 21210.893 19207.244 20695.3 20369.75 19070.195 18942.906 17609.46 17826.172 18838.406 18590.137 14718.826 16065.023 11834.855 11939.053 11916.134 11773.452 11908.057 11269.367 10341.835 9314.694 9660.014 8229.545 8841.418 8995.33 8685.009 9985.038 9459.31 -999999.0 -999999.0 -999999.0 -999999.0 -999999.0 -999999.0 -999999.0 -999999.0 -999999.0 -999999.0 -999999.0 -999999.0
19172.559 22624.688 21140.95 25572.162 24635.059 19996.361 18097.434 18339.945 20751.863 23459.172 23196.219 26134.346 24782.871 23209.979 27043.074 27500.277 29535.242 27934.885 26437.969 24782.23 23369.611 19834.662 18972.658 17956.502 20380.035 19281.418 19313.707 19275.748 18334.557 19025.82 19438.96 17210.727 17978.334 11532.17 11862.574 -999999.0 -999999.0 9227.838 10625.742 9112.635 9521.011 9495.492 9132.135 8641.217 8746.156 7988.1753 8866.133 7202.347 8145.5728 -999999.0 -999999.0 -999999.0 -999999.0 -999999.0 -999999.0 -999999.0 -999999.0 -999999.0 -999999.0 -999999.0
21332.926 23836.127 23002.855 23139.77 21955.4 22269.004 18171.96 17741.336 16906.574 20974.664 24957.26 26187.871 25531.186 25341.967 28719.43 28970.428 30032.252 30414.303 26733.752 23804.574 20696.838 20228.586 20697.156 22077.625 19671.46 20335.104 19330.346 21640.305 18902.29 17696.29 18656.61 17904.498 15014.031 10629.331 12652.287 -999999.0 -999999.0 10010.674 9763.584 9739.004 9646.297 9765.425 9852.976 8838.428 8673.447 -999999.0 -999999.0 -999999.0 -999999.0 -999999.0 -999999.0 -999999.0 -999999.0 -999999.0 -999999.0 -999999.0 -999999.0 -999999.0 -999999.0 -999999.0
21406.918 23222.559 24805.053 25854.73 25179.482 23562.828 24254.742 20875.686 19528.996 22599.46 25547.697 26382.73 28367.52 28619.55 30811.871 28305.965 29841.879 28558.83 28024.775 23670.111 22778.428 22113.14 21914.44 21351.828 19778.39 19437.156 20440.422 20587.857 18960.57 18389.148 17666.732 17558.58 17273.398 11868.099 11353.861 8255.524 8981.222 9676.04 10532.492 10413.347 9946.906 10022.797 9076.889 8473.02 -999999.0 -999999.0 -999999.0 -999999.0 -999999.0 -999999.0 -999999.0 -999999.0 -999999.0 -999999.0 -999999.0 -999999.0 -999999.0 -999999.0 -999999.0 -999999.0
21482.656 20118.488 27657.137 28540.338 23843.207 23787.984 22812.973 22515.324 23304.223 25655.623 26503.943 27226.684 29006.445 28807.953 30596.312 30928.156 28396.182 30353.908 26574.602 23610.434 22986.047 22604.475 20530.953 20387.387 19223.447 19614.535 21484.309 20098.078 18773.729 17522.385 17398.594 17559.307 16013.301 10153.696 10513.604 8088.9795 8806.418 9110.187 8708.48 10355.533 8337.643 8639.106 9470.36 8883.076 -999999.0 -999999.0 -999999.0 -999999.0 -999999.0 -999999.0 -999999.0 -999999.0 -999999.0 -999999.0 -999999.0 -999999.0 -999999.0 -999999.0 -999999.0 -999999.0
17705.059 19745.895 27590.566 27452.738 26501.176 24170.582 23609.695 24850.75 25255.186 28601.312 30154.174 25842.082 27000.113 27402.158 28853.56 31238.86 25819.836 25506.785 23904.025 23574.77 23780.63 21684.76 17449.068 18007.41 19306.852 19801.893 21132.03 20609.844 19226.373 17638.957 18064.09 19772.223 17732.77 11073.449 10726.646 8195.159 8670.277 7858.2583 8325.059 10049.924 8633.775 8693.426 -999999.0 -999999.0 -999999.0 -999999.0 -999999.0 -999999.0 -999999.0 -999999.0 -999999.0 -999999.0 -999999.0 -999999.0 -999999.0 -999999.0 -999999.0 -999999.0 -999999.0 -999999.0
20471.406 21833.22 27100.758 24756.873 27554.938 26541.613 26927.328 27739.494 28481.68 31864.723 32252.576 27806.938 28201.404 29155.59 30587.594 29128.375 26890.121 24102.086 21884.697 22307.207 21992.93 18945.855 19449.035 17471.049 18933.246 22548.84 18494.248 20817.617 21042.2 19063.63 20053.076 23300.188 18577.95 15126.41 14467.332 13635.02 9248.093 8750.442 -999999.0 -999999.0 -999999.0 -999999.0 -999999.0 -999999.0 -999999.0 -999999.0 -999999.0 -999999.0 -999999.0 -999999.0 -999999.0 -999999.0 -999999.0 -999999.0 -999999.0 -999999.0 -999999.0 -999999.0 -999999.0 -999999.0
14730.597 16412.035 21848.074 24227.516 26260.156 28505.164 28286.467 26862.22 26579.787 29854.14 29080.625 28592.629 29662.256 29856.807 26963.203 30591.002 25944.05 21976.043 23642.379 22501.047 19384.598 15555.8955 17919.293 20800.246 20992.914 21034.713 17589.336 20515.955 20372.617 19462.23 19873.977 20712.61 14826.624 13982.842 13496.02 -999999.0 -999999.0 -999999.0 -999999.0 -999999.0 -999999.0 -999999.0 -999999.0 -999999.0 -999999.0 -999999.0 -999999.0 -999999.0 -999999.0 -999999.0 -999999.0 -999999.0 -999999.0 -999999.0 -999999.0 -999999.0 -999999.0 -999999.0 -999999.0 -999999.0
12637.777 14015.615 18710.818 21702.184 25232.434 29390.91 27854.008 28063.152 25427.76 28947.658 28398.781 29742.031 32568.715 30571.771 28247.639 30749.016 30415.547 26182.852 22727.168 22337.363 21346.818 16508.098 18518.959 21996.81 21240.13 19876.727 19536.746 24201.713 22783.328 21792.594 18829.926 -999999.0 17125.959 15250.076 -999999.0 -999999.0 -999999.0 -999999.0 -999999.0 -999999.0 -999999.0 -999999.0 -999999.0 -999999.0 -999999.0 -999999.0 -999999.0 -999999.0 -999999.0 -999999.0 -999999.0 -999999.0 -999999.0 -999999.0 -999999.0 -999999.0 -999999.0 -999999.0 -999999.0 -999999.0
12772.948 13624.408 17133.607 20845.76 23037.043 28883.732 28564.598 30472.45 26576.75 29079.45 29662.152 32887.06 31165.645 29491.48 27172.14 31404.227 29006.61 24628.693 22103.715 24135.102 21381.438 19695.47 18108.389 19395.271 18253.447 16664.842 -999999.0 -999999.0 -999999.0 -999999.0 -999999.0 -999999.0 -999999.0 -999999.0 -999999.0 -999999.0 -999999.0 -999999.0 -999999.0 -999999.0 -999999.0 -999999.0 -999999.0 -999999.0 -999999.0 -999999.0 -999999.0 -999999.0 -999999.0 -999999.0 -999999.0 -999999.0 -999999.0 -999999.0 -999999.0 -999999.0 -999999.0 -999999.0 -999999.0 -999999.0
12025.034 13159.591 16056.887 18844.008 18849.762 24187.797 25516.9 29274.445 28429.148 30912.574 30580.773 32327.352 31110.738 31135.264 29517.926 27794.281 29201.846 28646.05 24781.695 24814.28 23655.592 22885.242 23248.508 21583.053 -999999.0 19739.047 -999999.0 -999999.0 -999999.0 -999999.0 -999999.0 -999999.0 -999999.0 -999999.0 -999999.0 -999999.0 -999999.0 -999999.0 -999999.0 -999999.0 -999999.0 -999999.0 -999999.0 -999999.0 -999999.0 -999999.0 -999999.0 -999999.0 -999999.0 -999999.0 -999999.0 -999999.0 -999999.0 -999999.0 -999999.0 -999999.0 -999999.0 -999999.0 -999999.0 -999999.0
11896.443 14209.426 18776.03 19164.014 18963.418 22890.35 26036.115 26682.295 28993.293 30909.6 29748.71 29867.703 32181.266 31474.307 28536.395 25969.914 28249.781 30004.21 24605.262 25050.092 25775.135 -999999.0 25849.416 -999999.0 -999999.0 -999999.0 -999999.0 -999999.0 -999999.0 -999999.0 -999999.0 -999999.0 -999999.0 -999999.0 -999999.0 -999999.0 -999999.0 -999999.0 -999999.0 -999999.0 -999999.0 -999999.0 -999999.0 -999999.0 -999999.0 -999999.0 -999999.0 -999999.0 -999999.0 -999999.0 -999999.0 -999999.0 -999999.0 -999999.0 -999999.0 -999999.0 -999999.0 -999999.0 -999999.0 -999999.0
11873.546 13728.985 17350.627 16639.773 18768.846 20961.645 26293.059 26978.5 29643.234 30884.238 30477.928 30656.992 30308.73 30718.412 26757.01 27115.504 27423.826 26644.406 24205.148 24769.002 23430.547 25192.262 -999999.0 -999999.0 -999999.0 -999999.0 -999999.0 -999999.0 -999999.0 -999999.0 -999999.0 -999999.0 -999999.0 -999999.0 -999999.0 -999999.0 -999999.0 -999999.0 -999999.0 -999999.0 -999999.0 -999999.0 -999999.0 -999999.0 -999999.0 -999999.0 -999999.0 -999999.0 -999999.0 -999999.0 -999999.0 -999999.0 -999999.0 -999999.0 -999999.0 -999999.0 -999999.0 -999999.0 -999999.0 -999999.0
12936.682 12660.709 17360.264 17889.229 17623.838 18974.268 24256.375 30593.316 26895.055 28078.045 29511.113 29838.428 28983.186 28105.818 27645.408 29474.008 28278.951 27263.418 24543.982 -999999.0 -999999.0 -999999.0 -999999.0 -999999.0 -999999.0 -999999.0 -999999.0 -999999.0 -999999.0 -999999.0 -999999.0 -999999.0 -999999.0 -999999.0 -999999.0 -999999.0 -999999.0 -999999.0 -999999.0 -999999.0 -999999.0 -999999.0 -999999.0 -999999.0 -999999.0 -999999.0 -999999.0 -999999.0 -999999.0 -999999.0 -999999.0 -999999.0 -999999.0 -999999.0 -999999.0 -999999.0 -999999.0 -999999.0 -999999.0 -999999.0
12919.768 11398.763 14912.894 18137.32 17071.748 17908.309 24547.65 28580.104 26165.145 28238.61 28482.684 28464.31 27624.229 28232.02 27409.945 26641.764 29033.04 27069.863 -999999.0 -999999.0 -999999.0 -999999.0 -999999.0 -999999.0 -999999.0 -999999.0 -999999.0 -999999.0 -999999.0 -999999.0 -999999.0 -999999.0 -999999.0 -999999.0 -999999.0 -999999.0 -999999.0 -999999.0 -999999.0 -999999.0 -999999.0 -999999.0 -999999.0 -999999.0 -999999.0 -999999.0 -999999.0 -999999.0 -999999.0 -999999.0 -999999.0 -999999.0 -999999.0 -999999.0 -999999.0 -999999.0 -999999.0 -999999.0 -999999.0 -999999.0
13973.097 12913.377 14490.795 16908.904 19774.098 20883.621 21458.744 26732.48 25568.76 27916.4 27076.684 26824.768 23185.42 27801.574 28405.453 25826.027 25742.736 26064.809 -999999.0 -999999.0 -999999.0 -999999.0 -999999.0 -999999.0 -999999.0 -999999.0 -999999.0 -999999.0 -999999.0 -999999.0 -999999.0 -999999.0 -999999.0 -999999.0 -999999.0 -999999.0 -999999.0 -999999.0 -999999.0 -999999.0 -999999.0 -999999.0 -999999.0 -999999.0 -999999.0 -999999.0 -999999.0 -999999.0 -999999.0 -999999.0 -999999.0 -999999.0 -999999.0 -999999.0 -999999.0 -999999.0 -999999.0 -999999.0 -999999.0 -999999.0
14735.848 14153.984 15540.535 16975.547 20196.004 18790.125 19046.654 22017.48 25061.414 27332.383 25575.562 28334.47 26459.463 30215.3 30733.47 27208.15 25794.195 25981.402 -999999.0 -999999.0 -999999.0 -999999.0 -999999.0 -999999.0 -999999.0 -999999.0 -999999.0 -999999.0 -999999.0 -999999.0 -999999.0 -999999.0 -999999.0 -999999.0 -999999.0 -999999.0 -999999.0 -999999.0 -999999.0 -999999.0 -999999.0 -999999.0 -999999.0 -999999.0 -999999.0 -999999.0 -999999.0 -999999.0 -999999.0 -999999.0 -999999.0 -999999.0 -999999.0 -999999.0 -999999.0 -999999.0 -999999.0 -999999.0 -999999.0 -999999.0
15673.1045 15723.414 15640.09 16305.866 17857.254 17522.787 19600.307 14679.25 21855.566 26317.291 25014.467 26406.969 27757.684 30549.266 28670.588 26510.969 25787.867 -999999.0 -999999.0 -999999.0 -999999.0 -999999.0 -999999.0 -999999.0 -999999.0 -999999.0 -999999.0 -999999.0 -999999.0 -999999.0 -999999.0 -999999.0 -999999.0 -999999.0 -999999.0 -999999.0 -999999.0 -999999.0 -999999.0 -999999.0 -999999.0 -999999.0 -999999.0 -999999.0 -999999.0 -999999.0 -999999.0 -999999.0 -999999.0 -999999.0 -999999.0 -999999.0 -999999.0 -999999.0 -999999.0 -999999.0 -999999.0 -999999.0 -999999.0 -999999.0
17238.637 15668.351 16289.195 17555.762 17355.207 18348.21 19189.252 20055.62 23305.229 25305.516 24795.084 26511.035 25989.133 27324.924 27032.684 26067.969 -999999.0 -999999.0 -999999.0 -999999.0 -999999.0 -999999.0 -999999.0 -999999.0 -999999.0 -999999.0 -999999.0 -999999.0 -999999.0 -999999.0 -999999.0 -999999.0 -999999.0 -999999.0 -999999.0 -999999.0 -999999.0 -999999.0 -999999.0 -999999.0 -999999.0 -999999.0 -999999.0 -999999.0 -999999.0 -999999.0 -999999.0 -999999.0 -999999.0 -999999.0 -999999.0 -999999.0 -999999.0 -999999.0 -999999.0 -999999.0 -999999.0 -999999.0 -999999.0 -999999.0
20013.535 20745.986 21572.592 20835.115 18868.348 19260.861 17774.588 24220.268 23262.707 22787.25 25150.266 25397.102 -999999.0 -999999.0 24290.096 24594.508 -999999.0 -999999.0 -999999.0 -999999.0 -999999.0 -999999.0 -999999.0 -999999.0 -999999.0 -999999.0 -999999.0 -999999.0 -999999.0 -999999.0 -999999.0 -999999.0 -999999.0 -999999.0 -999999.0 -999999.0 -999999.0 -999999.0 -999999.0 -999999.0 -999999.0 -999999.0 -999999.0 -999999.0 -999999.0 -999999.0 -999999.0 -999999.0 -999999.0 -999999.0 -999999.0 -999999.0 -999999.0 -999999.0 -999999.0 -999999.0 -999999.0 -999999.0 -999999.0 -999999.0
22210.914 22787.338 22212.059 22214.125 19362.67 19775.082 18111.383 24303.934 23313.227 23229.96 26914.027 22515.105 23339.104 24813.688 -999999.0 -999999.0 -999999.0 -999999.0 -999999.0 -999999.0 -999999.0 -999999.0 -999999.0 -999999.0 -999999.0 -999999.0 -999999.0 -999999.0 -999999.0 -999999.0 -999999.0 -999999.0 -999999.0 -999999.0 -999999.0 -999999.0 -999999.0 -999999.0 -999999.0 -999999.0 -999999.0 -999999.0 -999999.0 -999999.0 -999999.0 -999999.0 -999999.0 -999999.0 -999999.0 -999999.0 -999999.0 -999999.0 -999999.0 -999999.0 -999999.0 -999999.0 -999999.0 -999999.0 -999999.0 -999999.0
