data/TNO-HT-ATES/HT-ATES_msz2/msz2__flowr_injnorm_P50_basecase_80-45-40.asc
ncols  140
nrows  163
xllcorner  0.0
yllcorner  300000.0
cellsize  2000.0
NODATA_value  -999999.0
[rows 0 to 27 of 163, columns 62 to 123 of 140]
-999999.0 -999999.0 -999999.0 -999999.0 -999999.0 -999999.0 -999999.0 -999999.0 -999999.0 -999999.0 -999999.0 -999999.0 -999999.0 -999999.0 -999999.0 -999999.0 -999999.0 -999999.0 -999999.0 -999999.0 -999999.0 -999999.0 -999999.0 -999999.0 -999999.0 -999999.0 -999999.0 -999999.0 -999999.0 -999999.0 -999999.0 -999999.0 -999999.0 -999999.0 -999999.0 -999999.0 -999999.0 -999999.0 -999999.0 -999999.0 -999999.0 -999999.0 -999999.0 -999999.0 -999999.0 -999999.0 -999999.0 -999999.0 -999999.0 -999999.0 -999999.0 -999999.0 -999999.0 -999999.0 -999999.0 -999999.0 -999999.0 -999999.0 -999999.0 -999999.0 -999999.0 -999999.0
-999999.0 -999999.0 -999999.0 -999999.0 -999999.0 -999999.0 -999999.0 -999999.0 -999999.0 -999999.0 -999999.0 -999999.0 -999999.0 -999999.0 -999999.0 -999999.0 -999999.0 -999999.0 -999999.0 -999999.0 -999999.0 -999999.0 -999999.0 -999999.0 -999999.0 -999999.0 -999999.0 -999999.0 -999999.0 -999999.0 -999999.0 -999999.0 -999999.0 -999999.0 -999999.0 -999999.0 -999999.0 -999999.0 -999999.0 -999999.0 -999999.0 -999999.0 -999999.0 -999999.0 -999999.0 -999999.0 -999999.0 -999999.0 -999999.0 -999999.0 -999999.0 -999999.0 -999999.0 -999999.0 -999999.0 -999999.0 -999999.0 -999999.0 -999999.0 -999999.0 -999999.0 -999999.0
-999999.0 -999999.0 -999999.0 -999999.0 -999999.0 -999999.0 -999999.0 -999999.0 -999999.0 -999999.0 -999999.0 -999999.0 -999999.0 -999999.0 -999999.0 -999999.0 -999999.0 -999999.0 -999999.0 -999999.0 -999999.0 -999999.0 -999999.0 -999999.0 -999999.0 -999999.0 -999999.0 -999999.0 -999999.0 -999999.0 -999999.0 -999999.0 -999999.0 -999999.0 -999999.0 -999999.0 -999999.0 -999999.0 -999999.0 -999999.0 -999999.0 -999999.0 -999999.0 -999999.0 -999999.0 -999999.0 -999999.0 -999999.0 -999999.0 -999999.0 -999999.0 -999999.0 -999999.0 -999999.0 -999999.0 -999999.0 -999999.0 -999999.0 -999999.0 -999999.0 -999999.0 -999999.0
-999999.0 -999999.0 -999999.0 -999999.0 -999999.0 -999999.0 -999999.0 -999999.0 -999999.0 -999999.0 -999999.0 -999999.0 -999999.0 -999999.0 -999999.0 -999999.0 -999999.0 -999999.0 -999999.0 -999999.0 -999999.0 -999999.0 -999999.0 -999999.0 -999999.0 -999999.0 -999999.0 -999999.0 -999999.0 -999999.0 -999999.0 -999999.0 -999999.0 -999999.0 -999999.0 -999999.0 -999999.0 -999999.0 -999999.0 -999999.0 -999999.0 -999999.0 -999999.0 -999999.0 -999999.0 -999999.0 -999999.0 -999999.0 -999999.0 -999999.0 -999999.0 -999999.0 -999999.0 -999999.0 -999999.0 -999999.0 -999999.0 -999999.0 -999999.0 -999999.0 -999999.0 -999999.0
-999999.0 -999999.0 -999999.0 -999999.0 -999999.0 -999999.0 -999999.0 -999999.0 -999999.0 -999999.0 -999999.0 -999999.0 -999999.0 -999999.0 -999999.0 -999999.0 -999999.0 -999999.0 -999999.0 -999999.0 -999999.0 -999999.0 -999999.0 -999999.0 -999999.0 -999999.0 -999999.0 -999999.0 -999999.0 -999999.0 -999999.0 -999999.0 -999999.0 -999999.0 -999999.0 -999999.0 -999999.0 -999999.0 -999999.0 -999999.0 -999999.0 -999999.0 -999999.0 -999999.0 -999999.0 -999999.0 -999999.0 -999999.0 10.437135 3.5281193 -999999.0 -999999.0 -999999.0 -999999.0 -999999.0 -999999.0 -999999.0 -999999.0 -999999.0 -999999.0 -999999.0 -999999.0
-999999.0 -999999.0 -999999.0 -999999.0 -999999.0 -999999.0 -999999.0 -999999.0 -999999.0 -999999.0 -999999.0 -999999.0 -999999.0 -999999.0 -999999.0 -999999.0 -999999.0 -999999.0 -999999.0 -999999.0 -999999.0 -999999.0 -999999.0 -999999.0 -999999.0 -999999.0 -999999.0 -999999.0 -999999.0 -999999.0 -999999.0 -999999.0 -999999.0 -999999.0 -999999.0 -999999.0 -999999.0 -999999.0 -999999.0 -999999.0 -999999.0 -999999.0 -999999.0 -999999.0 -999999.0 -999999.0 -999999.0 18.287542 13.574559 6.931307 -999999.0 -999999.0 -999999.0 -999999.0 -999999.0 -999999.0 -999999.0 -999999.0 -999999.0 -999999.0 -999999.0 -999999.0
-999999.0 -999999.0 -999999.0 -999999.0 -999999.0 -999999.0 -999999.0 -999999.0 -999999.0 -999999.0 -999999.0 -999999.0 -999999.0 -999999.0 -999999.0 -999999.0 -999999.0 -999999.0 -999999.0 -999999.0 -999999.0 -999999.0 -999999.0 -999999.0 -999999.0 -999999.0 -999999.0 -999999.0 -999999.0 -999999.0 -999999.0 -999999.0 -999999.0 -999999.0 -999999.0 -999999.0 -999999.0 -999999.0 -999999.0 -999999.0 30.648819 24.847744 21.938343 24.03812 26.831902 28.153318 26.431835 20.546997 17.501682 14.056765 5.502692 -999999.0 -999999.0 -999999.0 -999999.0 -999999.0 -999999.0 -999999.0 -999999.0 -999999.0 -999999.0 -999999.0
-999999.0 -999999.0 -999999.0 -999999.0 -999999.0 -999999.0 -999999.0 -999999.0 -999999.0 -999999.0 -999999.0 -999999.0 -999999.0 -999999.0 -999999.0 -999999.0 -999999.0 -999999.0 -999999.0 -999999.0 -999999.0 -999999.0 -999999.0 -999999.0 -999999.0 -999999.0 -999999.0 -999999.0 -999999.0 -999999.0 -999999.0 -999999.0 -999999.0 -999999.0 -999999.0 -999999.0 -999999.0 7.7438984 24.944847 30.045582 28.01037 23.36934 20.021824 21.602356 27.6924 34.77682 36.615868 27.480713 25.283731 23.881798 18.694977 3.2351174 -999999.0 -999999.0 -999999.0 -999999.0 -999999.0 -999999.0 -999999.0 -999999.0 -999999.0 -999999.0
-999999.0 -999999.0 -999999.0 -999999.0 -999999.0 -999999.0 -999999.0 -999999.0 -999999.0 -999999.0 -999999.0 -999999.0 -999999.0 -999999.0 -999999.0 -999999.0 -999999.0 -999999.0 -999999.0 -999999.0 -999999.0 -999999.0 -999999.0 -999999.0 335.05038 310.3621 -999999.0 -999999.0 -999999.0 -999999.0 -999999.0 4.4128156 3.3528748 59.81369 -999999.0 -999999.0 -999999.0 -999999.0 11.88095 26.38751 26.777159 24.160728 19.023458 15.161387 25.392635 37.533794 43.38201 38.951427 35.607323 32.610504 34.462376 11.256612 -999999.0 -999999.0 -999999.0 -999999.0 -999999.0 -999999.0 -999999.0 -999999.0 -999999.0 -999999.0
-999999.0 -999999.0 -999999.0 -999999.0 -999999.0 -999999.0 -999999.0 -999999.0 -999999.0 -999999.0 -999999.0 -999999.0 -999999.0 -999999.0 -999999.0 -999999.0 -999999.0 -999999.0 -999999.0 -999999.0 -999999.0 393.49942 375.61737 348.62427 313.30133 310.21875 286.36017 223.9749 168.75215 112.93343 57.43861 35.752514 10.157842 7.634443 -999999.0 16.133987 -999999.0 -999999.0 -999999.0 22.62453 29.866213 31.038084 26.064838 22.748308 28.088017 36.37441 40.975338 42.465473 41.989693 38.848476 38.10239 15.060031 -999999.0 -999999.0 -999999.0 -999999.0 -999999.0 -999999.0 -999999.0 -999999.0 -999999.0 -999999.0
-999999.0 -999999.0 -999999.0 -999999.0 -999999.0 -999999.0 -999999.0 -999999.0 -999999.0 -999999.0 -999999.0 -999999.0 -999999.0 -999999.0 -999999.0 -999999.0 -999999.0 370.59393 364.23465 386.32916 390.63052 389.30832 374.23053 348.74896 325.58176 304.2564 280.62955 261.93698 232.54079 179.78073 140.41725 100.25376 69.16104 58.791576 -999999.0 37.439842 27.204378 -999999.0 -999999.0 20.86119 36.40048 43.916496 35.36764 30.94564 32.9235 37.358906 41.398266 44.8793 44.461853 29.627674 24.977192 5.798596 -999999.0 -999999.0 -999999.0 -999999.0 -999999.0 -999999.0 -999999.0 -999999.0 -999999.0 -999999.0
-999999.0 -999999.0 -999999.0 -999999.0 -999999.0 -999999.0 -999999.0 -999999.0 -999999.0 -999999.0 -999999.0 -999999.0 -999999.0 345.83792 346.80984 374.18835 381.3626 379.342 369.20978 378.74945 388.30643 385.3571 368.80576 348.77994 327.96115 308.08932 292.95 266.32178 237.69884 208.86264 185.07382 155.53587 128.11699 108.8203 7.733131 27.82514 27.562336 5.876083 3.507524 16.714907 36.129467 31.413616 23.743443 19.548098 22.481918 29.288786 44.170727 46.72953 44.828888 -999999.0 -999999.0 26.143139 -999999.0 -999999.0 -999999.0 -999999.0 -999999.0 -999999.0 -999999.0 -999999.0 -999999.0 -999999.0
-999999.0 -999999.0 -999999.0 -999999.0 -999999.0 -999999.0 -999999.0 -999999.0 -999999.0 301.52014 298.33353 310.0949 327.59692 342.33878 342.5151 370.64047 385.06497 382.18143 370.4897 369.31018 369.34924 363.8135 362.60175 353.05035 331.76312 310.87958 289.16446 268.7316 239.30386 209.16887 -999999.0 154.76263 130.27928 113.705894 100.0415 29.877632 14.919234 13.689648 17.500614 13.6596575 10.312121 13.163142 5.4724083 5.9321465 21.296314 29.75408 43.286266 49.047726 41.55839 14.3046 -999999.0 -999999.0 -999999.0 -999999.0 -999999.0 -999999.0 -999999.0 -999999.0 -999999.0 -999999.0 -999999.0 -999999.0
-999999.0 -999999.0 -999999.0 -999999.0 -999999.0 -999999.0 -999999.0 -999999.0 317.66586 273.7628 274.30814 300.1177 309.22552 323.83765 336.25363 368.77737 385.32422 375.75558 366.83627 368.4705 361.2145 356.81747 347.18396 347.3844 332.291 313.85687 293.47388 272.175 240.72629 208.88068 153.44446 132.9151 128.97864 112.80753 102.5079 -999999.0 -999999.0 7.473046 26.573156 26.244648 25.989882 23.712803 14.855161 19.50398 31.472733 33.74129 38.78919 40.197803 17.78072 -999999.0 -999999.0 -999999.0 -999999.0 -999999.0 -999999.0 -999999.0 -999999.0 -999999.0 -999999.0 -999999.0 -999999.0 -999999.0
-999999.0 -999999.0 -999999.0 -999999.0 -999999.0 -999999.0 -999999.0 315.13934 312.3986 286.62436 282.0266 299.93146 309.01266 302.04105 307.11987 353.54553 357.0616 351.67157 353.7144 352.0411 347.2711 345.5104 336.3232 334.4108 323.57596 313.02237 299.508 274.8036 241.44028 207.9181 175.70345 87.053925 124.49565 104.22333 93.38601 -999999.0 -999999.0 15.644669 35.44942 47.87281 50.512497 46.729427 45.10649 47.397057 51.298534 43.5727 41.23608 38.337273 27.541744 3.2231073 4.7434173 16.390696 -999999.0 -999999.0 -999999.0 -999999.0 -999999.0 -999999.0 -999999.0 -999999.0 -999999.0 -999999.0
-999999.0 -999999.0 -999999.0 -999999.0 -999999.0 -999999.0 -999999.0 307.4095 312.2517 303.18353 295.5762 295.27078 298.76794 292.9868 275.02847 322.05695 336.10614 327.80978 327.36646 340.01938 333.8682 329.03714 333.64636 326.68524 316.528 306.7414 292.84253 271.96637 240.09961 206.5709 173.06505 145.80469 116.13997 89.63573 86.407394 56.64664 36.374195 37.872696 42.182415 50.588837 62.66598 59.85778 58.219643 60.53293 61.22648 51.12285 50.484955 52.120544 51.330345 41.520367 33.41736 23.070984 32.103653 12.602702 -999999.0 -999999.0 -999999.0 -999999.0 -999999.0 -999999.0 -999999.0 -999999.0
-999999.0 -999999.0 -999999.0 -999999.0 -999999.0 -999999.0 -999999.0 300.59564 309.60956 302.11108 295.4553 289.26785 284.83862 271.03543 256.7998 288.3948 313.31143 311.21698 323.9183 334.34467 326.06607 319.02878 312.4201 307.4237 299.11234 305.02026 290.01096 270.19604 237.70226 205.49944 172.89806 142.07771 107.72705 78.75834 127.01128 105.662605 79.77342 47.01529 34.015064 56.941574 59.31734 62.128944 65.075356 57.519 47.558994 53.042595 56.267166 63.86823 69.86295 66.29814 49.248528 40.81383 -999999.0 -999999.0 -999999.0 -999999.0 -999999.0 -999999.0 -999999.0 -999999.0 -999999.0 -999999.0
-999999.0 -999999.0 -999999.0 -999999.0 221.9094 229.1614 244.62039 282.1988 300.65613 298.09906 294.30624 294.66632 279.62082 259.89267 239.25832 259.69232 288.97803 304.95248 312.53616 315.65237 308.67737 303.13953 302.18536 304.52634 299.01852 288.7324 281.31906 258.64124 236.21594 207.70038 180.37128 143.7542 96.4509 69.6926 139.33176 115.65463 79.25134 63.870808 55.67325 51.447308 50.640686 63.724384 69.53636 28.75329 31.78541 50.607292 60.29586 70.825745 77.67551 75.43864 68.43806 -999999.0 -999999.0 -999999.0 -999999.0 -999999.0 -999999.0 -999999.0 -999999.0 -999999.0 -999999.0 -999999.0
-999999.0 -999999.0 205.86057 199.79091 199.23018 201.09213 213.22612 265.5038 293.4632 292.06277 291.8696 293.26608 273.4634 252.26704 259.17126 246.98178 266.02072 296.97055 306.14618 305.6142 302.496 291.28116 286.60843 295.24612 290.3993 276.8891 269.87204 253.18538 234.37172 217.74162 189.8857 152.7787 114.09008 79.51193 54.14896 50.027805 18.781479 41.365917 69.98798 59.571625 77.93032 44.17789 15.200334 7.9701347 9.075236 47.531116 61.56441 75.47936 81.135124 80.06816 56.93426 -999999.0 -999999.0 -999999.0 -999999.0 -999999.0 -999999.0 -999999.0 -999999.0 -999999.0 -999999.0 -999999.0
-999999.0 197.95784 196.39818 194.15259 182.50357 180.90912 196.7627 250.79741 286.3391 281.96924 291.0253 284.2276 261.0694 259.41315 266.60742 262.19492 262.18118 284.99097 296.92853 288.79932 290.6418 285.1594 275.6682 281.37732 279.36194 268.72128 262.09634 246.98232 232.76312 222.05199 206.01736 165.74828 128.54388 103.8499 72.552315 32.467525 -999999.0 -999999.0 30.613716 25.472301 19.878935 -999999.0 -999999.0 13.366874 -999999.0 43.68004 54.96712 67.77199 67.71917 59.650513 24.57338 -999999.0 -999999.0 -999999.0 -999999.0 -999999.0 -999999.0 -999999.0 -999999.0 -999999.0 -999999.0 -999999.0
206.3519 193.91487 191.92375 190.60019 186.37503 189.42761 192.48955 240.74225 259.1664 276.3372 279.5725 269.21365 251.56827 253.4331 269.01892 271.95145 268.13235 286.92184 285.71912 261.93805 278.14676 274.5908 270.61948 263.0933 265.08057 257.7858 251.13657 244.98482 229.47571 212.49995 195.67953 165.26283 132.43217 111.78841 72.15565 14.005967 -999999.0 -999999.0 14.354166 3.5545478 -999999.0 -999999.0 -999999.0 -999999.0 7.4541225 29.447948 36.262226 39.886284 44.8549 33.237225 9.055105 -999999.0 -999999.0 -999999.0 -999999.0 -999999.0 -999999.0 -999999.0 -999999.0 -999999.0 -999999.0 -999999.0
212.27803 202.52753 199.07721 196.07115 192.9894 188.59389 194.8849 209.8977 240.97473 277.13855 269.2857 264.0952 261.35574 249.36546 264.70316 269.51953 275.2006 282.16074 281.96173 272.56485 264.3993 253.26813 257.8206 250.28935 255.65219 254.10754 245.51044 236.1383 223.23775 206.64243 190.53278 164.49422 135.49318 113.8786 74.87134 27.83154 -999999.0 -999999.0 3.4637873 6.4354715 -999999.0 -999999.0 -999999.0 -999999.0 30.77936 30.454971 21.613152 13.328883 21.52597 21.603456 1.4898169 -999999.0 -999999.0 -999999.0 -999999.0 -999999.0 -999999.0 -999999.0 -999999.0 -999999.0 -999999.0 -999999.0
207.49654 205.60284 203.10298 199.59366 197.1111 193.17735 191.1329 193.44684 224.69113 265.361 265.36682 268.30338 260.65106 255.4054 265.48233 264.7069 255.9886 270.165 276.05103 264.32617 252.74968 239.03435 229.2688 236.75034 249.82683 245.63518 244.09682 224.76854 219.63066 207.82854 192.31354 166.72957 141.05855 115.8174 65.76373 43.00159 37.79316 -999999.0 17.161257 20.256311 11.910241 -999999.0 -999999.0 -999999.0 35.01758 26.977493 23.956354 4.661373 9.455445 16.708042 -999999.0 -999999.0 -999999.0 -999999.0 -999999.0 -999999.0 -999999.0 -999999.0 -999999.0 -999999.0 -999999.0 -999999.0
206.24432 199.92542 207.02673 204.25441 200.58148 195.57518 189.00603 189.0472 205.42993 235.88568 270.4019 266.8747 259.4522 248.40822 249.89738 242.74329 247.20065 260.15668 269.8056 252.80609 241.33044 234.58199 241.63786 242.83566 238.0132 245.085 251.56825 235.35004 236.80095 221.80309 198.35365 168.2418 152.27063 114.33668 50.08396 59.07317 48.631145 48.2012 47.170124 49.386074 35.611164 19.606205 16.568018 15.219324 17.86562 14.906566 21.982534 9.600213 6.0233073 7.6729674 -999999.0 -999999.0 -999999.0 -999999.0 -999999.0 -999999.0 -999999.0 -999999.0 -999999.0 -999999.0 -999999.0 -999999.0
206.90163 205.13551 202.05937 199.91554 204.4923 197.36876 191.6742 184.9175 188.63396 211.96727 246.642 258.32047 257.7733 232.24133 237.85371 227.95857 243.31657 248.9024 255.14168 243.52835 236.6239 231.35634 247.27798 244.40302 232.72527 238.1019 250.20811 253.17476 236.87059 219.67035 206.34512 175.36105 156.66458 96.84124 11.980048 53.337708 83.40836 89.200226 90.048096 82.586525 61.456516 38.442093 30.382544 31.788221 42.78266 24.688961 18.198095 4.385041 0.0 -999999.0 -999999.0 -999999.0 -999999.0 -999999.0 -999999.0 -999999.0 -999999.0 -999999.0 -999999.0 -999999.0 -999999.0 -999999.0
203.25615 205.41356 203.04204 200.48079 195.01659 197.13562 190.49095 184.56145 197.31262 200.67325 196.19394 226.0073 247.48427 228.99483 222.57137 227.9252 243.21545 238.59528 237.0948 234.05438 230.36539 241.6093 248.2358 253.09286 250.44475 241.20041 250.28395 255.36717 247.6635 228.28207 202.504 180.94618 165.64537 119.931786 79.03202 110.24212 117.10039 103.8773 104.968506 102.38383 82.774925 57.743256 38.90642 30.542973 47.260616 63.937965 33.96401 -999999.0 -999999.0 -999999.0 -999999.0 -999999.0 -999999.0 -999999.0 -999999.0 -999999.0 -999999.0 -999999.0 -999999.0 -999999.0 -999999.0 -999999.0
200.78073 207.72441 209.74881 204.70468 198.82544 173.14734 183.56506 192.7176 196.09169 191.8636 184.98674 180.85667 200.18123 199.58705 184.86665 199.39117 217.29993 223.76936 221.83395 220.37143 226.8891 234.83307 248.92294 254.97543 252.93553 248.55028 255.31493 249.76741 239.80595 215.94333 199.36478 180.48122 170.11203 144.81584 131.08806 123.44047 124.4649 104.03013 98.054375 101.878136 92.431076 70.27792 50.068516 35.33823 36.61599 35.579346 32.538586 -999999.0 -999999.0 -999999.0 -999999.0 -999999.0 -999999.0 -999999.0 -999999.0 -999999.0 -999999.0 -999999.0 -999999.0 -999999.0 -999999.0 -999999.0
197.87292 203.93982 207.9981 216.37741 209.228 195.46205 192.8572 194.88173 192.45871 186.37883 180.29121 163.65065 164.01721 166.9762 184.49109 182.35172 190.08525 184.85454 185.26535 199.06857 229.4805 244.73701 260.09637 258.63785 267.53256 262.63745 250.41432 265.3369 231.35637 205.67018 199.37334 182.57741 165.24602 152.61711 133.32025 127.00603 123.48035 95.39397 102.164635 104.92712 102.19479 81.39908 59.199387 44.19138 33.96909 19.847624 9.225208 -999999.0 -999999.0 2.7426183 -999999.0 -999999.0 -999999.0 -999999.0 -999999.0 -999999.0 -999999.0 -999999.0 -999999.0 -999999.0 -999999.0 -999999.0
