data/TNO-HT-ATES/HT-ATES_msz2/msz2__power_P50_basecase_80-45-40.asc
ncols  140
nrows  163
xllcorner  0.0
yllcorner  300000.0
cellsize  2000.0
NODATA_value  -999999.0
[rows 28 to 55 of 163, columns 63 to 125 of 140]
2.3681743 2.6628132 2.6154847 2.5243447 2.5154605 2.4566858 2.4738464 2.4093277 2.3028426 2.3701172 2.0978427 1.8385342 2.0298278 2.3619251 2.2907982 2.2022185 2.13321 2.178986 2.2103152 2.8784034 3.2863643 3.5719583 3.6028118 3.6229312 3.7012522 3.6700506 3.5930948 3.401949 3.1261368 2.856602 2.6063223 2.3771615 2.1088676 1.8362623 1.5901623 1.5414134 1.4543163 1.2849867 1.0628239 0.96608895 0.8030913 0.0 0.0 0.0 0.0 0.0 -999999.0 -999999.0 -999999.0 -999999.0 -999999.0 -999999.0 -999999.0 -999999.0 -999999.0 -999999.0 -999999.0 -999999.0 -999999.0 -999999.0 -999999.0 -999999.0 -999999.0
2.2948484 2.4623158 2.505796 2.5817354 2.3785734 2.3505943 2.27485 2.2208774 2.1682293 2.1225557 1.877265 1.8781267 2.1122909 2.1473699 2.1788065 2.0158904 -999999.0 2.2679532 2.4306948 2.9686825 3.4822016 3.5199528 3.8448093 3.696259 3.9227517 3.7081537 3.421999 3.239008 3.0749218 2.7890966 2.4973726 2.3781493 1.8817205 1.3701392 1.0704731 1.366697 1.507264 1.259273 1.0236143 0.8878922 0.7552822 0.0 0.0 0.0 0.0 0.0 -999999.0 -999999.0 -999999.0 0.0 -999999.0 -999999.0 -999999.0 -999999.0 -999999.0 -999999.0 -999999.0 -999999.0 -999999.0 -999999.0 -999999.0 -999999.0 -999999.0
1.9345684 2.0387857 2.1671941 2.2151787 2.1551523 2.1081073 2.055407 1.972079 2.0320714 1.8264773 1.9025474 1.9878628 2.1195107 2.0746388 2.0324025 2.022372 2.4060965 2.6167474 2.8400474 3.1731217 3.411411 3.745589 3.8557158 3.786309 3.9774106 4.04468 3.3963065 3.0090253 2.8927457 1.8627805 1.8136111 1.9148284 1.5965813 1.029745 0.5650479 -999999.0 1.3881407 1.2126006 1.0125861 0.8639043 0.6699191 0.59982216 0.58115184 0.0 0.0 0.0 0.0 0.0 -999999.0 0.0 -999999.0 -999999.0 -999999.0 -999999.0 -999999.0 -999999.0 -999999.0 -999999.0 -999999.0 -999999.0 -999999.0 -999999.0 -999999.0
1.7193184 1.7666283 1.8038126 1.8437365 1.8302761 2.1018848 2.034217 1.8136623 1.7752646 1.9140399 2.0859382 2.159166 2.2388008 2.1329556 2.1642215 2.6310105 2.8950605 3.0673442 3.134157 3.2242393 3.4542353 3.189156 3.2417865 3.831743 3.893421 3.4261653 3.2629654 2.8891017 2.0624998 0.96752614 1.0566776 1.2680787 1.5620928 1.0043967 0.7549694 0.97618425 1.2056199 1.0806638 0.8901707 0.6649458 0.0 0.0 0.0 0.6312636 0.79739416 0.7317873 0.688852 0.0 0.0 0.0 0.0 -999999.0 -999999.0 -999999.0 -999999.0 -999999.0 -999999.0 -999999.0 -999999.0 -999999.0 -999999.0 -999999.0 -999999.0
1.5420325 1.5856749 1.6701872 1.7153518 1.8167105 1.9774405 1.8750198 1.750277 1.712678 1.9590633 2.1646795 2.3021982 2.4193254 2.4121401 2.4340434 2.9499464 2.9792218 3.3016388 3.306251 3.516274 3.6243248 3.3378253 3.4629118 3.970216 3.7197986 3.342053 3.3452425 3.026158 1.1704438 0.0 0.7728333 1.140441 1.2339607 1.0789032 0.9638328 1.0206337 1.05791 0.94590116 0.76455915 0.0 0.0 0.0 0.0 0.67484176 0.7966683 0.79669666 0.8517811 0.6322473 0.0 -999999.0 0.0 -999999.0 -999999.0 -999999.0 -999999.0 -999999.0 -999999.0 -999999.0 -999999.0 -999999.0 -999999.0 -999999.0 -999999.0
1.3877165 1.4960688 1.6623635 1.7731586 1.8392481 1.909423 1.7838119 1.7245058 1.3873897 1.8732346 2.2384536 2.3982701 2.5468316 2.6188524 2.6987584 3.0965748 3.30793 3.4120378 3.4197638 3.5487115 3.511757 3.2700148 3.381848 3.7675896 3.4811778 3.1667483 2.9454443 2.6246953 1.344593 1.141776 1.0217658 1.2389591 1.3759184 1.3025523 1.192307 1.0388193 0.8518665 0.6834879 0.0 0.0 0.0 0.0 0.0 0.6480467 0.73737615 0.74037665 0.7426632 0.0 0.0 0.0 -999999.0 -999999.0 -999999.0 -999999.0 -999999.0 -999999.0 -999999.0 -999999.0 -999999.0 -999999.0 -999999.0 -999999.0 -999999.0
1.1774486 1.2452158 1.5005696 1.6649681 1.719152 1.8951697 1.808294 1.7692622 1.8703141 2.0687456 2.3603952 2.473313 2.4401011 2.5657299 2.7823975 3.1400795 3.4592848 3.6589563 3.3273761 3.1972969 3.1480439 3.0785391 3.4069073 3.5931685 3.0759974 2.9710183 2.738028 2.3465483 1.4128959 1.0545511 1.2045283 1.4383419 1.6613005 1.6124487 1.4135487 1.1010686 0.81837785 0.6057799 0.0 0.0 -999999.0 0.0 0.0 0.60279155 0.69952697 0.6896477 0.0 0.0 0.0 0.0 -999999.0 -999999.0 -999999.0 -999999.0 -999999.0 -999999.0 -999999.0 -999999.0 -999999.0 -999999.0 -999999.0 -999999.0 -999999.0
1.1182046 1.2954892 1.4226749 1.5756941 1.6948161 1.7644932 1.7932382 1.742556 1.8135104 2.0887506 2.3177853 2.423735 2.3945394 2.6417236 3.3026793 3.3075595 3.5800147 3.587837 3.319572 3.0017443 2.5955184 2.594689 3.451252 3.2845387 2.899943 2.7277732 2.6280966 2.0384765 1.2896506 0.8729353 1.1009675 1.5089658 1.9497275 1.9489093 1.5997031 1.1862087 0.77512956 0.0 0.0 0.0 0.0 0.0 0.0 0.0 0.6523262 0.0 0.0 0.0 0.0 -999999.0 -999999.0 -999999.0 -999999.0 -999999.0 -999999.0 -999999.0 -999999.0 -999999.0 -999999.0 -999999.0 -999999.0 -999999.0 -999999.0
1.1149176 1.3109322 1.4677409 1.6373812 1.7305381 1.674007 1.7177997 1.7223995 1.8281455 2.164712 2.2279675 2.3857112 2.3684433 2.6372256 3.1762693 3.364653 3.6541896 3.871989 3.549832 3.0360804 2.8268487 2.9053552 3.2680948 2.9858162 2.6744418 2.544131 2.3983629 1.6283746 0.944664 0.65048826 1.1466589 1.7392074 2.0008702 1.9030837 1.7211738 1.3754013 0.8578716 0.0 0.0 0.0 0.0 0.0 0.0 0.0 0.0 0.0 0.0 0.0 -999999.0 -999999.0 0.0 0.0 -999999.0 -999999.0 -999999.0 -999999.0 -999999.0 -999999.0 -999999.0 -999999.0 -999999.0 -999999.0 -999999.0
0.9038552 1.1873338 1.4082202 1.655434 1.6933985 1.9182724 1.8133376 1.7501987 1.9248927 1.9817832 1.9118344 1.9523271 2.1689417 2.689965 3.257716 3.5216422 3.6620271 3.811659 3.6742902 3.2440689 2.8293917 2.6238756 2.7356389 2.6325583 2.2793891 2.3883688 1.9551634 1.3656813 0.7083844 0.0 1.1241888 1.9799535 1.9510663 1.8224225 1.7352074 1.3394774 0.70192385 0.0 0.0 0.0 0.0 0.0 0.0 0.0 0.0 0.0 0.0 -999999.0 0.0 0.0 0.0 0.69103694 -999999.0 -999999.0 -999999.0 -999999.0 -999999.0 -999999.0 -999999.0 -999999.0 -999999.0 -999999.0 -999999.0
0.9027072 1.12891 1.3195097 1.6432534 1.6336082 1.8441898 1.846799 1.5077448 1.5308588 1.6596994 1.7867138 1.9233338 2.2448938 2.9109561 3.4377468 3.7277124 3.993648 3.7234418 3.6034005 3.1700299 2.6599529 2.3854403 2.3027217 2.4623423 2.0525863 2.1824288 1.7141371 1.2922341 0.77785176 0.77514094 1.2524387 1.8564265 1.7833008 1.9063126 1.8285229 1.0461437 0.0 0.0 0.0 0.0 0.0 0.0 0.0 0.0 0.0 0.0 -999999.0 0.0 0.0 0.0 0.0 0.0 -999999.0 -999999.0 -999999.0 -999999.0 -999999.0 -999999.0 -999999.0 -999999.0 -999999.0 -999999.0 -999999.0
0.862638 1.1075904 1.3337156 1.5570369 1.6559515 1.8683636 1.8902493 1.6804996 1.4283834 1.4720387 1.7758371 1.9575716 2.4652154 2.84193 3.3286042 3.9984772 3.9911094 3.8331065 3.5505288 3.079217 2.4111035 2.2336545 2.232391 2.416927 2.1400783 2.056384 1.5890082 1.2221416 0.9373907 0.9644062 1.2042508 1.5521724 1.8285755 1.8039936 1.2193543 0.62081593 0.0 -999999.0 -999999.0 0.0 0.0 0.0 0.0 0.0 0.0 -999999.0 -999999.0 0.0 0.0 -999999.0 -999999.0 -999999.0 -999999.0 -999999.0 -999999.0 -999999.0 -999999.0 -999999.0 -999999.0 -999999.0 -999999.0 -999999.0 -999999.0
1.0802475 1.2486551 1.3583117 1.546608 1.5926075 2.026434 1.9370997 1.7401794 1.5872505 1.2931589 1.5661584 1.9851371 2.413228 2.759365 3.4381735 4.063492 3.9385924 3.7389343 3.4414883 2.902755 2.63481 2.310042 2.5947206 2.34458 2.1234405 2.0315106 1.6029203 1.2754407 1.0370319 0.95088196 0.98354936 1.0800767 1.1578227 1.1221004 0.77048486 0.0 0.0 -999999.0 -999999.0 0.0 0.0 0.0 0.0 0.0 0.0 0.0 0.0 0.0 -999999.0 -999999.0 -999999.0 -999999.0 -999999.0 -999999.0 -999999.0 -999999.0 -999999.0 -999999.0 -999999.0 -999999.0 -999999.0 -999999.0 -999999.0
1.281706 1.4518822 1.6480896 1.8138239 1.827675 1.9517483 2.0364366 1.8426881 1.6474184 1.6983132 1.5797232 1.8866166 2.398898 2.8661408 3.806567 3.7825556 3.669253 3.320925 3.1718967 2.818586 2.7556672 2.4122796 2.4886568 2.3677404 2.3138075 2.1782274 1.715493 1.2107787 0.99644876 0.9720911 0.85487366 0.76678836 0.6691857 0.63619375 0.0 0.0 0.0 0.0 0.0 0.0 0.0 0.0 0.0 0.0 0.0 0.0 0.0 -999999.0 -999999.0 -999999.0 -999999.0 -999999.0 -999999.0 -999999.0 -999999.0 -999999.0 -999999.0 -999999.0 -999999.0 -999999.0 -999999.0 -999999.0 -999999.0
1.4734311 1.6378921 1.8597581 2.0021083 1.9798142 1.9956356 1.9421967 1.7789747 1.5711864 1.8569562 1.623358 1.8103321 2.3576107 2.8341844 3.4556367 3.1386292 3.150519 2.9129524 2.8040798 2.5766134 2.2424269 2.3990562 2.2874343 2.3706508 2.2037358 2.0724633 1.7933465 1.3416286 1.0983919 0.8512543 0.6577386 0.0 0.0 0.0 0.0 0.0 0.0 0.0 0.0 0.0 0.0 0.0 0.0 0.0 0.0 0.0 0.0 -999999.0 -999999.0 -999999.0 -999999.0 -999999.0 -999999.0 -999999.0 -999999.0 -999999.0 -999999.0 -999999.0 -999999.0 -999999.0 -999999.0 -999999.0 -999999.0
1.6976736 1.8708622 2.0592227 2.1214895 2.0477662 2.039624 1.9630986 1.7563717 1.6781514 1.7846884 1.757264 1.8099016 1.9637749 2.3825593 2.9558527 2.8145156 2.628045 2.5213785 2.30326 1.8467604 1.8753297 1.7999291 2.007713 2.2611828 2.0659585 1.8197831 1.6117702 1.3231187 1.0169647 0.7042857 0.0 0.0 0.0 0.0 0.0 0.0 0.0 0.0 0.0 0.0 0.0 0.0 0.0 0.0 0.0 0.0 -999999.0 -999999.0 -999999.0 -999999.0 -999999.0 -999999.0 -999999.0 -999999.0 -999999.0 -999999.0 -999999.0 -999999.0 -999999.0 -999999.0 -999999.0 -999999.0 -999999.0
1.9309295 2.106993 2.2248912 2.177518 2.0663116 1.9978701 1.912194 1.8618498 1.6382596 1.7150496 1.8010072 1.8848941 1.983922 2.0074272 2.2618153 2.404676 2.176677 1.9419882 1.7531606 1.2626034 1.4282404 1.6105422 1.7511582 2.0407708 1.936822 1.6597323 1.4286611 1.2783357 1.0422139 0.66311467 0.0 0.0 0.0 0.0 0.0 0.0 0.0 0.0 0.0 0.0 0.0 0.0 0.0 0.0 -999999.0 0.0 -999999.0 -999999.0 -999999.0 -999999.0 -999999.0 -999999.0 -999999.0 -999999.0 -999999.0 -999999.0 -999999.0 -999999.0 -999999.0 -999999.0 -999999.0 -999999.0 -999999.0
2.2509487 2.4103117 2.3327682 2.1807344 2.1444669 1.9332148 1.8672 1.7140607 1.6238239 1.5880402 1.4264603 1.8875428 2.1590664 1.9524356 1.8953363 1.797139 1.664524 1.2345212 0.918305 1.0796226 1.3120366 1.4294245 1.5724641 1.8882658 1.8559976 1.6983798 1.3427497 1.2441033 1.1013227 0.7555366 0.0 0.0 0.0 0.0 0.0 0.0 0.0 0.0 0.0 0.0 0.0 0.0 -999999.0 0.0 -999999.0 -999999.0 -999999.0 -999999.0 -999999.0 -999999.0 -999999.0 -999999.0 -999999.0 -999999.0 -999999.0 -999999.0 -999999.0 -999999.0 -999999.0 -999999.0 -999999.0 -999999.0 -999999.0
2.5299778 2.6689675 2.612642 2.4031773 1.9742023 1.8622261 1.8393167 1.8585013 1.8882734 1.6853971 1.3832605 2.1188183 2.324019 1.645389 1.4392003 1.247333 0.0 0.0 0.0 0.0 0.61535734 0.92648184 1.2080915 1.576801 1.7801944 1.6628695 1.5059177 1.3275397 1.2623835 0.8818835 0.60339344 0.0 0.0 0.0 0.0 0.0 0.0 0.0 0.0 0.0 0.0 -999999.0 -999999.0 0.0 -999999.0 -999999.0 -999999.0 -999999.0 -999999.0 -999999.0 -999999.0 -999999.0 -999999.0 -999999.0 -999999.0 -999999.0 -999999.0 -999999.0 -999999.0 -999999.0 -999999.0 -999999.0 -999999.0
2.893076 3.0174513 2.9798162 2.7175753 2.2695086 2.0562942 2.0426528 2.010169 1.9470905 1.7423023 1.7428501 2.0824869 2.0629668 1.3878921 0.91540307 0.58926725 0.0 0.0 0.0 0.0 0.0 0.81004196 1.1303568 1.3929204 1.5773512 1.6448936 1.4509649 1.2418071 1.087325 0.8706444 0.63525516 0.0 0.0 0.0 0.0 0.0 0.0 0.0 0.0 0.0 0.0 -999999.0 -999999.0 -999999.0 0.0 -999999.0 -999999.0 -999999.0 -999999.0 -999999.0 -999999.0 -999999.0 -999999.0 -999999.0 -999999.0 -999999.0 -999999.0 -999999.0 -999999.0 -999999.0 -999999.0 -999999.0 -999999.0
3.3347075 3.2156365 3.1060605 2.825304 2.5256379 2.39381 2.3498766 2.297158 2.2111034 2.0301597 1.8555757 1.8107557 1.4894145 1.1418484 0.77582395 0.0 0.0 0.0 0.5972694 0.7602157 0.8278034 0.97995234 1.1462655 1.3570901 1.4032972 1.500454 1.5162151 1.2877297 1.1969272 0.9709992 0.73190784 0.0 0.6006867 0.0 0.0 0.0 0.0 0.0 0.0 0.0 0.0 -999999.0 -999999.0 0.0 0.0 -999999.0 -999999.0 -999999.0 -999999.0 -999999.0 -999999.0 -999999.0 -999999.0 -999999.0 -999999.0 -999999.0 -999999.0 -999999.0 -999999.0 -999999.0 -999999.0 -999999.0 -999999.0
3.6567698 3.5375323 3.3741393 3.0655892 2.7810726 2.6458755 2.4930024 2.3807414 2.2549653 1.9930829 1.6246864 1.451449 1.0646638 0.9521535 0.81920654 0.60001785 0.0 0.0 0.0 0.8761441 1.2138397 1.08361 1.0607272 1.17931 1.3130288 1.3336592 1.3465583 1.3864152 1.209166 1.0325484 0.8281302 0.74615204 0.0 0.0 0.0 0.0 0.0 0.0 0.0 0.0 0.0 -999999.0 0.0 0.0 0.0 -999999.0 -999999.0 -999999.0 -999999.0 -999999.0 -999999.0 -999999.0 -999999.0 -999999.0 -999999.0 -999999.0 -999999.0 -999999.0 -999999.0 -999999.0 -999999.0 -999999.0 -999999.0
3.7500772 3.6415849 3.4714966 3.2313976 2.9044845 2.6709964 2.4764504 2.3430376 2.1063116 1.7227663 1.69274 1.4444227 1.135976 1.0879387 0.84281176 1.0552516 0.63170564 0.0 0.0 0.79183394 1.2406353 1.3371563 1.0720221 0.6997932 1.3248796 0.9385875 0.95367455 1.1293452 1.1243957 0.91259336 0.7237887 0.6115892 0.0 0.0 0.0 0.0 0.0 0.0 0.0 0.0 0.0 0.0 0.0 0.0 0.0 -999999.0 -999999.0 -999999.0 -999999.0 -999999.0 -999999.0 -999999.0 -999999.0 -999999.0 -999999.0 -999999.0 -999999.0 -999999.0 -999999.0 -999999.0 -999999.0 -999999.0 -999999.0
3.5835104 3.6126397 3.4149013 3.2250583 2.8819113 2.598311 2.414345 2.2774656 2.120519 1.898925 1.7182127 1.4367571 1.1659212 1.1141198 1.1740643 1.2940012 0.74260473 0.668217 0.7974263 0.9613078 1.2744195 1.4179208 1.2931302 1.2280799 0.9801607 0.83465517 0.79782325 0.89620775 1.0427066 0.923669 0.78282475 0.6194078 0.0 0.0 0.0 0.0 0.0 0.0 0.0 0.0 0.0 0.0 0.0 0.0 0.0 -999999.0 -999999.0 -999999.0 -999999.0 -999999.0 -999999.0 -999999.0 -999999.0 -999999.0 -999999.0 -999999.0 -999999.0 -999999.0 -999999.0 -999999.0 -999999.0 -999999.0 -999999.0
3.0770197 3.101682 2.997544 2.944506 2.761401 2.5511248 2.144676 2.0211592 2.069211 2.0091653 1.8960613 1.6281991 1.3630435 1.3271091 1.368613 1.2564652 0.99886054 1.0052234 0.90307593 1.0785531 1.3260176 1.3205914 1.4386656 1.2094082 0.6262114 0.75294596 0.8450581 0.77902746 0.84395444 0.927624 1.058331 0.74483234 0.72470146 0.5755848 0.0 0.0 0.0 0.0 0.0 0.0 0.0 0.0 0.0 0.0 -999999.0 -999999.0 -999999.0 -999999.0 -999999.0 -999999.0 -999999.0 -999999.0 -999999.0 -999999.0 -999999.0 -999999.0 -999999.0 -999999.0 -999999.0 -999999.0 -999999.0 -999999.0 -999999.0
2.5548744 2.549018 2.5226593 2.5577435 2.4861767 2.3831885 2.109031 2.0220597 2.0712802 1.9650047 1.852393 1.6730444 1.4150271 1.2542031 1.2696807 1.1238351 1.4222786 1.1791838 0.95870274 1.2118186 1.5199012 1.5423063 1.5607477 1.2684816 0.83222055 1.0962129 0.94234306 0.0 0.67948 0.8939216 1.1590412 0.91863143 0.83276707 0.8213162 0.0 0.0 0.0 0.0 0.0 0.0 0.0 0.0 0.0 0.0 -999999.0 -999999.0 -999999.0 -999999.0 -999999.0 -999999.0 -999999.0 -999999.0 -999999.0 -999999.0 -999999.0 -999999.0 -999999.0 -999999.0 -999999.0 -999999.0 -999999.0 -999999.0 -999999.0
1.9624988 1.8341053 1.939886 2.162676 2.2351902 2.3496637 2.2395387 2.2469234 2.0937245 1.8560339 1.6990514 1.5256729 1.3791479 1.4312674 1.424425 1.2333602 1.5653836 1.2293783 0.96582687 1.5502352 1.7052063 1.6960341 1.5734612 1.3541859 1.1505458 0.95482904 0.8320938 0.6952233 0.65541136 0.8476636 1.1279805 1.2326049 1.1377476 0.7735669 0.0 0.0 0.0 -999999.0 0.0 0.0 0.0 0.0 0.0 0.0 -999999.0 -999999.0 -999999.0 -999999.0 -999999.0 -999999.0 -999999.0 -999999.0 -999999.0 -999999.0 -999999.0 -999999.0 -999999.0 -999999.0 -999999.0 -999999.0 -999999.0 -999999.0 -999999.0
1.6438962 1.3572786 1.6688949 1.9371719 2.099445 2.182504 2.1385279 2.1731038 1.9816533 1.694857 1.4676719 1.3504859 1.3192178 1.5826223 1.6649462 1.5132681 1.7635328 1.3441621 0.99610716 1.5969789 1.6453316 1.6371489 1.6299593 1.5090257 1.1442686 0.683332 0.7535906 0.7246827 0.67078286 1.1222277 1.4097084 1.4439741 1.2463007 0.7084013 0.0 0.0 -999999.0 -999999.0 0.0 0.0 0.0 0.0 0.0 0.0 -999999.0 -999999.0 -999999.0 -999999.0 -999999.0 -999999.0 -999999.0 -999999.0 -999999.0 -999999.0 -999999.0 -999999.0 -999999.0 -999999.0 -999999.0 -999999.0 -999999.0 -999999.0 -999999.0
