data/TNO-HT-ATES/HT-ATES_msz2/msz2__flowr_olst_P50_basecase_80-45-40.asc
ncols  140
nrows  163
xllcorner  0.0
yllcorner  300000.0
cellsize  2000.0
NODATA_value  -999999.0
[rows 28 to 55 of 163, columns 62 to 123 of 140]
145.80563 151.463 170.37047 162.98758 161.42941 161.07391 157.4401 158.63669 156.10043 148.4726 153.45483 134.95615 121.092964 133.68611 154.07822 147.99968 142.22685 139.71309 142.05481 144.33418 183.0166 208.2945 224.09831 226.51585 228.46144 234.41866 233.2469 229.29225 221.54031 201.97925 186.1221 174.64233 158.13585 141.33527 125.66993 110.533745 108.60334 101.82178 92.31442 75.49238 70.08764 58.974556 41.74351 33.078003 25.189678 15.311583 5.096174 -999999.0 -999999.0 -999999.0 -999999.0 -999999.0 -999999.0 -999999.0 -999999.0 -999999.0 -999999.0 -999999.0 -999999.0 -999999.0 -999999.0 -999999.0
132.44505 147.28343 155.44421 159.00485 164.55159 152.27402 149.27927 147.57008 143.13864 140.76802 137.56453 124.6122 122.94697 137.2857 141.10277 139.91286 131.69324 -999999.0 146.01907 157.28249 186.27692 218.18639 223.6384 242.08844 231.45045 247.35689 234.42981 219.8093 211.31868 202.83705 184.61426 166.34995 160.11165 128.98607 95.18708 79.93762 97.20523 106.104744 90.56433 73.04647 65.71304 56.409172 43.746395 38.60072 33.663727 26.428106 14.171856 -999999.0 -999999.0 -999999.0 1.0419003 -999999.0 -999999.0 -999999.0 -999999.0 -999999.0 -999999.0 -999999.0 -999999.0 -999999.0 -999999.0 -999999.0
120.06416 123.74398 133.45949 139.38081 142.24103 139.67465 136.3292 133.20473 129.34273 130.77222 121.76041 125.971596 131.1814 136.91634 135.31831 132.25761 130.40617 155.49168 165.5562 180.94635 200.08723 216.35957 233.81305 241.43884 233.84406 252.14288 260.34457 220.1239 194.80464 191.33786 129.05658 124.79074 130.88864 112.22004 75.386215 48.21403 -999999.0 98.70771 85.58025 72.62811 63.792206 50.151844 45.050762 43.354076 40.53201 42.798397 33.376568 13.789393 13.83796 -999999.0 8.6186695 -999999.0 -999999.0 -999999.0 -999999.0 -999999.0 -999999.0 -999999.0 -999999.0 -999999.0 -999999.0 -999999.0
105.81376 113.39793 115.7179 118.495995 118.80436 120.52783 137.79013 133.90945 120.033424 118.488075 126.835396 136.70967 140.67233 143.91156 137.55661 140.0473 167.87082 185.41618 194.33922 201.16328 202.94177 217.20993 203.67151 208.79822 241.95058 246.12122 218.8009 210.38284 191.32028 139.63052 71.36787 77.61063 90.027695 109.818596 74.00062 57.87792 72.43754 85.29249 77.672745 65.512375 50.01981 43.18435 39.033478 40.263702 46.149837 55.336487 51.059994 49.562748 34.662933 42.93969 3.7204895 5.184574 -999999.0 -999999.0 -999999.0 -999999.0 -999999.0 -999999.0 -999999.0 -999999.0 -999999.0 -999999.0
94.41542 101.58752 104.8448 109.44285 113.09625 118.206665 128.82913 123.12011 116.51745 114.6878 129.64784 141.98033 149.00319 154.17348 154.1287 156.86102 187.21635 189.80772 208.186 207.70793 225.39182 229.10567 210.71437 220.26619 251.04166 239.50078 214.50787 220.04182 200.10295 85.337975 17.671982 59.564156 82.81649 88.23795 77.91677 71.29123 75.33763 76.93491 68.545876 58.13574 42.554527 35.760265 36.13114 42.297905 48.38867 55.18769 54.748795 57.520267 44.70676 23.965555 -999999.0 27.626587 -999999.0 -999999.0 -999999.0 -999999.0 -999999.0 -999999.0 -999999.0 -999999.0 -999999.0 -999999.0
81.32756 92.03974 99.53943 110.139046 115.82987 120.6677 124.63852 117.84334 116.19546 95.38394 125.42794 145.16006 155.65573 164.88315 170.51003 173.81795 196.20244 208.20558 219.69461 220.27103 225.4652 220.57735 209.3366 218.38037 239.12546 221.19899 203.49997 194.26285 174.93147 95.94289 84.067375 75.69628 88.68135 95.90299 91.072975 84.08502 74.45362 63.034378 52.300484 39.453568 24.396894 19.515062 29.643322 41.278965 46.7845 51.37993 50.78069 51.317913 39.59524 22.612131 17.726032 -999999.0 -999999.0 -999999.0 -999999.0 -999999.0 -999999.0 -999999.0 -999999.0 -999999.0 -999999.0 -999999.0
65.84825 80.35312 83.62075 100.136406 108.57332 113.025154 122.68344 118.0067 117.75562 124.318306 134.504 153.25757 158.02608 156.1856 164.5402 179.81548 201.03996 219.02023 230.8231 209.52417 203.38535 199.57988 194.68617 216.70042 226.05159 196.64537 193.68033 177.8658 156.16296 100.18777 77.34631 86.85114 99.25684 111.72637 110.26375 97.10519 78.41789 59.847454 47.207485 29.088205 12.894453 -999999.0 22.733526 38.806736 44.192104 49.91739 47.974438 41.31106 25.927263 10.403422 5.1197953 -999999.0 -999999.0 -999999.0 -999999.0 -999999.0 -999999.0 -999999.0 -999999.0 -999999.0 -999999.0 -999999.0
60.8652 76.83728 86.55213 94.444 104.48399 111.26807 117.802025 118.80917 115.07657 119.02396 138.66199 150.33156 155.07875 155.22426 171.35632 207.66463 210.60283 225.45445 229.48897 208.97226 193.29814 166.17088 166.63193 217.72566 209.33534 187.69328 179.12894 175.28401 138.84247 92.95775 65.52702 80.14236 104.15843 129.43283 129.40068 108.033745 84.20422 56.771984 32.76595 25.030468 11.907921 8.580274 18.723606 34.374584 40.930614 45.983353 41.901554 28.030651 14.290183 1.5384339 -999999.0 -999999.0 -999999.0 -999999.0 -999999.0 -999999.0 -999999.0 -999999.0 -999999.0 -999999.0 -999999.0 -999999.0
64.084435 76.31127 88.84171 98.49472 109.20047 114.35422 110.385895 113.62249 114.180534 121.28321 140.81473 145.78726 156.36342 154.62457 170.0933 201.61324 213.69543 232.9735 244.215 222.06584 191.59348 180.84836 183.84631 209.31267 194.36755 175.06444 166.36035 160.2934 113.62711 69.845604 50.206814 81.04504 116.02408 131.80066 125.4481 114.45367 94.08673 62.03155 34.298424 21.55292 13.32586 13.816317 19.889565 31.140423 36.031456 38.519123 31.674725 15.709127 4.531354 -999999.0 -999999.0 1.253969 4.64851 -999999.0 -999999.0 -999999.0 -999999.0 -999999.0 -999999.0 -999999.0 -999999.0 -999999.0
55.382233 63.56908 81.392715 94.70105 110.29537 111.40232 125.79329 120.90414 116.98356 128.07002 130.64156 127.36994 129.96736 143.02776 173.61523 205.52988 222.0408 229.50676 238.0369 230.64279 207.0359 181.63191 170.44174 177.70876 171.18883 150.3208 158.32158 133.25766 97.644035 55.306335 35.219513 79.92341 131.60493 129.86908 119.92284 115.604485 91.15431 52.189728 26.796204 16.864422 13.822703 13.233991 16.617842 25.807747 29.871048 28.479603 17.602592 1.2876866 -999999.0 3.165208 10.849681 22.750368 47.174484 -999999.0 -999999.0 -999999.0 -999999.0 -999999.0 -999999.0 -999999.0 -999999.0 -999999.0
55.65109 63.522854 78.551025 90.01522 109.20478 108.13118 123.06323 123.31309 103.561714 104.98023 111.43015 121.45257 127.96009 145.29376 185.84985 216.04718 232.0397 252.55469 234.12523 228.6993 200.87373 172.6124 152.73936 149.44284 162.42159 137.90637 145.421 119.61922 93.46939 59.40088 58.983345 88.333786 123.76596 118.291626 125.9403 120.90977 73.09294 34.16687 12.493696 5.9577866 9.750114 10.544228 13.316981 20.696344 23.86648 20.08504 4.3951225 -999999.0 0.0 3.8425484 21.99546 15.3573 14.429762 -999999.0 -999999.0 -999999.0 -999999.0 -999999.0 -999999.0 -999999.0 -999999.0 -999999.0
55.97831 62.300606 77.51451 90.77489 105.71376 111.255165 124.51323 125.345894 113.92182 97.99874 100.04155 118.58289 131.10954 160.64583 181.47249 208.8477 249.52487 247.55806 240.34421 222.46548 196.14165 158.34016 147.42612 147.6795 160.50124 142.15642 137.89078 108.54148 85.562195 68.605965 71.52501 84.256874 105.6021 120.942955 120.88179 84.79109 47.018894 11.023616 -999999.0 -999999.0 6.03644 8.725723 11.583876 13.515238 12.685024 8.268964 -999999.0 -999999.0 7.548408 7.0507183 -999999.0 -999999.0 -999999.0 -999999.0 -999999.0 -999999.0 -999999.0 -999999.0 -999999.0 -999999.0 -999999.0 -999999.0
67.029816 75.661316 85.634834 92.372025 103.38259 107.26807 133.92514 129.81432 117.863304 107.34167 89.65798 106.23838 132.90567 157.51118 175.10472 216.37157 255.39876 247.04263 235.64882 219.55228 185.29236 169.40712 151.43825 173.40115 154.56161 141.88342 135.23868 111.1232 91.08163 73.51711 69.286285 70.98265 77.092026 80.64164 78.66325 56.85777 27.850267 3.350597 -999999.0 -999999.0 2.7317479 4.6834583 7.0154486 7.769672 5.038838 3.77604 12.619586 9.751084 6.265311 -999999.0 -999999.0 -999999.0 -999999.0 -999999.0 -999999.0 -999999.0 -999999.0 -999999.0 -999999.0 -999999.0 -999999.0 -999999.0
79.17256 86.88742 98.329575 110.033485 120.229195 121.4576 128.41261 135.95128 123.870056 112.527374 115.69655 107.61105 126.86627 156.05107 184.43683 236.94958 236.4447 232.38684 208.30725 203.73271 180.75217 178.49323 158.65523 163.38141 157.27408 153.17853 144.78725 115.87377 84.97057 70.80099 70.74846 62.699574 56.508408 49.56517 48.16115 36.64568 20.475832 8.229799 1.8785245 0.89126086 4.6362767 4.831023 5.487742 4.5177703 2.6185913 0.88221675 7.828405 23.81552 -999999.0 -999999.0 -999999.0 -999999.0 -999999.0 -999999.0 -999999.0 -999999.0 -999999.0 -999999.0 -999999.0 -999999.0 -999999.0 -999999.0
91.60292 98.548325 109.37548 122.30203 132.77524 130.15231 130.11874 129.65688 120.55288 108.08408 124.72744 112.8378 123.860435 157.21877 181.43161 218.95844 197.42027 198.83994 184.9341 180.50574 167.57243 146.0823 158.8329 150.13753 158.59827 146.27844 138.58224 121.38175 92.36678 79.007385 62.69324 50.248024 39.444733 29.452 23.92645 24.343975 16.261213 10.9056015 6.730662 3.727672 5.7286544 6.566628 5.534115 5.0353355 4.272725 1.1494211 25.312054 22.360075 -999999.0 -999999.0 -999999.0 -999999.0 -999999.0 -999999.0 -999999.0 -999999.0 -999999.0 -999999.0 -999999.0 -999999.0 -999999.0 -999999.0
107.58937 112.874374 125.51246 135.98573 139.98993 136.60715 135.53542 132.52885 118.74042 114.4553 121.94973 118.91468 123.72158 131.00623 153.85251 188.78154 180.7306 167.90254 163.53514 151.12604 123.85145 124.35164 119.49632 134.61966 149.38673 137.12952 123.96717 108.6276 90.61313 71.74414 52.60429 36.353333 25.917871 14.762915 10.855664 15.053145 11.483182 11.758069 9.906209 5.984577 7.0769916 9.260806 8.509171 5.0531206 2.5283203 0.8328207 8.917255 -999999.0 -999999.0 -999999.0 -999999.0 -999999.0 -999999.0 -999999.0 -999999.0 -999999.0 -999999.0 -999999.0 -999999.0 -999999.0 -999999.0 -999999.0
126.31773 126.0746 137.15605 145.46173 142.81879 136.65097 133.49837 127.64475 124.539566 111.53769 117.13787 121.12446 126.4509 132.70872 135.0279 148.1701 157.65652 141.96747 128.27788 117.17853 88.74299 97.72603 109.08555 118.23194 134.74945 127.87188 112.51862 97.748985 87.738434 72.839455 49.475002 34.29855 18.956858 5.3938622 5.48415 10.815657 11.967187 10.90888 8.094853 6.6908464 8.647252 13.460694 8.517563 4.8475933 1.2966353 -999999.0 2.3248131 -999999.0 -999999.0 -999999.0 -999999.0 -999999.0 -999999.0 -999999.0 -999999.0 -999999.0 -999999.0 -999999.0 -999999.0 -999999.0 -999999.0 -999999.0
145.46085 145.014 156.08408 152.94511 144.16283 141.20625 130.05014 125.525375 116.15991 110.79481 108.38706 99.22338 126.125534 141.43246 131.14012 128.79155 121.282234 111.75044 85.28923 66.42635 77.50021 92.37426 98.913506 106.94606 126.80136 122.070404 113.79223 91.01793 85.4761 77.08574 55.191364 39.83066 20.09651 5.6321764 10.051018 14.682969 16.476774 13.443233 10.293713 8.089069 10.132033 9.33839 7.0593095 -999999.0 1.2840577 -999999.0 -999999.0 -999999.0 -999999.0 -999999.0 -999999.0 -999999.0 -999999.0 -999999.0 -999999.0 -999999.0 -999999.0 -999999.0 -999999.0 -999999.0 -999999.0 -999999.0
157.18092 162.22983 171.88557 168.11948 158.59149 132.72203 127.25751 124.274155 125.68931 127.595535 115.911545 96.19122 142.25035 150.79178 111.31132 98.32099 86.14192 44.816578 28.957178 19.701912 33.341118 47.4326 67.277054 86.70662 107.68366 116.78417 110.615486 99.59759 91.183426 86.18659 62.488586 45.86078 31.676483 24.506922 23.534948 23.180927 23.882158 19.366596 17.931753 11.3755 6.9883947 2.7481692 -999999.0 -999999.0 2.0532289 -999999.0 -999999.0 -999999.0 -999999.0 -999999.0 -999999.0 -999999.0 -999999.0 -999999.0 -999999.0 -999999.0 -999999.0 -999999.0 -999999.0 -999999.0 -999999.0 -999999.0
173.43388 184.50548 191.4623 192.05496 176.44893 150.24077 136.84535 135.11035 134.81534 131.24149 116.73576 116.94181 137.73572 136.41437 94.99672 66.430145 45.46915 12.065957 8.866756 31.515675 35.95182 37.824818 60.404537 80.00469 96.25213 105.821144 108.739494 97.364525 85.44931 74.65912 61.557594 46.967537 34.62035 34.37487 31.99309 35.163696 35.504833 30.032652 23.093752 13.296885 7.7448606 1.0185053 -999999.0 -999999.0 -999999.0 0.80742586 -999999.0 -999999.0 -999999.0 -999999.0 -999999.0 -999999.0 -999999.0 -999999.0 -999999.0 -999999.0 -999999.0 -999999.0 -999999.0 -999999.0 -999999.0 -999999.0
201.22096 212.89325 203.48795 198.31317 180.31175 165.07431 156.65334 153.28265 151.8382 144.53531 134.35504 123.97578 120.696976 101.603424 80.25475 58.080128 15.869068 15.264554 21.085209 45.752514 55.801487 61.082882 70.231 81.6927 93.84398 94.790886 101.626274 102.31376 87.34821 81.844376 67.70208 54.17772 42.86173 43.904293 39.602444 34.26103 34.41654 26.954372 24.70092 17.064966 10.770893 1.9133934 -999999.0 -999999.0 3.3144326 2.0269563 -999999.0 -999999.0 -999999.0 -999999.0 -999999.0 -999999.0 -999999.0 -999999.0 -999999.0 -999999.0 -999999.0 -999999.0 -999999.0 -999999.0 -999999.0 -999999.0
214.90619 232.181 224.54042 214.62637 194.956 178.14874 169.95416 162.30495 155.03555 145.84554 133.28339 109.966225 98.15884 76.09964 68.75528 59.852135 46.039593 36.47015 22.212427 34.992504 63.16067 84.20011 76.18339 75.67866 82.150764 89.50898 90.63497 92.8937 93.26939 82.22225 71.26722 59.202637 54.768593 41.282627 29.455719 22.023952 21.122871 24.604046 21.853342 16.45475 10.283739 2.955488 -999999.0 3.820292 7.0643244 1.6046352 -999999.0 -999999.0 -999999.0 -999999.0 -999999.0 -999999.0 -999999.0 -999999.0 -999999.0 -999999.0 -999999.0 -999999.0 -999999.0 -999999.0 -999999.0 -999999.0
221.99 237.10004 228.60841 221.20695 206.18784 184.1431 170.748 159.40396 151.20013 137.24918 115.14979 112.9223 100.612236 79.686165 77.20319 61.871845 73.868385 47.44679 28.649975 43.7737 58.28233 86.29667 92.33565 76.057915 52.164043 90.595474 66.73238 68.026436 77.53528 77.89845 64.03429 52.367046 45.6461 32.612755 20.178997 5.471442 8.377338 21.466587 19.635603 10.275819 1.6527021 2.1261177 1.5620786 8.757502 5.441025 0.9875238 -999999.0 -999999.0 -999999.0 -999999.0 -999999.0 -999999.0 -999999.0 -999999.0 -999999.0 -999999.0 -999999.0 -999999.0 -999999.0 -999999.0 -999999.0 -999999.0
217.75504 227.04938 230.27995 215.41484 203.84795 185.42924 165.00807 153.72427 146.29004 138.17955 125.253136 115.82791 97.77957 81.50655 78.061615 82.09331 88.82293 54.96573 50.234962 58.10947 69.02686 85.941284 95.59285 89.59562 85.238655 69.92034 60.45946 58.176414 63.043774 72.62615 65.255905 54.897717 45.37623 36.596123 23.075735 14.445465 16.249613 18.144152 16.00143 11.133292 6.5729856 2.7469716 1.5338299 10.273605 6.394757 0.4629477 -999999.0 -999999.0 -999999.0 -999999.0 -999999.0 -999999.0 -999999.0 -999999.0 -999999.0 -999999.0 -999999.0 -999999.0 -999999.0 -999999.0 -999999.0 -999999.0
190.6929 195.43184 196.91776 191.48036 187.16173 175.62149 162.39627 138.50017 131.46814 133.05336 131.30682 125.73685 107.838974 94.45441 92.435326 93.58501 87.30507 71.55985 70.64189 64.97948 75.86976 90.00605 90.38599 97.24973 82.96915 47.706245 54.558662 60.96151 56.59664 59.816185 64.26966 73.18492 53.789402 53.67901 43.72136 24.276371 12.56 17.708523 11.11201 9.840178 12.062463 12.716581 14.398995 16.686172 7.7510567 -999999.0 -999999.0 -999999.0 -999999.0 -999999.0 -999999.0 -999999.0 -999999.0 -999999.0 -999999.0 -999999.0 -999999.0 -999999.0 -999999.0 -999999.0 -999999.0 -999999.0
166.66074 164.3462 166.43765 162.41359 164.3343 159.47665 151.29974 137.5615 130.08255 133.96886 127.87426 122.746346 111.754265 95.84417 87.107185 86.78293 78.42113 96.054924 81.14408 68.45324 82.61589 102.044365 103.35547 105.02095 85.74907 59.644108 75.277466 66.95561 38.62429 49.544804 62.866467 80.4334 66.211945 60.510468 59.94674 32.14865 12.94792 8.763519 5.940937 9.988811 22.404734 28.254492 27.700762 22.330137 9.402819 -999999.0 -999999.0 -999999.0 -999999.0 -999999.0 -999999.0 -999999.0 -999999.0 -999999.0 -999999.0 -999999.0 -999999.0 -999999.0 -999999.0 -999999.0 -999999.0 -999999.0
130.35355 130.0621 122.050125 129.3281 139.1268 144.80629 150.8177 143.17128 143.94699 134.78203 121.67627 113.13244 102.97087 94.1344 96.49174 96.39348 85.381744 104.83721 84.579544 67.70902 103.054146 111.66156 112.8229 104.51357 91.38881 79.331535 67.91285 60.169895 51.233063 48.661495 59.539158 78.72637 84.64645 78.90215 57.32831 28.541927 12.786829 3.1355426 -999999.0 10.573467 25.26927 34.25111 36.235374 28.25932 9.489335 -999999.0 -999999.0 -999999.0 -999999.0 -999999.0 -999999.0 -999999.0 -999999.0 -999999.0 -999999.0 -999999.0 -999999.0 -999999.0 -999999.0 -999999.0 -999999.0 -999999.0
112.47111 110.45055 93.14669 112.099915 126.04749 135.99014 141.32942 137.90181 141.87274 128.96169 110.6487 99.112885 92.45237 89.95621 107.11759 109.99908 101.24277 117.199165 90.839775 69.901886 106.29745 107.50642 106.843956 108.28052 100.09674 77.80055 51.1743 55.95958 55.091263 50.3824 77.51833 96.10403 99.85171 86.44396 52.860924 32.59659 14.287555 -999999.0 -999999.0 4.3937435 27.632793 30.221207 17.407015 20.70121 8.160317 -999999.0 -999999.0 -999999.0 -999999.0 -999999.0 -999999.0 -999999.0 -999999.0 -999999.0 -999999.0 -999999.0 -999999.0 -999999.0 -999999.0 -999999.0 -999999.0 -999999.0
