data/TNO-HT-ATES/HT-ATES_msz2/msz2__utc_P50_basecase_80-45-40.asc
ncols  140
nrows  163
xllcorner  0.0
yllcorner  300000.0
cellsize  2000.0
NODATA_value  -999999.0
[rows 28 to 55 of 163, columns 63 to 125 of 140]
4.343169 3.8987498 3.9630337 4.0957828 4.1171713 4.2157054 4.188817 4.290575 4.480991 4.373008 4.903297 5.5524592 5.0466027 4.368951 4.4937034 4.659603 4.798258 4.7068715 4.657486 3.635421 3.2162926 2.9857936 2.9617357 2.9462523 2.8868608 2.9075696 2.9611514 3.1093068 3.353353 3.637059 3.9476125 4.2977753 4.803478 5.480151 6.2956305 6.497326 6.8763137 7.74474 9.297193 10.216458 12.359114 0.0 0.0 0.0 0.0 0.0 -999999.0 -999999.0 -999999.0 -999999.0 -999999.0 -999999.0 -999999.0 -999999.0 -999999.0 -999999.0 -999999.0 -999999.0 -999999.0 -999999.0 -999999.0 -999999.0 -999999.0
4.463027 4.184786 4.122814 4.0159135 4.333478 4.385456 4.522554 4.6247096 4.734541 4.832984 5.4337053 5.426873 4.852717 4.7746143 4.704715 5.0504327 -999999.0 4.5283384 4.2545185 3.5340416 3.050247 3.0192358 2.7932088 2.8911717 2.7440012 2.88161 3.0956845 3.2499483 3.4066935 3.721308 4.1121964 4.292771 5.3560014 7.327682 9.470007 7.3476815 6.613345 7.869029 9.667855 11.142355 13.182588 0.0 0.0 0.0 0.0 0.0 -999999.0 -999999.0 -999999.0 0.0 -999999.0 -999999.0 -999999.0 -999999.0 -999999.0 -999999.0 -999999.0 -999999.0 -999999.0 -999999.0 -999999.0 -999999.0 -999999.0
5.2489634 4.9946747 4.720762 4.6340303 4.7615733 4.85263 4.9731026 5.1739964 5.0241556 5.564384 5.353676 5.13946 4.833324 4.931874 5.011004 5.0259914 4.2787356 3.9599273 3.6792402 3.324458 3.1113183 2.8609312 2.7844477 2.8270905 2.7098732 2.6704154 3.1202953 3.4802368 3.6085708 5.476136 5.595453 5.297337 6.3094625 9.898111 25.728823 -999999.0 7.1534653 8.173212 9.807314 11.544486 14.963679 16.77505 17.24995 0.0 0.0 0.0 0.0 0.0 -999999.0 0.0 -999999.0 -999999.0 -999999.0 -999999.0 -999999.0 -999999.0 -999999.0 -999999.0 -999999.0 -999999.0 -999999.0 -999999.0 -999999.0
5.882873 5.7319036 5.623942 5.5090957 5.55983 4.875874 5.0296254 5.600615 5.7122965 5.314611 4.909378 4.7526484 4.58575 4.8009977 4.7358985 3.9392655 3.6079466 3.426699 3.368175 3.2839737 3.0816004 3.3160617 3.2660685 2.8020358 2.760245 3.0946739 3.237192 3.6201508 4.9795384 10.700188 9.675858 7.954222 6.5057707 10.089694 13.741144 10.354798 8.2159815 9.170112 11.193256 15.103679 0.0 0.0 0.0 15.300804 11.80653 12.750678 13.759712 0.0 0.0 0.0 0.0 -999999.0 -999999.0 -999999.0 -999999.0 -999999.0 -999999.0 -999999.0 -999999.0 -999999.0 -999999.0 -999999.0 -999999.0
6.537651 6.367386 6.0579543 5.9077487 5.5937724 5.1616106 5.425779 5.8012075 5.93624 5.2092557 4.7391276 4.4710364 4.2675643 4.275053 4.2429705 3.5465865 3.5192986 3.2127707 3.2106092 3.0392673 2.9553943 3.1831641 3.0783699 2.7167335 2.8759766 3.1692274 3.1715136 3.47477 8.834427 0.0 14.971029 8.894023 8.140398 9.289831 10.44301 9.840327 9.438207 10.508486 13.170846 0.0 0.0 0.0 0.0 14.197103 11.818355 11.642176 10.839365 14.919944 0.0 -999999.0 0.0 -999999.0 -999999.0 -999999.0 -999999.0 -999999.0 -999999.0 -999999.0 -999999.0 -999999.0 -999999.0 -999999.0 -999999.0
7.2611217 6.741397 6.086126 5.724176 5.5304823 5.335086 5.7012734 5.889367 7.2998095 5.4494314 4.5916944 4.3024697 4.0679665 3.9625518 3.857036 3.4014928 3.2051184 3.1206903 3.1168928 3.014745 3.0425007 3.2446282 3.145335 2.8463244 3.055819 3.329518 3.5560765 3.9580219 7.6300445 9.113621 10.07541 8.128151 7.2531576 7.625176 8.322546 9.602486 11.72718 14.740912 0.0 0.0 0.0 0.0 0.0 14.789875 12.799949 12.564651 12.49083 0.0 0.0 0.0 -999999.0 -999999.0 -999999.0 -999999.0 -999999.0 -999999.0 -999999.0 -999999.0 -999999.0 -999999.0 -999999.0 -999999.0 -999999.0
8.569283 8.09818 6.7276077 6.079908 5.901049 5.380096 5.624702 5.7466645 5.4569554 4.949708 4.3697834 4.1803007 4.236319 4.043774 3.7557578 3.3647962 3.0840535 2.9350243 3.1966114 3.3165684 3.3671584 3.432353 3.125323 2.9719045 3.4181166 3.529685 3.8023164 4.395457 7.2163095 9.771242 8.426458 6.958267 5.9942803 6.1315837 6.966119 8.969648 12.177675 16.831125 0.0 0.0 -999999.0 0.0 0.0 15.956597 13.507199 13.527689 0.0 0.0 0.0 0.0 -999999.0 -999999.0 -999999.0 -999999.0 -999999.0 -999999.0 -999999.0 -999999.0 -999999.0 -999999.0 -999999.0 -999999.0 -999999.0
9.043915 7.8089767 7.0942917 6.42348 5.982635 5.7591467 5.6704707 5.8369565 5.621109 4.9068522 4.448111 4.266006 4.3163934 3.9423997 3.2171957 3.2144766 2.99308 2.9885921 3.2035055 3.515865 4.0228767 4.019185 3.0852356 3.2262816 3.6134474 3.8220687 3.950804 5.024368 7.9260707 11.843589 9.189444 6.6038084 5.104474 5.0786104 6.1314125 8.256747 12.802885 0.0 0.0 0.0 0.0 0.0 0.0 0.0 14.425294 0.0 0.0 0.0 0.0 -999999.0 -999999.0 -999999.0 -999999.0 -999999.0 -999999.0 -999999.0 -999999.0 -999999.0 -999999.0 -999999.0 -999999.0 -999999.0 -999999.0
9.083774 7.7291956 6.9018345 6.205947 5.8763614 6.0664816 5.9164157 5.905506 5.583316 4.7486835 4.625395 4.335853 4.368397 3.9509416 3.3320372 3.165502 2.939432 2.7938392 3.0195153 3.4820306 3.716667 3.622047 3.2473433 3.5236359 3.899111 4.081777 4.3051505 6.2713375 11.019609 18.101847 8.792396 5.723133 4.9626245 5.1772842 5.6840405 7.083896 11.511893 0.0 0.0 0.0 0.0 0.0 0.0 0.0 0.0 0.0 0.0 0.0 -999999.0 -999999.0 0.0 0.0 -999999.0 -999999.0 -999999.0 -999999.0 -999999.0 -999999.0 -999999.0 -999999.0 -999999.0 -999999.0 -999999.0
11.248545 8.529009 7.1879373 6.150222 6.0108643 5.3405037 5.6396856 5.8329415 5.320371 5.1655364 5.356879 5.2472496 4.7451434 3.8813798 3.259905 3.0392578 2.9344823 2.8304038 2.9263065 3.2775502 3.7154322 3.981626 3.8312888 3.9619396 4.531069 4.338744 5.239677 7.4965057 15.282889 0.0 8.970991 5.0421076 5.066483 5.371934 5.622528 7.24872 14.1528225 0.0 0.0 0.0 0.0 0.0 0.0 0.0 0.0 0.0 0.0 -999999.0 0.0 0.0 0.0 13.200687 -999999.0 -999999.0 -999999.0 -999999.0 -999999.0 -999999.0 -999999.0 -999999.0 -999999.0 -999999.0 -999999.0
11.293887 8.9869375 7.686023 6.20051 6.2419925 5.550298 5.545406 6.764662 6.6605673 6.1417074 5.7236066 5.329664 4.604587 3.607722 3.1034057 2.88717 2.714077 2.8887455 2.9762654 3.3473308 3.9353473 4.3522606 4.497687 4.2196436 5.0169196 4.7241817 5.95418 7.9322476 13.507414 13.532733 8.039007 5.354771 5.5122476 5.148249 5.3471155 9.302016 0.0 0.0 0.0 0.0 0.0 0.0 0.0 0.0 0.0 0.0 -999999.0 0.0 0.0 0.0 0.0 0.0 -999999.0 -999999.0 -999999.0 -999999.0 -999999.0 -999999.0 -999999.0 -999999.0 -999999.0 -999999.0 -999999.0
11.849044 9.177443 7.61525 6.54981 6.1651716 5.4927754 5.4327397 6.0875955 7.142976 6.930265 5.7633643 5.2476993 4.2155995 3.685291 3.192535 2.7106218 2.7162292 2.8143585 3.0159705 3.4367852 4.3157425 4.627113 4.63351 4.284512 4.8070397 4.982586 6.392205 8.318448 10.93025 10.5904 8.317098 6.3731594 5.3886538 5.433016 7.969591 16.316454 0.0 -999999.0 -999999.0 0.0 0.0 0.0 0.0 0.0 0.0 -999999.0 -999999.0 0.0 0.0 -999999.0 -999999.0 -999999.0 -999999.0 -999999.0 -999999.0 -999999.0 -999999.0 -999999.0 -999999.0 -999999.0 -999999.0 -999999.0 -999999.0
9.429864 8.1524315 7.4957147 6.593557 6.4030333 5.0801005 5.307383 5.894151 6.4445524 7.8902698 6.52792 5.184299 4.2998686 3.7915013 3.101365 2.671904 2.7466311 2.8751826 3.098285 3.619437 3.9565523 4.469746 4.0106997 4.393499 4.820731 5.0222416 6.3057537 7.9155083 9.739144 10.606044 10.161471 9.158001 8.467323 8.730371 12.959851 0.0 0.0 -999999.0 -999999.0 0.0 0.0 0.0 0.0 0.0 0.0 0.0 0.0 0.0 -999999.0 -999999.0 -999999.0 -999999.0 -999999.0 -999999.0 -999999.0 -999999.0 -999999.0 -999999.0 -999999.0 -999999.0 -999999.0 -999999.0 -999999.0
7.955276 7.0371175 6.2116013 5.6602755 5.6200175 5.278984 5.063988 5.58118 6.2224755 6.039349 6.47925 5.443548 4.326915 3.667288 2.8283296 2.8427575 2.9203396 3.1943831 3.3295505 3.706689 3.7850552 4.2815237 4.149639 4.3398614 4.432995 4.682195 5.8774424 8.264723 10.031643 10.31239 11.752516 13.120327 15.041213 15.885184 0.0 0.0 0.0 0.0 0.0 0.0 0.0 0.0 0.0 0.0 0.0 0.0 0.0 -999999.0 -999999.0 -999999.0 -999999.0 -999999.0 -999999.0 -999999.0 -999999.0 -999999.0 -999999.0 -999999.0 -999999.0 -999999.0 -999999.0 -999999.0 -999999.0
6.934229 6.2600093 5.5336337 5.149016 5.206676 5.1688147 5.3036795 5.776672 6.517042 5.550613 6.328591 5.684123 4.399778 3.6988363 3.0823393 3.3569334 3.346297 3.5925071 3.7189054 4.01982 4.5741982 4.2830553 4.48035 4.3247395 4.6245403 4.892539 5.603372 7.4255886 9.100315 11.832884 15.5714445 0.0 0.0 0.0 0.0 0.0 0.0 0.0 0.0 0.0 0.0 0.0 0.0 0.0 0.0 0.0 0.0 -999999.0 -999999.0 -999999.0 -999999.0 -999999.0 -999999.0 -999999.0 -999999.0 -999999.0 -999999.0 -999999.0 -999999.0 -999999.0 -999999.0 -999999.0 -999999.0
6.047937 5.5149865 5.023658 4.8830833 5.0456195 5.0659204 5.255598 5.8472905 6.126796 5.774806 5.852999 5.6830645 5.2365384 4.341261 3.54651 3.7066703 3.947308 4.0969825 4.4576454 5.499818 5.403331 5.606148 5.0580916 4.508147 4.897884 5.5162377 6.1905518 7.483085 9.77381 14.364103 0.0 0.0 0.0 0.0 0.0 0.0 0.0 0.0 0.0 0.0 0.0 0.0 0.0 0.0 0.0 0.0 -999999.0 -999999.0 -999999.0 -999999.0 -999999.0 -999999.0 -999999.0 -999999.0 -999999.0 -999999.0 -999999.0 -999999.0 -999999.0 -999999.0 -999999.0 -999999.0 -999999.0
5.34915 4.922745 4.6778154 4.7717686 5.014119 5.1741266 5.3905954 5.541767 6.2744684 6.002036 5.713336 5.457831 5.1817193 5.110978 4.545626 4.2847323 4.698011 5.237395 5.7783103 7.977277 7.0344925 6.242029 5.752348 4.958803 5.187769 6.001888 6.930482 7.710573 9.493888 15.169025 0.0 0.0 0.0 0.0 0.0 0.0 0.0 0.0 0.0 0.0 0.0 0.0 0.0 0.0 -999999.0 0.0 -999999.0 -999999.0 -999999.0 -999999.0 -999999.0 -999999.0 -999999.0 -999999.0 -999999.0 -999999.0 -999999.0 -999999.0 -999999.0 -999999.0 -999999.0 -999999.0 -999999.0
4.6370363 4.3488827 4.4842916 4.7748065 4.8516636 5.352168 5.5272055 5.993825 6.3225617 6.4656243 7.1868825 5.4421244 4.7703867 5.249611 5.378927 5.655423 6.0759478 8.16278 11.057489 9.3400345 7.6757326 7.0362782 6.391525 5.329367 5.3940697 5.8456273 7.3329487 7.891002 8.923643 13.090332 0.0 0.0 0.0 0.0 0.0 0.0 0.0 0.0 0.0 0.0 0.0 0.0 -999999.0 0.0 -999999.0 -999999.0 -999999.0 -999999.0 -999999.0 -999999.0 -999999.0 -999999.0 -999999.0 -999999.0 -999999.0 -999999.0 -999999.0 -999999.0 -999999.0 -999999.0 -999999.0 -999999.0 -999999.0
4.162784 3.9630709 4.040869 4.370673 5.2628326 5.55897 5.613033 5.5532436 5.4557962 6.0920625 7.398032 4.86373 4.4512696 6.1955147 7.0526676 8.1097355 0.0 0.0 0.0 0.0 16.946163 10.952968 8.302573 6.345105 5.601905 5.9537563 6.5307703 7.368383 7.7350903 11.0694275 16.612848 0.0 0.0 0.0 0.0 0.0 0.0 0.0 0.0 0.0 0.0 -999999.0 -999999.0 0.0 -999999.0 -999999.0 -999999.0 -999999.0 -999999.0 -999999.0 -999999.0 -999999.0 -999999.0 -999999.0 -999999.0 -999999.0 -999999.0 -999999.0 -999999.0 -999999.0 -999999.0 -999999.0 -999999.0
3.6883817 3.5498312 3.5905666 3.9031727 4.6158724 5.0516176 5.0674767 5.132506 5.2791 5.882422 5.87092 4.9361954 4.9738774 7.3284907 11.201736 17.922173 0.0 0.0 0.0 0.0 0.0 12.591816 8.86602 7.155348 6.2954473 6.0049624 6.7596803 7.8569317 8.957839 11.191025 15.718627 0.0 0.0 0.0 0.0 0.0 0.0 0.0 0.0 0.0 0.0 -999999.0 -999999.0 -999999.0 0.0 -999999.0 -999999.0 -999999.0 -999999.0 -999999.0 -999999.0 -999999.0 -999999.0 -999999.0 -999999.0 -999999.0 -999999.0 -999999.0 -999999.0 -999999.0 -999999.0 -999999.0 -999999.0
3.2515845 3.358454 3.462129 3.7682836 4.1689453 4.373357 4.434957 4.519497 4.6768136 5.059443 5.525798 5.653473 6.829325 8.9151325 13.350162 0.0 0.0 0.0 17.494926 13.399168 12.221846 10.260109 8.715353 7.3196993 7.0486503 6.571526 6.475678 7.5609326 8.125634 9.982017 13.602412 0.0 16.209133 0.0 0.0 0.0 0.0 0.0 0.0 0.0 0.0 -999999.0 -999999.0 0.0 0.0 -999999.0 -999999.0 -999999.0 -999999.0 -999999.0 -999999.0 -999999.0 -999999.0 -999999.0 -999999.0 -999999.0 -999999.0 -999999.0 -999999.0 -999999.0 -999999.0 -999999.0 -999999.0
3.0037804 3.0937135 3.2217288 3.4994757 3.812655 3.980841 4.1919694 4.366844 4.5798206 5.150784 6.278508 7.0142584 9.585225 10.728176 12.561051 19.343174 0.0 0.0 0.0 11.50923 8.208414 9.17011 9.394129 8.394621 7.4817123 7.3667364 7.269703 7.0237675 8.014407 9.362449 11.8315935 13.190159 0.0 0.0 0.0 0.0 0.0 0.0 0.0 0.0 0.0 -999999.0 0.0 0.0 0.0 -999999.0 -999999.0 -999999.0 -999999.0 -999999.0 -999999.0 -999999.0 -999999.0 -999999.0 -999999.0 -999999.0 -999999.0 -999999.0 -999999.0 -999999.0 -999999.0 -999999.0 -999999.0
2.9493937 3.026008 3.1467595 3.342069 3.6659796 3.9464622 4.218007 4.42752 4.8800206 5.9160805 6.0256233 7.0455384 8.964919 9.34192 12.164662 9.599062 16.446741 0.0 0.0 12.826118 8.020371 7.4358563 9.298347 14.566352 7.4303827 10.52258 10.322363 8.616556 8.60164 10.606246 13.509809 16.206623 0.0 0.0 0.0 0.0 0.0 0.0 0.0 0.0 0.0 0.0 0.0 0.0 0.0 -999999.0 -999999.0 -999999.0 -999999.0 -999999.0 -999999.0 -999999.0 -999999.0 -999999.0 -999999.0 -999999.0 -999999.0 -999999.0 -999999.0 -999999.0 -999999.0 -999999.0 -999999.0
3.0676618 3.0467877 3.193204 3.3489065 3.6950538 4.045044 4.3122244 4.5428667 4.848016 5.3894196 5.93321 7.0675197 8.710145 9.112795 8.636425 7.806112 13.825453 15.404133 12.742966 10.449854 7.801859 7.023214 7.680455 8.054486 10.115135 11.890908 12.423531 10.917937 9.272376 10.449004 12.359248 15.766468 0.0 0.0 0.0 0.0 0.0 0.0 0.0 0.0 0.0 0.0 0.0 0.0 0.0 -999999.0 -999999.0 -999999.0 -999999.0 -999999.0 -999999.0 -999999.0 -999999.0 -999999.0 -999999.0 -999999.0 -999999.0 -999999.0 -999999.0 -999999.0 -999999.0 -999999.0 -999999.0
3.5151162 3.4925678 3.5916407 3.6377668 3.84136 4.1165795 4.819301 5.0854225 4.961299 5.10475 5.3955336 6.249463 7.451128 7.630222 7.395336 8.038823 10.136748 10.01607 11.169799 9.279814 7.4786105 7.493941 6.884093 8.155367 16.271 13.269698 11.657974 12.649326 11.565289 10.414854 9.171291 13.191903 13.72342 19.525177 0.0 0.0 0.0 0.0 0.0 0.0 0.0 0.0 0.0 0.0 -999999.0 -999999.0 -999999.0 -999999.0 -999999.0 -999999.0 -999999.0 -999999.0 -999999.0 -999999.0 -999999.0 -999999.0 -999999.0 -999999.0 -999999.0 -999999.0 -999999.0 -999999.0 -999999.0
4.1721277 4.183377 4.216614 4.146936 4.234651 4.385263 4.9000554 5.0887246 4.9618654 5.2192283 5.528715 6.0935845 7.1800823 8.087854 7.9665914 9.011724 7.075482 8.485346 10.461529 8.222674 6.526274 6.423021 6.3394475 7.7469654 11.921846 8.918302 10.382373 0.0 14.585869 10.846342 8.407356 10.752314 11.889619 11.974901 0.0 0.0 0.0 0.0 0.0 0.0 0.0 0.0 0.0 0.0 -999999.0 -999999.0 -999999.0 -999999.0 -999999.0 -999999.0 -999999.0 -999999.0 -999999.0 -999999.0 -999999.0 -999999.0 -999999.0 -999999.0 -999999.0 -999999.0 -999999.0 -999999.0 -999999.0
5.3493714 5.720307 5.410861 4.858177 4.6828465 4.4547014 4.64031 4.610628 4.920295 5.517889 6.016989 6.67842 7.3725953 7.086284 7.1157475 8.196772 6.4282084 8.143288 10.370391 6.4326615 5.8394575 5.848832 6.259628 7.2234936 8.480274 10.30837 11.877618 14.3081255 15.228625 11.466614 8.682626 7.890257 8.5180235 12.9477005 0.0 0.0 0.0 -999999.0 0.0 0.0 0.0 0.0 0.0 0.0 -999999.0 -999999.0 -999999.0 -999999.0 -999999.0 -999999.0 -999999.0 -999999.0 -999999.0 -999999.0 -999999.0 -999999.0 -999999.0 -999999.0 -999999.0 -999999.0 -999999.0 -999999.0 -999999.0
6.343489 7.7018843 6.263703 5.38399 4.966705 4.7743316 4.8480844 4.7667885 5.1900787 6.039422 6.950845 7.5567145 7.718383 6.4164996 6.1040187 6.6815567 5.7328815 7.4485936 10.058145 6.2533274 6.046635 6.0520935 6.0487704 6.4910893 8.51658 14.738874 13.410791 13.896346 15.106738 8.62542 6.9120884 6.7921395 7.8179226 15.666577 0.0 0.0 -999999.0 -999999.0 0.0 0.0 0.0 0.0 0.0 0.0 -999999.0 -999999.0 -999999.0 -999999.0 -999999.0 -999999.0 -999999.0 -999999.0 -999999.0 -999999.0 -999999.0 -999999.0 -999999.0 -999999.0 -999999.0 -999999.0 -999999.0 -999999.0 -999999.0
