data/TNO-HT-ATES/HT-ATES_msz2/msz2__h_P50_basecase_80-45-40.asc
ncols  140
nrows  163
xllcorner  0.0
yllcorner  300000.0
cellsize  2000.0
NODATA_value  -999999.0
[rows 28 to 55 of 163, columns 63 to 125 of 140]
26.539999 29.16 29.7025 29.2125 28.392498 27.2375 27.2225 26.8625 26.182499 24.3125 21.7775 19.3925 21.307499 24.352499 23.6925 23.02 22.405 22.6975 22.057499 28.5125 31.7575 32.4775 32.51 31.722498 30.5475 28.942501 27.595 24.595001 21.8125 19.394999 18.019999 16.457499 15.0225 13.619999 12.179998 11.117499 10.465 9.9825 9.745 9.247499 8.157499 6.75 5.6549997 4.55 2.9875 1.05 -999999.0 -999999.0 -999999.0 -999999.0 -999999.0 -999999.0 -999999.0 -999999.0 -999999.0 -999999.0 -999999.0 -999999.0 -999999.0 -999999.0 -999999.0 -999999.0 -999999.0
25.93 27.1475 27.474998 27.422499 26.667501 26.08 25.1025 25.734999 24.667501 23.1925 19.75 19.8325 21.902498 22.367498 23.317501 21.945 -999999.0 23.6475 24.1725 28.4925 33.299995 33.715 33.407497 32.17 30.832499 29.025 26.502499 23.635 20.919998 18.7875 17.3 16.4775 13.645 10.5175 8.387501 9.8175 10.9275 10.199999 9.4275 8.6725 7.825 7.23 6.6549997 6.1749997 5.23 2.8925 -999999.0 -999999.0 -999999.0 0.2575 -999999.0 -999999.0 -999999.0 -999999.0 -999999.0 -999999.0 -999999.0 -999999.0 -999999.0 -999999.0 -999999.0 -999999.0 -999999.0
22.089998 22.744999 23.51 23.785 22.994999 23.662498 23.1225 22.569998 23.342499 20.287498 20.657501 20.669998 22.089998 21.74 22.802498 24.115 25.3075 26.967499 28.212498 30.022501 32.16 31.399998 32.485 32.695 30.767502 28.2075 25.247498 22.1975 19.650002 13.2075 13.1449995 12.984999 11.349999 7.945 3.975 -999999.0 10.79 9.907499 8.92 8.035 7.2874994 6.9275002 6.92 7.46 8.37 7.1575003 2.875 2.8224998 -999999.0 2.2275 -999999.0 -999999.0 -999999.0 -999999.0 -999999.0 -999999.0 -999999.0 -999999.0 -999999.0 -999999.0 -999999.0 -999999.0 -999999.0
19.25 20.114998 20.4475 20.359999 20.022501 22.079998 21.3525 20.0825 20.0875 20.805 21.305 21.560001 22.529999 22.274998 23.09 27.3275 29.0525 30.3525 29.6425 29.240002 31.079998 25.664999 24.48 30.2425 29.8525 26.789999 23.7975 20.545 14.539999 7.825 8.57 10.137499 10.367499 8.159999 6.4349995 7.9649997 10.227499 9.482499 8.265 7.3075 6.7574997 6.7925005 7.22 8.612499 10.85 10.842501 9.905 6.975 8.46 0.85749996 1.2249999 -999999.0 -999999.0 -999999.0 -999999.0 -999999.0 -999999.0 -999999.0 -999999.0 -999999.0 -999999.0 -999999.0 -999999.0
17.307499 17.9575 18.785 19.137499 20.26 20.935 20.02 18.8325 17.5275 19.7025 20.997498 22.345001 23.472498 25.032501 25.212498 29.602499 29.6475 30.2725 29.919998 29.9525 30.6925 27.44 26.012499 30.227499 28.41 25.265 22.5075 19.38 8.5975 1.9224999 6.54 8.9875 9.8325 9.13 8.335 8.400001 8.724999 8.5925 7.37 5.8925 5.5299997 6.5824995 7.625 9.1725 10.842499 11.75 12.33 9.49 5.06 -999999.0 5.8849998 -999999.0 -999999.0 -999999.0 -999999.0 -999999.0 -999999.0 -999999.0 -999999.0 -999999.0 -999999.0 -999999.0 -999999.0
15.3025 16.63 18.2225 19.2225 19.779999 20.21 18.939999 18.44 15.0875 18.455002 21.7825 23.24 24.675 26.252499 26.8175 29.672499 31.3675 31.057499 29.2775 30.16 29.647501 27.587498 25.72 28.654999 26.482498 23.877499 21.435001 17.607498 9.647499 7.79 7.7999997 9.9425 10.999999 10.945 10.115 8.8775 8.125 7.2875 5.75 3.7949998 3.195 5.3125 7.5475 9.0275 10.3075 11.0425 11.192499 9.0575 5.265 3.9125 -999999.0 -999999.0 -999999.0 -999999.0 -999999.0 -999999.0 -999999.0 -999999.0 -999999.0 -999999.0 -999999.0 -999999.0 -999999.0
13.215 14.064999 16.6225 18.217499 18.614998 19.49 19.235 18.377499 18.365 20.22 23.019999 24.035 23.6925 25.775 27.5625 29.6525 31.369999 30.087502 28.224998 27.064999 26.57 25.919998 25.8825 27.43 24.49 22.2325 20.01 16.214998 10.389999 7.9175 9.1725 11.389999 13.1325 13.369999 11.895 9.702499 8.102499 6.6025 4.485 2.07 -999999.0 3.82 7.2225003 8.7025 9.9725 10.5175 9.18 6.045 2.54 1.3075 -999999.0 -999999.0 -999999.0 -999999.0 -999999.0 -999999.0 -999999.0 -999999.0 -999999.0 -999999.0 -999999.0 -999999.0 -999999.0
12.2975 13.809999 15.742499 17.22 18.2075 18.627499 18.712502 18.16 18.33 20.3025 22.56 23.537498 23.294998 24.7875 30.285 29.97 31.0225 30.3475 28.947498 26.605 23.1175 23.2375 27.79 25.3075 22.7375 20.404999 18.727499 14.329999 9.559999 7.345 9.1525 12.5725 15.3825 15.715 13.742499 10.735 8.155 6.1925 4.1474996 2.1025 1.555 3.5874999 6.7324996 8.3025 9.625 9.5475 6.3625 3.4375 0.46249998 -999999.0 -999999.0 -999999.0 -999999.0 -999999.0 -999999.0 -999999.0 -999999.0 -999999.0 -999999.0 -999999.0 -999999.0 -999999.0 -999999.0
11.9775 13.407499 15.195 16.735 17.9975 17.68 18.189999 17.825 18.337498 20.177498 20.837502 22.2425 22.2425 24.734999 29.092499 29.362501 31.329998 31.144999 28.854998 25.79 24.06 23.242498 24.845001 22.89 20.574999 18.5775 17.2075 11.7775 7.2775 5.8274994 9.56 14.4 16.074999 15.7725 14.874999 12.357499 8.469999 5.5249996 3.62 2.4025 2.5049999 3.9225 6.2899995 7.5375004 8.24 7.4425 3.8149998 1.155 -999999.0 -999999.0 0.34249997 1.11 -999999.0 -999999.0 -999999.0 -999999.0 -999999.0 -999999.0 -999999.0 -999999.0 -999999.0 -999999.0 -999999.0
10.5625 13.0625 14.995 16.485 17.342499 18.039999 16.925 16.407501 17.9 19.092499 18.5175 18.8725 20.902498 24.595 28.504997 29.425 31.26 31.774998 29.525 26.6575 23.2225 21.5425 20.234999 20.302498 17.9975 16.9225 14.3225 9.754999 5.5274997 3.82 9.275 15.059999 16.122501 16.0625 15.029999 12.182499 7.685 4.4975 2.8625 2.53 2.4475 3.3474998 5.3599997 6.3974996 6.4925003 4.2549996 0.41249996 -999999.0 0.895 3.0275 6.395 11.5325 -999999.0 -999999.0 -999999.0 -999999.0 -999999.0 -999999.0 -999999.0 -999999.0 -999999.0 -999999.0 -999999.0
10.3875 12.4225 14.072499 16.3125 16.1875 17.33 17.1575 14.275 14.665 16.227499 17.345001 18.5225 20.067497 26.04 30.06 31.232498 32.985 31.425 29.095 25.8375 21.905 19.7025 18.079998 18.7025 16.1425 15.4425 12.67 9.2625 6.4275002 6.3100004 9.5975 14.372499 15.525 15.472499 14.7074995 10.039999 5.3124995 2.345 1.2475 2.03 2.19 2.9775 4.43 5.2699995 4.495 1.175 -999999.0 0.0925 1.1425 6.285 4.755 4.3599997 -999999.0 -999999.0 -999999.0 -999999.0 -999999.0 -999999.0 -999999.0 -999999.0 -999999.0 -999999.0 -999999.0
9.9625 12.0775 14.110001 15.41 16.314999 17.435 17.41 15.860001 13.775001 14.0475 16.614998 18.127499 21.47 25.9075 29.91 33.395 32.7875 31.134998 28.714998 25.125 20.22 18.5825 17.125 18.21 16.43 15.329999 12.46 9.6675 7.9125 7.839999 9.71 12.474999 14.539999 14.2875 11.039999 6.66 1.9549999 -999999.0 -999999.0 1.375 1.875 2.655 3.2124999 3.1075 1.9875 -999999.0 -999999.0 2.1100001 2.0425 -999999.0 -999999.0 -999999.0 -999999.0 -999999.0 -999999.0 -999999.0 -999999.0 -999999.0 -999999.0 -999999.0 -999999.0 -999999.0 -999999.0
11.6325 13.049999 13.92 15.6075 16.615 18.59 17.832499 16.262499 15.1175 12.842499 14.537499 17.625 21.09 24.9375 30.509998 33.707497 32.34 30.5925 27.984999 23.91 21.8525 19.34 18.1575 18.065 16.7525 15.41 12.76 10.3775 9.014999 8.59 9.0425 9.8875 10.605 10.0 7.495 4.3175 0.7325 -999999.0 -999999.0 0.66499996 1.0899999 1.68 1.9124999 1.3299999 1.0374999 3.3374999 2.6799998 1.865 -999999.0 -999999.0 -999999.0 -999999.0 -999999.0 -999999.0 -999999.0 -999999.0 -999999.0 -999999.0 -999999.0 -999999.0 -999999.0 -999999.0 -999999.0
13.345 14.287498 15.900001 17.2975 17.49 17.71 18.4375 17.0125 15.5075 15.605 14.532499 17.05 21.007498 24.7175 32.67 31.809998 30.2925 28.2375 25.805 24.064999 21.87 18.9825 18.9225 18.1 16.935001 16.397501 13.559999 11.045 9.6775 8.9175005 8.16 7.625 7.29 6.91 5.2650003 3.4575 1.585 0.4175 0.21 1.1075001 1.21 1.3675001 1.1925 0.74 0.3 2.1124997 6.1825 -999999.0 -999999.0 -999999.0 -999999.0 -999999.0 -999999.0 -999999.0 -999999.0 -999999.0 -999999.0 -999999.0 -999999.0 -999999.0 -999999.0 -999999.0 -999999.0
14.8825 15.747499 17.7225 18.925 18.775 18.6075 18.1075 16.904999 15.1275 15.877501 14.102499 15.6025 20.1275 24.529999 29.9425 28.7975 27.1 24.877499 22.949999 21.512499 19.084997 18.805 17.7375 18.4475 16.8125 15.98 14.325 11.9275 9.7074995 8.0625 6.7374997 5.4425 4.5299997 4.0225 3.79 2.7725 2.1324997 1.4375 0.84749997 1.3125 1.545 1.3625001 1.2525 1.17 0.375 6.6475 6.1075 -999999.0 -999999.0 -999999.0 -999999.0 -999999.0 -999999.0 -999999.0 -999999.0 -999999.0 -999999.0 -999999.0 -999999.0 -999999.0 -999999.0 -999999.0 -999999.0
16.692501 17.5775 19.295 19.7775 19.262499 18.915 18.232498 16.615 14.9775 15.3 15.2699995 15.732499 17.157501 21.09 24.91 24.6425 23.075 22.06 19.4725 16.18 16.67 16.5575 16.4025 17.95 17.199999 15.3875 14.077499 12.565 9.74 7.49 5.4775 3.9675 2.4725 1.9825001 2.5349998 2.24 2.3374999 2.0575 1.3399999 1.6275 2.1399999 2.1075 1.3299999 0.71999997 0.275 2.4825 -999999.0 -999999.0 -999999.0 -999999.0 -999999.0 -999999.0 -999999.0 -999999.0 -999999.0 -999999.0 -999999.0 -999999.0 -999999.0 -999999.0 -999999.0 -999999.0 -999999.0
18.79 19.962498 20.432499 20.105001 19.335 18.545 17.872498 16.37 14.69 14.7525 15.5824995 16.3575 17.38 17.7 19.5425 20.692501 19.5775 17.715 15.6375 11.87 13.2975 14.5 15.19 17.005 17.064999 15.009998 13.485 12.492499 10.109999 7.6375 5.29 3.0449998 0.9475 0.9775 2.0475001 2.3224998 2.23 1.8349999 1.5799999 1.9999999 3.075 2.0974998 1.1575 0.32 -999999.0 0.66 -999999.0 -999999.0 -999999.0 -999999.0 -999999.0 -999999.0 -999999.0 -999999.0 -999999.0 -999999.0 -999999.0 -999999.0 -999999.0 -999999.0 -999999.0 -999999.0 -999999.0
21.585 22.124998 21.6025 20.414999 20.197498 17.8875 17.4525 16.314999 14.567499 13.8575 12.747499 16.650002 18.922499 17.2375 16.842499 15.9725 15.735001 12.197499 9.197499 10.5725 11.544999 12.5075 13.5525 15.825001 16.4475 15.8075 13.4225 12.4475 10.8949995 8.702499 6.1825 3.4999998 1.06 1.8899999 2.8475 3.28 2.9575 2.36 1.885 2.37 2.175 1.7525 -999999.0 0.3725 -999999.0 -999999.0 -999999.0 -999999.0 -999999.0 -999999.0 -999999.0 -999999.0 -999999.0 -999999.0 -999999.0 -999999.0 -999999.0 -999999.0 -999999.0 -999999.0 -999999.0 -999999.0 -999999.0
24.2925 24.497498 23.7375 22.02 18.3175 17.1875 17.2475 16.5425 16.865 14.7375 12.615 18.645 20.369999 14.8925 13.199999 11.884999 6.5425 4.3575 2.9475002 4.84 6.75 8.862499 10.992499 13.654999 16.045 15.715 14.7675 13.327499 12.4574995 10.0575 7.26 5.4425 4.4049997 4.525 4.47 4.7599998 4.9049997 4.1274996 2.7050002 1.745 0.7725 -999999.0 -999999.0 0.56 -999999.0 -999999.0 -999999.0 -999999.0 -999999.0 -999999.0 -999999.0 -999999.0 -999999.0 -999999.0 -999999.0 -999999.0 -999999.0 -999999.0 -999999.0 -999999.0 -999999.0 -999999.0 -999999.0
26.7725 26.884998 26.637499 24.357498 20.7425 19.372501 19.6075 18.965 18.614998 16.3125 16.554998 19.1425 18.807499 12.862499 8.995 6.4024997 1.8249999 1.4124999 4.56 5.275 5.5125 8.035 10.5625 12.594999 14.584999 15.754999 14.41 12.8375 11.5875 10.0025 7.4275 6.0325 6.4375 6.255 7.1075 7.0449996 6.2874994 4.8574996 3.0625 1.91 0.2975 -999999.0 -999999.0 -999999.0 0.2625 -999999.0 -999999.0 -999999.0 -999999.0 -999999.0 -999999.0 -999999.0 -999999.0 -999999.0 -999999.0 -999999.0 -999999.0 -999999.0 -999999.0 -999999.0 -999999.0 -999999.0 -999999.0
29.675 30.197498 29.1175 26.922499 24.6075 22.994999 22.9475 22.08 20.1875 18.797499 16.887499 16.4975 14.09 10.907499 7.89 2.355 2.3425 3.1949997 6.7 8.235 8.799999 9.577499 10.857499 12.665 13.559999 14.055 14.365001 13.32 12.115 10.8324995 7.6274996 6.2225 8.0075 8.0175 7.0175 6.8574996 5.785 4.955 3.6174998 2.6425 0.555 -999999.0 -999999.0 1.0 0.7525 -999999.0 -999999.0 -999999.0 -999999.0 -999999.0 -999999.0 -999999.0 -999999.0 -999999.0 -999999.0 -999999.0 -999999.0 -999999.0 -999999.0 -999999.0 -999999.0 -999999.0 -999999.0
33.164997 32.752495 30.824999 28.634998 26.897501 25.27 24.322498 23.0075 22.195 18.5775 15.4525 13.719999 10.5475 9.625 8.487499 6.5325003 5.435 3.5375 5.43 9.365 12.189999 11.6 10.545 11.7775 13.647499 12.9425 12.91 13.7675 12.575 11.134999 8.76 7.9075 7.1075 5.4275 4.17 4.1875 5.3424997 4.665 3.6274998 2.6125 0.87749994 -999999.0 1.0050001 2.0575 0.62 -999999.0 -999999.0 -999999.0 -999999.0 -999999.0 -999999.0 -999999.0 -999999.0 -999999.0 -999999.0 -999999.0 -999999.0 -999999.0 -999999.0 -999999.0 -999999.0 -999999.0 -999999.0
34.622498 33.8775 31.689999 29.7225 27.727499 25.64 24.352499 22.814999 20.864998 17.3425 16.172499 13.647499 11.1225 10.8324995 8.775001 10.6975 7.1575 4.4874997 6.5249996 8.5225 12.589999 12.95 10.3675 7.3449993 12.9025 9.77 9.877501 11.6325 11.965 10.357499 8.58 7.39 5.56 3.815 1.1475 1.78 4.7300005 4.3175 2.36 0.45499998 0.67 0.53749996 2.3274999 1.72 0.3575 -999999.0 -999999.0 -999999.0 -999999.0 -999999.0 -999999.0 -999999.0 -999999.0 -999999.0 -999999.0 -999999.0 -999999.0 -999999.0 -999999.0 -999999.0 -999999.0 -999999.0 -999999.0
32.94 32.6675 31.4525 30.150002 27.572502 25.647501 24.5525 23.0325 21.664999 17.915 16.397501 14.049999 11.772499 11.267499 11.5575 12.754999 8.094999 7.6099997 8.6325 10.1025 12.987499 13.072499 12.072499 11.725 9.7725 8.827499 8.65 9.742499 11.325 10.525 9.367499 8.1425 6.5275 4.2825003 2.855 3.4275 4.1074996 3.6899998 2.4825 1.6524999 0.7425 0.43999997 2.5925 1.8499999 0.21000001 -999999.0 -999999.0 -999999.0 -999999.0 -999999.0 -999999.0 -999999.0 -999999.0 -999999.0 -999999.0 -999999.0 -999999.0 -999999.0 -999999.0 -999999.0 -999999.0 -999999.0 -999999.0
29.404999 29.1775 28.789999 28.072498 27.0075 25.3725 22.1325 20.677498 21.07 19.434998 17.832499 15.657499 13.47 13.247499 13.25 12.3825 10.29 10.610001 9.602499 11.2 14.0175 13.5824995 13.6 12.0125 7.0499997 8.115 9.094999 8.6675 9.35 10.287499 9.84 7.8849998 7.08 5.9075 4.0874996 2.2725 3.51 2.585 2.4375 2.8974998 2.9624999 3.48 4.0699997 2.1625 -999999.0 -999999.0 -999999.0 -999999.0 -999999.0 -999999.0 -999999.0 -999999.0 -999999.0 -999999.0 -999999.0 -999999.0 -999999.0 -999999.0 -999999.0 -999999.0 -999999.0 -999999.0 -999999.0
25.125 24.574999 24.625 25.332499 25.384998 24.447498 21.927498 20.494999 21.037498 18.949999 17.33 15.95 13.835 12.5625 12.7525 11.247499 14.0525 12.6075 10.7225 12.715 15.915 15.7175 14.872499 12.744999 9.025 11.190001 9.95 6.6424994 7.7599993 9.724999 9.65 7.85 7.3925 7.5474997 4.39 1.9499999 1.5374999 1.2324998 2.2625 4.31 5.7025 6.4449997 5.4049997 2.655 -999999.0 -999999.0 -999999.0 -999999.0 -999999.0 -999999.0 -999999.0 -999999.0 -999999.0 -999999.0 -999999.0 -999999.0 -999999.0 -999999.0 -999999.0 -999999.0 -999999.0 -999999.0 -999999.0
20.0625 18.572498 19.7875 22.305 23.555 23.332499 22.447498 21.93 20.537498 17.9125 16.0025 14.587499 13.49 14.112499 13.647499 12.275 15.4375 13.205 10.9025 15.169999 16.84 16.970001 16.2175 14.5375 12.622499 9.695 8.665 7.75 7.3799996 9.21 9.014999 9.8675 9.672499 6.7775 3.6274998 1.685 0.47499996 -999999.0 2.1599998 4.9375 6.5924997 8.102499 6.8099995 2.81 -999999.0 -999999.0 -999999.0 -999999.0 -999999.0 -999999.0 -999999.0 -999999.0 -999999.0 -999999.0 -999999.0 -999999.0 -999999.0 -999999.0 -999999.0 -999999.0 -999999.0 -999999.0 -999999.0
17.337502 13.94 17.14 21.312498 22.837498 22.684998 22.5 21.215 19.4825 16.4725 14.47 12.9775 12.8825 15.209999 15.5199995 14.5725 17.0375 14.2125 11.155 15.5425 16.539999 16.7625 16.755 15.94 12.58 7.3875 7.1174994 7.0424995 6.6349998 10.2675 10.247499 10.164999 9.564999 6.3725 4.1625004 1.7624999 -999999.0 -999999.0 0.88249993 5.215 6.0 4.0899997 5.2225 2.7199998 -999999.0 -999999.0 -999999.0 -999999.0 -999999.0 -999999.0 -999999.0 -999999.0 -999999.0 -999999.0 -999999.0 -999999.0 -999999.0 -999999.0 -999999.0 -999999.0 -999999.0 -999999.0 -999999.0
