data/TNO-HT-ATES/HT-ATES_msz2/msz2__temp_end_prod_P50_basecase_80-45-40.asc
ncols  140
nrows  163
xllcorner  0.0
yllcorner  300000.0
cellsize  2000.0
NODATA_value  -999999.0
[rows 56 to 83 of 163, columns 63 to 125 of 140]
50.944363 51.229767 51.648113 51.629166 51.69627 51.645798 51.58208 51.20924 50.675426 50.150017 49.50668 49.25064 49.659138 50.370655 49.930748 50.70873 50.460346 49.799942 49.37747 49.922474 50.063828 50.190735 50.22354 50.036507 49.472946 47.010162 46.46326 45.82701 45.54884 47.911495 47.85295 47.570053 47.11167 46.32533 45.00665 0.0 -999999.0 -999999.0 -999999.0 -999999.0 0.0 0.0 0.0 0.0 -999999.0 -999999.0 -999999.0 -999999.0 -999999.0 -999999.0 -999999.0 -999999.0 -999999.0 -999999.0 -999999.0 -999999.0 -999999.0 -999999.0 -999999.0 -999999.0 -999999.0 -999999.0 -999999.0
50.622242 50.870766 51.20522 51.417927 51.47766 51.499687 51.135353 50.674473 49.91313 49.528297 49.647602 49.572674 49.69046 50.462395 50.219833 50.931637 50.484818 50.020004 50.202457 50.047783 50.195686 50.43798 50.454727 50.296997 49.859604 46.851986 45.742645 45.49103 45.421177 47.91634 47.70698 47.013496 46.46973 45.885307 45.382084 0.0 -999999.0 -999999.0 -999999.0 -999999.0 -999999.0 -999999.0 0.0 0.0 -999999.0 -999999.0 -999999.0 -999999.0 -999999.0 -999999.0 -999999.0 -999999.0 -999999.0 -999999.0 -999999.0 -999999.0 -999999.0 -999999.0 -999999.0 -999999.0 -999999.0 -999999.0 -999999.0
49.906162 50.11649 50.51495 51.080185 51.204918 50.928333 50.531178 49.80888 49.33799 49.296947 49.620785 49.994125 50.21467 50.249516 50.96641 50.96936 50.478485 50.06125 50.29428 50.234173 50.487396 50.701 50.601128 50.580956 49.92086 46.896076 46.29614 46.821712 46.62147 47.345753 46.810413 46.255535 45.875927 45.575287 45.28693 45.175194 45.0233 -999999.0 -999999.0 -999999.0 -999999.0 -999999.0 0.0 -999999.0 -999999.0 -999999.0 -999999.0 -999999.0 -999999.0 -999999.0 -999999.0 -999999.0 -999999.0 -999999.0 -999999.0 -999999.0 -999999.0 -999999.0 -999999.0 -999999.0 -999999.0 -999999.0 -999999.0
49.40498 49.880413 50.0359 50.488598 50.4564 50.26783 49.88966 49.504562 48.990894 49.300182 49.308517 49.61724 50.055176 49.635914 50.569206 50.543873 50.209213 50.58624 50.22989 50.4652 50.84062 51.00885 50.79353 50.67861 50.28057 48.01685 47.99185 48.458557 48.23841 47.504097 46.120457 46.038517 45.967308 45.553326 45.018246 45.028206 45.01765 45.31366 0.0 0.0 -999999.0 -999999.0 0.0 0.0 -999999.0 -999999.0 -999999.0 -999999.0 -999999.0 -999999.0 -999999.0 -999999.0 -999999.0 -999999.0 -999999.0 -999999.0 -999999.0 -999999.0 -999999.0 -999999.0 -999999.0 -999999.0 -999999.0
50.067825 50.218616 49.129707 49.791393 50.013504 49.676773 49.331715 48.869923 48.758217 48.98158 48.5944 48.447968 49.19942 49.682644 49.370472 48.879635 50.244274 50.63383 50.603443 50.941456 51.33949 51.330025 51.0141 50.702816 50.34157 48.999313 49.028393 49.180817 49.214672 48.420097 47.68533 47.192474 46.501297 46.099377 45.012516 45.013905 45.004757 45.0627 47.179916 47.820892 0.0 -999999.0 -999999.0 0.0 -999999.0 -999999.0 -999999.0 -999999.0 -999999.0 -999999.0 -999999.0 -999999.0 -999999.0 -999999.0 -999999.0 -999999.0 -999999.0 -999999.0 -999999.0 -999999.0 -999999.0 -999999.0 -999999.0
49.947254 48.389824 0.0 49.470078 49.22841 48.94964 48.53347 48.210804 48.512363 48.491367 48.23827 47.847736 48.242725 49.001392 48.504047 48.83524 49.28167 49.75821 50.833134 51.04935 51.245155 51.302856 51.102695 50.744125 49.72781 48.72115 48.506798 48.99633 49.53931 49.284573 48.977238 48.15145 47.297504 46.478672 45.676785 45.549896 45.760963 45.36866 48.30598 0.0 47.78097 -999999.0 -999999.0 -999999.0 -999999.0 -999999.0 -999999.0 -999999.0 -999999.0 -999999.0 -999999.0 -999999.0 -999999.0 -999999.0 -999999.0 -999999.0 -999999.0 -999999.0 -999999.0 -999999.0 -999999.0 -999999.0 -999999.0
49.860104 0.0 0.0 48.500324 48.562386 48.89087 48.756397 48.440975 48.20853 47.72412 47.677612 47.529804 47.672146 48.07504 48.53499 49.138054 49.4244 49.59876 49.91536 50.565025 50.977753 51.20698 51.195885 51.140564 49.890244 48.62113 48.32711 49.01827 49.85507 50.116936 49.477722 48.567913 47.527386 47.3204 47.81741 47.85362 48.10445 47.95415 45.910706 48.373516 0.0 45.469353 0.0 -999999.0 -999999.0 -999999.0 -999999.0 -999999.0 -999999.0 -999999.0 -999999.0 -999999.0 -999999.0 -999999.0 -999999.0 -999999.0 -999999.0 -999999.0 -999999.0 -999999.0 -999999.0 -999999.0 -999999.0
49.64429 0.0 0.0 47.38397 0.0 47.5281 47.768272 47.917088 47.811707 47.70942 47.602314 47.467476 47.76416 47.706882 48.091045 48.99011 49.19088 49.48853 49.45549 49.59416 49.9794 50.925087 51.131035 50.857853 50.299995 49.24498 49.04116 49.425232 50.197777 50.388893 49.975925 48.84108 47.544357 47.924458 48.76857 49.72891 49.21603 48.582546 45.588898 47.293728 47.579517 46.211716 0.0 0.0 -999999.0 -999999.0 -999999.0 -999999.0 -999999.0 -999999.0 -999999.0 -999999.0 -999999.0 -999999.0 -999999.0 -999999.0 -999999.0 -999999.0 -999999.0 -999999.0 -999999.0 -999999.0 -999999.0
49.304012 0.0 0.0 0.0 0.0 0.0 0.0 0.0 47.469246 47.519672 47.144928 47.638123 48.031418 48.156998 47.72212 47.567017 48.718388 49.258545 49.040154 48.662594 49.073593 49.832535 50.480843 50.429295 50.05701 49.60533 48.96352 48.680805 49.32574 49.93181 50.661713 49.390347 47.86645 47.738186 47.768658 48.832424 48.4438 47.889217 47.60242 47.29066 46.586655 0.0 0.0 0.0 0.0 -999999.0 -999999.0 -999999.0 -999999.0 -999999.0 -999999.0 -999999.0 -999999.0 -999999.0 -999999.0 -999999.0 -999999.0 -999999.0 -999999.0 -999999.0 -999999.0 -999999.0 -999999.0
49.071327 47.416164 0.0 0.0 0.0 0.0 0.0 0.0 0.0 0.0 0.0 48.11377 48.375275 48.294243 47.667294 47.418533 47.082058 48.01224 48.674034 48.568306 48.9611 49.587708 50.059654 50.32359 49.659046 48.766777 48.481525 49.051075 49.841908 50.2821 49.969025 49.250603 47.785248 45.473587 45.03655 46.40469 46.55935 46.301556 48.300938 47.654755 47.048634 0.0 0.0 0.0 -999999.0 -999999.0 -999999.0 -999999.0 -999999.0 -999999.0 -999999.0 -999999.0 -999999.0 -999999.0 -999999.0 -999999.0 -999999.0 -999999.0 -999999.0 -999999.0 -999999.0 -999999.0 -999999.0
50.12164 49.090435 48.215405 0.0 0.0 0.0 0.0 0.0 0.0 0.0 0.0 47.279236 48.29906 48.054764 47.807426 47.86622 47.80263 47.736217 47.480526 47.834972 48.320972 49.084373 50.044575 50.092823 48.96014 47.83191 47.04122 49.073772 49.67363 49.9217 49.281242 48.702274 47.971367 46.470966 45.022327 46.16176 48.748108 49.16304 48.919205 48.26243 0.0 0.0 0.0 0.0 -999999.0 -999999.0 -999999.0 -999999.0 -999999.0 -999999.0 -999999.0 -999999.0 -999999.0 -999999.0 -999999.0 -999999.0 -999999.0 -999999.0 -999999.0 -999999.0 -999999.0 -999999.0 -999999.0
50.91698 50.71178 50.245457 49.4904 48.466198 47.633385 0.0 0.0 0.0 0.0 0.0 0.0 47.59103 47.319756 47.271793 48.661716 48.94808 48.075607 0.0 0.0 47.099728 48.800236 50.065075 50.287533 48.597805 48.6152 49.56615 49.33645 49.160053 48.89062 47.492294 47.02212 46.6569 46.885628 46.759064 48.277386 50.274014 50.19279 49.56682 48.39597 0.0 0.0 0.0 0.0 0.0 -999999.0 -999999.0 -999999.0 -999999.0 -999999.0 -999999.0 -999999.0 -999999.0 -999999.0 -999999.0 -999999.0 -999999.0 -999999.0 -999999.0 -999999.0 -999999.0 -999999.0 -999999.0
51.65122 51.650433 51.570324 51.086067 49.937332 48.69276 47.474644 46.974773 47.033646 0.0 0.0 0.0 47.055805 0.0 0.0 50.15501 50.05411 48.347454 0.0 0.0 0.0 48.504665 49.65409 48.803074 48.31494 49.232895 49.627285 49.50351 49.267727 48.57465 47.054623 46.514576 45.023445 45.460835 48.231773 49.82973 51.111015 50.745945 50.09411 47.44543 0.0 0.0 0.0 0.0 -999999.0 -999999.0 -999999.0 -999999.0 -999999.0 -999999.0 -999999.0 -999999.0 -999999.0 -999999.0 -999999.0 -999999.0 -999999.0 -999999.0 -999999.0 -999999.0 -999999.0 -999999.0 -999999.0
51.890694 52.1081 51.847084 51.731434 51.077877 50.050182 48.605583 47.029987 0.0 0.0 0.0 0.0 0.0 0.0 0.0 51.123516 50.39203 48.5145 0.0 0.0 0.0 49.059944 49.27018 48.95277 48.954712 49.55359 49.678463 49.64515 49.92665 49.70761 48.802197 47.936016 46.33328 45.59576 48.072983 50.187733 51.207783 50.967945 0.0 45.890198 0.0 0.0 0.0 0.0 -999999.0 -999999.0 -999999.0 -999999.0 -999999.0 -999999.0 -999999.0 -999999.0 -999999.0 -999999.0 -999999.0 -999999.0 -999999.0 -999999.0 -999999.0 -999999.0 -999999.0 -999999.0 -999999.0
51.64865 51.813282 51.70197 51.835403 51.471703 50.81438 49.50228 47.194424 0.0 0.0 0.0 0.0 0.0 49.288548 50.00888 50.551292 50.14311 48.81315 47.80076 46.998325 48.158207 49.201534 48.613632 49.030914 49.279404 49.80967 49.881176 49.986214 50.50945 50.815548 50.453396 49.180294 47.945446 47.765484 47.035503 49.32442 50.456684 50.724346 46.053986 46.10536 0.0 0.0 0.0 -999999.0 -999999.0 -999999.0 -999999.0 -999999.0 -999999.0 -999999.0 -999999.0 -999999.0 -999999.0 -999999.0 -999999.0 -999999.0 -999999.0 -999999.0 -999999.0 -999999.0 -999999.0 -999999.0 -999999.0
51.90377 52.037292 51.96218 52.21958 51.877914 51.182068 50.416203 48.870354 46.75868 0.0 0.0 0.0 0.0 48.76016 49.869045 50.11845 49.883614 49.284523 48.6997 48.580677 48.941463 49.081257 49.273388 49.300014 49.556915 49.900425 50.164047 50.576138 51.059265 51.045776 50.74553 49.681396 48.588142 47.8708 47.190647 49.052082 48.669933 -999999.0 47.608177 0.0 0.0 0.0 -999999.0 -999999.0 -999999.0 -999999.0 -999999.0 -999999.0 -999999.0 -999999.0 -999999.0 -999999.0 -999999.0 -999999.0 -999999.0 -999999.0 -999999.0 -999999.0 -999999.0 -999999.0 -999999.0 -999999.0 -999999.0
52.67016 52.74536 52.672813 52.453423 52.18252 51.7102 51.311462 50.419575 49.069183 46.898537 0.0 0.0 47.088287 48.54599 49.215027 49.686893 49.474945 49.41226 48.972904 48.863804 48.59207 48.936565 49.38415 49.616062 49.750534 50.036774 50.76805 50.91533 51.080997 50.85689 50.531044 49.862103 48.727665 47.902546 47.609093 48.551163 45.99848 -999999.0 45.2075 45.512516 0.0 0.0 -999999.0 -999999.0 -999999.0 -999999.0 -999999.0 -999999.0 -999999.0 -999999.0 -999999.0 -999999.0 -999999.0 -999999.0 -999999.0 -999999.0 -999999.0 -999999.0 -999999.0 -999999.0 -999999.0 -999999.0 -999999.0
52.425167 52.912262 52.209415 52.59858 52.40039 52.22077 52.104744 51.569477 50.187943 48.292057 47.100967 46.87387 48.052593 48.094734 48.424603 48.728497 48.79561 48.575996 47.937374 47.77174 47.344376 47.700573 48.532608 49.49973 49.801914 50.493046 51.0905 51.262566 51.053406 50.66732 50.46529 49.876167 48.880917 48.147934 48.354813 48.984722 45.815426 45.016365 45.819054 0.0 0.0 0.0 0.0 -999999.0 -999999.0 -999999.0 -999999.0 -999999.0 -999999.0 -999999.0 -999999.0 -999999.0 -999999.0 -999999.0 -999999.0 -999999.0 -999999.0 -999999.0 -999999.0 -999999.0 -999999.0 -999999.0 -999999.0
52.49699 52.281666 52.279686 52.618206 52.47416 52.421482 52.46706 52.10877 50.612484 48.784794 47.76374 48.133976 49.027367 46.812336 46.824814 46.92382 46.645615 47.241978 46.212124 45.299488 46.164024 46.422646 47.183636 48.68808 49.42933 50.371952 50.978767 51.2266 51.045933 50.546474 50.129204 49.490883 48.69982 48.595345 48.932182 49.872944 47.90077 47.182644 46.202446 46.601845 0.0 0.0 0.0 -999999.0 -999999.0 -999999.0 -999999.0 -999999.0 -999999.0 -999999.0 -999999.0 -999999.0 -999999.0 -999999.0 -999999.0 -999999.0 -999999.0 -999999.0 -999999.0 -999999.0 -999999.0 -999999.0 -999999.0
52.48365 52.470085 52.21603 52.629883 52.44273 52.403202 52.414684 51.93927 50.292576 49.654152 48.658485 48.370853 48.91669 -999999.0 45.483936 46.474003 46.51175 46.510548 45.873978 0.0 46.198353 46.835457 47.170864 47.59908 49.15055 49.587242 50.5705 50.88409 51.082417 50.89578 49.812515 48.81947 47.828773 48.132812 48.939785 50.129566 49.280907 49.080986 47.266006 46.917587 0.0 0.0 0.0 0.0 -999999.0 -999999.0 -999999.0 -999999.0 -999999.0 -999999.0 -999999.0 -999999.0 -999999.0 -999999.0 -999999.0 -999999.0 -999999.0 -999999.0 -999999.0 -999999.0 -999999.0 -999999.0 -999999.0
52.796097 52.176632 52.21421 52.492798 52.335445 52.231033 52.07155 51.44256 50.233932 50.567204 50.669754 50.040905 47.85189 0.0 46.78351 47.806957 47.488 47.85394 46.721165 0.0 45.13704 46.189125 46.880646 47.391056 47.602394 49.3806 50.37331 50.640526 51.03771 50.700996 50.185406 49.96925 49.170048 47.95991 49.819366 50.49388 49.21139 46.37588 48.222412 0.0 0.0 0.0 0.0 0.0 -999999.0 -999999.0 -999999.0 -999999.0 -999999.0 -999999.0 -999999.0 -999999.0 -999999.0 -999999.0 -999999.0 -999999.0 -999999.0 -999999.0 -999999.0 -999999.0 -999999.0 -999999.0 -999999.0
52.580227 52.480907 52.394592 52.190693 52.09689 51.928925 51.74031 51.2108 50.90646 51.36845 51.84345 51.33267 49.574165 48.238113 49.442135 49.119976 48.662163 48.510788 47.72251 46.657196 45.788593 45.872864 47.03684 47.888866 48.70651 49.549206 50.02379 50.046745 49.97881 50.39579 50.69678 51.010284 50.680332 50.064606 50.636265 50.867584 49.330265 47.617 46.160812 48.267982 0.0 0.0 0.0 0.0 -999999.0 -999999.0 -999999.0 -999999.0 -999999.0 -999999.0 -999999.0 -999999.0 -999999.0 -999999.0 -999999.0 -999999.0 -999999.0 -999999.0 -999999.0 -999999.0 -999999.0 -999999.0 -999999.0
52.38355 52.29086 52.117832 51.93738 51.73058 51.4115 51.194942 51.031086 51.188385 51.38276 52.412678 51.56033 50.147404 48.7006 48.871986 49.877872 49.761517 49.197567 48.557606 47.929337 47.14901 47.446503 48.258503 48.683224 49.427303 49.97298 49.92221 48.922836 48.830727 50.223232 50.76205 50.969887 51.156086 50.08119 50.553196 50.649025 49.3339 47.918602 50.119297 49.922203 0.0 0.0 0.0 -999999.0 -999999.0 -999999.0 -999999.0 -999999.0 -999999.0 -999999.0 -999999.0 -999999.0 -999999.0 -999999.0 -999999.0 -999999.0 -999999.0 -999999.0 -999999.0 -999999.0 -999999.0 -999999.0 -999999.0
52.070087 51.947163 51.696373 51.410652 51.083424 50.32335 50.238163 51.430202 51.896683 51.487003 51.649845 51.041306 49.835594 46.947216 48.977997 50.79725 50.838062 50.043156 48.74128 48.06738 47.977055 48.65931 49.254875 49.805973 50.384026 50.68179 49.808372 48.864872 49.957527 51.215652 51.246986 50.907066 50.69072 50.396713 50.09931 49.791206 48.8632 49.463642 50.35152 49.833546 0.0 0.0 0.0 0.0 -999999.0 -999999.0 -999999.0 -999999.0 -999999.0 -999999.0 -999999.0 -999999.0 -999999.0 -999999.0 -999999.0 -999999.0 -999999.0 -999999.0 -999999.0 -999999.0 -999999.0 -999999.0 -999999.0
51.512615 51.098866 50.743526 50.516132 50.412468 48.90249 49.96649 51.405178 51.909843 51.733997 51.26556 50.70577 49.676872 48.667362 50.58774 52.065296 51.801804 50.77513 49.354446 47.58612 48.483803 49.492527 50.184193 50.848934 51.2986 51.018284 49.99498 49.53994 50.835194 51.240368 51.122967 50.597935 50.234818 49.9815 49.9442 49.541023 49.13699 49.168945 49.513714 49.8329 0.0 0.0 0.0 0.0 -999999.0 -999999.0 -999999.0 -999999.0 -999999.0 -999999.0 -999999.0 -999999.0 -999999.0 -999999.0 -999999.0 -999999.0 -999999.0 -999999.0 -999999.0 -999999.0 -999999.0 -999999.0 -999999.0
50.534058 50.082424 49.247658 48.675285 48.951023 48.413055 49.211082 50.88368 51.337418 51.119812 50.695175 50.572952 49.430813 48.442745 50.74391 52.166233 51.96925 50.52036 48.484013 47.575054 48.245975 49.477173 50.359127 51.400394 51.886295 50.331715 49.609352 50.598587 51.303665 51.2293 51.135113 50.979355 50.630318 50.34174 48.881737 48.930305 48.871353 48.943363 48.76202 0.0 0.0 0.0 0.0 0.0 0.0 -999999.0 -999999.0 -999999.0 -999999.0 -999999.0 -999999.0 -999999.0 -999999.0 -999999.0 -999999.0 -999999.0 -999999.0 -999999.0 -999999.0 -999999.0 -999999.0 -999999.0 -999999.0
50.604115 49.041077 47.92059 47.101074 47.34801 47.448788 47.71526 48.73651 50.090717 50.02573 49.319138 46.27566 46.74122 45.64207 49.537846 51.362167 51.80682 49.063705 45.81925 47.348244 48.082787 48.465237 49.77157 50.722023 50.78361 49.30978 49.846313 50.44765 50.961334 51.387222 51.31096 50.86015 50.513317 49.421925 47.65925 48.558945 48.08763 48.07108 0.0 0.0 0.0 0.0 0.0 0.0 -999999.0 -999999.0 -999999.0 -999999.0 -999999.0 -999999.0 -999999.0 -999999.0 -999999.0 -999999.0 -999999.0 -999999.0 -999999.0 -999999.0 -999999.0 -999999.0 -999999.0 -999999.0 -999999.0
50.687828 50.02676 49.251797 46.741314 46.58167 46.712166 46.001698 47.08111 48.976894 49.013397 48.19421 45.908775 45.03012 46.28039 48.95176 50.40715 50.833103 50.29346 50.42293 48.009655 47.65972 46.91786 49.02063 49.979424 50.56889 50.749058 50.531555 50.53001 50.930233 51.205357 51.16557 50.633327 49.872055 47.15002 46.17533 46.46514 47.247955 47.476265 0.0 0.0 0.0 0.0 0.0 0.0 -999999.0 -999999.0 -999999.0 -999999.0 -999999.0 -999999.0 -999999.0 -999999.0 -999999.0 -999999.0 -999999.0 -999999.0 -999999.0 -999999.0 -999999.0 -999999.0 -999999.0 -999999.0 -999999.0
