data/TNO-HT-ATES/HT-ATES_msz2/msz2__flowr_P50_basecase_80-45-40.asc
ncols  140
nrows  163
xllcorner  0.0
yllcorner  300000.0
cellsize  2000.0
NODATA_value  -999999.0
[rows 0 to 27 of 163, columns 62 to 123 of 140]
-999999.0 -999999.0 -999999.0 -999999.0 -999999.0 -999999.0 -999999.0 -999999.0 -999999.0 -999999.0 -999999.0 -999999.0 -999999.0 -999999.0 -999999.0 -999999.0 -999999.0 -999999.0 -999999.0 -999999.0 -999999.0 -999999.0 -999999.0 -999999.0 -999999.0 -999999.0 -999999.0 -999999.0 -999999.0 -999999.0 -999999.0 -999999.0 -999999.0 -999999.0 -999999.0 -999999.0 -999999.0 -999999.0 -999999.0 -999999.0 -999999.0 -999999.0 -999999.0 -999999.0 -999999.0 -999999.0 -999999.0 -999999.0 -999999.0 -999999.0 -999999.0 -999999.0 -999999.0 -999999.0 -999999.0 -999999.0 -999999.0 -999999.0 -999999.0 -999999.0 -999999.0 -999999.0
-999999.0 -999999.0 -999999.0 -999999.0 -999999.0 -999999.0 -999999.0 -999999.0 -999999.0 -999999.0 -999999.0 -999999.0 -999999.0 -999999.0 -999999.0 -999999.0 -999999.0 -999999.0 -999999.0 -999999.0 -999999.0 -999999.0 -999999.0 -999999.0 -999999.0 -999999.0 -999999.0 -999999.0 -999999.0 -999999.0 -999999.0 -999999.0 -999999.0 -999999.0 -999999.0 -999999.0 -999999.0 -999999.0 -999999.0 -999999.0 -999999.0 -999999.0 -999999.0 -999999.0 -999999.0 -999999.0 -999999.0 -999999.0 -999999.0 -999999.0 -999999.0 -999999.0 -999999.0 -999999.0 -999999.0 -999999.0 -999999.0 -999999.0 -999999.0 -999999.0 -999999.0 -999999.0
-999999.0 -999999.0 -999999.0 -999999.0 -999999.0 -999999.0 -999999.0 -999999.0 -999999.0 -999999.0 -999999.0 -999999.0 -999999.0 -999999.0 -999999.0 -999999.0 -999999.0 -999999.0 -999999.0 -999999.0 -999999.0 -999999.0 -999999.0 -999999.0 -999999.0 -999999.0 -999999.0 -999999.0 -999999.0 -999999.0 -999999.0 -999999.0 -999999.0 -999999.0 -999999.0 -999999.0 -999999.0 -999999.0 -999999.0 -999999.0 -999999.0 -999999.0 -999999.0 -999999.0 -999999.0 -999999.0 -999999.0 -999999.0 -999999.0 -999999.0 -999999.0 -999999.0 -999999.0 -999999.0 -999999.0 -999999.0 -999999.0 -999999.0 -999999.0 -999999.0 -999999.0 -999999.0
-999999.0 -999999.0 -999999.0 -999999.0 -999999.0 -999999.0 -999999.0 -999999.0 -999999.0 -999999.0 -999999.0 -999999.0 -999999.0 -999999.0 -999999.0 -999999.0 -999999.0 -999999.0 -999999.0 -999999.0 -999999.0 -999999.0 -999999.0 -999999.0 -999999.0 -999999.0 -999999.0 -999999.0 -999999.0 -999999.0 -999999.0 -999999.0 -999999.0 -999999.0 -999999.0 -999999.0 -999999.0 -999999.0 -999999.0 -999999.0 -999999.0 -999999.0 -999999.0 -999999.0 -999999.0 -999999.0 -999999.0 -999999.0 -999999.0 -999999.0 -999999.0 -999999.0 -999999.0 -999999.0 -999999.0 -999999.0 -999999.0 -999999.0 -999999.0 -999999.0 -999999.0 -999999.0
-999999.0 -999999.0 -999999.0 -999999.0 -999999.0 -999999.0 -999999.0 -999999.0 -999999.0 -999999.0 -999999.0 -999999.0 -999999.0 -999999.0 -999999.0 -999999.0 -999999.0 -999999.0 -999999.0 -999999.0 -999999.0 -999999.0 -999999.0 -999999.0 -999999.0 -999999.0 -999999.0 -999999.0 -999999.0 -999999.0 -999999.0 -999999.0 -999999.0 -999999.0 -999999.0 -999999.0 -999999.0 -999999.0 -999999.0 -999999.0 -999999.0 -999999.0 -999999.0 -999999.0 -999999.0 -999999.0 -999999.0 -999999.0 2.9251873 0.8771564 -999999.0 -999999.0 -999999.0 -999999.0 -999999.0 -999999.0 -999999.0 -999999.0 -999999.0 -999999.0 -999999.0 -999999.0
-999999.0 -999999.0 -999999.0 -999999.0 -999999.0 -999999.0 -999999.0 -999999.0 -999999.0 -999999.0 -999999.0 -999999.0 -999999.0 -999999.0 -999999.0 -999999.0 -999999.0 -999999.0 -999999.0 -999999.0 -999999.0 -999999.0 -999999.0 -999999.0 -999999.0 -999999.0 -999999.0 -999999.0 -999999.0 -999999.0 -999999.0 -999999.0 -999999.0 -999999.0 -999999.0 -999999.0 -999999.0 -999999.0 -999999.0 -999999.0 -999999.0 -999999.0 -999999.0 -999999.0 -999999.0 -999999.0 -999999.0 5.130038 3.8082926 1.9988301 -999999.0 -999999.0 -999999.0 -999999.0 -999999.0 -999999.0 -999999.0 -999999.0 -999999.0 -999999.0 -999999.0 -999999.0
-999999.0 -999999.0 -999999.0 -999999.0 -999999.0 -999999.0 -999999.0 -999999.0 -999999.0 -999999.0 -999999.0 -999999.0 -999999.0 -999999.0 -999999.0 -999999.0 -999999.0 -999999.0 -999999.0 -999999.0 -999999.0 -999999.0 -999999.0 -999999.0 -999999.0 -999999.0 -999999.0 -999999.0 -999999.0 -999999.0 -999999.0 -999999.0 -999999.0 -999999.0 -999999.0 -999999.0 -999999.0 -999999.0 -999999.0 -999999.0 10.783418 8.483908 7.364 7.5745225 8.140557 8.216823 7.506387 5.7562623 4.711157 3.9718275 1.5766355 -999999.0 -999999.0 -999999.0 -999999.0 -999999.0 -999999.0 -999999.0 -999999.0 -999999.0 -999999.0 -999999.0
-999999.0 -999999.0 -999999.0 -999999.0 -999999.0 -999999.0 -999999.0 -999999.0 -999999.0 -999999.0 -999999.0 -999999.0 -999999.0 -999999.0 -999999.0 -999999.0 -999999.0 -999999.0 -999999.0 -999999.0 -999999.0 -999999.0 -999999.0 -999999.0 -999999.0 -999999.0 -999999.0 -999999.0 -999999.0 -999999.0 -999999.0 -999999.0 -999999.0 -999999.0 -999999.0 -999999.0 -999999.0 2.9903402 9.561023 11.044932 9.82693 8.207733 6.710969 6.865141 8.283625 9.868853 10.117124 7.4094634 6.830136 6.3321385 4.9339795 0.95272154 -999999.0 -999999.0 -999999.0 -999999.0 -999999.0 -999999.0 -999999.0 -999999.0 -999999.0 -999999.0
-999999.0 -999999.0 -999999.0 -999999.0 -999999.0 -999999.0 -999999.0 -999999.0 -999999.0 -999999.0 -999999.0 -999999.0 -999999.0 -999999.0 -999999.0 -999999.0 -999999.0 -999999.0 -999999.0 -999999.0 -999999.0 -999999.0 -999999.0 -999999.0 160.9385 149.92209 -999999.0 -999999.0 -999999.0 -999999.0 -999999.0 2.0389824 1.4519359 23.409002 -999999.0 -999999.0 -999999.0 -999999.0 4.6347384 10.012119 9.667767 8.59309 6.4919553 4.9108577 7.6090326 10.849965 11.970701 10.543133 9.443356 8.436614 8.895857 2.966872 -999999.0 -999999.0 -999999.0 -999999.0 -999999.0 -999999.0 -999999.0 -999999.0 -999999.0 -999999.0
-999999.0 -999999.0 -999999.0 -999999.0 -999999.0 -999999.0 -999999.0 -999999.0 -999999.0 -999999.0 -999999.0 -999999.0 -999999.0 -999999.0 -999999.0 -999999.0 -999999.0 -999999.0 -999999.0 -999999.0 -999999.0 184.9045 176.31604 162.96953 143.28017 148.78645 137.83868 110.438835 83.44353 55.808422 27.938868 16.49022 4.4181833 3.180028 -999999.0 6.4932556 -999999.0 -999999.0 -999999.0 8.713571 10.979732 10.961412 8.905603 7.4366245 8.624154 10.716906 11.628327 11.694291 11.140254 10.053175 9.804693 3.8782153 -999999.0 -999999.0 -999999.0 -999999.0 -999999.0 -999999.0 -999999.0 -999999.0 -999999.0 -999999.0
-999999.0 -999999.0 -999999.0 -999999.0 -999999.0 -999999.0 -999999.0 -999999.0 -999999.0 -999999.0 -999999.0 -999999.0 -999999.0 -999999.0 -999999.0 -999999.0 -999999.0 164.42795 162.44418 179.26233 182.24062 181.36992 174.51138 162.5144 152.08434 142.80507 131.90077 125.36901 110.54961 83.90632 66.36373 45.636395 29.940092 24.372705 -999999.0 13.64804 10.621636 -999999.0 -999999.0 8.015746 13.526586 15.723103 12.196707 10.156572 10.377974 11.159496 11.935041 12.377173 11.950216 7.790229 6.354644 1.4213032 -999999.0 -999999.0 -999999.0 -999999.0 -999999.0 -999999.0 -999999.0 -999999.0 -999999.0 -999999.0
-999999.0 -999999.0 -999999.0 -999999.0 -999999.0 -999999.0 -999999.0 -999999.0 -999999.0 -999999.0 -999999.0 -999999.0 -999999.0 154.68828 157.62418 166.67493 168.7196 168.62769 164.45602 174.60663 180.2508 178.76851 170.97643 161.80978 152.78331 144.13521 139.46985 126.40526 111.92601 97.28447 86.04824 70.10604 55.6633 45.725174 2.8791523 9.993237 10.594262 2.3272262 1.3079181 6.4589114 13.642743 11.433964 8.188738 6.5261116 7.2278147 8.947952 12.961262 13.128562 12.068144 -999999.0 -999999.0 6.5652423 -999999.0 -999999.0 -999999.0 -999999.0 -999999.0 -999999.0 -999999.0 -999999.0 -999999.0 -999999.0
-999999.0 -999999.0 -999999.0 -999999.0 -999999.0 -999999.0 -999999.0 -999999.0 -999999.0 136.57599 134.62537 141.3002 149.52855 154.69089 156.42026 165.16573 172.8459 171.10428 165.83705 167.1463 168.05402 165.41756 167.6039 163.55006 153.59592 144.26208 134.20905 125.9771 111.239044 96.147156 -999999.0 69.16082 56.59439 48.330856 41.658398 11.206241 5.9224463 5.5971284 7.0917225 5.3362503 3.889108 4.8389745 1.9308923 1.9613738 6.9760556 9.419597 13.006053 14.178092 11.33146 3.6580796 -999999.0 -999999.0 -999999.0 -999999.0 -999999.0 -999999.0 -999999.0 -999999.0 -999999.0 -999999.0 -999999.0 -999999.0
-999999.0 -999999.0 -999999.0 -999999.0 -999999.0 -999999.0 -999999.0 -999999.0 145.33148 127.60417 127.02711 137.84706 140.25854 145.23726 153.91231 165.99675 173.66684 168.8873 164.67097 167.85796 164.81955 162.51796 158.10124 160.49031 153.17436 144.59012 134.92424 126.40852 110.95772 95.115204 71.1794 59.784267 56.33951 48.4916 43.37174 -999999.0 -999999.0 3.1139243 10.805002 10.465151 9.955215 8.695819 5.277761 6.650492 10.335464 10.696972 11.8612995 11.9380455 5.0423775 -999999.0 -999999.0 -999999.0 -999999.0 -999999.0 -999999.0 -999999.0 -999999.0 -999999.0 -999999.0 -999999.0 -999999.0 -999999.0
-999999.0 -999999.0 -999999.0 -999999.0 -999999.0 -999999.0 -999999.0 139.57237 140.91289 131.96886 129.42892 137.74498 140.18546 136.3778 138.41513 160.2912 159.73714 156.83804 159.33777 158.71323 156.71703 157.71669 153.32518 151.95383 148.38295 143.26942 136.49846 126.34739 110.451614 94.14904 78.54104 41.51582 54.911453 45.275696 39.888107 -999999.0 -999999.0 6.7333045 14.716054 19.011086 19.247042 17.272577 16.230814 16.276299 17.08904 14.072609 12.8445835 11.631733 8.081304 0.9700786 1.4271898 5.2068768 -999999.0 -999999.0 -999999.0 -999999.0 -999999.0 -999999.0 -999999.0 -999999.0 -999999.0 -999999.0
-999999.0 -999999.0 -999999.0 -999999.0 -999999.0 -999999.0 -999999.0 136.09155 138.23816 136.40434 133.16548 134.18486 136.20512 132.42265 124.72512 143.94585 150.77768 146.69742 145.99593 153.25569 150.69124 148.11455 151.95924 148.29646 144.36104 139.56424 132.51488 124.040924 108.70416 92.89568 77.034134 65.324585 51.684753 39.55291 42.009323 27.232641 16.870028 16.613207 17.72364 20.409487 23.803852 21.880674 20.731016 21.009748 20.718431 16.76587 15.898477 16.219234 15.467121 12.345129 9.9482565 6.8550067 9.767966 3.8118248 -999999.0 -999999.0 -999999.0 -999999.0 -999999.0 -999999.0 -999999.0 -999999.0
-999999.0 -999999.0 -999999.0 -999999.0 -999999.0 -999999.0 -999999.0 133.0296 136.73566 133.15967 130.63289 129.42123 128.37733 119.7321 115.34161 129.16194 141.10887 139.85875 147.10995 153.1741 147.10503 143.7727 140.04231 138.80894 133.91115 139.74115 131.97798 123.60883 106.51894 91.41711 76.5311 63.631233 48.354893 35.390015 62.198044 50.51521 37.01166 21.310148 14.314273 22.970259 22.235027 22.533436 23.423887 20.317047 16.440552 17.861633 18.501024 20.246597 21.56875 20.19966 14.839 11.946056 -999999.0 -999999.0 -999999.0 -999999.0 -999999.0 -999999.0 -999999.0 -999999.0 -999999.0 -999999.0
-999999.0 -999999.0 -999999.0 -999999.0 99.39355 102.65377 108.22247 124.577415 131.4217 129.88426 129.6171 132.30052 126.706245 115.4881 106.276825 116.79877 130.94397 139.53372 142.18478 143.12875 137.98502 134.97316 135.50012 139.07172 135.74501 130.25137 126.98093 115.32973 104.59718 91.31926 80.12982 64.23216 41.372124 32.811787 70.30505 57.367153 36.908962 28.930937 23.178923 20.42044 18.262497 23.160109 25.212616 10.255366 11.205389 17.440838 20.193768 22.946077 24.435896 23.552763 20.895876 -999999.0 -999999.0 -999999.0 -999999.0 -999999.0 -999999.0 -999999.0 -999999.0 -999999.0 -999999.0 -999999.0
-999999.0 -999999.0 92.24187 89.10619 88.73618 90.025604 95.467575 118.63263 129.46114 127.46416 128.56909 131.69322 123.037766 114.22533 116.59936 110.913506 121.37337 135.66237 139.02315 138.37965 136.20244 129.46881 128.00609 134.28545 131.38506 124.28468 120.77775 111.556015 102.547455 95.31869 83.01864 67.62014 51.46513 37.397675 25.463804 24.976223 8.766389 18.972727 29.242107 24.062016 29.569536 16.560047 6.0091996 2.9545999 3.322114 16.829859 21.109934 25.173878 26.179691 25.419888 17.762842 -999999.0 -999999.0 -999999.0 -999999.0 -999999.0 -999999.0 -999999.0 -999999.0 -999999.0 -999999.0 -999999.0
-999999.0 85.666374 86.06052 86.72487 81.2513 81.352875 87.18752 111.971504 126.82519 122.810104 129.76428 128.11838 117.88962 116.22329 120.27325 118.53374 119.38283 127.8487 132.7002 127.34673 129.66228 127.422745 122.77972 127.1712 125.31573 119.46635 116.52984 108.18419 100.88735 96.11444 87.90622 72.36268 57.324833 48.073505 33.578674 14.886894 -999999.0 -999999.0 12.852308 10.373315 7.7947106 -999999.0 -999999.0 5.147482 -999999.0 15.823406 19.258968 23.061956 22.50827 19.447628 7.9240184 -999999.0 -999999.0 -999999.0 -999999.0 -999999.0 -999999.0 -999999.0 -999999.0 -999999.0 -999999.0 -999999.0
91.05349 83.1823 83.42869 84.717804 83.51371 85.16015 85.11949 106.39883 109.152504 120.235245 123.175385 121.19092 114.017456 117.0422 123.16012 122.9298 121.68861 128.49585 126.16166 111.35492 124.683784 122.380394 120.8054 116.66347 117.921906 113.65193 110.894936 108.36299 100.26938 90.85233 83.244804 70.83528 57.567265 51.02826 32.889057 6.2822223 -999999.0 -999999.0 5.9723163 1.4711901 -999999.0 -999999.0 -999999.0 -999999.0 2.799444 10.91749 12.9141445 13.810627 15.280644 11.060153 3.020913 -999999.0 -999999.0 -999999.0 -999999.0 -999999.0 -999999.0 -999999.0 -999999.0 -999999.0 -999999.0 -999999.0
94.18746 88.723946 87.88556 87.33054 86.5108 83.28282 85.391945 91.99934 104.59656 121.86071 119.36324 120.143074 118.23433 114.66217 120.55359 121.60271 125.27326 125.86319 125.40656 122.0561 118.57232 113.36278 116.109474 110.71105 113.221405 111.3707 107.781784 103.826515 97.70464 89.16204 81.81933 70.94395 58.625828 51.49295 33.996525 12.4904995 -999999.0 -999999.0 1.4685332 2.5948784 -999999.0 -999999.0 -999999.0 -999999.0 11.983091 11.434273 7.7945843 4.719492 7.4796166 7.4148865 0.49715737 -999999.0 -999999.0 -999999.0 -999999.0 -999999.0 -999999.0 -999999.0 -999999.0 -999999.0 -999999.0 -999999.0
92.88123 89.47079 88.880424 87.70539 87.22516 85.08163 82.893524 84.167465 98.78145 118.038925 119.701096 120.650536 117.33017 115.89752 121.12711 120.81148 116.06167 121.09595 123.355774 118.673775 113.48292 106.78279 102.62469 104.067505 109.8608 106.86601 106.91178 97.20275 96.88379 91.49008 85.21285 73.164986 62.432877 52.52907 29.694872 19.149254 17.05721 -999999.0 7.0689225 8.194733 4.818325 -999999.0 -999999.0 -999999.0 13.853624 10.512318 8.860824 1.7032573 3.36386 5.700702 -999999.0 -999999.0 -999999.0 -999999.0 -999999.0 -999999.0 -999999.0 -999999.0 -999999.0 -999999.0 -999999.0 -999999.0
90.95601 86.687416 89.893265 89.08501 87.90625 85.45961 81.19345 82.161804 89.64484 104.27748 120.414696 118.799515 115.35534 109.66315 112.97465 109.9143 110.75343 117.39314 121.36523 113.72285 108.28115 104.56 107.97955 108.52986 106.39754 108.67138 115.534325 106.093376 110.25648 103.10625 90.44971 74.8378 70.68227 55.50291 24.20648 27.71649 23.137415 21.796364 19.86773 20.605783 14.800725 7.8970737 6.6128235 6.047174 6.794429 6.1338534 8.007048 3.4524605 2.0822594 2.632238 -999999.0 -999999.0 -999999.0 -999999.0 -999999.0 -999999.0 -999999.0 -999999.0 -999999.0 -999999.0 -999999.0 -999999.0
90.07468 88.94516 87.44311 86.95427 88.93536 85.44084 82.681725 80.0063 81.92594 91.98553 109.46636 114.33288 113.16827 98.08701 105.63555 102.72454 109.923164 111.89199 114.2207 109.404755 106.0659 103.16621 110.342705 109.288506 102.95558 106.009926 115.727264 119.329475 110.69476 102.44494 97.65468 80.798065 73.16862 46.718964 5.619063 24.59427 38.48837 39.679592 37.526974 33.82754 25.881266 15.308088 11.863311 12.271158 16.074673 10.157314 7.212051 1.5322301 0.0 -999999.0 -999999.0 -999999.0 -999999.0 -999999.0 -999999.0 -999999.0 -999999.0 -999999.0 -999999.0 -999999.0 -999999.0 -999999.0
86.67972 88.12625 86.82808 85.76572 83.271355 84.335335 82.952934 80.716194 86.07314 87.01016 86.74903 100.23941 109.10131 99.03234 99.6811 102.216446 107.78312 105.40117 104.5699 105.53707 103.76612 108.35009 110.93009 114.321236 113.672325 108.05384 114.83786 121.02531 120.17859 110.58235 96.59834 85.776726 80.077934 59.075695 38.374504 51.312897 54.514843 45.762486 43.808887 42.06712 33.893368 23.20158 15.068726 11.576744 17.25911 22.731289 13.431751 -999999.0 -999999.0 -999999.0 -999999.0 -999999.0 -999999.0 -999999.0 -999999.0 -999999.0 -999999.0 -999999.0 -999999.0 -999999.0 -999999.0 -999999.0
85.26204 87.77168 90.02437 87.36231 84.797516 70.55016 79.2041 83.23221 84.905876 82.755295 82.670074 80.93833 88.97611 88.086975 83.28021 89.092155 96.279434 98.58491 97.46484 97.87875 101.78506 104.95549 110.078835 114.976776 113.96831 111.78254 119.55171 118.671 116.46323 103.24023 95.003685 86.20104 84.03277 69.723114 63.69592 58.33071 59.78471 46.549404 41.208332 41.84656 37.17935 27.539288 19.092688 13.284394 13.316642 12.5683155 12.982899 -999999.0 -999999.0 -999999.0 -999999.0 -999999.0 -999999.0 -999999.0 -999999.0 -999999.0 -999999.0 -999999.0 -999999.0 -999999.0 -999999.0 -999999.0
83.33391 85.4812 89.07706 91.840904 88.75152 82.63577 82.89185 83.57015 82.98086 80.09387 81.13972 73.93066 73.69444 74.41136 82.26981 81.10133 83.78566 81.41989 81.579636 88.6905 102.228546 108.86234 117.97514 117.249916 125.28883 122.97636 115.99512 132.15858 112.20436 97.64135 98.55084 88.99067 80.35837 75.72998 65.451164 60.9269 59.339027 43.66649 45.676548 45.777256 43.38237 33.241386 22.58041 16.355078 12.296166 7.0279045 3.795353 -999999.0 -999999.0 0.9672732 -999999.0 -999999.0 -999999.0 -999999.0 -999999.0 -999999.0 -999999.0 -999999.0 -999999.0 -999999.0 -999999.0 -999999.0
