data/TNO-HT-ATES/HT-ATES_msz2/msz2__flowr_prodnorm_P50_basecase_80-45-40.asc
ncols  140
nrows  163
xllcorner  0.0
yllcorner  300000.0
cellsize  2000.0
NODATA_value  -999999.0
[rows 0 to 27 of 163, columns 62 to 123 of 140]
-999999.0 -999999.0 -999999.0 -999999.0 -999999.0 -999999.0 -999999.0 -999999.0 -999999.0 -999999.0 -999999.0 -999999.0 -999999.0 -999999.0 -999999.0 -999999.0 -999999.0 -999999.0 -999999.0 -999999.0 -999999.0 -999999.0 -999999.0 -999999.0 -999999.0 -999999.0 -999999.0 -999999.0 -999999.0 -999999.0 -999999.0 -999999.0 -999999.0 -999999.0 -999999.0 -999999.0 -999999.0 -999999.0 -999999.0 -999999.0 -999999.0 -999999.0 -999999.0 -999999.0 -999999.0 -999999.0 -999999.0 -999999.0 -999999.0 -999999.0 -999999.0 -999999.0 -999999.0 -999999.0 -999999.0 -999999.0 -999999.0 -999999.0 -999999.0 -999999.0 -999999.0 -999999.0
-999999.0 -999999.0 -999999.0 -999999.0 -999999.0 -999999.0 -999999.0 -999999.0 -999999.0 -999999.0 -999999.0 -999999.0 -999999.0 -999999.0 -999999.0 -999999.0 -999999.0 -999999.0 -999999.0 -999999.0 -999999.0 -999999.0 -999999.0 -999999.0 -999999.0 -999999.0 -999999.0 -999999.0 -999999.0 -999999.0 -999999.0 -999999.0 -999999.0 -999999.0 -999999.0 -999999.0 -999999.0 -999999.0 -999999.0 -999999.0 -999999.0 -999999.0 -999999.0 -999999.0 -999999.0 -999999.0 -999999.0 -999999.0 -999999.0 -999999.0 -999999.0 -999999.0 -999999.0 -999999.0 -999999.0 -999999.0 -999999.0 -999999.0 -999999.0 -999999.0 -999999.0 -999999.0
-999999.0 -999999.0 -999999.0 -999999.0 -999999.0 -999999.0 -999999.0 -999999.0 -999999.0 -999999.0 -999999.0 -999999.0 -999999.0 -999999.0 -999999.0 -999999.0 -999999.0 -999999.0 -999999.0 -999999.0 -999999.0 -999999.0 -999999.0 -999999.0 -999999.0 -999999.0 -999999.0 -999999.0 -999999.0 -999999.0 -999999.0 -999999.0 -999999.0 -999999.0 -999999.0 -999999.0 -999999.0 -999999.0 -999999.0 -999999.0 -999999.0 -999999.0 -999999.0 -999999.0 -999999.0 -999999.0 -999999.0 -999999.0 -999999.0 -999999.0 -999999.0 -999999.0 -999999.0 -999999.0 -999999.0 -999999.0 -999999.0 -999999.0 -999999.0 -999999.0 -999999.0 -999999.0
-999999.0 -999999.0 -999999.0 -999999.0 -999999.0 -999999.0 -999999.0 -999999.0 -999999.0 -999999.0 -999999.0 -999999.0 -999999.0 -999999.0 -999999.0 -999999.0 -999999.0 -999999.0 -999999.0 -999999.0 -999999.0 -999999.0 -999999.0 -999999.0 -999999.0 -999999.0 -999999.0 -999999.0 -999999.0 -999999.0 -999999.0 -999999.0 -999999.0 -999999.0 -999999.0 -999999.0 -999999.0 -999999.0 -999999.0 -999999.0 -999999.0 -999999.0 -999999.0 -999999.0 -999999.0 -999999.0 -999999.0 -999999.0 -999999.0 -999999.0 -999999.0 -999999.0 -999999.0 -999999.0 -999999.0 -999999.0 -999999.0 -999999.0 -999999.0 -999999.0 -999999.0 -999999.0
-999999.0 -999999.0 -999999.0 -999999.0 -999999.0 -999999.0 -999999.0 -999999.0 -999999.0 -999999.0 -999999.0 -999999.0 -999999.0 -999999.0 -999999.0 -999999.0 -999999.0 -999999.0 -999999.0 -999999.0 -999999.0 -999999.0 -999999.0 -999999.0 -999999.0 -999999.0 -999999.0 -999999.0 -999999.0 -999999.0 -999999.0 -999999.0 -999999.0 -999999.0 -999999.0 -999999.0 -999999.0 -999999.0 -999999.0 -999999.0 -999999.0 -999999.0 -999999.0 -999999.0 -999999.0 -999999.0 -999999.0 -999999.0 2.9007158 0.9683877 -999999.0 -999999.0 -999999.0 -999999.0 -999999.0 -999999.0 -999999.0 -999999.0 -999999.0 -999999.0 -999999.0 -999999.0
-999999.0 -999999.0 -999999.0 -999999.0 -999999.0 -999999.0 -999999.0 -999999.0 -999999.0 -999999.0 -999999.0 -999999.0 -999999.0 -999999.0 -999999.0 -999999.0 -999999.0 -999999.0 -999999.0 -999999.0 -999999.0 -999999.0 -999999.0 -999999.0 -999999.0 -999999.0 -999999.0 -999999.0 -999999.0 -999999.0 -999999.0 -999999.0 -999999.0 -999999.0 -999999.0 -999999.0 -999999.0 -999999.0 -999999.0 -999999.0 -999999.0 -999999.0 -999999.0 -999999.0 -999999.0 -999999.0 -999999.0 5.118019 3.7434123 1.9094666 -999999.0 -999999.0 -999999.0 -999999.0 -999999.0 -999999.0 -999999.0 -999999.0 -999999.0 -999999.0 -999999.0 -999999.0
-999999.0 -999999.0 -999999.0 -999999.0 -999999.0 -999999.0 -999999.0 -999999.0 -999999.0 -999999.0 -999999.0 -999999.0 -999999.0 -999999.0 -999999.0 -999999.0 -999999.0 -999999.0 -999999.0 -999999.0 -999999.0 -999999.0 -999999.0 -999999.0 -999999.0 -999999.0 -999999.0 -999999.0 -999999.0 -999999.0 -999999.0 -999999.0 -999999.0 -999999.0 -999999.0 -999999.0 -999999.0 -999999.0 -999999.0 -999999.0 10.845466 8.570441 7.2963314 7.630759 8.129092 8.169692 7.445703 5.6999297 4.8029375 3.8723505 1.521756 -999999.0 -999999.0 -999999.0 -999999.0 -999999.0 -999999.0 -999999.0 -999999.0 -999999.0 -999999.0 -999999.0
-999999.0 -999999.0 -999999.0 -999999.0 -999999.0 -999999.0 -999999.0 -999999.0 -999999.0 -999999.0 -999999.0 -999999.0 -999999.0 -999999.0 -999999.0 -999999.0 -999999.0 -999999.0 -999999.0 -999999.0 -999999.0 -999999.0 -999999.0 -999999.0 -999999.0 -999999.0 -999999.0 -999999.0 -999999.0 -999999.0 -999999.0 -999999.0 -999999.0 -999999.0 -999999.0 -999999.0 -999999.0 3.0412118 9.531619 10.996654 9.8631 8.132359 6.715059 6.916329 8.354732 9.961612 10.099599 7.49451 6.813913 6.410732 5.0029488 0.8753622 -999999.0 -999999.0 -999999.0 -999999.0 -999999.0 -999999.0 -999999.0 -999999.0 -999999.0 -999999.0
-999999.0 -999999.0 -999999.0 -999999.0 -999999.0 -999999.0 -999999.0 -999999.0 -999999.0 -999999.0 -999999.0 -999999.0 -999999.0 -999999.0 -999999.0 -999999.0 -999999.0 -999999.0 -999999.0 -999999.0 -999999.0 -999999.0 -999999.0 -999999.0 160.8978 149.83905 -999999.0 -999999.0 -999999.0 -999999.0 -999999.0 2.0428572 1.4322907 23.340633 -999999.0 -999999.0 -999999.0 -999999.0 4.630262 9.950269 9.725972 8.517681 6.4441814 4.8858333 7.582263 10.791084 11.99992 10.608324 9.490391 8.404411 8.922444 2.9797266 -999999.0 -999999.0 -999999.0 -999999.0 -999999.0 -999999.0 -999999.0 -999999.0 -999999.0 -999999.0
-999999.0 -999999.0 -999999.0 -999999.0 -999999.0 -999999.0 -999999.0 -999999.0 -999999.0 -999999.0 -999999.0 -999999.0 -999999.0 -999999.0 -999999.0 -999999.0 -999999.0 -999999.0 -999999.0 -999999.0 -999999.0 184.90436 176.37845 162.9964 143.20592 148.70493 137.86835 110.437225 83.4241 55.862255 28.03284 16.468187 4.3750434 3.0994565 -999999.0 6.4394493 -999999.0 -999999.0 -999999.0 8.627274 11.023144 11.055137 8.902805 7.4071145 8.635489 10.699828 11.58497 11.660621 11.194852 10.093882 9.844486 3.8996491 -999999.0 -999999.0 -999999.0 -999999.0 -999999.0 -999999.0 -999999.0 -999999.0 -999999.0 -999999.0
-999999.0 -999999.0 -999999.0 -999999.0 -999999.0 -999999.0 -999999.0 -999999.0 -999999.0 -999999.0 -999999.0 -999999.0 -999999.0 -999999.0 -999999.0 -999999.0 -999999.0 164.41707 162.37726 179.32014 182.18011 181.37389 174.42393 162.60342 152.16206 142.77313 131.89644 125.39802 110.638535 83.91268 66.39878 45.612343 29.90011 24.320751 -999999.0 13.706179 10.667039 -999999.0 -999999.0 8.062773 13.575679 15.759586 12.14346 10.221999 10.366013 11.235317 11.952147 12.444297 11.920029 7.780104 6.3899794 1.4952058 -999999.0 -999999.0 -999999.0 -999999.0 -999999.0 -999999.0 -999999.0 -999999.0 -999999.0 -999999.0
-999999.0 -999999.0 -999999.0 -999999.0 -999999.0 -999999.0 -999999.0 -999999.0 -999999.0 -999999.0 -999999.0 -999999.0 -999999.0 154.63025 157.70091 166.6376 168.74002 168.62178 164.41066 174.61905 180.34137 178.7344 171.0103 161.78226 152.82239 144.0507 139.4562 126.33454 111.981766 97.261284 86.03011 70.059944 55.65727 45.684166 2.8020053 10.015339 10.673755 2.3425097 1.3978348 6.502481 13.561698 11.421941 8.281615 6.535216 7.176186 8.983595 13.00656 13.171209 12.113393 -999999.0 -999999.0 6.4772 -999999.0 -999999.0 -999999.0 -999999.0 -999999.0 -999999.0 -999999.0 -999999.0 -999999.0 -999999.0
-999999.0 -999999.0 -999999.0 -999999.0 -999999.0 -999999.0 -999999.0 -999999.0 -999999.0 136.55984 134.64053 141.38795 149.59715 154.69269 156.38167 165.19333 172.76692 171.01611 165.7507 167.13084 168.13608 165.38205 167.61867 163.64476 153.62701 144.34573 134.2352 125.94936 111.33351 96.19392 -999999.0 69.19634 56.63476 48.413544 41.63204 11.152515 5.9817348 5.5652213 7.045994 5.3726416 3.9307916 4.861667 1.930428 2.0081625 6.9212875 9.325173 13.021553 14.131481 11.422061 3.668699 -999999.0 -999999.0 -999999.0 -999999.0 -999999.0 -999999.0 -999999.0 -999999.0 -999999.0 -999999.0 -999999.0 -999999.0
-999999.0 -999999.0 -999999.0 -999999.0 -999999.0 -999999.0 -999999.0 -999999.0 145.41011 127.681114 127.04002 137.8051 140.34253 145.19583 153.95271 165.97156 173.62971 168.91286 164.67056 167.87834 164.78882 162.56856 158.10182 160.57231 153.09131 144.61205 134.89586 126.32023 110.87954 95.16308 71.19795 59.807484 56.281918 48.501255 43.355194 -999999.0 -999999.0 3.1523833 10.857408 10.409903 9.964178 8.786254 5.273277 6.666267 10.370634 10.766039 11.916381 11.878933 5.057572 -999999.0 -999999.0 -999999.0 -999999.0 -999999.0 -999999.0 -999999.0 -999999.0 -999999.0 -999999.0 -999999.0 -999999.0 -999999.0
-999999.0 -999999.0 -999999.0 -999999.0 -999999.0 -999999.0 -999999.0 139.5554 140.82361 131.92633 129.43977 137.73141 140.28236 136.47325 138.35658 160.22824 159.70462 156.85541 159.25795 158.7148 156.6765 157.63773 153.36066 152.0459 148.34473 143.243 136.4697 126.4019 110.363815 94.15642 78.511986 41.58735 54.846703 45.21518 39.93935 -999999.0 -999999.0 6.7711463 14.680549 18.99234 19.266665 17.250492 16.145023 16.318596 17.108845 14.078957 12.877707 11.579994 8.059782 0.93196565 1.394453 5.175393 -999999.0 -999999.0 -999999.0 -999999.0 -999999.0 -999999.0 -999999.0 -999999.0 -999999.0 -999999.0
-999999.0 -999999.0 -999999.0 -999999.0 -999999.0 -999999.0 -999999.0 136.13112 138.14835 136.42264 133.10838 134.10774 136.20523 132.37686 124.66528 143.87123 150.87079 146.66583 145.92467 153.31303 150.63194 148.05579 151.98083 148.2625 144.32443 139.54295 132.48642 124.0472 108.74267 92.94953 77.10798 65.33609 51.631638 39.47935 42.1026 27.141863 16.86805 16.700388 17.65675 20.330603 23.830788 21.88786 20.827131 21.069727 20.698833 16.676924 15.936738 16.167671 15.470055 12.371169 9.934995 6.8896995 9.731985 3.770039 -999999.0 -999999.0 -999999.0 -999999.0 -999999.0 -999999.0 -999999.0 -999999.0
-999999.0 -999999.0 -999999.0 -999999.0 -999999.0 -999999.0 -999999.0 133.0544 136.6474 133.22562 130.5522 129.39815 128.30472 119.82855 115.30099 129.15042 141.03568 139.90732 147.1391 153.22916 147.17406 143.7017 140.1312 138.84602 133.88353 139.76387 131.95323 123.5276 106.469765 91.44951 76.53815 63.69007 48.34553 35.375965 62.142067 50.557285 36.990044 21.33337 14.342984 22.966661 22.173664 22.557049 23.37437 20.317871 16.422167 17.87417 18.428364 20.301971 21.544958 20.165394 14.763326 11.944695 -999999.0 -999999.0 -999999.0 -999999.0 -999999.0 -999999.0 -999999.0 -999999.0 -999999.0 -999999.0
-999999.0 -999999.0 -999999.0 -999999.0 99.40648 102.72066 108.20756 124.61652 131.45563 129.90848 129.55379 132.26874 126.62507 115.481865 106.22618 116.896255 130.84515 139.52504 142.08754 143.16383 137.95322 134.89206 135.45398 138.97862 135.82233 130.21439 127.05103 115.282814 104.551544 91.251236 80.138504 64.19153 41.33997 32.858234 70.31689 57.32766 36.86319 29.008627 23.208418 20.45334 18.331896 23.11944 25.22443 10.289245 11.206773 17.48434 20.263683 23.013952 24.461393 23.53557 20.978096 -999999.0 -999999.0 -999999.0 -999999.0 -999999.0 -999999.0 -999999.0 -999999.0 -999999.0 -999999.0 -999999.0
-999999.0 -999999.0 92.17114 89.07833 88.773735 90.07041 95.46881 118.64229 129.42502 127.48841 128.59209 131.68602 122.95529 114.14874 116.62628 110.95352 121.35077 135.72787 139.00441 138.32382 136.17165 129.40883 128.06277 134.2705 131.38629 124.29522 120.81268 111.616936 102.45933 95.392845 82.98313 67.521065 51.532364 37.48559 25.454432 24.924793 8.84503 18.901903 29.232609 24.008442 29.57776 16.480425 5.9494667 2.912972 3.2716868 16.815413 21.161959 25.188385 26.269115 25.508358 17.795708 -999999.0 -999999.0 -999999.0 -999999.0 -999999.0 -999999.0 -999999.0 -999999.0 -999999.0 -999999.0 -999999.0
-999999.0 85.69253 85.981575 86.788086 81.30185 81.2815 87.24985 111.97608 126.84583 122.87383 129.71309 128.1656 117.879974 116.25648 120.36376 118.4501 119.39037 127.81536 132.78798 127.36091 129.7409 127.43152 122.680664 127.240486 125.358536 119.47308 116.45255 108.084564 100.95083 96.065636 87.8516 72.39718 57.411076 48.063526 33.57469 14.88549 -999999.0 -999999.0 12.884934 10.333817 7.8191757 -999999.0 -999999.0 5.2211485 -999999.0 15.7633505 19.27447 23.14013 22.486225 19.494886 7.8735857 -999999.0 -999999.0 -999999.0 -999999.0 -999999.0 -999999.0 -999999.0 -999999.0 -999999.0 -999999.0 -999999.0
91.138084 83.24001 83.47364 84.71967 83.48007 85.12266 85.08122 106.4977 109.20915 120.28295 123.182205 121.17304 113.98697 117.052025 123.21221 122.94493 121.59869 128.57138 126.11805 111.32413 124.5877 122.401115 120.77628 116.7282 117.89402 113.605545 110.9671 108.27007 100.33769 90.900444 83.21045 70.86098 57.519814 51.011864 32.972355 6.338254 -999999.0 -999999.0 5.9867773 1.4478569 -999999.0 -999999.0 -999999.0 -999999.0 2.8245783 10.865439 12.874008 13.803388 15.21945 11.122403 2.9666595 -999999.0 -999999.0 -999999.0 -999999.0 -999999.0 -999999.0 -999999.0 -999999.0 -999999.0 -999999.0 -999999.0
94.246574 88.64005 87.82167 87.24254 86.41451 83.246 85.38264 91.93622 104.591736 121.9084 119.35955 120.1055 118.22968 114.61595 120.54996 121.527824 125.37147 125.764915 125.50427 121.99313 118.663666 113.38845 116.015 110.67745 113.14179 111.31218 107.80783 103.72905 97.78768 89.12653 81.90153 70.846176 58.624306 51.563175 33.985798 12.429822 -999999.0 -999999.0 1.4421083 2.6375594 -999999.0 -999999.0 -999999.0 -999999.0 12.055774 11.47633 7.8045783 4.719049 7.4595213 7.367627 0.49437678 -999999.0 -999999.0 -999999.0 -999999.0 -999999.0 -999999.0 -999999.0 -999999.0 -999999.0 -999999.0 -999999.0
92.890205 89.55673 88.88555 87.7999 87.28688 85.12501 82.91085 84.2006 98.841995 117.98034 119.65059 120.65885 117.32178 115.98229 121.19658 120.83573 115.96986 121.02415 123.42903 118.69551 113.45248 106.69071 102.66529 104.00772 109.819565 106.90832 106.89031 97.148895 96.82486 91.58191 85.201965 73.09734 62.49972 52.524715 29.648247 19.161043 17.056032 -999999.0 7.044014 8.171206 4.72528 -999999.0 -999999.0 -999999.0 13.834305 10.532235 8.79401 1.679721 3.2902174 5.672167 -999999.0 -999999.0 -999999.0 -999999.0 -999999.0 -999999.0 -999999.0 -999999.0 -999999.0 -999999.0 -999999.0 -999999.0
90.88688 86.73261 89.96342 89.12157 87.96875 85.37314 81.245995 82.15893 89.66099 104.32193 120.40008 118.869545 115.36805 109.73306 113.0646 110.002884 110.82467 117.46582 121.373825 113.79944 108.26942 104.58592 107.950294 108.45826 106.41708 108.739044 115.51567 106.15484 110.33677 103.18659 90.50781 74.7715 70.68447 55.54016 24.152473 27.75434 23.038208 21.762522 19.909906 20.570358 14.82462 7.8940187 6.5910034 5.9642105 6.8237696 6.0910616 7.9543505 3.4061117 2.0814834 2.5947325 -999999.0 -999999.0 -999999.0 -999999.0 -999999.0 -999999.0 -999999.0 -999999.0 -999999.0 -999999.0 -999999.0 -999999.0
90.08576 89.00248 87.40639 87.0298 89.029274 85.39466 82.59037 80.02734 81.907486 91.88615 109.52996 114.236115 113.22773 98.130516 105.71211 102.708 109.909546 111.89531 114.21902 109.42467 106.03851 103.12833 110.378395 109.25169 103.028244 106.02014 115.822235 119.36003 110.710396 102.54218 97.69063 80.74684 73.167145 46.762383 5.7085176 24.529205 38.524017 39.631172 37.501003 33.769516 25.8404 15.373662 11.932702 12.238884 16.118193 10.181628 7.1601796 1.5381821 0.0 -999999.0 -999999.0 -999999.0 -999999.0 -999999.0 -999999.0 -999999.0 -999999.0 -999999.0 -999999.0 -999999.0 -999999.0 -999999.0
86.67227 88.12043 86.823845 85.74772 83.28751 84.296585 83.00183 80.673744 86.01576 86.941864 86.76563 100.16638 109.14137 99.02707 99.60035 102.22584 107.8645 105.43982 104.526024 105.59903 103.753525 108.38269 110.91845 114.35299 113.697395 108.00866 114.7451 120.979546 120.1354 110.6111 96.68464 85.79299 80.02846 59.03003 38.285885 51.340725 54.429527 45.823788 43.900455 42.06563 33.925785 23.276772 15.070562 11.524965 17.259815 22.694923 13.394365 -999999.0 -999999.0 -999999.0 -999999.0 -999999.0 -999999.0 -999999.0 -999999.0 -999999.0 -999999.0 -999999.0 -999999.0 -999999.0 -999999.0 -999999.0
85.1887 87.784164 90.088524 87.39865 84.792694 70.56399 79.30246 83.19465 84.996025 82.76724 82.7246 80.91824 88.976776 88.00504 83.24958 89.15341 96.35236 98.51738 97.41178 97.79256 101.80131 105.004944 110.15278 115.02296 113.95167 111.781494 119.57205 118.64953 116.51066 103.27187 95.00737 86.24558 84.01186 69.779236 63.76623 58.39956 59.797203 46.493526 41.124138 41.821903 37.16313 27.622204 19.109062 13.203088 13.2253 12.568484 13.078441 -999999.0 -999999.0 -999999.0 -999999.0 -999999.0 -999999.0 -999999.0 -999999.0 -999999.0 -999999.0 -999999.0 -999999.0 -999999.0 -999999.0 -999999.0
83.29999 85.416725 89.1285 91.79778 88.71016 82.584785 82.9049 83.54228 82.95557 80.04187 81.19371 73.96921 73.709785 74.493965 82.21163 81.03634 83.75929 81.45445 81.672935 88.745605 102.25278 108.89592 118.05766 117.16806 125.3054 122.949745 115.9866 132.08812 112.26693 97.65915 98.54139 89.01513 80.40162 75.73992 65.41365 60.923584 59.258965 43.61055 45.61913 45.721073 43.407204 33.176605 22.61243 16.401823 12.2292595 7.0213585 3.7285771 -999999.0 -999999.0 0.8943279 -999999.0 -999999.0 -999999.0 -999999.0 -999999.0 -999999.0 -999999.0 -999999.0 -999999.0 -999999.0 -999999.0 -999999.0
