data/TNO-HT-ATES/HT-ATES_msz2/msz2__top_depth_basecase_80-45-40.asc
ncols  140
nrows  163
xllcorner  0.0
yllcorner  300000.0
cellsize  2000.0
NODATA_value  -999999.0
[rows 81 to 107 of 163, columns 61 to 121 of 140]
181.56999 168.15 166.91 166.88501 168.33499 171.41249 167.16501 159.575 157.6375 153.59 152.24998 154.325 156.48749 155.7475 157.54749 159.31999 157.7625 154.6625 157.56 166.3525 171.1225 171.6525 170.775 169.87 168.965 165.92499 163.465 175.5725 178.395 175.87 173.66 170.34 165.94499 161.3225 154.96 146.9525 137.7725 127.11749 118.265 109.987495 102.3275 96.3425 92.84 85.81 71.72499 60.68 51.829998 -999999.0 -999999.0 -999999.0 -999999.0 -999999.0 -999999.0 -999999.0 -999999.0 -999999.0 -999999.0 -999999.0 -999999.0 -999999.0 -999999.0
176.465 179.3125 178.70749 163.08 163.14749 162.3225 157.4175 148.57999 144.59248 145.4775 147.3775 148.62248 150.58499 156.5325 151.9625 150.7875 150.14499 149.35 147.38249 163.8675 168.7125 164.9 162.1575 161.74251 159.81 159.36249 164.01999 173.7925 171.01749 169.1425 166.6475 161.81 157.5375 154.25749 149.3075 142.01999 134.2075 121.97499 114.3725 105.125 97.33499 90.91499 84.95749 78.165 67.517494 60.657497 -999999.0 -999999.0 -999999.0 -999999.0 -999999.0 -999999.0 -999999.0 -999999.0 -999999.0 -999999.0 -999999.0 -999999.0 -999999.0 -999999.0 -999999.0
171.79251 173.4225 176.245 180.3875 181.17749 153.855 148.185 139.41 134.66 133.155 136.84999 138.185 140.525 143.625 144.88998 144.82251 144.95 147.5 149.4325 150.43 149.54 154.63 152.68501 153.2425 151.515 152.2475 156.07498 159.515 161.74 160.9175 158.09 156.0125 151.245 148.375 144.91501 139.6525 131.685 120.34499 110.1125 101.7875 92.3975 85.43 78.384995 70.049995 63.510002 61.239998 -999999.0 -999999.0 -999999.0 -999999.0 -999999.0 -999999.0 -999999.0 -999999.0 -999999.0 -999999.0 -999999.0 -999999.0 -999999.0 -999999.0 -999999.0
168.8325 169.01749 172.455 181.0725 187.9025 181.7175 171.275 155.99501 128.0625 122.99 122.11 124.075 127.9225 132.63 134.8975 136.27 138.34 143.8675 145.89749 136.7975 135.6375 140.67 140.7275 141.4425 140.9675 141.9025 145.16498 148.47 153.45 155.3675 153.555 148.77249 144.5425 142.98 140.70248 138.895 132.66501 119.1225 108.057495 100.7775 90.682495 82.082504 73.0275 67.189995 61.9375 56.21 -999999.0 -999999.0 -999999.0 -999999.0 -999999.0 -999999.0 -999999.0 -999999.0 -999999.0 -999999.0 -999999.0 -999999.0 -999999.0 -999999.0 -999999.0
167.76498 164.51999 165.42 179.265 182.38998 177.485 169.715 162.36499 156.3225 155.785 114.5275 117.595 118.68 119.9425 121.16249 126.237495 127.9125 130.4125 126.292496 122.612495 124.1425 125.955 127.65 127.94499 129.76 131.70248 136.72499 141.9325 149.06999 148.31499 146.2975 143.025 140.86499 138.01001 137.98499 137.4225 134.33499 123.4775 110.7125 99.322495 90.13249 79.9425 72.12 67.200005 61.252502 52.137497 46.7875 -999999.0 -999999.0 -999999.0 -999999.0 -999999.0 -999999.0 -999999.0 -999999.0 -999999.0 -999999.0 -999999.0 -999999.0 -999999.0 -999999.0
167.68 178.435 168.405 172.59999 175.11249 171.86499 166.7 161.98749 160.9075 155.89749 130.89749 102.25499 109.655 103.0475 101.0525 117.635 117.7325 117.53 114.335 113.5925 114.347496 114.1575 115.195 115.270004 121.61 122.42999 129.8825 130.345 141.97751 141.1075 137.375 135.50749 133.845 130.41501 133.0175 135.285 129.6775 122.63249 111.8875 99.895 90.615 77.87501 68.5775 64.942505 56.882496 51.2875 45.0375 -999999.0 -999999.0 -999999.0 -999999.0 -999999.0 -999999.0 -999999.0 -999999.0 -999999.0 -999999.0 -999999.0 -999999.0 -999999.0 -999999.0
162.415 168.8075 168.165 170.55249 171.195 166.8375 160.3075 158.945 165.275 158.56 153.045 98.56 89.5875 88.935 93.18749 94.365 108.485 109.3625 107.932495 106.71001 106.055 105.899994 104.337494 107.869995 115.06999 119.810005 124.899994 128.4675 132.0325 131.59 130.02249 126.619995 125.807495 126.575 129.5925 129.79498 126.0625 119.7 109.19499 98.0275 96.0275 76.064995 62.239998 63.085 57.76 51.105 43.5975 -999999.0 -999999.0 -999999.0 -999999.0 -999999.0 -999999.0 -999999.0 -999999.0 -999999.0 -999999.0 -999999.0 -999999.0 -999999.0 -999999.0
153.385 155.485 155.17749 158.67 169.43 165.53749 162.07748 158.04 164.1025 166.88 160.98 154.105 86.8625 83.09 87.057495 90.16499 89.12 105.365005 103.295 100.02 99.4275 101.982506 101.6375 104.962494 109.07 113.337494 118.855 123.34 126.37999 124.565 119.7975 117.079994 115.0925 118.415 -999999.0 -999999.0 122.649994 116.085 103.68749 95.7525 91.1175 73.3975 66.07 62.379997 59.28 51.5375 40.3775 34.69 -999999.0 -999999.0 -999999.0 -999999.0 -999999.0 -999999.0 -999999.0 -999999.0 -999999.0 -999999.0 -999999.0 -999999.0 -999999.0
150.51749 145.89249 141.6275 151.495 162.2175 168.45999 170.14249 167.045 164.57251 170.325 168.10251 160.5925 150.99 84.4575 80.6725 82.7975 81.5775 102.515 108.815 95.2975 94.479996 97.19 98.91 100.5275 103.1475 108.7425 116.625 117.5175 117.7425 115.325 109.9125 105.15749 103.13 108.079994 -999999.0 -999999.0 107.59499 102.447495 92.945 84.64 77.035 69.28999 67.25749 64.1625 -999999.0 -999999.0 -999999.0 -999999.0 -999999.0 -999999.0 -999999.0 -999999.0 -999999.0 -999999.0 -999999.0 -999999.0 -999999.0 -999999.0 -999999.0 -999999.0 -999999.0
146.4575 147.55 142.76 147.9425 155.5175 155.5375 178.64749 184.29001 178.795 176.8325 176.11249 167.86 153.36 138.7075 96.935 77.1425 73.84 71.7475 92.317505 90.435 89.994995 92.845 96.5875 97.05 99.252495 103.5775 107.225 107.335 105.674995 104.424995 102.972496 99.3825 98.4375 101.02999 101.465 99.685 96.79 91.2 82.1725 74.54749 65.9075 57.1025 62.87 -999999.0 -999999.0 -999999.0 -999999.0 -999999.0 -999999.0 -999999.0 -999999.0 -999999.0 -999999.0 -999999.0 -999999.0 -999999.0 -999999.0 -999999.0 -999999.0 -999999.0 -999999.0
140.85251 142.8725 131.465 145.995 149.18999 148.7925 155.4775 184.73499 184.65 182.6575 181.26498 172.5725 155.13 141.48 134.88 86.8825 68.582504 66.722496 84.722496 84.7425 83.695 88.4775 95.25 92.097496 93.825 96.549995 96.8675 97.649994 91.97749 95.534996 96.85 94.652504 90.1775 92.8975 92.11 90.112495 88.03001 83.36 76.7275 71.182495 62.957497 60.939995 60.18 -999999.0 -999999.0 -999999.0 -999999.0 -999999.0 -999999.0 -999999.0 -999999.0 -999999.0 -999999.0 -999999.0 -999999.0 -999999.0 -999999.0 -999999.0 -999999.0 -999999.0 -999999.0
141.7 142.51498 134.37251 137.23 145.35251 151.1775 155.39749 158.705 182.53 181.8125 179.6075 168.0825 154.37 147.06 137.72499 132.0925 70.91499 67.9525 63.2575 79.49 77.979996 78.585 80.715004 83.8825 86.5675 89.1625 84.72499 83.95 84.427505 89.282486 93.6875 92.615 85.91499 86.4375 87.884995 81.8225 81.1775 78.2475 74.065 70.0875 66.285 -999999.0 -999999.0 -999999.0 -999999.0 -999999.0 -999999.0 -999999.0 -999999.0 -999999.0 -999999.0 -999999.0 -999999.0 -999999.0 -999999.0 -999999.0 -999999.0 -999999.0 -999999.0 -999999.0 -999999.0
142.935 143.76498 133.125 134.5625 137.345 136.38 130.07 136.44499 181.07748 178.76498 174.4975 158.1875 151.78 147.18501 141.62 133.925 129.48502 72.45 65.939995 58.9 72.5675 73.152504 69.825 71.8925 77.6875 89.0775 84.112495 78.20249 82.104996 87.20749 90.78 89.314995 85.34 84.09499 80.7 79.1725 78.557495 -999999.0 -999999.0 -999999.0 -999999.0 -999999.0 -999999.0 -999999.0 -999999.0 -999999.0 -999999.0 -999999.0 -999999.0 -999999.0 -999999.0 -999999.0 -999999.0 -999999.0 -999999.0 -999999.0 -999999.0 -999999.0 -999999.0 -999999.0 -999999.0
143.97 145.44247 131.35 131.05 130.8575 132.2675 132.12 134.0 176.73499 174.38249 166.3975 158.945 150.58499 145.85251 142.01999 139.5475 138.2325 78.75 74.465 64.125 53.652496 68.9425 65.91 60.037502 70.784996 79.66499 80.985 78.365 81.2275 85.64 86.354996 84.1275 83.2075 79.5 77.85333 -999999.0 -999999.0 -999999.0 -999999.0 -999999.0 -999999.0 -999999.0 -999999.0 -999999.0 -999999.0 -999999.0 -999999.0 -999999.0 -999999.0 -999999.0 -999999.0 -999999.0 -999999.0 -999999.0 -999999.0 -999999.0 -999999.0 -999999.0 -999999.0 -999999.0 -999999.0
143.445 145.85251 145.9725 129.91249 130.0325 132.95499 135.50748 134.76 136.9425 171.6 164.4825 155.9075 148.635 144.1175 140.34 145.275 144.6525 133.01999 85.21 72.6675 63.142498 54.637497 62.63 56.899998 49.9875 69.83499 73.792496 74.59 76.99249 83.237495 -999999.0 83.432495 80.042496 -999999.0 -999999.0 -999999.0 -999999.0 -999999.0 -999999.0 -999999.0 -999999.0 -999999.0 -999999.0 -999999.0 -999999.0 -999999.0 -999999.0 -999999.0 -999999.0 -999999.0 -999999.0 -999999.0 -999999.0 -999999.0 -999999.0 -999999.0 -999999.0 -999999.0 -999999.0 -999999.0 -999999.0
143.035 147.81 146.77501 147.9175 131.4975 135.335 141.43999 136.71 135.85748 167.67499 159.14 156.035 150.0275 144.5925 143.09 130.50249 138.97249 132.8325 93.06999 75.55 63.3125 55.765 47.422497 56.329998 46.83 52.039997 -999999.0 -999999.0 -999999.0 -999999.0 -999999.0 -999999.0 -999999.0 -999999.0 -999999.0 -999999.0 -999999.0 -999999.0 -999999.0 -999999.0 -999999.0 -999999.0 -999999.0 -999999.0 -999999.0 -999999.0 -999999.0 -999999.0 -999999.0 -999999.0 -999999.0 -999999.0 -999999.0 -999999.0 -999999.0 -999999.0 -999999.0 -999999.0 -999999.0 -999999.0 -999999.0
141.9775 147.61249 146.0625 146.27 131.87749 133.81499 135.51999 135.45999 135.3025 157.27751 158.155 153.685 149.28749 144.9975 139.4075 118.975 110.487495 122.1425 112.5275 78.1075 69.345 58.83 43.78 54.25 51.739998 -999999.0 -999999.0 -999999.0 -999999.0 -999999.0 -999999.0 -999999.0 -999999.0 -999999.0 -999999.0 -999999.0 -999999.0 -999999.0 -999999.0 -999999.0 -999999.0 -999999.0 -999999.0 -999999.0 -999999.0 -999999.0 -999999.0 -999999.0 -999999.0 -999999.0 -999999.0 -999999.0 -999999.0 -999999.0 -999999.0 -999999.0 -999999.0 -999999.0 -999999.0 -999999.0 -999999.0
139.0025 141.1075 140.00749 141.5275 146.5175 137.3375 133.62001 134.105 134.5 134.97249 159.54498 151.42499 149.23999 145.78 145.76999 136.41998 100.28249 93.26499 102.767494 89.905 69.395004 57.5375 -999999.0 -999999.0 -999999.0 -999999.0 -999999.0 -999999.0 -999999.0 -999999.0 -999999.0 -999999.0 -999999.0 -999999.0 -999999.0 -999999.0 -999999.0 -999999.0 -999999.0 -999999.0 -999999.0 -999999.0 -999999.0 -999999.0 -999999.0 -999999.0 -999999.0 -999999.0 -999999.0 -999999.0 -999999.0 -999999.0 -999999.0 -999999.0 -999999.0 -999999.0 -999999.0 -999999.0 -999999.0 -999999.0 -999999.0
137.775 136.675 128.5725 137.41249 145.0075 152.2825 156.7975 133.73499 134.265 134.4675 134.705 153.905 152.84999 149.3275 144.1625 151.63 134.33499 114.3625 88.1525 84.395 63.71 -999999.0 -999999.0 -999999.0 -999999.0 -999999.0 -999999.0 -999999.0 -999999.0 -999999.0 -999999.0 -999999.0 -999999.0 -999999.0 -999999.0 -999999.0 -999999.0 -999999.0 -999999.0 -999999.0 -999999.0 -999999.0 -999999.0 -999999.0 -999999.0 -999999.0 -999999.0 -999999.0 -999999.0 -999999.0 -999999.0 -999999.0 -999999.0 -999999.0 -999999.0 -999999.0 -999999.0 -999999.0 -999999.0 -999999.0 -999999.0
135.14749 135.295 134.10251 137.06 143.20999 151.94998 163.435 157.11 138.22499 134.45999 134.20999 159.715 158.83 156.99251 151.45999 141.2425 156.87 139.05501 -999999.0 -999999.0 -999999.0 -999999.0 -999999.0 -999999.0 -999999.0 -999999.0 -999999.0 -999999.0 -999999.0 -999999.0 -999999.0 -999999.0 -999999.0 -999999.0 -999999.0 -999999.0 -999999.0 -999999.0 -999999.0 -999999.0 -999999.0 -999999.0 -999999.0 -999999.0 -999999.0 -999999.0 -999999.0 -999999.0 -999999.0 -999999.0 -999999.0 -999999.0 -999999.0 -999999.0 -999999.0 -999999.0 -999999.0 -999999.0 -999999.0 -999999.0 -999999.0
132.2175 134.1625 134.02 134.4575 139.75998 147.995 155.51749 153.055 145.36249 147.16501 133.47 136.875 163.86499 164.13249 155.885 145.5925 142.755 166.01999 -999999.0 -999999.0 -999999.0 -999999.0 -999999.0 -999999.0 -999999.0 -999999.0 -999999.0 -999999.0 -999999.0 -999999.0 -999999.0 -999999.0 -999999.0 -999999.0 -999999.0 -999999.0 -999999.0 -999999.0 -999999.0 -999999.0 -999999.0 -999999.0 -999999.0 -999999.0 -999999.0 -999999.0 -999999.0 -999999.0 -999999.0 -999999.0 -999999.0 -999999.0 -999999.0 -999999.0 -999999.0 -999999.0 -999999.0 -999999.0 -999999.0 -999999.0 -999999.0
130.69751 132.195 131.875 132.5 136.47998 141.87 146.86499 148.89249 146.925 149.14749 150.83 153.01749 143.0175 161.92499 157.61499 149.52249 150.015 142.535 -999999.0 -999999.0 -999999.0 -999999.0 -999999.0 -999999.0 -999999.0 -999999.0 -999999.0 -999999.0 -999999.0 -999999.0 -999999.0 -999999.0 -999999.0 -999999.0 -999999.0 -999999.0 -999999.0 -999999.0 -999999.0 -999999.0 -999999.0 -999999.0 -999999.0 -999999.0 -999999.0 -999999.0 -999999.0 -999999.0 -999999.0 -999999.0 -999999.0 -999999.0 -999999.0 -999999.0 -999999.0 -999999.0 -999999.0 -999999.0 -999999.0 -999999.0 -999999.0
130.54 131.98499 130.1 130.89499 132.82 135.145 139.93 146.39 148.43 151.07751 154.51999 156.85999 157.4025 148.635 158.85751 153.76 152.265 -999999.0 -999999.0 -999999.0 -999999.0 -999999.0 -999999.0 -999999.0 -999999.0 -999999.0 -999999.0 -999999.0 -999999.0 -999999.0 -999999.0 -999999.0 -999999.0 -999999.0 -999999.0 -999999.0 -999999.0 -999999.0 -999999.0 -999999.0 -999999.0 -999999.0 -999999.0 -999999.0 -999999.0 -999999.0 -999999.0 -999999.0 -999999.0 -999999.0 -999999.0 -999999.0 -999999.0 -999999.0 -999999.0 -999999.0 -999999.0 -999999.0 -999999.0 -999999.0 -999999.0
127.31999 128.995 127.384995 130.0775 134.1925 125.899994 131.44751 142.8525 147.7575 154.895 159.9675 162.635 164.26 161.44748 159.27249 156.5725 -999999.0 -999999.0 -999999.0 -999999.0 -999999.0 -999999.0 -999999.0 -999999.0 -999999.0 -999999.0 -999999.0 -999999.0 -999999.0 -999999.0 -999999.0 -999999.0 -999999.0 -999999.0 -999999.0 -999999.0 -999999.0 -999999.0 -999999.0 -999999.0 -999999.0 -999999.0 -999999.0 -999999.0 -999999.0 -999999.0 -999999.0 -999999.0 -999999.0 -999999.0 -999999.0 -999999.0 -999999.0 -999999.0 -999999.0 -999999.0 -999999.0 -999999.0 -999999.0 -999999.0 -999999.0
114.2975 120.869995 122.347496 126.049995 136.56 132.785 131.84 135.31 146.97 157.715 164.345 170.405 172.84749 166.3775 165.53749 -999999.0 -999999.0 -999999.0 -999999.0 -999999.0 -999999.0 -999999.0 -999999.0 -999999.0 -999999.0 -999999.0 -999999.0 -999999.0 -999999.0 -999999.0 -999999.0 -999999.0 -999999.0 -999999.0 -999999.0 -999999.0 -999999.0 -999999.0 -999999.0 -999999.0 -999999.0 -999999.0 -999999.0 -999999.0 -999999.0 -999999.0 -999999.0 -999999.0 -999999.0 -999999.0 -999999.0 -999999.0 -999999.0 -999999.0 -999999.0 -999999.0 -999999.0 -999999.0 -999999.0 -999999.0 -999999.0
103.924995 112.729996 117.192505 116.13249 122.86 126.115 125.097496 124.56999 134.10999 153.62 167.6175 -999999.0 -999999.0 177.38748 179.0 -999999.0 -999999.0 -999999.0 -999999.0 -999999.0 -999999.0 -999999.0 -999999.0 -999999.0 -999999.0 -999999.0 -999999.0 -999999.0 -999999.0 -999999.0 -999999.0 -999999.0 -999999.0 -999999.0 -999999.0 -999999.0 -999999.0 -999999.0 -999999.0 -999999.0 -999999.0 -999999.0 -999999.0 -999999.0 -999999.0 -999999.0 -999999.0 -999999.0 -999999.0 -999999.0 -999999.0 -999999.0 -999999.0 -999999.0 -999999.0 -999999.0 -999999.0 -999999.0 -999999.0 -999999.0 -999999.0
93.3025 107.5675 116.11499 111.075 109.722496 112.997505 118.80499 120.98249 128.4675 156.09999 172.5975 186.0825 198.8875 -999999.0 -999999.0 -999999.0 -999999.0 -999999.0 -999999.0 -999999.0 -999999.0 -999999.0 -999999.0 -999999.0 -999999.0 -999999.0 -999999.0 -999999.0 -999999.0 -999999.0 -999999.0 -999999.0 -999999.0 -999999.0 -999999.0 -999999.0 -999999.0 -999999.0 -999999.0 -999999.0 -999999.0 -999999.0 -999999.0 -999999.0 -999999.0 -999999.0 -999999.0 -999999.0 -999999.0 -999999.0 -999999.0 -999999.0 -999999.0 -999999.0 -999999.0 -999999.0 -999999.0 -999999.0 -999999.0 -999999.0 -999999.0
