data/TNO-HT-ATES/HT-ATES_msz2/msz2__flowr_sodm_P50_basecase_80-45-40.asc
ncols  140
nrows  163
xllcorner  0.0
yllcorner  300000.0
cellsize  2000.0
NODATA_value  -999999.0
[rows 28 to 55 of 163, columns 62 to 123 of 140]
220.83434 229.37993 257.98428 246.79309 244.41872 243.87062 238.3651 240.17093 236.33316 224.7974 232.34564 204.34161 183.35454 202.41127 233.26958 224.08517 215.36574 211.56291 215.10478 218.55357 277.105 315.36874 339.28815 342.9411 345.89062 354.91537 353.14072 347.1404 335.39847 305.81085 281.82443 264.44086 239.47935 214.06987 190.36855 167.4501 164.52605 154.25563 139.86632 114.406 106.23697 89.414055 63.318573 50.196575 38.246723 23.276827 7.7898984 -999999.0 -999999.0 -999999.0 -999999.0 -999999.0 -999999.0 -999999.0 -999999.0 -999999.0 -999999.0 -999999.0 -999999.0 -999999.0 -999999.0 -999999.0
200.62839 223.07872 235.41336 240.77591 249.14767 230.55643 226.02399 223.43181 216.721 213.13771 208.29802 188.69531 186.16714 207.86969 213.64857 211.85979 199.42628 -999999.0 221.10057 238.1613 282.04803 330.33807 338.5807 366.5026 350.416 374.49747 354.92328 332.7872 319.9235 307.10007 279.54105 251.90672 242.48311 195.3847 144.22382 121.13226 147.27216 160.75023 137.226 110.70978 99.62165 85.53485 66.35813 58.568363 51.092808 40.129025 21.549551 -999999.0 -999999.0 -999999.0 1.624618 -999999.0 -999999.0 -999999.0 -999999.0 -999999.0 -999999.0 -999999.0 -999999.0 -999999.0 -999999.0 -999999.0
181.90942 187.47069 202.1516 211.08508 215.3956 211.50182 206.43015 201.69888 195.84357 198.00684 184.37465 190.74539 198.63057 207.31694 204.90439 200.28041 197.48044 235.43544 250.66049 273.96378 302.94833 327.5768 353.97464 365.5222 354.0384 381.73178 394.13983 333.26617 294.93274 289.69174 195.4492 189.01689 198.26546 170.01039 114.24478 73.09902 -999999.0 149.56511 129.69272 110.08791 96.71727 76.06188 68.339935 65.77434 61.50365 64.94524 50.662544 20.967781 21.040722 -999999.0 13.12725 -999999.0 -999999.0 -999999.0 -999999.0 -999999.0 -999999.0 -999999.0 -999999.0 -999999.0 -999999.0 -999999.0
160.34406 171.82108 175.31236 179.49449 179.94688 182.54318 208.65295 202.7677 181.75664 179.41618 192.05037 206.9985 213.00618 217.91786 208.30325 212.06891 254.1724 280.7157 294.21674 304.536 307.2498 328.85236 308.36362 316.1193 366.29297 372.61432 331.27643 318.5368 289.6779 211.44969 108.137955 117.60458 136.41173 166.38396 112.149864 87.7359 109.78566 129.25548 117.72303 99.316246 75.85695 65.50691 59.221916 61.091217 70.01765 83.9488 77.466415 75.1934 52.605927 65.150566 5.6989613 7.917805 -999999.0 -999999.0 -999999.0 -999999.0 -999999.0 -999999.0 -999999.0 -999999.0 -999999.0 -999999.0
143.09474 153.94778 158.8678 165.8163 171.33559 179.05507 195.11105 186.45058 176.44414 173.6683 196.30684 214.97816 225.62163 233.45213 233.38522 237.50647 283.43613 287.35635 315.1638 314.42233 341.20236 346.8529 319.0365 333.47766 380.0606 362.59436 324.7866 333.16904 302.9908 129.28404 26.850416 90.286316 125.49879 133.71071 118.08282 108.048775 114.17809 116.600136 103.902145 88.14459 64.5488 54.259342 54.825146 64.17522 73.409225 83.71842 83.057945 87.2602 67.83335 36.391987 -999999.0 41.940937 -999999.0 -999999.0 -999999.0 -999999.0 -999999.0 -999999.0 -999999.0 -999999.0 -999999.0 -999999.0
123.278915 139.49806 150.84833 166.89012 175.49533 182.80446 188.79483 178.48573 175.97821 144.46585 189.9294 219.79417 235.68285 249.63826 258.14932 263.14978 297.03494 315.2055 332.57947 333.42908 341.31314 333.9576 316.975 330.6517 362.04163 334.9054 308.12885 294.16263 264.91043 145.34938 127.384766 114.716255 134.38411 145.32617 138.01682 127.432495 112.845665 95.5528 79.300545 59.84664 37.040813 29.645655 44.995895 62.631187 70.978584 77.94759 77.04198 77.85745 60.087357 34.341396 26.933722 -999999.0 -999999.0 -999999.0 -999999.0 -999999.0 -999999.0 -999999.0 -999999.0 -999999.0 -999999.0 -999999.0
99.83332 121.80496 126.74713 151.74959 164.51186 171.23718 185.84285 178.7453 178.35257 188.27742 203.68373 232.06714 239.27493 236.4727 249.11792 272.23148 304.35757 331.57657 349.41992 317.17526 307.91623 302.1997 294.8236 328.14105 342.27972 297.75613 293.26367 269.33493 236.5067 151.78598 117.211876 131.60464 150.40279 169.30487 167.10114 147.16776 118.85887 90.7322 71.59115 44.146843 19.612463 -999999.0 34.525135 58.88739 67.052086 75.732574 72.78908 62.688457 39.366936 15.830741 7.818801 -999999.0 -999999.0 -999999.0 -999999.0 -999999.0 -999999.0 -999999.0 -999999.0 -999999.0 -999999.0 -999999.0
92.2835 116.47807 131.18669 143.12717 158.31496 168.5745 178.45116 179.95992 174.29813 180.2669 209.98993 227.64517 234.8166 235.02055 259.4385 314.3842 318.83585 341.31473 347.41428 316.37234 292.68573 251.64673 252.35445 329.70258 316.99542 284.2273 271.24332 265.4183 210.28494 140.84512 99.321434 121.45205 157.83453 196.13557 196.1017 163.73248 127.63415 86.07915 49.716774 38.000813 18.11711 13.073468 28.44787 52.172718 62.11209 69.77281 63.584633 42.55616 21.723642 2.381219 -999999.0 -999999.0 -999999.0 -999999.0 -999999.0 -999999.0 -999999.0 -999999.0 -999999.0 -999999.0 -999999.0 -999999.0
97.15668 115.67498 134.64722 149.25227 165.44942 173.23936 167.21495 172.10237 172.93176 183.67616 213.2437 220.75963 236.75003 234.10216 257.51483 305.2208 323.5216 352.7101 369.7334 336.24756 290.1491 273.89227 278.4219 316.96942 294.34772 265.12848 251.93532 242.74626 172.11859 105.85565 76.12752 122.83548 175.81822 199.72853 190.1176 173.4701 142.61798 94.05726 52.041756 32.731697 20.265776 21.009413 30.215809 47.272438 54.6876 58.458378 48.08114 23.875422 6.9254537 -999999.0 -999999.0 1.9456419 7.1044364 -999999.0 -999999.0 -999999.0 -999999.0 -999999.0 -999999.0 -999999.0 -999999.0 -999999.0
83.977776 96.37311 123.359634 143.49883 167.09221 168.7572 190.52571 183.11182 177.16475 193.94087 197.84477 192.88475 196.80312 216.55829 262.8485 311.1526 336.1653 347.48154 360.40167 349.23782 313.5405 275.09204 258.14188 269.12546 259.2601 227.67279 239.77756 201.83736 147.93474 83.84585 53.433266 121.14836 199.43015 196.81496 181.7567 175.2254 138.18929 79.15385 40.67761 25.628063 21.019085 20.126657 25.256464 39.188953 45.349617 43.239452 26.747154 1.9990543 -999999.0 4.850635 16.505524 34.554234 71.5896 -999999.0 -999999.0 -999999.0 -999999.0 -999999.0 -999999.0 -999999.0 -999999.0 -999999.0
84.38474 96.29959 119.05035 136.39551 165.43115 163.79213 186.3801 186.74704 156.84344 158.99019 168.76129 183.92532 193.76997 219.99503 281.37875 327.08658 351.3156 382.3733 354.4846 346.28522 304.19748 261.4289 231.35057 226.34607 245.98708 208.87434 220.25363 181.19902 141.62195 90.04738 89.425674 133.8911 187.5656 179.28464 190.88535 183.2696 110.82908 51.847424 19.003988 9.09664 14.845763 16.049372 20.252813 31.44043 36.246277 30.512121 6.7197657 -999999.0 0.0 5.8770022 33.40961 23.34033 21.932568 -999999.0 -999999.0 -999999.0 -999999.0 -999999.0 -999999.0 -999999.0 -999999.0 -999999.0
84.877785 94.44268 117.474815 137.54068 160.13956 168.51306 188.56857 189.81927 172.52663 148.42761 151.5217 179.58493 198.54199 243.2437 274.76605 316.19977 377.7953 374.83304 363.9168 336.86508 297.026 239.80724 223.30302 223.68716 243.08347 215.30396 208.84995 164.43013 129.6491 103.98283 108.41485 127.713715 160.06258 183.31537 183.22533 128.54933 71.32166 16.775219 -999999.0 -999999.0 9.214904 13.29219 17.625715 20.553253 19.29262 12.595027 -999999.0 -999999.0 11.498776 10.742615 -999999.0 -999999.0 -999999.0 -999999.0 -999999.0 -999999.0 -999999.0 -999999.0 -999999.0 -999999.0 -999999.0 -999999.0
101.61446 114.67375 129.76723 139.9591 156.61215 162.4749 202.8078 196.57619 178.48503 162.56367 135.80522 160.90323 201.2705 238.51907 265.151 327.60657 386.707 374.07135 356.824 332.46313 280.6049 256.55627 229.36247 262.61172 234.084 214.88522 204.8333 168.33514 138.00339 111.42089 105.02655 107.61189 116.8806 122.26395 119.26421 86.22952 42.276237 5.1421294 -999999.0 -999999.0 4.2010775 7.1620555 10.697804 11.840555 7.6973853 5.780111 19.191288 14.8402195 9.551778 -999999.0 -999999.0 -999999.0 -999999.0 -999999.0 -999999.0 -999999.0 -999999.0 -999999.0 -999999.0 -999999.0 -999999.0 -999999.0
120.00238 131.67119 148.98555 166.69356 182.10971 183.94672 194.45567 205.85619 187.56944 170.40524 175.20534 162.97652 192.12946 236.31436 279.28043 358.77588 358.03278 351.90063 315.4493 308.5098 273.72415 270.30765 240.27954 247.43959 238.189 231.98775 219.29152 175.53148 128.74973 107.30893 107.24343 95.06843 85.698616 75.17996 73.05111 55.604218 31.101416 12.540754 2.9045284 1.3925736 7.0909047 7.3856277 8.380646 6.9080653 4.024304 1.377687 11.926111 36.168613 -999999.0 -999999.0 -999999.0 -999999.0 -999999.0 -999999.0 -999999.0 -999999.0 -999999.0 -999999.0 -999999.0 -999999.0 -999999.0 -999999.0
138.81145 149.3153 165.69608 185.25021 201.07953 197.08492 197.02045 196.31609 182.54335 163.67639 188.86435 170.8739 187.56529 238.07004 274.73926 331.5564 298.97284 301.1298 280.06653 273.34683 253.76547 221.25027 240.56218 227.40338 240.211 221.55612 209.91087 183.87955 139.95784 119.74129 95.04607 76.20831 59.846237 44.70495 36.3309 36.964092 24.714901 16.59712 10.267795 5.7132244 8.7476635 10.017739 8.451095 7.6928067 6.5341334 1.7870163 38.440727 33.963123 -999999.0 -999999.0 -999999.0 -999999.0 -999999.0 -999999.0 -999999.0 -999999.0 -999999.0 -999999.0 -999999.0 -999999.0 -999999.0 -999999.0
163.00739 170.98973 190.1065 205.94214 211.97227 206.83331 205.19807 200.64406 179.79114 173.3133 184.65656 180.06902 187.35211 198.39137 232.98924 285.8776 273.71335 254.29417 247.67064 228.87746 187.59395 188.35902 181.01364 203.91968 226.2788 207.72285 187.80745 164.58841 137.31393 108.75372 79.77446 55.16154 39.350933 22.446308 16.52319 22.8845 17.473288 17.889471 15.08216 9.136184 10.792248 14.102954 12.962856 7.7199435 3.886469 1.3015147 13.578497 -999999.0 -999999.0 -999999.0 -999999.0 -999999.0 -999999.0 -999999.0 -999999.0 -999999.0 -999999.0 -999999.0 -999999.0 -999999.0 -999999.0 -999999.0
191.35623 190.96158 207.7128 220.25726 216.22835 206.88121 202.1016 193.23973 188.55522 168.89539 177.3777 183.42058 191.49187 200.9675 204.4912 224.39946 238.77518 215.02522 194.30208 177.49953 134.45468 148.05319 165.2512 179.1106 204.12549 193.7188 170.48256 148.12485 132.97334 110.422806 75.03844 52.049145 28.802818 8.244952 8.380352 16.462038 18.206987 16.602236 12.335864 10.207032 13.173467 20.471447 12.976302 7.4084635 2.0127513 -999999.0 3.576497 -999999.0 -999999.0 -999999.0 -999999.0 -999999.0 -999999.0 -999999.0 -999999.0 -999999.0 -999999.0 -999999.0 -999999.0 -999999.0 -999999.0 -999999.0
220.32095 219.62721 236.34506 231.55505 218.23862 213.75343 196.87158 190.02892 175.87436 167.77336 164.14503 150.28664 191.00877 214.1742 198.60101 195.06538 183.6978 169.27608 129.22658 100.6744 117.438835 139.95532 149.84927 162.02248 192.09964 184.94768 172.41887 137.93541 129.55493 116.85886 83.69806 60.42998 30.529293 8.605369 15.303875 22.324978 25.043415 20.444227 15.66918 12.326584 15.424188 14.22116 10.764829 -999999.0 1.9931442 -999999.0 -999999.0 -999999.0 -999999.0 -999999.0 -999999.0 -999999.0 -999999.0 -999999.0 -999999.0 -999999.0 -999999.0 -999999.0 -999999.0 -999999.0 -999999.0 -999999.0
238.03645 245.66154 260.24033 254.49422 240.05336 200.90738 192.64001 188.1426 190.29503 193.19577 175.53854 145.70102 215.41347 228.33803 168.59157 148.93756 130.50848 67.95194 43.942608 29.927639 50.58068 71.9161 101.95974 131.37953 163.15044 176.9445 167.61661 150.93942 138.2074 130.65129 94.75914 69.572075 48.081646 37.217003 35.74531 35.20875 36.271732 29.425253 27.249533 17.309568 10.656977 4.2238617 -999999.0 -999999.0 3.1627603 -999999.0 -999999.0 -999999.0 -999999.0 -999999.0 -999999.0 -999999.0 -999999.0 -999999.0 -999999.0 -999999.0 -999999.0 -999999.0 -999999.0 -999999.0 -999999.0 -999999.0
262.60898 279.33282 289.82837 290.68958 267.06268 227.40404 207.14671 204.54683 204.11044 198.71461 176.78499 177.10835 208.5822 206.58928 143.90723 100.66743 68.94051 18.363848 13.518472 47.81841 54.534565 57.370068 91.55833 121.23464 145.84143 160.34082 164.77809 147.56319 129.52617 113.19197 93.35371 71.2534 52.546566 52.17835 48.569267 53.37693 53.89596 45.59895 35.077595 20.22273 11.803202 1.5884209 -999999.0 -999999.0 -999999.0 1.2606157 -999999.0 -999999.0 -999999.0 -999999.0 -999999.0 -999999.0 -999999.0 -999999.0 -999999.0 -999999.0 -999999.0 -999999.0 -999999.0 -999999.0 -999999.0 -999999.0
304.62308 322.25143 307.9958 300.14648 272.90985 249.85794 237.12685 232.04765 229.8831 218.84618 203.45653 187.75557 182.79987 153.90958 121.60038 88.03429 24.124434 23.208717 32.02286 69.37591 84.59064 92.58837 106.43799 123.79139 142.195 143.64044 154.0057 155.06267 132.41035 124.08453 102.66799 82.18218 65.03977 66.62677 60.106544 52.009884 52.248173 40.93438 37.51652 25.936146 16.391466 2.9527354 -999999.0 -999999.0 5.07502 3.1169956 -999999.0 -999999.0 -999999.0 -999999.0 -999999.0 -999999.0 -999999.0 -999999.0 -999999.0 -999999.0 -999999.0 -999999.0 -999999.0 -999999.0 -999999.0 -999999.0
325.30365 351.39212 339.8241 324.83102 295.0785 269.65604 257.26868 245.72578 234.7568 220.85991 201.84935 166.55943 148.69073 115.30632 104.194626 90.71896 69.80934 55.32075 33.729843 53.082066 95.73665 127.59616 115.45491 114.69014 124.49561 135.64798 137.36484 140.80005 141.38501 124.66007 108.06886 89.79755 83.08723 62.650803 44.723488 33.456947 32.09115 37.37042 33.19861 25.011364 15.6524515 4.5348406 -999999.0 5.844549 10.7642145 2.474985 -999999.0 -999999.0 -999999.0 -999999.0 -999999.0 -999999.0 -999999.0 -999999.0 -999999.0 -999999.0 -999999.0 -999999.0 -999999.0 -999999.0 -999999.0 -999999.0
336.01157 358.8136 345.9703 334.80075 312.09308 278.76254 258.52057 241.38205 228.98671 207.87973 174.4252 171.04851 152.4174 120.74347 116.990364 93.78096 111.94581 71.9406 43.47802 66.38083 88.3522 130.77596 139.9182 115.270805 79.091064 137.30365 101.16966 103.137985 117.55336 118.10998 97.109955 79.43943 69.26007 49.50702 30.65877 8.355181 12.761502 32.612484 29.835606 15.639985 2.5549965 3.2744665 2.4157984 13.334897 8.301144 1.5357354 -999999.0 -999999.0 -999999.0 -999999.0 -999999.0 -999999.0 -999999.0 -999999.0 -999999.0 -999999.0 -999999.0 -999999.0 -999999.0 -999999.0 -999999.0 -999999.0
329.61304 343.63004 348.5308 326.0694 308.58148 280.74335 249.88005 232.82663 221.59077 209.31316 189.74086 175.4668 148.14922 123.512856 118.29952 124.40742 134.59634 83.324936 76.16237 88.09088 104.62671 130.24548 144.86261 135.78098 129.19028 105.99959 91.67765 88.224846 95.6023 110.12823 98.96936 83.27943 68.8533 55.547436 35.051502 21.96562 24.701315 27.57402 24.323944 16.940233 10.022672 4.2169275 2.3725457 15.6350155 9.748688 0.72777957 -999999.0 -999999.0 -999999.0 -999999.0 -999999.0 -999999.0 -999999.0 -999999.0 -999999.0 -999999.0 -999999.0 -999999.0 -999999.0 -999999.0 -999999.0 -999999.0
288.67505 295.82367 298.08173 289.8668 283.34436 265.91626 245.94615 209.79984 199.16669 201.55724 198.91356 190.47763 163.38727 143.1252 140.07231 141.8182 132.30704 108.45822 107.06649 98.49625 114.993645 136.4117 136.9886 147.38437 125.76204 72.355125 82.74246 92.452156 85.84334 90.72645 97.48199 111.002815 81.6097 81.447784 66.35666 36.87472 19.10616 26.913857 16.908077 14.97857 18.349464 19.341667 21.893574 25.363195 11.806759 -999999.0 -999999.0 -999999.0 -999999.0 -999999.0 -999999.0 -999999.0 -999999.0 -999999.0 -999999.0 -999999.0 -999999.0 -999999.0 -999999.0 -999999.0 -999999.0 -999999.0
252.31216 248.79066 251.96173 245.88333 248.81 241.48552 229.1463 208.37625 197.07126 202.9604 193.7287 185.9595 169.31668 145.23335 132.00883 131.52159 118.85632 145.55714 122.97532 103.76037 125.214554 154.65103 156.6423 159.16588 129.97884 90.44111 114.13315 101.5366 58.611122 75.16506 95.35997 121.99242 100.442986 91.80416 90.95623 48.811226 19.694246 13.346582 9.063983 15.203629 34.03708 42.910633 42.07121 33.92487 14.312282 -999999.0 -999999.0 -999999.0 -999999.0 -999999.0 -999999.0 -999999.0 -999999.0 -999999.0 -999999.0 -999999.0 -999999.0 -999999.0 -999999.0 -999999.0 -999999.0 -999999.0
197.37827 196.91382 184.78415 195.81247 210.66751 219.28137 228.40819 216.8576 218.04547 204.18065 184.35245 171.41306 156.019 142.64185 146.22131 146.0716 129.39359 158.8548 128.17871 102.63521 156.17072 169.21654 170.98814 158.40459 138.52524 120.263885 102.97658 91.25509 77.719505 73.82743 90.31896 119.40737 128.38869 119.68287 86.98219 43.339413 19.448772 4.8088574 -999999.0 16.090633 38.38114 52.00621 55.0173 42.91885 14.442731 -999999.0 -999999.0 -999999.0 -999999.0 -999999.0 -999999.0 -999999.0 -999999.0 -999999.0 -999999.0 -999999.0 -999999.0 -999999.0 -999999.0 -999999.0 -999999.0 -999999.0
170.32025 167.24529 141.05519 169.74017 190.87662 205.94362 214.04346 208.87396 214.89087 195.34651 167.63943 150.19383 140.10815 136.31746 162.30296 166.67001 153.41005 177.5733 137.6612 105.960045 161.08507 162.92404 161.93056 164.1122 151.72067 117.95294 77.6215 84.877945 83.56663 76.43548 117.56973 145.74863 151.43408 131.10823 80.2039 49.484142 21.724133 -999999.0 -999999.0 6.7163944 41.965702 45.893738 26.456068 31.45317 12.425947 -999999.0 -999999.0 -999999.0 -999999.0 -999999.0 -999999.0 -999999.0 -999999.0 -999999.0 -999999.0 -999999.0 -999999.0 -999999.0 -999999.0 -999999.0 -999999.0 -999999.0
