data/TNO-HT-ATES/HT-ATES_msz2/msz2__flowr_sodm_P50_basecase_80-45-40.asc
ncols  140
nrows  163
xllcorner  0.0
yllcorner  300000.0
cellsize  2000.0
NODATA_value  -999999.0
[rows 56 to 83 of 163, columns 62 to 123 of 140]
153.74014 162.00099 174.2491 193.2573 186.32202 191.91635 199.69453 196.17627 190.24138 171.99754 150.61913 137.5773 131.82962 143.22847 169.21169 156.09557 192.82076 178.47502 144.9416 131.26266 161.5512 165.74857 165.39307 168.963 167.57277 145.27599 88.775276 89.21289 72.0744 71.84649 136.7629 149.7565 154.1016 144.82129 120.16733 72.02887 33.994427 -999999.0 -999999.0 -999999.0 -999999.0 5.632143 2.3549001 15.631822 16.601782 -999999.0 -999999.0 -999999.0 -999999.0 -999999.0 -999999.0 -999999.0 -999999.0 -999999.0 -999999.0 -999999.0 -999999.0 -999999.0 -999999.0 -999999.0 -999999.0 -999999.0
129.12665 146.73038 152.39537 159.4458 175.73895 174.89722 189.07753 175.10106 166.22171 139.04164 135.04941 137.81549 140.61633 145.0418 176.52321 169.094 197.05656 166.58461 151.89183 161.95076 159.19945 160.38435 179.51443 181.06343 178.84543 166.90652 79.59456 70.07184 69.85869 72.44128 140.12332 147.23457 127.25008 120.95371 105.23987 94.111374 45.725563 -999999.0 -999999.0 -999999.0 -999999.0 -999999.0 -999999.0 8.353615 10.6925535 -999999.0 -999999.0 -999999.0 -999999.0 -999999.0 -999999.0 -999999.0 -999999.0 -999999.0 -999999.0 -999999.0 -999999.0 -999999.0 -999999.0 -999999.0 -999999.0 -999999.0
103.954765 121.690994 127.15802 136.68552 159.6335 161.8161 164.68295 151.561 133.6647 122.274345 127.791885 139.03426 156.57396 162.39531 160.15395 199.7431 199.75856 167.37202 156.55325 167.49947 163.40068 172.73502 190.68266 187.84233 190.41771 164.79123 84.69048 83.75503 96.831505 101.23527 119.208374 124.83642 109.18326 101.83323 100.27932 96.08807 88.40851 65.94988 -999999.0 -999999.0 -999999.0 -999999.0 -999999.0 21.95537 -999999.0 -999999.0 -999999.0 -999999.0 -999999.0 -999999.0 -999999.0 -999999.0 -999999.0 -999999.0 -999999.0 -999999.0 -999999.0 -999999.0 -999999.0 -999999.0 -999999.0 -999999.0
87.962364 109.86716 122.02207 125.73531 142.30342 140.5023 142.77678 130.67221 123.26066 114.37936 124.71599 124.03491 135.95082 150.9045 138.88431 176.7328 170.78049 159.48422 173.29929 163.65683 166.78319 180.66711 198.56143 196.2644 191.81293 180.21877 112.33227 124.213196 143.31136 145.46533 129.40344 100.39429 108.285255 117.44657 102.358284 80.44371 76.879105 69.57642 94.855446 17.88368 17.153234 -999999.0 -999999.0 15.264417 0.0 -999999.0 -999999.0 -999999.0 -999999.0 -999999.0 -999999.0 -999999.0 -999999.0 -999999.0 -999999.0 -999999.0 -999999.0 -999999.0 -999999.0 -999999.0 -999999.0 -999999.0
69.78018 125.24122 133.00212 98.68366 119.84364 127.190674 124.4619 114.504 104.99301 106.55166 115.23465 106.629196 101.08991 125.436485 140.93993 130.83981 118.29948 166.25226 179.15656 178.9896 190.16785 203.39085 218.45853 212.7855 201.833 184.08365 140.27217 160.0957 176.1126 201.11536 171.79259 165.85297 148.02374 126.432236 127.35838 88.68135 81.93363 70.647316 97.9862 144.71544 144.28722 31.206242 -999999.0 -999999.0 0.0 -999999.0 -999999.0 -999999.0 -999999.0 -999999.0 -999999.0 -999999.0 -999999.0 -999999.0 -999999.0 -999999.0 -999999.0 -999999.0 -999999.0 -999999.0 -999999.0 -999999.0
99.6643 123.98308 84.74969 60.343452 113.15823 111.6275 102.606705 91.864815 92.1123 99.80781 100.29561 93.12054 85.50369 100.590614 122.010025 106.35775 115.927444 130.22409 145.71231 185.31024 189.3628 201.16074 204.53374 219.38997 207.53079 150.77647 129.49321 144.20186 182.18372 226.10736 215.38847 242.97552 196.71007 169.28941 136.33281 115.077866 116.8657 114.69626 111.481964 199.99359 0.0 144.57402 -999999.0 -999999.0 -999999.0 -999999.0 -999999.0 -999999.0 -999999.0 -999999.0 -999999.0 -999999.0 -999999.0 -999999.0 -999999.0 -999999.0 -999999.0 -999999.0 -999999.0 -999999.0 -999999.0 -999999.0
125.57185 126.4501 66.13494 42.981674 95.042404 93.165794 100.2076 98.47893 95.10073 92.84416 82.45869 81.5107 79.73286 87.60527 96.45164 107.05579 125.40769 134.3484 139.76433 149.44191 173.4325 194.7172 217.32535 223.28416 232.52805 178.0944 129.41505 156.24289 186.26347 221.50945 263.9545 240.69554 211.63678 176.28796 163.64888 185.29431 209.80757 206.45274 167.27837 103.4493 167.63943 0.0 79.95211 14.456026 -999999.0 -999999.0 -999999.0 -999999.0 -999999.0 -999999.0 -999999.0 -999999.0 -999999.0 -999999.0 -999999.0 -999999.0 -999999.0 -999999.0 -999999.0 -999999.0 -999999.0 -999999.0
135.19492 119.67868 57.103394 34.904617 70.896904 66.993935 69.87922 76.51307 83.69469 83.24934 83.80671 83.22225 78.39186 88.301285 88.13403 96.13133 121.46227 124.24642 136.62253 132.46994 136.8367 148.39629 203.23445 217.94624 206.3304 195.03374 176.3904 187.49411 203.96162 269.32275 291.64993 265.139 215.57338 162.16246 179.26794 219.52104 292.71722 271.22864 230.64139 92.28026 141.48668 144.86388 96.73312 0.0 0.0 -999999.0 -999999.0 -999999.0 -999999.0 -999999.0 -999999.0 -999999.0 -999999.0 -999999.0 -999999.0 -999999.0 -999999.0 -999999.0 -999999.0 -999999.0 -999999.0 -999999.0
141.19322 111.033005 63.413044 38.054356 53.613304 36.51805 45.62318 56.46516 60.16133 80.92026 82.42717 75.65605 87.2694 91.84218 97.05346 84.94147 81.949486 108.634415 123.423836 117.09366 117.440025 130.796 155.38208 188.17424 185.20192 193.00139 184.83159 189.62967 173.89911 219.15106 256.79648 356.3156 260.22046 189.223 186.13184 187.32529 268.5426 229.40407 203.81895 179.13574 152.05759 119.26225 0.0 0.0 0.0 0.0 -999999.0 -999999.0 -999999.0 -999999.0 -999999.0 -999999.0 -999999.0 -999999.0 -999999.0 -999999.0 -999999.0 -999999.0 -999999.0 -999999.0 -999999.0 -999999.0
152.23218 103.02954 70.88841 46.899742 22.838165 20.37338 51.63542 63.904057 65.631424 45.986145 35.011265 64.845634 98.77782 98.85113 100.937805 83.938545 78.825806 73.24701 91.005615 109.1972 115.49639 125.74576 145.66975 167.98209 181.21667 169.12857 162.96541 167.6036 189.48763 250.64043 299.2707 303.66336 243.56427 176.47842 110.23242 73.60259 145.63551 150.48596 135.48146 198.96198 164.6119 133.70656 0.0 0.0 0.0 -999999.0 -999999.0 -999999.0 -999999.0 -999999.0 -999999.0 -999999.0 -999999.0 -999999.0 -999999.0 -999999.0 -999999.0 -999999.0 -999999.0 -999999.0 -999999.0 -999999.0
160.82857 129.6205 105.14949 85.13333 62.497356 53.82103 62.391953 43.2261 45.288864 43.601982 30.425829 45.717854 80.54995 96.47229 93.19915 86.176994 88.09219 87.38701 86.11277 80.54393 97.42265 108.16412 130.33194 168.94435 173.30887 141.9447 125.662 108.18977 190.75645 233.13652 263.51288 265.01227 224.81654 185.91504 141.18777 66.98428 130.29022 238.13065 273.44476 235.7015 171.90514 0.0 0.0 0.0 0.0 -999999.0 -999999.0 -999999.0 -999999.0 -999999.0 -999999.0 -999999.0 -999999.0 -999999.0 -999999.0 -999999.0 -999999.0 -999999.0 -999999.0 -999999.0 -999999.0 -999999.0
177.29527 165.96838 158.74394 146.73958 128.54869 100.203545 85.37616 59.881573 61.05902 54.497738 41.220657 40.640926 63.12254 91.775665 77.67586 74.13906 103.71229 111.51701 91.174644 63.03622 53.26946 84.501 128.7739 203.69379 196.44774 145.7168 153.51971 227.8873 209.9905 238.14854 215.37408 165.32716 159.41771 143.52898 159.27377 148.87617 217.91739 344.82736 355.0265 286.88336 171.85915 0.0 0.0 0.0 0.0 0.0 -999999.0 -999999.0 -999999.0 -999999.0 -999999.0 -999999.0 -999999.0 -999999.0 -999999.0 -999999.0 -999999.0 -999999.0 -999999.0 -999999.0 -999999.0 -999999.0
191.06085 202.9384 201.16843 202.62456 207.2154 145.6182 110.35125 88.590225 76.05004 74.84221 48.950954 47.41415 54.82889 78.22859 52.593548 43.694103 134.20721 139.43115 97.367325 63.18517 24.961834 55.618103 155.1951 211.60626 172.11057 168.32346 222.55481 286.0315 264.66147 309.6991 245.3798 163.17726 145.10391 82.81626 109.87129 231.20541 331.4315 464.51205 441.3237 350.92755 147.25389 0.0 0.0 0.0 0.0 -999999.0 -999999.0 -999999.0 -999999.0 -999999.0 -999999.0 -999999.0 -999999.0 -999999.0 -999999.0 -999999.0 -999999.0 -999999.0 -999999.0 -999999.0 -999999.0 -999999.0
198.93956 215.04364 227.40918 209.859 231.31924 209.64337 166.4892 116.06751 77.20207 44.85435 33.167305 37.98386 50.3095 59.38844 63.05601 58.774372 174.4521 152.57317 102.542076 67.630035 16.403131 59.77141 176.7001 189.11253 191.11397 229.29857 263.74484 301.57474 298.05283 375.04117 369.09952 284.50787 224.72029 143.95006 136.48169 252.61583 411.87735 559.40283 497.33084 53.068546 106.86875 0.0 0.0 0.0 0.0 -999999.0 -999999.0 -999999.0 -999999.0 -999999.0 -999999.0 -999999.0 -999999.0 -999999.0 -999999.0 -999999.0 -999999.0 -999999.0 -999999.0 -999999.0 -999999.0 -999999.0
196.4618 221.0811 233.80124 221.03299 225.2208 229.4847 195.30714 153.25383 89.906746 30.880331 39.291157 25.127438 16.832718 51.71374 121.27708 149.68852 173.48949 159.61836 117.601944 103.321526 94.00834 130.28044 184.52612 154.14459 196.38135 267.32095 304.42508 340.75122 357.9223 460.36945 492.9168 429.62833 319.67166 232.49734 240.86299 198.08978 335.67545 350.3311 389.32657 127.905075 110.424385 0.0 0.0 0.0 -999999.0 -999999.0 -999999.0 -999999.0 -999999.0 -999999.0 -999999.0 -999999.0 -999999.0 -999999.0 -999999.0 -999999.0 -999999.0 -999999.0 -999999.0 -999999.0 -999999.0 -999999.0
206.52213 247.74992 257.38818 249.09885 273.03125 251.43497 216.71553 192.76346 142.03682 79.95423 48.148937 35.075474 17.843098 46.61263 119.294014 158.34717 170.28749 175.08313 157.1997 134.49133 156.14708 172.75508 185.00975 207.88914 243.07175 283.50546 315.46857 375.30704 435.53674 556.2859 547.1802 491.4736 394.977 277.5736 250.92941 199.64981 321.13696 250.78523 -999999.0 159.85002 53.955326 0.0 0.0 -999999.0 -999999.0 -999999.0 -999999.0 -999999.0 -999999.0 -999999.0 -999999.0 -999999.0 -999999.0 -999999.0 -999999.0 -999999.0 -999999.0 -999999.0 -999999.0 -999999.0 -999999.0 -999999.0
237.66869 317.26343 326.51868 299.24527 318.0044 287.9096 263.83228 258.4776 208.62057 146.264 95.36703 64.424965 58.00902 92.314865 145.33049 154.27959 173.84837 155.9384 174.17966 152.1503 146.57462 168.68419 197.02838 231.88925 261.83768 300.3106 323.5288 417.24594 466.4901 593.97705 551.34314 502.56155 406.8544 291.90872 260.22116 223.97672 270.71136 138.66737 -999999.0 78.38482 90.68994 0.0 0.0 -999999.0 -999999.0 -999999.0 -999999.0 -999999.0 -999999.0 -999999.0 -999999.0 -999999.0 -999999.0 -999999.0 -999999.0 -999999.0 -999999.0 -999999.0 -999999.0 -999999.0 -999999.0 -999999.0
278.83075 303.19363 351.31015 307.45172 330.54727 306.467 307.74417 326.8209 269.9995 203.66797 133.61876 98.037865 86.992386 121.04281 133.01001 146.16869 165.44324 154.56943 147.91287 122.0875 125.78847 145.1938 163.87315 215.62947 257.76648 317.5594 385.37427 503.03293 526.79755 573.50916 526.81085 500.6539 422.60587 333.3042 267.44864 268.70416 305.33557 133.87096 83.98864 99.25745 0.0 0.0 0.0 0.0 -999999.0 -999999.0 -999999.0 -999999.0 -999999.0 -999999.0 -999999.0 -999999.0 -999999.0 -999999.0 -999999.0 -999999.0 -999999.0 -999999.0 -999999.0 -999999.0 -999999.0 -999999.0
294.13837 306.89816 346.49155 310.47168 333.64233 322.29733 322.36176 343.8512 310.67795 226.43813 147.93666 114.11925 124.60738 153.17924 94.02664 96.343346 108.21649 89.69208 105.29813 80.52472 69.43047 108.98206 115.017136 148.25531 212.0536 286.65607 385.31738 494.00186 550.6861 582.4666 541.418 480.55594 404.98883 326.43362 305.8657 318.65805 371.3875 226.42323 191.81247 127.11216 100.21321 0.0 0.0 0.0 -999999.0 -999999.0 -999999.0 -999999.0 -999999.0 -999999.0 -999999.0 -999999.0 -999999.0 -999999.0 -999999.0 -999999.0 -999999.0 -999999.0 -999999.0 -999999.0 -999999.0 -999999.0
310.19193 311.99557 299.9292 320.62607 351.34915 369.8084 360.21686 362.10336 315.89313 235.40482 228.49095 180.82133 172.32658 187.68655 -999999.0 80.62603 111.43687 114.815636 107.58219 85.25908 61.88703 109.11745 118.05355 143.74098 163.29405 297.01413 327.90866 475.7059 526.4269 589.14276 588.0025 448.25583 346.77155 265.75418 294.16696 352.92938 423.81995 322.87796 278.46835 160.38005 114.298386 0.0 0.0 0.0 0.0 -999999.0 -999999.0 -999999.0 -999999.0 -999999.0 -999999.0 -999999.0 -999999.0 -999999.0 -999999.0 -999999.0 -999999.0 -999999.0 -999999.0 -999999.0 -999999.0 -999999.0
355.0403 359.25247 333.93222 292.20074 348.85367 324.0823 338.93112 331.40076 299.9117 262.09497 295.3675 300.1493 250.37827 150.01625 48.441998 121.15413 153.0102 129.96509 151.79979 103.34647 64.08221 71.03541 109.3114 143.60611 175.13141 243.80461 341.7003 425.33865 468.12735 612.3754 556.9789 495.53598 465.88797 366.23325 267.59186 411.0578 469.41425 302.65326 137.23286 165.8295 59.71522 0.0 0.0 0.0 0.0 -999999.0 -999999.0 -999999.0 -999999.0 -999999.0 -999999.0 -999999.0 -999999.0 -999999.0 -999999.0 -999999.0 -999999.0 -999999.0 -999999.0 -999999.0 -999999.0 -999999.0
428.6264 401.3488 380.00473 333.63715 399.14984 386.5601 364.6407 312.65344 321.37546 321.02377 389.97577 468.73212 370.36536 239.10672 202.73769 238.51686 205.41884 187.42215 172.45981 127.58919 123.5322 89.31435 98.134315 149.31247 205.95953 253.79985 310.60373 380.0738 374.20578 440.28976 494.4106 555.9275 626.8355 500.23865 403.2505 505.2976 505.4922 271.7846 166.13814 97.23049 148.6918 0.0 0.0 0.0 0.0 -999999.0 -999999.0 -999999.0 -999999.0 -999999.0 -999999.0 -999999.0 -999999.0 -999999.0 -999999.0 -999999.0 -999999.0 -999999.0 -999999.0 -999999.0 -999999.0 -999999.0
389.58267 356.0936 353.04175 298.41125 344.27246 331.83447 334.703 324.4207 295.62918 382.08466 384.68805 550.01514 379.083 268.81958 201.47528 203.2332 264.5356 242.68625 212.96135 178.70624 167.43784 137.28279 153.76172 209.66786 229.24005 297.54968 358.34537 367.6409 284.15018 314.86963 445.308 503.7487 569.75006 558.3881 436.5923 472.71548 424.13446 275.01437 171.69246 242.552 218.20764 0.0 0.0 0.0 -999999.0 -999999.0 -999999.0 -999999.0 -999999.0 -999999.0 -999999.0 -999999.0 -999999.0 -999999.0 -999999.0 -999999.0 -999999.0 -999999.0 -999999.0 -999999.0 -999999.0 -999999.0
390.1138 351.93164 330.44977 279.6405 293.78662 292.5894 279.18402 305.74945 403.7827 454.492 461.8211 497.36383 412.4439 290.6974 130.83151 206.47765 321.6654 337.4538 293.51038 184.8191 164.93146 173.46791 212.0327 217.63489 288.182 376.24066 451.1329 366.39023 276.03723 406.72375 583.68713 549.5247 542.6055 489.8321 457.44272 370.1007 318.48938 232.5653 238.96396 261.17966 182.15567 0.0 0.0 0.0 0.0 -999999.0 -999999.0 -999999.0 -999999.0 -999999.0 -999999.0 -999999.0 -999999.0 -999999.0 -999999.0 -999999.0 -999999.0 -999999.0 -999999.0 -999999.0 -999999.0 -999999.0
335.0766 280.10654 249.86615 209.80396 227.88893 271.69196 185.07507 271.19672 415.05545 500.7925 467.82217 435.7075 377.46704 280.99216 213.19383 326.72888 502.66092 474.21356 337.30115 215.22443 151.60117 196.93951 255.68828 299.86902 391.13904 467.44458 440.26895 327.63037 291.89252 497.69974 568.1752 543.36304 494.51376 443.6803 372.33548 329.97787 276.33368 236.51106 207.35936 189.55026 172.48895 0.0 0.0 0.0 0.0 -999999.0 -999999.0 -999999.0 -999999.0 -999999.0 -999999.0 -999999.0 -999999.0 -999999.0 -999999.0 -999999.0 -999999.0 -999999.0 -999999.0 -999999.0 -999999.0 -999999.0
196.87923 200.36612 184.26877 157.54861 136.46146 183.75525 176.59004 240.79951 377.5522 416.99203 423.5642 373.8721 387.2209 279.51962 224.7027 413.0704 578.8824 518.4165 342.4064 197.5398 157.379 181.27211 252.15425 297.87238 445.8415 558.72424 346.84293 285.6651 365.26746 560.5847 546.42725 532.112 540.17505 490.18582 411.40375 246.66376 231.15067 210.98875 171.19278 141.90569 0.0 0.0 0.0 0.0 0.0 0.0 -999999.0 -999999.0 -999999.0 -999999.0 -999999.0 -999999.0 -999999.0 -999999.0 -999999.0 -999999.0 -999999.0 -999999.0 -999999.0 -999999.0 -999999.0 -999999.0
241.34584 231.75125 161.4826 135.13046 107.69228 138.32578 141.72888 172.02902 212.72981 307.7831 319.70697 293.071 136.32516 153.32191 128.00484 335.96378 556.676 542.14703 284.24188 118.51912 169.80623 212.51367 217.83849 277.85397 359.32925 379.6122 267.67255 294.78818 344.4262 446.37427 527.9934 497.53967 463.14435 428.51517 314.50394 144.46654 199.0212 152.5526 127.08986 0.0 0.0 0.0 0.0 0.0 0.0 -999999.0 -999999.0 -999999.0 -999999.0 -999999.0 -999999.0 -999999.0 -999999.0 -999999.0 -999999.0 -999999.0 -999999.0 -999999.0 -999999.0 -999999.0 -999999.0 -999999.0
319.37396 301.11234 256.45895 199.11354 108.848434 112.05474 115.3395 112.323746 144.63252 232.58954 232.1514 204.89662 117.16358 88.96159 154.07199 270.8493 408.78644 416.36334 339.30557 297.24304 184.51686 171.83157 133.32903 223.19319 282.75116 380.68472 375.5893 368.79807 360.7912 368.0352 388.8212 434.04398 375.37863 287.97644 155.4855 122.28388 101.31514 111.53791 106.14403 0.0 0.0 0.0 0.0 0.0 0.0 -999999.0 -999999.0 -999999.0 -999999.0 -999999.0 -999999.0 -999999.0 -999999.0 -999999.0 -999999.0 -999999.0 -999999.0 -999999.0 -999999.0 -999999.0 -999999.0 -999999.0
