data/TNO-HT-ATES/HT-ATES_msz2/msz2__kh_P50_basecase_80-45-40.asc
ncols  140
nrows  163
xllcorner  0.0
yllcorner  300000.0
cellsize  2000.0
NODATA_value  -999999.0
[rows 81 to 107 of 163, columns 60 to 119 of 140]
260.86646 237.99474 191.77322 196.46077 180.8496 153.37263 130.601 181.11311 182.77367 251.839 405.6916 452.89474 453.50616 394.19998 411.63123 293.86438 232.90039 431.56226 616.3603 541.0086 337.77292 189.34103 150.388 174.10132 243.62231 289.60925 441.31714 561.14545 323.12567 262.04715 340.64178 530.3788 528.6802 529.26825 554.219 525.28564 466.32294 299.56458 305.68002 300.6727 263.22305 235.45282 202.33603 156.99352 121.14164 135.96686 101.167725 15.951561 -999999.0 -999999.0 -999999.0 -999999.0 -999999.0 -999999.0 -999999.0 -999999.0 -999999.0 -999999.0 -999999.0 -999999.0
298.25937 266.17706 218.73314 211.07924 162.64645 136.20016 109.19883 145.18436 158.38945 197.71117 242.53471 346.56448 357.472 323.0692 144.52357 167.79822 140.96646 370.68808 616.84314 608.57117 285.0022 115.44612 169.48958 215.86351 221.74821 286.447 371.36118 379.88327 252.01593 282.81494 335.1748 441.41852 539.0666 522.84393 497.73087 477.1471 369.40115 180.22104 274.6241 225.30316 204.94945 195.91328 157.92535 133.69493 136.60703 191.44319 150.03694 -999999.0 -999999.0 -999999.0 -999999.0 -999999.0 -999999.0 -999999.0 -999999.0 -999999.0 -999999.0 -999999.0 -999999.0 -999999.0
309.2356 285.60562 299.22513 278.07147 231.58485 179.26369 117.10161 125.56687 138.22366 139.6936 181.52039 283.26746 280.52277 243.64041 136.44202 102.613495 177.4534 310.61496 459.49136 461.1382 372.56567 328.60107 197.30095 186.5084 144.09006 243.7018 306.80063 401.6982 387.39075 375.27274 370.14877 384.86343 412.26138 475.83804 419.90454 330.2635 185.63312 155.43994 141.7048 171.33795 177.05478 170.2633 140.5945 110.44871 154.80193 218.57056 73.62282 -999999.0 -999999.0 -999999.0 -999999.0 -999999.0 -999999.0 -999999.0 -999999.0 -999999.0 -999999.0 -999999.0 -999999.0 -999999.0
310.00034 310.56845 307.04688 305.09128 293.96094 180.37393 215.64256 235.06247 261.94296 155.58485 164.13374 278.5976 293.22015 264.277 155.16833 124.16896 208.46571 299.01834 345.74017 365.04874 379.94284 344.18268 244.47028 232.9741 227.29578 294.51978 293.26535 390.1394 412.02274 385.4374 358.18253 302.51328 333.0819 392.82275 330.4358 227.1953 110.34957 65.0117 84.46506 98.372185 106.573265 124.821884 135.3528 108.03781 132.61377 136.34035 4.5664916 -999999.0 -999999.0 -999999.0 -999999.0 -999999.0 -999999.0 -999999.0 -999999.0 -999999.0 -999999.0 -999999.0 -999999.0 -999999.0
328.71524 338.77353 358.34567 273.5801 390.1326 403.4399 327.14157 302.31253 288.37665 254.59383 91.58231 182.38008 223.46277 229.85347 208.22206 172.45717 230.93336 282.91238 273.63553 226.08147 274.22223 284.8796 273.9536 254.34193 247.15886 264.30527 317.29065 373.81018 355.47922 261.56476 267.579 282.09567 281.24777 297.9684 280.3325 179.96236 106.06628 23.75208 57.877285 110.99179 115.38298 103.91279 122.33186 95.41969 61.115116 19.500973 24.435017 4.7316833 -999999.0 -999999.0 -999999.0 -999999.0 -999999.0 -999999.0 -999999.0 -999999.0 -999999.0 -999999.0 -999999.0 -999999.0
335.96646 375.91135 404.20978 354.3454 430.10568 466.446 366.761 289.58365 212.04057 205.9907 118.09379 120.81449 162.7117 279.94574 334.45975 317.1143 267.95126 370.41782 276.61975 206.48158 221.3211 268.17596 297.83102 253.26978 210.6369 149.85063 216.4369 273.09354 330.59283 211.96042 213.66484 238.0073 215.72708 130.33475 135.44148 100.88426 58.968834 66.15615 63.029076 71.78781 84.29613 78.118385 102.460495 115.79227 71.72707 58.63032 36.05514 29.896072 -999999.0 -999999.0 -999999.0 -999999.0 -999999.0 -999999.0 -999999.0 -999999.0 -999999.0 -999999.0 -999999.0 -999999.0
403.64285 348.32596 324.96002 435.44928 442.5452 378.51062 310.04364 255.50752 223.24687 187.12485 166.88033 298.77686 91.48092 200.07768 592.60443 389.70236 266.53616 528.19604 404.017 306.8898 281.18045 266.00537 265.99203 318.8778 249.88684 159.356 151.77861 161.89682 178.53015 174.69958 186.41708 152.19206 137.02698 42.534645 24.278616 9.534913 13.819206 72.01021 59.71462 69.051994 76.92548 30.436779 86.26705 121.170784 68.51536 41.214066 29.512197 24.061441 -999999.0 -999999.0 -999999.0 -999999.0 -999999.0 -999999.0 -999999.0 -999999.0 -999999.0 -999999.0 -999999.0 -999999.0
358.4659 256.97348 214.337 282.57422 390.5507 323.45578 232.62825 165.84923 334.927 276.55536 233.6448 367.1673 425.83093 86.14116 648.0676 497.0971 320.36627 290.22324 406.8807 343.56482 339.63016 286.4741 244.52007 250.38423 224.36214 174.01521 154.31342 133.58502 113.25118 120.95035 162.45204 191.14192 181.99252 76.32525 6.309605 -999999.0 -999999.0 19.27276 44.121346 77.26042 91.273865 51.146687 51.42292 70.7688 49.450836 19.54683 12.765363 12.772124 4.4695983 -999999.0 -999999.0 -999999.0 -999999.0 -999999.0 -999999.0 -999999.0 -999999.0 -999999.0 -999999.0 -999999.0
388.1605 481.16513 167.8101 145.54904 329.36575 477.21948 211.81401 160.85701 354.25827 243.23605 221.0635 303.3736 351.785 358.82828 111.69122 628.77313 514.84076 520.8798 377.8026 169.87332 337.0238 314.98117 278.80063 267.04425 213.56885 196.5352 124.37476 52.25105 81.69295 144.21342 172.67612 199.2064 140.70969 134.24565 36.517426 -999999.0 -999999.0 77.40087 113.49391 148.07556 137.44342 90.35418 60.948765 26.40129 12.323664 -999999.0 -999999.0 -999999.0 -999999.0 -999999.0 -999999.0 -999999.0 -999999.0 -999999.0 -999999.0 -999999.0 -999999.0 -999999.0 -999999.0 -999999.0
392.48627 497.58322 405.97906 295.7155 443.3895 538.1589 592.80133 259.58398 167.32071 147.59418 149.30374 232.0632 320.90912 347.34137 436.57278 194.51718 637.3796 689.5754 662.37976 430.1777 408.97827 348.67084 283.72702 215.6947 184.51268 137.93463 111.49237 110.13878 161.41695 177.91278 180.78062 140.5753 120.774796 74.34371 56.07601 4.2809634 20.362215 101.09561 153.58623 188.97952 162.3101 125.540726 79.91784 14.59893 -999999.0 -999999.0 -999999.0 -999999.0 -999999.0 -999999.0 -999999.0 -999999.0 -999999.0 -999999.0 -999999.0 -999999.0 -999999.0 -999999.0 -999999.0 -999999.0
238.35074 170.18434 336.42776 487.6025 422.26523 507.89124 561.50916 427.47968 284.7136 182.34772 155.00867 224.8274 314.94916 393.96384 343.78326 377.80496 578.30975 713.64185 593.81714 548.49664 404.92294 355.3357 238.82855 157.85715 135.88626 106.78897 75.565704 137.06053 130.58908 205.41826 137.30986 105.68273 114.08653 106.23279 88.41849 82.01639 136.35448 100.35092 108.28106 157.19646 120.833565 94.71324 43.102283 3.0974433 -999999.0 -999999.0 -999999.0 -999999.0 -999999.0 -999999.0 -999999.0 -999999.0 -999999.0 -999999.0 -999999.0 -999999.0 -999999.0 -999999.0 -999999.0 -999999.0
137.97693 177.44876 228.70006 459.4666 381.89914 339.84637 422.3197 377.5177 331.10037 271.0155 237.64539 223.82228 380.7269 507.75647 552.6665 299.3131 264.7652 514.0351 500.10822 518.5008 426.79306 305.82803 178.90738 115.33486 90.8082 73.395676 122.90672 240.37366 249.90834 237.33806 151.27951 67.32956 86.128136 110.70239 114.81805 89.52902 95.031044 68.700676 65.77503 94.0332 91.51379 28.997898 -999999.0 -999999.0 -999999.0 -999999.0 -999999.0 -999999.0 -999999.0 -999999.0 -999999.0 -999999.0 -999999.0 -999999.0 -999999.0 -999999.0 -999999.0 -999999.0 -999999.0 -999999.0
204.97917 214.12183 189.5016 496.76135 540.517 471.32324 433.99133 409.6091 281.65216 312.19098 313.83868 305.25446 584.3269 582.4084 530.1291 505.28604 196.5914 274.0611 456.39273 491.10208 424.44553 285.41064 114.82378 38.229088 94.57948 103.307526 30.361422 140.46548 254.17355 204.67595 114.54704 24.543442 98.22856 129.97359 112.849464 71.719475 25.203505 5.063546 -999999.0 -999999.0 -999999.0 -999999.0 -999999.0 -999999.0 -999999.0 -999999.0 -999999.0 -999999.0 -999999.0 -999999.0 -999999.0 -999999.0 -999999.0 -999999.0 -999999.0 -999999.0 -999999.0 -999999.0 -999999.0 -999999.0
201.17592 317.8713 428.9852 565.4254 662.55054 791.90393 744.8657 543.3627 422.74252 365.64502 352.81723 422.35327 451.86688 482.55667 364.6089 340.06265 313.3689 259.92133 443.83246 429.8337 334.4926 212.30287 182.55728 91.7011 92.07782 133.38834 102.52805 138.39957 176.21243 133.64644 67.06523 67.88326 104.92971 133.47437 98.18511 -999999.0 -999999.0 -999999.0 -999999.0 -999999.0 -999999.0 -999999.0 -999999.0 -999999.0 -999999.0 -999999.0 -999999.0 -999999.0 -999999.0 -999999.0 -999999.0 -999999.0 -999999.0 -999999.0 -999999.0 -999999.0 -999999.0 -999999.0 -999999.0 -999999.0
187.75589 257.66214 368.7544 395.13635 676.40173 830.57355 711.2058 583.80493 482.5302 440.5488 323.5422 384.24478 452.65134 382.25604 412.37946 379.9526 119.61105 153.1551 407.5118 334.59985 293.84302 161.67215 115.48367 129.2213 101.404816 124.08993 88.434044 71.532646 67.71679 87.62581 21.554722 -999999.0 22.060934 10.4011545 -999999.0 -999999.0 -999999.0 -999999.0 -999999.0 -999999.0 -999999.0 -999999.0 -999999.0 -999999.0 -999999.0 -999999.0 -999999.0 -999999.0 -999999.0 -999999.0 -999999.0 -999999.0 -999999.0 -999999.0 -999999.0 -999999.0 -999999.0 -999999.0 -999999.0 -999999.0
201.71391 235.21637 286.85602 350.7478 352.3365 730.5272 629.8975 518.2973 510.66684 524.57587 352.39993 490.448 371.44412 338.8235 383.45312 474.28223 176.7401 300.19745 415.92233 249.32213 258.0181 187.23474 84.86932 61.851894 151.95715 94.18328 -999999.0 -999999.0 -999999.0 -999999.0 -999999.0 -999999.0 -999999.0 -999999.0 -999999.0 -999999.0 -999999.0 -999999.0 -999999.0 -999999.0 -999999.0 -999999.0 -999999.0 -999999.0 -999999.0 -999999.0 -999999.0 -999999.0 -999999.0 -999999.0 -999999.0 -999999.0 -999999.0 -999999.0 -999999.0 -999999.0 -999999.0 -999999.0 -999999.0 -999999.0
182.14075 209.76012 238.26582 276.5082 263.8011 554.4587 498.4158 622.88464 581.03485 583.73395 418.97824 443.25198 376.48297 375.0843 410.7346 519.0977 207.72765 270.4255 481.68903 414.48825 175.21353 94.19446 37.56729 13.507287 -999999.0 116.12608 -999999.0 -999999.0 -999999.0 -999999.0 -999999.0 -999999.0 -999999.0 -999999.0 -999999.0 -999999.0 -999999.0 -999999.0 -999999.0 -999999.0 -999999.0 -999999.0 -999999.0 -999999.0 -999999.0 -999999.0 -999999.0 -999999.0 -999999.0 -999999.0 -999999.0 -999999.0 -999999.0 -999999.0 -999999.0 -999999.0 -999999.0 -999999.0 -999999.0 -999999.0
172.26195 211.83011 295.8257 264.46454 241.87335 302.8867 509.91287 559.4624 610.49054 612.016 557.8396 319.95526 367.99924 358.4449 231.38074 382.35812 584.9014 247.0857 208.7965 298.54907 202.18613 -999999.0 2.9729671 -999999.0 -999999.0 -999999.0 -999999.0 -999999.0 -999999.0 -999999.0 -999999.0 -999999.0 -999999.0 -999999.0 -999999.0 -999999.0 -999999.0 -999999.0 -999999.0 -999999.0 -999999.0 -999999.0 -999999.0 -999999.0 -999999.0 -999999.0 -999999.0 -999999.0 -999999.0 -999999.0 -999999.0 -999999.0 -999999.0 -999999.0 -999999.0 -999999.0 -999999.0 -999999.0 -999999.0 -999999.0
176.63066 204.81569 348.171 253.63557 207.59708 246.16617 368.12662 454.29962 608.8665 617.2636 580.0568 567.2396 249.03542 214.90276 212.16194 285.10355 515.9274 603.92114 329.6942 120.97331 107.259094 20.865065 -999999.0 -999999.0 -999999.0 -999999.0 -999999.0 -999999.0 -999999.0 -999999.0 -999999.0 -999999.0 -999999.0 -999999.0 -999999.0 -999999.0 -999999.0 -999999.0 -999999.0 -999999.0 -999999.0 -999999.0 -999999.0 -999999.0 -999999.0 -999999.0 -999999.0 -999999.0 -999999.0 -999999.0 -999999.0 -999999.0 -999999.0 -999999.0 -999999.0 -999999.0 -999999.0 -999999.0 -999999.0 -999999.0
257.96097 280.32034 328.947 303.80603 187.30328 206.7335 328.71307 436.4319 527.53357 594.37555 568.5925 567.3332 233.49437 172.97299 269.6699 403.71533 502.14102 506.21738 196.77614 -999999.0 -999999.0 -999999.0 -999999.0 -999999.0 -999999.0 -999999.0 -999999.0 -999999.0 -999999.0 -999999.0 -999999.0 -999999.0 -999999.0 -999999.0 -999999.0 -999999.0 -999999.0 -999999.0 -999999.0 -999999.0 -999999.0 -999999.0 -999999.0 -999999.0 -999999.0 -999999.0 -999999.0 -999999.0 -999999.0 -999999.0 -999999.0 -999999.0 -999999.0 -999999.0 -999999.0 -999999.0 -999999.0 -999999.0 -999999.0 -999999.0
321.72443 282.6477 306.6881 232.03822 142.76324 161.3322 295.78113 407.92627 489.48563 732.5515 685.4521 355.6315 208.33751 364.8586 338.40405 308.81937 415.60736 463.9958 -999999.0 -999999.0 -999999.0 -999999.0 -999999.0 -999999.0 -999999.0 -999999.0 -999999.0 -999999.0 -999999.0 -999999.0 -999999.0 -999999.0 -999999.0 -999999.0 -999999.0 -999999.0 -999999.0 -999999.0 -999999.0 -999999.0 -999999.0 -999999.0 -999999.0 -999999.0 -999999.0 -999999.0 -999999.0 -999999.0 -999999.0 -999999.0 -999999.0 -999999.0 -999999.0 -999999.0 -999999.0 -999999.0 -999999.0 -999999.0 -999999.0 -999999.0
311.05234 299.75308 303.5599 237.4618 193.87329 214.50595 260.1006 343.6348 377.87665 554.8788 490.2784 412.20685 379.62073 79.97204 417.14185 193.02948 251.68164 385.2614 -999999.0 -999999.0 -999999.0 -999999.0 -999999.0 -999999.0 -999999.0 -999999.0 -999999.0 -999999.0 -999999.0 -999999.0 -999999.0 -999999.0 -999999.0 -999999.0 -999999.0 -999999.0 -999999.0 -999999.0 -999999.0 -999999.0 -999999.0 -999999.0 -999999.0 -999999.0 -999999.0 -999999.0 -999999.0 -999999.0 -999999.0 -999999.0 -999999.0 -999999.0 -999999.0 -999999.0 -999999.0 -999999.0 -999999.0 -999999.0 -999999.0 -999999.0
292.28604 266.9094 293.77713 278.80084 280.9762 267.1023 280.6248 252.28369 245.88876 336.28162 309.07974 309.77164 333.58975 410.9023 147.53523 173.09007 113.5575 77.4457 -999999.0 -999999.0 -999999.0 -999999.0 -999999.0 -999999.0 -999999.0 -999999.0 -999999.0 -999999.0 -999999.0 -999999.0 -999999.0 -999999.0 -999999.0 -999999.0 -999999.0 -999999.0 -999999.0 -999999.0 -999999.0 -999999.0 -999999.0 -999999.0 -999999.0 -999999.0 -999999.0 -999999.0 -999999.0 -999999.0 -999999.0 -999999.0 -999999.0 -999999.0 -999999.0 -999999.0 -999999.0 -999999.0 -999999.0 -999999.0 -999999.0 -999999.0
287.3878 235.92184 259.4836 308.43658 294.57693 250.9763 399.98227 217.17412 186.57143 255.18318 206.1235 224.26305 246.59058 263.1421 230.21472 113.22737 22.32739 -999999.0 -999999.0 -999999.0 -999999.0 -999999.0 -999999.0 -999999.0 -999999.0 -999999.0 -999999.0 -999999.0 -999999.0 -999999.0 -999999.0 -999999.0 -999999.0 -999999.0 -999999.0 -999999.0 -999999.0 -999999.0 -999999.0 -999999.0 -999999.0 -999999.0 -999999.0 -999999.0 -999999.0 -999999.0 -999999.0 -999999.0 -999999.0 -999999.0 -999999.0 -999999.0 -999999.0 -999999.0 -999999.0 -999999.0 -999999.0 -999999.0 -999999.0 -999999.0
342.30084 275.48248 279.04166 345.99258 275.18036 326.46362 291.763 255.56096 358.08813 307.65945 213.98659 189.32945 121.83764 205.63582 244.46443 99.65964 -999999.0 -999999.0 -999999.0 -999999.0 -999999.0 -999999.0 -999999.0 -999999.0 -999999.0 -999999.0 -999999.0 -999999.0 -999999.0 -999999.0 -999999.0 -999999.0 -999999.0 -999999.0 -999999.0 -999999.0 -999999.0 -999999.0 -999999.0 -999999.0 -999999.0 -999999.0 -999999.0 -999999.0 -999999.0 -999999.0 -999999.0 -999999.0 -999999.0 -999999.0 -999999.0 -999999.0 -999999.0 -999999.0 -999999.0 -999999.0 -999999.0 -999999.0 -999999.0 -999999.0
642.3953 529.62213 460.1232 427.8177 314.87558 311.40292 271.66238 378.53967 551.04425 499.2801 270.25803 83.20757 -999999.0 -999999.0 231.62384 64.34223 -999999.0 -999999.0 -999999.0 -999999.0 -999999.0 -999999.0 -999999.0 -999999.0 -999999.0 -999999.0 -999999.0 -999999.0 -999999.0 -999999.0 -999999.0 -999999.0 -999999.0 -999999.0 -999999.0 -999999.0 -999999.0 -999999.0 -999999.0 -999999.0 -999999.0 -999999.0 -999999.0 -999999.0 -999999.0 -999999.0 -999999.0 -999999.0 -999999.0 -999999.0 -999999.0 -999999.0 -999999.0 -999999.0 -999999.0 -999999.0 -999999.0 -999999.0 -999999.0 -999999.0
900.9397 777.2551 522.3616 410.45575 412.51852 281.0473 197.57484 378.92548 524.7648 544.31354 254.00955 100.60495 51.876717 24.51911 -999999.0 -999999.0 -999999.0 -999999.0 -999999.0 -999999.0 -999999.0 -999999.0 -999999.0 -999999.0 -999999.0 -999999.0 -999999.0 -999999.0 -999999.0 -999999.0 -999999.0 -999999.0 -999999.0 -999999.0 -999999.0 -999999.0 -999999.0 -999999.0 -999999.0 -999999.0 -999999.0 -999999.0 -999999.0 -999999.0 -999999.0 -999999.0 -999999.0 -999999.0 -999999.0 -999999.0 -999999.0 -999999.0 -999999.0 -999999.0 -999999.0 -999999.0 -999999.0 -999999.0 -999999.0 -999999.0
