data/TNO-HT-ATES/HT-ATES_msz2/msz2__flowr_olst_P50_basecase_80-45-40.asc
ncols  140
nrows  163
xllcorner  0.0
yllcorner  300000.0
cellsize  2000.0
NODATA_value  -999999.0
[rows 56 to 83 of 163, columns 62 to 123 of 140]
101.51345 106.981735 115.07507 127.63397 123.03791 126.72089 131.85046 129.51404 125.58415 113.53229 99.410484 90.78155 86.980835 94.51122 111.677086 103.01748 127.27528 117.795975 95.645096 86.60762 106.60324 109.37441 109.1351 111.48556 110.561615 95.8336 58.53456 58.819115 47.50686 47.35485 90.18306 98.750595 101.61534 95.49553 79.22871 47.46985 22.381388 -999999.0 -999999.0 -999999.0 -999999.0 3.680374 1.5233121 10.272581 10.912769 -999999.0 -999999.0 -999999.0 -999999.0 -999999.0 -999999.0 -999999.0 -999999.0 -999999.0 -999999.0 -999999.0 -999999.0 -999999.0 -999999.0 -999999.0 -999999.0 -999999.0
85.24589 96.885826 100.624405 105.27483 116.03391 115.47544 124.836975 115.59293 109.71666 91.75845 89.1213 90.94119 92.78584 95.706825 116.50296 111.6066 130.07704 109.95071 100.24121 106.874535 105.05399 105.84103 118.472206 119.48393 118.004715 110.11169 52.476665 46.18999 46.046497 47.748432 92.40415 97.09446 83.90684 79.75232 69.3846 62.04086 30.121279 -999999.0 -999999.0 -999999.0 -999999.0 -999999.0 -999999.0 5.475987 7.018635 -999999.0 -999999.0 -999999.0 -999999.0 -999999.0 -999999.0 -999999.0 -999999.0 -999999.0 -999999.0 -999999.0 -999999.0 -999999.0 -999999.0 -999999.0 -999999.0 -999999.0
68.608185 80.334175 83.94598 90.23168 105.38746 106.8254 108.715096 100.04101 88.215744 80.68682 84.328156 91.74791 103.329895 107.17316 105.69744 131.84383 131.86282 110.480484 103.32988 110.55313 107.840324 114.001686 125.8451 123.95843 125.64097 108.71436 55.840622 55.222164 63.848206 66.75208 78.60986 82.31929 71.9897 67.13788 66.11086 63.344444 58.276016 43.45921 -999999.0 -999999.0 -999999.0 -999999.0 -999999.0 14.44122 -999999.0 -999999.0 -999999.0 -999999.0 -999999.0 -999999.0 -999999.0 -999999.0 -999999.0 -999999.0 -999999.0 -999999.0 -999999.0 -999999.0 -999999.0 -999999.0 -999999.0 -999999.0
58.03743 72.51342 80.548546 82.997574 93.93677 92.741875 94.24174 86.24437 81.343025 75.47405 82.29954 81.847855 89.71453 99.5874 91.65019 116.64172 112.71113 105.25571 114.38295 108.007774 110.067276 119.23326 131.0393 129.50888 126.55729 118.89875 74.08556 81.924675 94.52468 95.94132 85.33961 66.19544 71.39747 77.43685 67.4808 53.022804 50.669273 45.85005 62.514397 11.7570505 11.275517 -999999.0 -999999.0 10.032105 0.0 -999999.0 -999999.0 -999999.0 -999999.0 -999999.0 -999999.0 -999999.0 -999999.0 -999999.0 -999999.0 -999999.0 -999999.0 -999999.0 -999999.0 -999999.0 -999999.0 -999999.0
46.02304 82.66334 87.791214 65.12068 79.09698 83.94731 82.14198 75.56437 69.27744 70.30451 76.04002 70.35712 66.69691 82.77372 93.00626 86.33443 78.049904 109.71016 118.233444 118.12085 125.49756 134.22469 144.16624 140.40714 133.16399 121.44652 92.52582 105.604904 116.16804 132.66158 113.30755 109.38632 97.61851 83.36534 83.970024 58.45382 54.000286 46.5536 64.573494 95.36781 95.07534 20.538267 -999999.0 -999999.0 0.0 -999999.0 -999999.0 -999999.0 -999999.0 -999999.0 -999999.0 -999999.0 -999999.0 -999999.0 -999999.0 -999999.0 -999999.0 -999999.0 -999999.0 -999999.0 -999999.0 -999999.0
65.764984 81.82774 55.90891 39.787514 74.67791 73.66541 67.70381 60.60845 60.77045 65.852295 66.17419 61.436394 56.40497 66.36705 80.50761 70.16929 76.483696 85.91894 96.14561 122.29362 124.95971 132.7399 134.96268 144.76077 136.92122 99.457 85.40826 95.1086 120.16411 149.14381 142.06741 160.26518 129.72778 111.62906 89.881874 75.85935 77.03211 75.59435 73.464485 131.79263 0.0 95.25123 -999999.0 -999999.0 -999999.0 -999999.0 -999999.0 -999999.0 -999999.0 -999999.0 -999999.0 -999999.0 -999999.0 -999999.0 -999999.0 -999999.0 -999999.0 -999999.0 -999999.0 -999999.0 -999999.0 -999999.0
82.87392 83.45324 43.6111 28.318346 62.707764 61.46616 66.1163 64.97586 62.744984 61.254295 54.39394 53.767418 52.591766 57.790394 63.63194 70.63477 82.749626 88.64572 92.21796 98.60737 114.43587 128.47882 143.4033 147.33307 153.4269 117.48466 85.35342 103.04868 122.849106 146.10045 174.10602 158.76025 139.56863 116.23172 107.88508 122.15675 138.31184 136.08089 110.24275 68.16056 110.45866 0.0 52.662548 9.499943 -999999.0 -999999.0 -999999.0 -999999.0 -999999.0 -999999.0 -999999.0 -999999.0 -999999.0 -999999.0 -999999.0 -999999.0 -999999.0 -999999.0 -999999.0 -999999.0 -999999.0 -999999.0
89.22628 78.97461 37.64386 22.982737 46.755177 44.17645 46.082 50.464314 55.207874 54.91401 55.28311 54.897152 51.706005 58.250362 58.141624 63.424927 80.15055 81.98028 90.14394 87.39803 90.272 97.900444 134.11227 143.82288 136.139 128.67369 116.36158 123.67744 134.52592 177.64793 192.3767 174.88605 142.16759 106.913284 118.17928 144.7136 192.97049 178.77757 152.0037 60.80026 93.2346 95.4504 63.723522 0.0 0.0 -999999.0 -999999.0 -999999.0 -999999.0 -999999.0 -999999.0 -999999.0 -999999.0 -999999.0 -999999.0 -999999.0 -999999.0 -999999.0 -999999.0 -999999.0 -999999.0 -999999.0
93.18762 73.26494 41.810448 25.062822 35.339104 24.046942 30.059986 37.220375 39.661297 53.371593 54.368042 49.89532 57.565346 60.587173 64.0325 56.036064 54.0578 71.67577 81.435234 77.250854 77.473206 86.28722 102.521164 124.165245 122.191505 127.33124 121.92817 125.08305 114.68881 144.53123 169.35089 235.02846 171.6063 124.75738 122.70606 123.47927 177.02452 151.21155 134.33214 118.058395 100.202736 78.575615 0.0 0.0 0.0 0.0 -999999.0 -999999.0 -999999.0 -999999.0 -999999.0 -999999.0 -999999.0 -999999.0 -999999.0 -999999.0 -999999.0 -999999.0 -999999.0 -999999.0 -999999.0 -999999.0
100.4673 67.9744 46.747253 30.904842 15.01318 13.385058 34.030087 42.132587 43.27241 30.29882 23.051756 42.75435 65.162674 65.210495 66.59138 55.369343 51.993988 48.30679 60.029984 72.03721 76.19082 82.95417 96.10631 110.83438 119.563675 111.57302 107.49469 110.54703 124.976654 165.30351 197.36223 200.23888 160.5967 116.34465 72.65155 48.49372 95.98596 99.1842 89.28957 131.13011 108.47521 88.09351 0.0 0.0 0.0 -999999.0 -999999.0 -999999.0 -999999.0 -999999.0 -999999.0 -999999.0 -999999.0 -999999.0 -999999.0 -999999.0 -999999.0 -999999.0 -999999.0 -999999.0 -999999.0 -999999.0
106.131 85.524635 69.367004 56.152477 41.204746 35.47455 41.134487 28.477554 29.83919 28.724735 20.024353 30.122921 53.12512 63.63862 61.4783 56.842464 58.10773 57.642735 56.79869 53.11678 64.25848 71.34898 85.98263 111.47548 114.352875 93.63384 82.876495 71.34335 125.82428 153.76593 173.7805 174.7507 148.22879 122.56522 93.06239 44.13051 85.87126 156.97331 180.24847 155.3472 113.27988 0.0 0.0 0.0 0.0 -999999.0 -999999.0 -999999.0 -999999.0 -999999.0 -999999.0 -999999.0 -999999.0 -999999.0 -999999.0 -999999.0 -999999.0 -999999.0 -999999.0 -999999.0 -999999.0 -999999.0
116.996994 109.51805 104.74963 96.82677 84.81807 66.10232 56.31128 39.476368 40.254833 35.922054 27.153519 26.769978 41.616383 60.537674 51.225338 48.889923 68.41901 73.5713 60.135628 41.554073 35.10629 55.726444 84.956085 134.42157 129.63719 96.12644 101.265114 150.34433 138.51932 157.0785 142.03194 109.004745 105.097786 94.61225 104.99027 98.13363 143.65785 227.3307 234.02951 189.08348 113.24594 0.0 0.0 0.0 0.0 0.0 -999999.0 -999999.0 -999999.0 -999999.0 -999999.0 -999999.0 -999999.0 -999999.0 -999999.0 -999999.0 -999999.0 -999999.0 -999999.0 -999999.0 -999999.0 -999999.0
126.073 133.91772 132.75359 133.71992 136.75574 96.085754 72.80044 58.43204 50.153034 49.35831 32.25986 31.243717 36.139816 51.59188 34.66224 28.785187 88.55755 92.00056 64.22017 41.65181 16.417412 36.655907 102.398224 139.64526 113.56155 111.04976 146.83293 188.71512 174.59323 204.29216 161.83322 107.591484 95.65765 54.5716 72.41148 152.42677 218.51468 306.2648 290.92224 231.29137 97.02482 0.0 0.0 0.0 0.0 -999999.0 -999999.0 -999999.0 -999999.0 -999999.0 -999999.0 -999999.0 -999999.0 -999999.0 -999999.0 -999999.0 -999999.0 -999999.0 -999999.0 -999999.0 -999999.0 -999999.0
131.26044 141.89853 150.06657 138.48683 152.6618 138.35173 109.86062 76.57169 50.910976 29.553047 21.836416 25.01669 33.15488 39.14852 41.56955 38.743927 115.13595 100.675255 67.63408 44.58468 10.76812 39.39899 116.595924 124.79301 126.10559 151.29857 174.01904 198.97046 196.62442 247.41745 243.47087 187.63422 148.1733 94.88653 89.95712 166.53514 271.55206 368.8466 327.85638 34.954052 70.40791 0.0 0.0 0.0 0.0 -999999.0 -999999.0 -999999.0 -999999.0 -999999.0 -999999.0 -999999.0 -999999.0 -999999.0 -999999.0 -999999.0 -999999.0 -999999.0 -999999.0 -999999.0 -999999.0 -999999.0
129.61592 145.87025 154.27037 145.84955 148.6203 151.43698 128.87651 101.1146 59.29375 20.324614 25.878977 16.527157 11.050769 34.079704 80.004036 98.76751 114.49237 105.32262 77.57329 68.14355 61.996918 85.94777 121.76986 101.70967 129.57927 176.39 200.86378 224.82251 236.12791 303.7189 325.16382 283.3755 210.81097 153.29033 158.79233 130.56892 221.27704 230.92818 256.64368 84.2867 72.74873 0.0 0.0 0.0 -999999.0 -999999.0 -999999.0 -999999.0 -999999.0 -999999.0 -999999.0 -999999.0 -999999.0 -999999.0 -999999.0 -999999.0 -999999.0 -999999.0 -999999.0 -999999.0 -999999.0 -999999.0
136.2467 163.45714 169.82135 164.35167 180.15167 165.89986 142.99396 127.18448 93.698875 52.71828 31.72448 23.094402 11.717962 30.711271 78.69509 104.47957 112.36931 115.53407 103.71196 88.71499 103.01132 113.97799 122.07421 137.17917 160.3945 187.06892 208.15358 247.63359 287.35907 367.0191 360.9686 324.17172 260.48212 183.01924 165.43085 131.60179 211.6911 165.27989 -999999.0 105.32713 35.531628 0.0 0.0 -999999.0 -999999.0 -999999.0 -999999.0 -999999.0 -999999.0 -999999.0 -999999.0 -999999.0 -999999.0 -999999.0 -999999.0 -999999.0 -999999.0 -999999.0 -999999.0 -999999.0 -999999.0 -999999.0
156.79721 209.3254 215.43384 197.42886 209.8033 189.94427 174.06612 170.54144 137.63763 96.48168 62.891716 42.46968 38.23448 60.882473 95.88258 101.79328 114.715904 102.89098 114.92141 100.366104 96.68626 111.28397 129.99573 153.01178 172.776 198.16393 213.47832 275.31982 307.79483 391.9134 363.73538 331.5003 268.3217 192.47372 171.55974 147.64784 178.45065 91.37558 -999999.0 51.62786 59.73529 0.0 0.0 -999999.0 -999999.0 -999999.0 -999999.0 -999999.0 -999999.0 -999999.0 -999999.0 -999999.0 -999999.0 -999999.0 -999999.0 -999999.0 -999999.0 -999999.0 -999999.0 -999999.0 -999999.0 -999999.0
183.95226 200.02866 231.79005 202.83682 218.06744 202.17366 203.03047 215.63348 178.14967 134.36986 88.136635 64.65664 57.368053 79.84545 87.745445 96.43195 109.154945 101.97465 97.57486 80.51951 82.96113 95.770256 108.09966 142.27461 170.09503 209.56764 254.33179 331.98926 347.63876 378.4338 347.5691 330.26514 278.72876 219.78549 176.32793 177.1451 201.28973 88.21973 55.326893 65.38207 0.0 0.0 0.0 0.0 -999999.0 -999999.0 -999999.0 -999999.0 -999999.0 -999999.0 -999999.0 -999999.0 -999999.0 -999999.0 -999999.0 -999999.0 -999999.0 -999999.0 -999999.0 -999999.0 -999999.0 -999999.0
194.0453 202.46687 228.60147 204.8221 220.09976 212.60869 212.66403 226.86403 204.98566 149.39964 97.58716 75.2694 82.19528 101.057465 62.007504 63.5345 71.36929 59.139862 69.4384 53.087746 45.765026 71.86691 75.84871 97.78951 139.90926 189.16406 254.28983 326.03058 363.42404 384.35925 357.21786 317.0057 267.10898 215.25612 201.66684 210.08708 244.85591 149.24544 126.405045 83.74341 66.01108 0.0 0.0 0.0 -999999.0 -999999.0 -999999.0 -999999.0 -999999.0 -999999.0 -999999.0 -999999.0 -999999.0 -999999.0 -999999.0 -999999.0 -999999.0 -999999.0 -999999.0 -999999.0 -999999.0 -999999.0
204.63455 205.82724 197.85861 211.50308 231.7594 243.94112 237.6272 238.88622 208.40953 155.30652 150.75209 119.29373 113.68974 123.82729 -999999.0 53.155243 73.48731 75.71532 70.9409 56.211117 40.787575 71.96141 77.85793 94.807625 107.71606 195.99403 216.37895 313.92932 347.4021 388.77225 387.97452 295.69287 228.70656 175.23196 193.94664 232.67993 279.42117 212.84648 183.54315 105.68072 75.29635 0.0 0.0 0.0 0.0 -999999.0 -999999.0 -999999.0 -999999.0 -999999.0 -999999.0 -999999.0 -999999.0 -999999.0 -999999.0 -999999.0 -999999.0 -999999.0 -999999.0 -999999.0 -999999.0 -999999.0
234.2291 237.0014 220.28459 192.73788 230.1068 213.7616 223.56157 218.60826 197.84618 172.90184 194.87 198.0353 165.19249 98.95159 31.91301 79.88986 100.90956 85.70535 100.11717 68.1426 42.23388 46.824467 72.085434 94.71764 115.52684 160.8626 225.47607 280.67557 308.90793 404.11548 367.5013 326.91745 307.32523 241.52008 176.42369 271.00845 309.4774 199.51036 90.43497 109.26884 39.32423 0.0 0.0 0.0 0.0 -999999.0 -999999.0 -999999.0 -999999.0 -999999.0 -999999.0 -999999.0 -999999.0 -999999.0 -999999.0 -999999.0 -999999.0 -999999.0 -999999.0 -999999.0 -999999.0 -999999.0
282.7832 264.77405 250.67632 220.07085 263.29037 254.97417 240.511 206.22342 211.99683 211.77327 257.2822 309.2687 244.35626 157.7268 133.71426 157.31233 135.48189 123.6117 113.74149 84.1326 81.458954 58.882103 64.701256 98.472595 135.85786 167.43396 204.92752 250.78284 246.89594 290.49277 326.19843 366.78635 413.54843 329.9281 265.90005 333.16193 333.25778 179.14182 109.48406 64.0559 97.9624 0.0 0.0 0.0 0.0 -999999.0 -999999.0 -999999.0 -999999.0 -999999.0 -999999.0 -999999.0 -999999.0 -999999.0 -999999.0 -999999.0 -999999.0 -999999.0 -999999.0 -999999.0 -999999.0 -999999.0
257.00034 234.89604 232.87611 196.817 227.07265 218.86377 220.75493 213.97891 194.99309 252.04544 253.78043 362.8856 250.08084 177.31177 132.8695 134.0267 174.48119 160.07211 140.4612 117.860115 110.42777 90.529724 101.401245 138.29095 151.20801 196.2885 236.41586 242.54875 187.43622 207.69125 293.75946 332.31607 375.8507 368.30127 287.89392 311.67807 279.6119 181.27126 113.147156 159.84572 143.78822 0.0 0.0 0.0 -999999.0 -999999.0 -999999.0 -999999.0 -999999.0 -999999.0 -999999.0 -999999.0 -999999.0 -999999.0 -999999.0 -999999.0 -999999.0 -999999.0 -999999.0 -999999.0 -999999.0 -999999.0
257.34308 232.1473 217.97203 184.43663 193.76724 192.97533 184.126 201.655 266.33957 299.80106 304.6649 328.1182 272.06494 191.72215 86.26128 136.16875 212.16536 222.5901 193.6036 121.88855 108.76853 114.398605 139.84123 143.53757 190.08734 248.20168 297.6325 241.69986 182.0704 268.294 385.07944 362.51605 357.9218 323.0673 301.6566 244.00343 209.93765 153.27258 157.48416 172.13051 120.03129 0.0 0.0 0.0 0.0 -999999.0 -999999.0 -999999.0 -999999.0 -999999.0 -999999.0 -999999.0 -999999.0 -999999.0 -999999.0 -999999.0 -999999.0 -999999.0 -999999.0 -999999.0 -999999.0 -999999.0
221.0237 184.75284 164.80049 138.36378 150.2907 179.17612 122.0352 178.84564 273.75073 330.32205 308.58163 287.39438 248.95177 185.30132 140.5862 215.50275 331.60767 312.8328 222.48468 141.93654 99.96373 129.876 168.63255 197.78065 258.00983 308.37552 290.44635 216.10634 192.5244 328.33078 374.8327 358.43762 326.16766 292.60016 245.51346 217.54509 182.14973 155.88306 136.65167 124.90572 113.65604 0.0 0.0 0.0 0.0 -999999.0 -999999.0 -999999.0 -999999.0 -999999.0 -999999.0 -999999.0 -999999.0 -999999.0 -999999.0 -999999.0 -999999.0 -999999.0 -999999.0 -999999.0 -999999.0 -999999.0
129.83986 132.14111 121.51745 103.88711 89.97351 121.15968 116.42552 158.78282 248.99442 275.00595 279.345 246.56761 255.35362 184.30559 148.15858 272.43478 381.87955 341.98093 225.83937 130.2639 103.77011 119.53228 166.29234 196.4529 294.0908 368.59735 228.78543 188.41493 240.9298 369.8171 360.44528 350.9822 356.27646 323.26248 271.26706 162.5966 152.35284 139.05273 112.81123 93.49981 0.0 0.0 0.0 0.0 0.0 0.0 -999999.0 -999999.0 -999999.0 -999999.0 -999999.0 -999999.0 -999999.0 -999999.0 -999999.0 -999999.0 -999999.0 -999999.0 -999999.0 -999999.0 -999999.0 -999999.0
159.2062 152.86794 106.47573 89.08945 70.989525 91.18692 93.421646 113.400696 140.24768 202.93927 210.7976 193.2326 89.85828 101.0624 84.36988 221.53255 367.16415 357.5858 187.45287 78.131935 111.95826 140.12645 143.64073 183.22955 236.98378 250.3865 176.54211 194.42165 227.1572 294.41626 348.2576 328.1436 305.4348 282.5672 207.34561 95.21138 131.16666 100.52552 83.736565 0.0 0.0 0.0 0.0 0.0 0.0 -999999.0 -999999.0 -999999.0 -999999.0 -999999.0 -999999.0 -999999.0 -999999.0 -999999.0 -999999.0 -999999.0 -999999.0 -999999.0 -999999.0 -999999.0 -999999.0 -999999.0
210.69952 198.63785 169.16646 131.32172 71.74351 73.85309 76.0102 74.01831 95.32367 153.32881 153.03447 135.05978 77.21044 58.61709 101.55021 178.56918 269.5677 274.58026 223.75432 196.00479 121.64949 113.27725 87.88684 147.15747 186.44829 251.07092 247.7169 243.23436 237.93562 242.7084 256.41907 286.23703 247.52669 189.86858 102.48392 80.58567 66.75531 73.48843 69.92911 0.0 0.0 0.0 0.0 0.0 0.0 -999999.0 -999999.0 -999999.0 -999999.0 -999999.0 -999999.0 -999999.0 -999999.0 -999999.0 -999999.0 -999999.0 -999999.0 -999999.0 -999999.0 -999999.0 -999999.0 -999999.0
