data/TNO-HT-ATES/HT-ATES_msz2/msz2__k_P50_basecase_80-45-40.asc
ncols  140
nrows  163
xllcorner  0.0
yllcorner  300000.0
cellsize  2000.0
NODATA_value  -999999.0
[rows 27 to 53 of 163, columns 60 to 119 of 140]
5775.5845 5819.2754 5646.972 5542.3335 5754.921 5613.925 5518.2505 5357.6206 5523.8135 5492.6426 5500.0303 5377.539 5968.9795 5941.9023 5953.484 5985.2563 6156.474 6132.8047 6108.7583 6099.1655 6108.3906 6335.5527 6530.253 6534.753 6905.411 6937.7925 7646.3003 7755.076 7650.4946 9264.069 8823.554 8540.824 9690.456 9651.516 9920.528 10753.153 10768.717 10743.589 11317.32 10135.988 10340.423 10420.941 10416.459 9987.258 9026.352 8951.846 8865.634 8900.059 8521.8125 -999999.0 -999999.0 8436.586 -999999.0 -999999.0 -999999.0 -999999.0 -999999.0 -999999.0 -999999.0 -999999.0
5830.4375 5870.8657 5694.938 5687.6143 5775.453 5534.292 5408.0586 5509.7354 5593.5093 5634.49 5550.8706 5431.4746 6032.381 6021.7607 6018.346 6035.115 6120.7256 6129.649 6130.297 6126.494 6136.338 6348.6924 6368.116 6550.9517 6964.501 7033.0664 7288.454 7790.9453 8220.133 8500.288 9164.418 9674.969 10183.644 10237.625 10519.45 10517.887 10405.645 10451.721 11496.934 11860.381 11384.81 9988.737 9963.518 9944.882 8843.276 8821.67 8691.279 8762.535 8836.997 -999999.0 -999999.0 -999999.0 -999999.0 -999999.0 -999999.0 -999999.0 -999999.0 -999999.0 -999999.0 -999999.0
5868.0957 5893.93 5719.221 5710.351 5802.6924 5787.554 5926.4033 5594.4756 5645.7646 5676.465 5397.395 5490.6187 5751.926 6077.029 6067.706 6146.3896 6117.604 5978.2886 5960.7812 -999999.0 6143.6675 6370.2993 6588.119 6639.789 6658.966 7360.2905 7365.8794 8201.014 8273.668 8429.5 9071.128 9903.351 10251.41 10257.953 10556.945 10579.317 10616.415 11062.758 11903.977 11861.009 11036.141 10125.8545 10016.565 9991.091 8842.635 8949.838 8785.163 8609.604 8817.799 -999999.0 -999999.0 -999999.0 8455.417 -999999.0 -999999.0 -999999.0 -999999.0 -999999.0 -999999.0 -999999.0
5922.666 5921.132 5920.533 5731.8994 5816.1064 5923.4873 5929.474 5955.9824 5645.5874 5635.179 5536.3296 5509.9463 5789.3457 5909.646 6163.146 6138.182 6122.9355 5747.4185 5409.347 6100.549 6178.493 6366.458 6675.5195 6704.576 7592.9014 7609.9194 7459.105 8344.315 9306.311 8772.267 8949.018 9905.799 10137.031 10175.285 11220.992 11259.377 11324.483 14847.293 -999999.0 11205.76 11113.332 10791.637 10786.2295 9810.372 9750.53 9887.512 8818.538 8768.645 8298.615 8269.663 8266.725 -999999.0 7398.2744 -999999.0 -999999.0 -999999.0 -999999.0 -999999.0 -999999.0 -999999.0
6076.082 5960.5166 5984.3213 5940.715 5781.111 5758.1123 5873.0015 5896.0757 6073.5693 6094.1846 5821.3423 5708.9316 5930.9375 6283.1685 6427.754 6385.922 6160.036 6000.4434 6137.036 6332.283 6377.5264 6617.0894 6906.564 6992.2334 7880.086 8487.619 8151.009 8424.335 8295.589 8951.264 9300.277 9811.373 9700.885 9830.289 10017.486 12389.627 10858.374 11124.887 11216.901 10505.305 10552.033 10545.321 9485.196 9262.646 8660.622 8859.9 8804.5 8843.076 8237.537 8443.996 8449.309 8590.023 8425.582 8499.328 -999999.0 -999999.0 -999999.0 -999999.0 -999999.0 -999999.0
5911.9336 5820.1323 6008.186 6015.1655 5897.1987 5876.8164 5875.275 5821.418 6094.041 6061.47 6048.796 6382.0137 6431.737 6639.137 6615.046 6606.29 6155.4717 6125.224 6308.4453 6319.8975 6808.3057 6871.7524 7316.313 7409.038 7680.7 8486.795 8447.898 8450.131 8580.756 9743.271 10390.72 10229.714 10442.542 10016.279 10453.568 10514.299 10306.575 10479.875 11182.032 11310.861 10553.629 10542.641 10223.461 9481.8955 8255.077 8806.32 8780.382 8823.759 8224.605 8467.156 8383.57 8569.18 -999999.0 8690.508 -999999.0 -999999.0 -999999.0 -999999.0 -999999.0 -999999.0
6003.718 6015.6426 6026.927 6209.307 6072.655 6076.4424 6077.3066 6079.625 6143.3027 6141.381 6111.368 6095.3003 6589.961 6609.9 6608.831 6581.1343 6331.492 6340.376 6543.248 6582.0693 6828.872 7257.079 7322.316 7393.213 7469.972 8368.351 8450.223 8491.139 8623.062 9049.676 10090.764 10445.656 11817.133 10861.439 10177.691 10379.699 10168.261 10447.797 10845.318 10149.818 9537.027 9494.841 9355.504 9182.881 8538.323 8716.859 8663.496 8707.359 8234.816 8313.314 7989.5605 8122.722 8648.1875 -999999.0 -999999.0 -999999.0 -999999.0 -999999.0 -999999.0 -999999.0
5939.5137 6002.295 5993.288 6216.067 6086.193 6066.614 6067.6753 6090.203 6346.2173 6135.459 6291.7114 6629.911 6602.325 6568.5957 6563.003 6548.266 6290.8896 6321.2437 6578.4 6843.5615 7548.202 7311.1562 7350.116 7385.283 7468.2153 8378.745 8422.113 8124.534 8736.111 9091.027 9966.223 10205.683 10814.289 10679.073 10206.903 10351.203 10150.451 10430.473 10552.133 9988.98 9738.374 9416.877 9391.015 -999999.0 9523.22 8701.824 8544.986 8728.213 8235.973 8342.035 8245.914 8270.73 8532.612 -999999.0 -999999.0 -999999.0 -999999.0 -999999.0 -999999.0 -999999.0
5944.822 5958.141 6000.843 6388.787 6441.584 6091.945 6080.246 6141.875 6213.553 6264.294 6266.4688 6429.0674 6629.428 6565.047 6546.693 6517.822 6705.4214 6752.7246 6828.788 7149.548 7320.256 7105.7437 7014.258 7018.9717 7025.2256 7907.8975 8340.072 8262.547 8787.295 9402.466 10004.596 10327.126 9901.687 9885.875 9686.642 10313.934 10396.341 10199.604 10313.288 9621.52 7432.086 9020.622 9126.955 9163.801 8516.91 8505.954 8458.797 8624.976 8150.5977 8342.77 8364.121 8396.482 -999999.0 -999999.0 -999999.0 -999999.0 -999999.0 -999999.0 -999999.0 -999999.0
6165.666 6167.07 6166.01 6540.091 6710.708 6498.682 6480.9497 6295.6177 6204.4004 6172.122 6307.29 6464.8267 6897.581 6823.878 6803.4736 6734.3047 6684.2188 6760.672 7086.0205 7229.5615 7709.796 7636.281 7337.8525 7381.2705 7890.3115 8366.809 8382.178 8452.692 9077.337 9437.361 10034.091 10518.166 9827.04 9870.531 9690.666 10261.807 10335.974 10251.268 10368.438 10373.58 9125.394 9233.629 9171.654 9169.393 8541.958 8436.971 8451.907 8612.821 8039.1167 8231.381 8348.716 -999999.0 -999999.0 8589.511 8771.624 -999999.0 -999999.0 -999999.0 -999999.0 -999999.0
6023.6123 6145.1035 6161.643 6104.866 6242.885 6304.555 6625.049 6386.064 6887.4927 6985.1055 6979.9907 6972.8906 6688.0957 6632.0312 6609.8574 6579.1865 6859.4995 7086.949 7412.3677 7270.6045 7462.794 7753.381 7602.152 7673.5283 7730.5737 8659.217 8382.576 8323.821 9447.053 9486.044 10555.637 11240.854 10847.774 10153.542 10639.012 10199.362 9959.754 10451.791 10506.758 9852.276 9147.309 9126.047 9133.049 9143.902 8510.846 8439.319 8455.211 8397.096 8107.943 8197.9795 -999999.0 8376.873 8422.508 8346.956 8598.748 -999999.0 -999999.0 -999999.0 -999999.0 -999999.0
5976.1855 5985.875 6142.3516 6171.0933 6237.2 6292.877 6611.957 6590.2 6870.7397 6959.977 6960.7227 6867.5493 6667.8027 6649.497 6644.4204 7101.687 7019.465 7105.805 7420.1562 7554.181 7387.702 7727.8486 7669.258 7652.022 7735.788 8258.281 8576.075 8434.584 9622.205 9671.448 10757.235 10380.178 10922.791 11022.366 10687.582 9870.571 11002.842 11473.483 10552.808 9722.935 8644.736 8374.404 8297.712 8436.793 7909.237 8409.595 8484.555 8662.904 8026.907 -999999.0 8203.725 8273.701 8412.441 8313.223 8471.429 -999999.0 -999999.0 -999999.0 -999999.0 -999999.0
5971.8457 5862.7354 5877.757 6140.8154 6264.832 6294.599 6616.4556 6577.5815 6872.152 6957.599 6861.889 6841.823 6909.814 6923.78 6916.5225 7272.322 6895.483 6913.5117 7474.8296 7610.336 7696.152 7738.153 7686.373 7538.7266 7748.6045 8573.0625 8763.7295 8754.93 9258.234 9274.134 9847.973 9893.591 10631.495 10666.65 10690.918 11004.534 11491.562 10834.94 10586.803 9258.173 -999999.0 -999999.0 7615.2744 8361.275 7872.8447 7923.6855 7922.583 8604.822 -999999.0 -999999.0 8232.399 8309.998 -999999.0 -999999.0 -999999.0 -999999.0 -999999.0 -999999.0 -999999.0 -999999.0
6206.9263 6060.52 6090.295 6356.2617 6407.3784 6445.9893 6442.039 6171.6777 6906.9795 6903.3223 6861.2617 6796.556 6709.1084 7057.6465 7232.947 7257.3604 6964.4395 7009.264 7549.64 7646.8955 7685.041 7754.6987 7722.4575 7717.7534 7782.113 9484.127 8725.507 8683.336 9271.792 9283.855 9648.907 9564.135 9623.279 9703.388 9948.58 10199.145 10976.313 11091.568 10128.546 8714.847 -999999.0 -999999.0 7859.8613 7828.029 7799.005 7889.1 7928.2363 8087.6943 8049.0283 8161.9346 8200.6455 -999999.0 -999999.0 -999999.0 -999999.0 -999999.0 -999999.0 -999999.0 -999999.0 -999999.0
6077.6885 6092.339 6315.37 6378.5693 6648.8228 6677.359 6672.5127 6624.9463 6958.5654 6947.5137 6867.2515 6818.2227 7001.8887 7083.8896 7110.665 7227.4053 7265.565 7318.6826 7499.0684 7671.2427 7477.245 7865.6396 7548.052 8206.814 8446.366 8881.539 8948.721 9537.161 9465.111 9448.874 8707.052 8655.461 9592.138 9741.883 9875.781 9484.971 9971.688 10357.483 9395.568 8686.413 8824.7705 8059.9307 7942.8423 7798.0195 7796.5474 7887.323 7955.047 8111.0635 7888.224 8048.309 -999999.0 -999999.0 -999999.0 -999999.0 -999999.0 -999999.0 -999999.0 -999999.0 -999999.0 -999999.0
6272.6885 6331.6787 6361.0303 6410.783 6656.4775 6624.1323 6617.341 6588.2705 6699.8066 6707.0537 6638.9062 6653.2437 7467.8076 7464.555 7479.367 7435.312 7297.1553 7316.4224 6949.0337 7453.25 7570.1343 7980.1797 7890.148 7883.6396 8706.681 8921.054 8926.547 9336.012 9451.004 9472.345 8995.01 9654.575 9688.952 9694.538 9826.7295 9274.311 8984.918 10025.115 9448.997 8674.123 8630.771 7949.251 7896.0835 7784.025 7730.649 7873.2344 7955.1187 8120.4937 7772.6416 7844.573 -999999.0 -999999.0 -999999.0 -999999.0 -999999.0 -999999.0 -999999.0 -999999.0 -999999.0 -999999.0
6320.997 6351.705 6371.006 6414.921 6651.2056 6607.3345 6613.869 6566.403 6673.5815 6693.4404 6659.3193 7161.2812 7459.5645 7390.7817 7410.0693 7382.2505 7265.9644 7646.565 7405.329 7446.3955 7532.7734 7923.7476 7877.1875 7852.189 7661.3755 8674.01 8918.561 8688.5625 8846.295 8879.643 8543.685 9114.1875 8995.469 8977.818 9264.982 9140.676 8763.972 9434.466 8729.375 8655.503 8569.959 7890.647 7886.509 7785.785 7698.919 7801.168 7869.4233 8057.214 7952.636 -999999.0 -999999.0 -999999.0 -999999.0 -999999.0 -999999.0 -999999.0 -999999.0 -999999.0 -999999.0 -999999.0
6371.337 6367.1064 6373.622 6324.3306 6439.491 6618.0396 6586.7603 6527.78 6624.9585 6628.0938 7149.538 7153.239 7481.961 7440.7026 7440.135 7399.171 7433.955 7631.524 7700.044 7443.5996 7447.675 7790.6797 7848.148 7848.3184 8062.35 8365.047 8672.143 8364.473 8471.613 8461.075 8487.784 9127.559 8477.867 9001.223 9264.526 9297.648 9276.873 8763.7 8722.011 8771.025 7864.331 7870.0913 7884.3467 7807.991 7748.4585 8333.368 8408.957 -999999.0 7993.791 -999999.0 -999999.0 -999999.0 -999999.0 -999999.0 -999999.0 -999999.0 -999999.0 -999999.0 -999999.0 -999999.0
6113.701 6369.909 6302.392 6263.0757 6503.8545 6452.46 6409.6016 6369.7188 6608.593 6614.4565 6604.5537 7169.45 7473.023 7430.919 7346.977 7351.744 7418.1855 7568.5703 7682.0117 7314.2896 7325.8735 7740.205 7761.6963 8553.039 8558.771 8664.91 8837.845 8474.696 8331.127 8173.518 8482.264 9019.184 8411.188 9039.908 8730.847 8821.721 8861.17 8852.36 8723.352 8014.8975 7872.634 7880.3735 7889.795 7843.758 7861.8325 -999999.0 8445.223 -999999.0 -999999.0 -999999.0 -999999.0 -999999.0 -999999.0 -999999.0 -999999.0 -999999.0 -999999.0 -999999.0 -999999.0 -999999.0
6232.286 6498.213 6082.0767 6124.595 6377.1895 6446.6616 6421.9844 6444.8633 6582.729 6581.9854 7049.7666 7098.9604 7422.3604 7315.644 7279.463 7301.218 7388.1133 7546.6104 7539.697 7329.6387 7331.5376 7711.0664 7725.674 7748.3657 8412.385 8579.057 8837.042 8474.641 8324.746 8346.373 8517.541 9007.135 8429.518 8941.003 8764.605 8878.641 8792.23 8896.513 8676.459 6813.1284 7874.8267 7960.3604 7924.7593 7863.6484 -999999.0 -999999.0 8477.171 -999999.0 -999999.0 -999999.0 -999999.0 -999999.0 -999999.0 -999999.0 -999999.0 -999999.0 -999999.0 -999999.0 -999999.0 -999999.0
5941.881 6102.8086 6074.687 6220.6465 6431.512 6417.743 6456.4863 6438.585 6364.0874 6350.189 6575.701 6592.874 6877.1206 6817.9233 6959.3164 7106.7363 7414.066 7535.1113 7622.0283 7621.7173 7654.6846 7676.438 7623.506 7664.1387 8375.428 8514.823 8667.471 8467.893 8311.664 8363.437 8424.691 8577.631 8483.703 9282.265 9017.714 8783.962 8838.728 8757.55 9050.33 8694.03 8803.955 8438.197 8102.1978 7825.032 -999999.0 -999999.0 -999999.0 8110.711 -999999.0 -999999.0 -999999.0 -999999.0 -999999.0 -999999.0 -999999.0 -999999.0 -999999.0 -999999.0 -999999.0 -999999.0
5297.1562 6144.323 6207.2744 6317.8027 5965.286 6012.7734 5998.644 5966.9365 6171.1787 6181.788 6399.3115 6875.884 6905.7715 7113.3623 7151.588 7111.3047 7430.7266 7509.2188 7531.5923 7593.8286 7562.4575 7554.2607 7535.4287 7664.742 8295.362 8468.521 8501.655 8293.151 8742.111 8860.946 8492.865 9072.922 8707.274 10371.199 10806.657 9345.803 8810.865 8699.052 9265.505 8928.232 9609.744 9313.123 8398.082 7818.1157 -999999.0 -999999.0 8611.18 8188.2095 -999999.0 -999999.0 -999999.0 -999999.0 -999999.0 -999999.0 -999999.0 -999999.0 -999999.0 -999999.0 -999999.0 -999999.0
5759.1777 6147.943 5966.1147 6043.2617 5919.9194 6084.1064 6063.732 5979.651 6189.444 6189.575 6379.725 6387.829 6901.984 6918.26 7100.2686 7119.779 7210.5938 7261.3784 7442.5176 7296.8013 7201.821 7243.657 7477.55 7692.335 7407.7705 8229.259 8184.0444 7857.4146 8692.355 9039.742 8920.422 8927.687 9080.426 10046.511 10840.341 9946.16 9790.461 9849.547 10006.262 9147.63 9333.492 9299.525 8280.687 7829.784 -999999.0 9160.539 8770.44 8170.6924 -999999.0 -999999.0 -999999.0 -999999.0 -999999.0 -999999.0 -999999.0 -999999.0 -999999.0 -999999.0 -999999.0 -999999.0
5836.853 5913.76 5893.3184 5809.36 5788.562 6029.311 6123.3374 6049.0654 6176.299 6180.878 6382.4355 6415.2812 6484.0117 6896.5713 7138.5127 7157.4883 7171.036 7195.7793 7216.9854 7206.1045 7198.8267 7389.3804 7552.2793 7615.712 8060.49 8542.839 8671.256 8555.094 8678.2295 8937.859 8987.302 8918.095 8872.863 9215.652 9820.422 9857.601 9809.868 9850.4 10010.828 9231.674 9415.344 9408.286 9568.056 8203.906 8153.694 9127.916 8243.581 8069.0537 -999999.0 -999999.0 -999999.0 -999999.0 -999999.0 -999999.0 -999999.0 -999999.0 -999999.0 -999999.0 -999999.0 -999999.0
5639.0356 5799.4375 5845.386 5877.8525 5981.5713 5976.832 6023.538 6044.253 6032.7734 6019.3066 6187.496 6232.928 6901.7295 6933.5166 6912.664 6909.0 7005.7476 7236.6733 7210.1533 7216.8115 7189.9526 7418.8213 7503.6465 7576.181 8482.617 8650.037 8714.11 8904.833 8858.163 8932.624 8961.317 8973.4795 8953.05 9074.865 8929.531 9583.645 9838.34 9822.92 10035.231 9288.001 9382.043 9985.237 9199.754 9035.396 8127.2485 9726.361 8771.113 8131.305 -999999.0 -999999.0 -999999.0 -999999.0 -999999.0 -999999.0 -999999.0 -999999.0 -999999.0 -999999.0 -999999.0 -999999.0
5564.4526 5683.7817 5654.9155 5720.065 5806.588 5758.4775 5918.846 5922.9277 6000.23 5989.023 6179.0215 6263.684 6678.8896 6957.8184 6936.1963 6917.0957 6939.2314 7224.9004 7247.789 7245.3887 7202.0083 7384.098 7452.324 7243.4727 7618.9624 8440.527 8428.666 8605.656 8948.408 9033.177 9125.04 9260.395 9325.184 11499.147 11014.748 12665.019 13152.849 11409.186 11334.34 10775.798 9536.272 9084.198 9287.335 9705.084 9695.623 9791.494 9078.147 -999999.0 -999999.0 -999999.0 -999999.0 -999999.0 -999999.0 -999999.0 -999999.0 -999999.0 -999999.0 -999999.0 -999999.0 -999999.0
5580.0635 5678.9873 5641.7837 5618.6436 5724.119 5702.1055 5715.261 5679.9365 5815.5625 5924.145 6216.3516 6265.5356 6685.408 6976.056 6953.9717 6944.935 6942.206 7002.2305 7225.5596 7225.0303 6908.898 6894.491 7241.715 7213.917 7581.0063 8337.837 8335.176 8507.615 8925.116 9127.69 8387.549 9506.291 9715.238 12894.946 13445.832 13561.491 13646.154 13693.932 13516.839 12325.791 11128.817 10477.094 11605.057 11031.013 9683.737 9823.502 9209.24 -999999.0 -999999.0 -999999.0 -999999.0 -999999.0 -999999.0 -999999.0 -999999.0 -999999.0 -999999.0 -999999.0 -999999.0 -999999.0
