data/TNO-HT-ATES/HT-ATES_msz2/msz2__temperature_basecase_80-45-40.asc
ncols  140
nrows  163
xllcorner  0.0
yllcorner  300000.0
cellsize  2000.0
NODATA_value  -999999.0
[rows 78 to 103 of 163, columns 60 to 119 of 140]
16.103596 16.165709 16.075953 16.001015 15.91641 15.718811 15.677911 15.639449 15.613133 15.74086 15.932986 16.02179 16.239475 16.089586 16.21676 16.11267 15.9446335 15.870264 16.030735 16.179409 16.246908 16.296568 16.405214 16.409157 16.367758 16.391155 16.446056 16.49855 16.5634 16.533865 16.326357 16.063366 15.967765 15.842498 15.600996 15.122044 14.573173 14.048708 13.724384 13.534453 13.359207 12.930446 12.626708 12.486117 12.311683 11.951311 -999999.0 -999999.0 -999999.0 -999999.0 -999999.0 -999999.0 -999999.0 -999999.0 -999999.0 -999999.0 -999999.0 -999999.0 -999999.0 -999999.0
16.27177 15.9566965 15.970663 15.959934 15.953095 15.7805605 15.743266 15.705583 15.61353 15.663953 15.685166 15.686682 15.988195 15.939326 15.820123 15.657819 15.852662 15.875939 15.826836 15.931171 16.078018 16.100069 16.165977 16.128458 16.08952 16.095379 16.125751 16.207493 16.260813 16.194136 16.07182 15.912306 15.851094 15.71393 15.451107 15.134467 14.656818 14.090575 13.57765 13.239772 13.048552 13.042885 12.775775 12.55789 12.222013 11.829031 11.171233 -999999.0 -999999.0 -999999.0 -999999.0 -999999.0 -999999.0 -999999.0 -999999.0 -999999.0 -999999.0 -999999.0 -999999.0 -999999.0
16.246187 16.399199 15.931029 15.918599 15.9209385 15.816864 15.740894 15.484848 15.420053 15.387655 15.335915 15.330459 15.495473 15.542636 15.3635235 15.30324 15.509 15.7464285 15.861054 15.858713 15.841537 15.752824 15.785835 15.850446 15.794233 15.777696 15.871702 15.987698 16.061779 15.928993 15.906897 15.876876 15.7613125 15.586299 15.249642 14.927359 14.614315 14.10851 13.701412 13.436482 13.059415 12.822773 12.642297 12.31696 11.927798 11.540297 10.888602 -999999.0 -999999.0 -999999.0 -999999.0 -999999.0 -999999.0 -999999.0 -999999.0 -999999.0 -999999.0 -999999.0 -999999.0 -999999.0
16.16232 16.420822 15.866665 15.878423 15.784209 15.710212 15.641509 15.284722 15.01054 15.136604 15.1453085 15.047068 15.090426 15.167572 14.905019 14.818391 14.999525 15.254221 15.539168 15.605212 15.625982 15.596455 15.577943 15.59006 15.57894 15.562891 15.653163 15.74649 15.920382 15.864796 15.749355 15.700008 15.444415 15.287628 15.033778 14.712587 14.398022 13.929151 13.539778 13.29571 13.01494 12.6897545 12.401908 12.120096 11.785784 11.2765 10.767957 10.22258 -999999.0 -999999.0 -999999.0 -999999.0 -999999.0 -999999.0 -999999.0 -999999.0 -999999.0 -999999.0 -999999.0 -999999.0
16.301476 16.41617 16.499681 16.357052 15.472085 15.349281 15.266004 14.937078 14.518228 14.421379 14.594142 14.641628 14.549944 14.598738 14.592971 14.407432 14.476794 14.745149 15.002603 15.076763 15.409761 15.381582 15.25171 15.187678 15.230122 15.229642 15.316096 15.603583 15.814814 15.628801 15.427488 15.371319 15.21256 15.013911 14.839268 14.5637455 14.196245 13.846022 13.4069805 13.0914345 12.791832 12.534797 12.304289 11.985176 11.629267 11.256704 10.8521185 -999999.0 -999999.0 -999999.0 -999999.0 -999999.0 -999999.0 -999999.0 -999999.0 -999999.0 -999999.0 -999999.0 -999999.0 -999999.0
16.457602 16.513628 16.492558 16.344793 16.267067 16.129631 14.781379 14.498864 14.009039 13.797039 13.938108 14.195681 14.083498 14.019426 13.947795 14.00596 14.124877 14.433121 14.730992 14.908968 15.00295 14.93962 14.864329 14.677584 14.72681 14.835116 14.993146 15.281225 15.391488 15.372661 15.149417 15.058859 15.030201 14.831702 14.681684 14.505274 14.138167 13.79668 13.349063 12.955174 12.64337 12.34225 12.110374 11.752621 11.48364 11.36762 10.776127 -999999.0 -999999.0 -999999.0 -999999.0 -999999.0 -999999.0 -999999.0 -999999.0 -999999.0 -999999.0 -999999.0 -999999.0 -999999.0
16.35208 16.443748 16.323612 16.260801 16.40774 16.3541 15.959087 15.4068575 14.661151 13.432467 13.373378 13.477255 13.5561 13.623832 13.660932 13.623587 13.806223 14.145437 14.560435 14.65673 14.3875675 14.43673 14.349084 14.170734 14.269154 14.359461 14.584553 14.809752 14.887865 14.922288 14.847204 14.916152 14.765727 14.54466 14.3793545 14.244493 14.14875 13.883053 13.386038 12.936526 12.61465 12.285058 11.996223 11.541945 11.332923 11.1397085 10.511553 -999999.0 -999999.0 -999999.0 -999999.0 -999999.0 -999999.0 -999999.0 -999999.0 -999999.0 -999999.0 -999999.0 -999999.0 -999999.0
16.196434 16.45728 16.223719 16.027275 16.617647 16.611713 16.002037 15.464467 14.975109 14.665142 14.508381 12.997077 13.208761 13.250568 13.27412 13.314966 13.589133 13.72927 13.858056 13.650135 13.590383 13.779802 13.761605 13.6903305 13.782507 13.879666 13.964116 14.163742 14.354011 14.58242 14.619436 14.703894 14.5682535 14.442639 14.251646 14.124142 14.047102 13.937434 13.610836 13.161673 12.718435 12.269494 11.856123 11.463376 11.2005205 10.813686 10.409946 10.125204 -999999.0 -999999.0 -999999.0 -999999.0 -999999.0 -999999.0 -999999.0 -999999.0 -999999.0 -999999.0 -999999.0 -999999.0
15.972159 16.382877 16.79437 16.20928 16.30581 16.297398 15.853474 15.432645 14.922082 14.781079 14.499755 13.516484 12.42898 12.876384 12.686756 12.636624 13.395685 13.469316 13.3545 13.152245 13.124358 13.25424 13.238961 13.237485 13.3077135 13.487131 13.594815 13.866457 14.062699 14.377282 14.386345 14.357896 14.22364 14.00109 13.859144 13.869271 13.938269 13.812695 13.627483 13.170769 12.726066 12.288984 11.766013 11.3436575 11.08433 10.706744 10.395853 10.1249 -999999.0 -999999.0 -999999.0 -999999.0 -999999.0 -999999.0 -999999.0 -999999.0 -999999.0 -999999.0 -999999.0 -999999.0
15.601176 15.981761 16.21296 16.209183 16.150234 15.944311 15.535896 15.078638 14.877686 14.891959 14.589455 14.50659 12.179026 11.966055 12.323709 12.420405 12.407746 13.30718 13.186091 13.022629 12.91307 12.88346 12.86364 12.813048 12.963178 13.173128 13.427249 13.673783 13.811325 13.928991 13.993453 13.910491 13.728035 13.551729 13.526448 13.600327 13.659154 13.638554 13.344742 12.899501 12.536698 12.372699 11.689849 11.177639 11.061193 10.739971 10.391694 10.029931 -999999.0 -999999.0 -999999.0 -999999.0 -999999.0 -999999.0 -999999.0 -999999.0 -999999.0 -999999.0 -999999.0 -999999.0
15.510159 15.379358 15.465838 15.497397 15.669423 15.879288 15.4239 15.049128 14.88119 14.9322195 14.987593 14.878132 14.804987 11.765139 12.1434765 12.250835 12.287979 12.301774 13.1981 12.961909 12.776442 12.746627 12.793892 12.741997 12.760119 12.864099 13.008695 13.260832 13.437936 13.560453 13.542226 13.360913 13.214195 13.033429 13.062035 -999999.0 -999999.0 13.260088 13.019573 12.603219 12.387706 12.161285 11.431396 11.144068 10.939207 10.732891 10.37348 9.845799 9.546795 -999999.0 -999999.0 -999999.0 -999999.0 -999999.0 -999999.0 -999999.0 -999999.0 -999999.0 -999999.0 -999999.0
15.556745 15.475435 14.975317 14.764271 15.328041 15.725917 15.533095 15.402873 15.360247 14.931192 15.095194 15.100576 14.891064 14.675676 11.717573 12.048456 12.111966 12.151363 13.076416 13.094683 12.627923 12.604449 12.645234 12.578467 12.521834 12.565211 12.676361 12.849233 13.07086 13.195114 13.107229 12.885732 12.597675 12.574606 12.563327 -999999.0 -999999.0 12.710588 12.61057 12.296951 11.92131 11.511499 11.14229 11.073141 10.911689 -999999.0 -999999.0 -999999.0 -999999.0 -999999.0 -999999.0 -999999.0 -999999.0 -999999.0 -999999.0 -999999.0 -999999.0 -999999.0 -999999.0 -999999.0
15.364969 15.368806 15.277795 14.873017 15.16736 15.460451 15.239827 15.709173 15.7178755 15.408894 15.330282 15.343743 15.125625 14.654975 14.228745 12.425465 12.012621 12.003399 11.898575 12.637535 12.495545 12.368757 12.390759 12.42689 12.350727 12.342202 12.475357 12.576691 12.662837 12.664065 12.658988 12.575032 12.375436 12.314055 12.396494 12.307011 12.295952 12.402391 12.25027 11.913251 11.551588 11.156049 10.661292 10.802482 -999999.0 -999999.0 -999999.0 -999999.0 -999999.0 -999999.0 -999999.0 -999999.0 -999999.0 -999999.0 -999999.0 -999999.0 -999999.0 -999999.0 -999999.0 -999999.0
14.881149 14.657058 14.783736 14.323961 14.930282 15.07373 14.956972 14.89241 15.81953 15.633152 15.54282 15.61315 15.358967 14.852695 14.270243 14.097682 12.361897 11.7286415 11.626333 12.385585 12.191412 12.010954 12.097381 12.279874 12.053163 12.087842 12.165441 12.243772 12.279246 12.1279745 12.165378 12.23554 12.197347 12.1057825 12.228719 12.265692 12.301328 12.1412735 11.959078 11.660961 11.376366 10.978188 10.726885 10.603394 -999999.0 -999999.0 -999999.0 -999999.0 -999999.0 -999999.0 -999999.0 -999999.0 -999999.0 -999999.0 -999999.0 -999999.0 -999999.0 -999999.0 -999999.0 -999999.0
14.599835 14.650437 14.574466 14.318702 14.307052 14.593049 14.888108 14.919489 14.964287 15.741978 15.53031 15.545237 15.273946 14.920273 14.71724 14.115202 14.056225 11.675716 11.613312 11.33388 11.869307 11.670413 11.579025 11.5568285 11.626535 11.746576 11.885712 11.81505 11.847883 11.866349 11.912155 12.0446415 12.072415 11.920414 12.03434 12.173437 11.917313 11.816212 11.663784 11.532734 11.347036 10.933164 -999999.0 -999999.0 -999999.0 -999999.0 -999999.0 -999999.0 -999999.0 -999999.0 -999999.0 -999999.0 -999999.0 -999999.0 -999999.0 -999999.0 -999999.0 -999999.0 -999999.0 -999999.0
14.54123 14.639099 14.528984 14.261617 14.247738 14.275325 14.180764 13.873437 14.00013 15.780561 15.503447 15.317702 14.911488 14.755448 14.609732 14.490808 14.054745 14.045894 11.759553 11.403491 10.950514 11.422668 11.1798315 10.938582 11.124341 11.377696 11.752451 11.607755 11.532729 11.671995 11.746206 11.869782 11.989657 11.889259 11.817928 11.651638 11.542831 11.410661 -999999.0 -999999.0 -999999.0 -999999.0 -999999.0 -999999.0 -999999.0 -999999.0 -999999.0 -999999.0 -999999.0 -999999.0 -999999.0 -999999.0 -999999.0 -999999.0 -999999.0 -999999.0 -999999.0 -999999.0 -999999.0 -999999.0
14.547334 14.865285 14.867662 14.256028 14.223362 14.212961 14.174756 14.006623 13.947703 15.5624895 15.445809 15.100778 14.796151 14.575282 14.418076 14.309056 14.312573 14.289747 11.893026 11.630436 11.052521 10.549382 11.036155 10.785401 10.605278 11.10805 11.430439 11.434043 11.350601 11.438149 11.578001 11.739306 11.823577 11.810258 11.607315 -999999.0 -999999.0 -999999.0 -999999.0 -999999.0 -999999.0 -999999.0 -999999.0 -999999.0 -999999.0 -999999.0 -999999.0 -999999.0 -999999.0 -999999.0 -999999.0 -999999.0 -999999.0 -999999.0 -999999.0 -999999.0 -999999.0 -999999.0 -999999.0 -999999.0
14.429068 14.78065 14.836742 14.642106 14.165102 14.108473 14.092493 14.100737 13.967214 13.912459 15.302286 15.022156 14.706503 14.464964 14.332334 14.212672 14.257148 14.262628 14.059216 11.939105 11.315885 10.847746 10.365241 10.684294 10.485634 10.23054 10.967694 11.022355 11.041632 11.179458 11.4379 -999999.0 11.604392 11.453803 -999999.0 -999999.0 -999999.0 -999999.0 -999999.0 -999999.0 -999999.0 -999999.0 -999999.0 -999999.0 -999999.0 -999999.0 -999999.0 -999999.0 -999999.0 -999999.0 -999999.0 -999999.0 -999999.0 -999999.0 -999999.0 -999999.0 -999999.0 -999999.0 -999999.0 -999999.0
14.124803 14.551006 14.779327 14.589845 14.460936 13.886237 13.913256 14.103529 13.998049 13.946577 15.131925 14.867278 14.711193 14.513392 14.398913 14.40797 13.765577 14.244368 14.078319 12.157251 11.441414 10.847739 10.388109 10.010111 10.521516 10.06382 -999999.0 -999999.0 -999999.0 -999999.0 -999999.0 -999999.0 -999999.0 -999999.0 -999999.0 -999999.0 -999999.0 -999999.0 -999999.0 -999999.0 -999999.0 -999999.0 -999999.0 -999999.0 -999999.0 -999999.0 -999999.0 -999999.0 -999999.0 -999999.0 -999999.0 -999999.0 -999999.0 -999999.0 -999999.0 -999999.0 -999999.0 -999999.0 -999999.0 -999999.0
13.994519 14.358721 14.5941105 14.472667 14.342863 13.78677 13.689739 13.868933 13.939206 13.934194 14.76349 14.869941 14.737383 14.577152 14.480886 14.387522 13.172905 13.039168 13.728343 13.093908 11.41082 10.906648 10.386877 9.748374 -999999.0 10.193714 -999999.0 -999999.0 -999999.0 -999999.0 -999999.0 -999999.0 -999999.0 -999999.0 -999999.0 -999999.0 -999999.0 -999999.0 -999999.0 -999999.0 -999999.0 -999999.0 -999999.0 -999999.0 -999999.0 -999999.0 -999999.0 -999999.0 -999999.0 -999999.0 -999999.0 -999999.0 -999999.0 -999999.0 -999999.0 -999999.0 -999999.0 -999999.0 -999999.0 -999999.0
13.975734 14.221622 14.269604 14.125426 14.105306 14.251297 13.916125 13.814068 13.888823 13.936965 13.951101 14.906303 14.751553 14.654372 14.407053 14.622475 14.245419 12.457425 12.298051 12.616762 11.848006 -999999.0 10.295024 -999999.0 -999999.0 -999999.0 -999999.0 -999999.0 -999999.0 -999999.0 -999999.0 -999999.0 -999999.0 -999999.0 -999999.0 -999999.0 -999999.0 -999999.0 -999999.0 -999999.0 -999999.0 -999999.0 -999999.0 -999999.0 -999999.0 -999999.0 -999999.0 -999999.0 -999999.0 -999999.0 -999999.0 -999999.0 -999999.0 -999999.0 -999999.0 -999999.0 -999999.0 -999999.0 -999999.0 -999999.0
13.982414 14.118385 14.1869955 13.640745 13.863407 14.186931 14.43667 14.730245 13.93001 13.945064 14.003144 14.140002 14.898935 14.736525 14.512586 14.359014 14.898679 14.20165 13.116925 11.824942 11.586192 10.603736 -999999.0 -999999.0 -999999.0 -999999.0 -999999.0 -999999.0 -999999.0 -999999.0 -999999.0 -999999.0 -999999.0 -999999.0 -999999.0 -999999.0 -999999.0 -999999.0 -999999.0 -999999.0 -999999.0 -999999.0 -999999.0 -999999.0 -999999.0 -999999.0 -999999.0 -999999.0 -999999.0 -999999.0 -999999.0 -999999.0 -999999.0 -999999.0 -999999.0 -999999.0 -999999.0 -999999.0 -999999.0 -999999.0
14.126654 14.231831 14.12807 13.948109 13.907135 14.145925 14.482883 14.986565 14.914803 14.194365 14.049501 14.117966 15.05659 14.957613 14.912893 14.752566 14.378902 15.033635 13.944524 -999999.0 -999999.0 -999999.0 -999999.0 -999999.0 -999999.0 -999999.0 -999999.0 -999999.0 -999999.0 -999999.0 -999999.0 -999999.0 -999999.0 -999999.0 -999999.0 -999999.0 -999999.0 -999999.0 -999999.0 -999999.0 -999999.0 -999999.0 -999999.0 -999999.0 -999999.0 -999999.0 -999999.0 -999999.0 -999999.0 -999999.0 -999999.0 -999999.0 -999999.0 -999999.0 -999999.0 -999999.0 -999999.0 -999999.0 -999999.0 -999999.0
14.147623 14.228344 14.142716 13.875753 13.809585 14.041124 14.399235 14.736011 14.746838 14.75182 14.894157 14.069911 14.08487 15.333793 15.325066 14.984146 14.516648 14.416322 -999999.0 -999999.0 -999999.0 -999999.0 -999999.0 -999999.0 -999999.0 -999999.0 -999999.0 -999999.0 -999999.0 -999999.0 -999999.0 -999999.0 -999999.0 -999999.0 -999999.0 -999999.0 -999999.0 -999999.0 -999999.0 -999999.0 -999999.0 -999999.0 -999999.0 -999999.0 -999999.0 -999999.0 -999999.0 -999999.0 -999999.0 -999999.0 -999999.0 -999999.0 -999999.0 -999999.0 -999999.0 -999999.0 -999999.0 -999999.0 -999999.0 -999999.0
14.031854 14.140413 14.033018 13.804572 13.778876 14.028755 14.245364 14.422961 14.5815525 14.776267 14.979373 15.068673 15.134997 14.331991 15.3704405 14.980681 14.601096 14.662496 -999999.0 -999999.0 -999999.0 -999999.0 -999999.0 -999999.0 -999999.0 -999999.0 -999999.0 -999999.0 -999999.0 -999999.0 -999999.0 -999999.0 -999999.0 -999999.0 -999999.0 -999999.0 -999999.0 -999999.0 -999999.0 -999999.0 -999999.0 -999999.0 -999999.0 -999999.0 -999999.0 -999999.0 -999999.0 -999999.0 -999999.0 -999999.0 -999999.0 -999999.0 -999999.0 -999999.0 -999999.0 -999999.0 -999999.0 -999999.0 -999999.0 -999999.0
13.940441 14.135486 14.113875 13.898964 13.863684 13.952014 14.014919 14.111033 14.381734 14.685724 14.925868 15.121901 15.270033 15.309508 14.612884 14.9825535 14.643948 14.484698 -999999.0 -999999.0 -999999.0 -999999.0 -999999.0 -999999.0 -999999.0 -999999.0 -999999.0 -999999.0 -999999.0 -999999.0 -999999.0 -999999.0 -999999.0 -999999.0 -999999.0 -999999.0 -999999.0 -999999.0 -999999.0 -999999.0 -999999.0 -999999.0 -999999.0 -999999.0 -999999.0 -999999.0 -999999.0 -999999.0 -999999.0 -999999.0 -999999.0 -999999.0 -999999.0 -999999.0 -999999.0 -999999.0 -999999.0 -999999.0 -999999.0 -999999.0
