data/TNO-HT-ATES/HT-ATES_msz2/msz2__k_P50_basecase_80-45-40.asc
ncols  140
nrows  163
xllcorner  0.0
yllcorner  300000.0
cellsize  2000.0
NODATA_value  -999999.0
[rows 54 to 80 of 163, columns 60 to 119 of 140]
5374.94 5461.1934 5329.343 5493.3945 5545.158 5517.786 5510.5073 5501.5845 5982.6753 6080.4126 6373.4517 6451.415 6693.133 6958.922 6971.402 6950.2915 6947.2437 7236.265 7153.8027 7147.0103 6818.9795 6809.3237 7617.7783 7602.769 7668.5005 7689.483 7719.532 7946.9907 9276.837 9583.439 9538.693 9857.178 9946.057 13614.256 13633.959 13172.716 14375.572 14632.381 15697.178 14421.788 -999999.0 11375.905 11350.661 11588.891 10149.057 9861.77 8975.551 -999999.0 -999999.0 -999999.0 -999999.0 -999999.0 -999999.0 -999999.0 -999999.0 -999999.0 -999999.0 -999999.0 -999999.0 -999999.0
5318.5615 5359.867 5431.6357 5416.6333 5615.7627 5534.784 5190.0986 5341.1533 5703.8037 5761.3115 6330.9385 6409.462 6647.935 6703.511 7013.363 6976.992 7047.4385 7280.547 7186.6875 7181.477 6823.61 6814.9067 7617.1255 7478.9707 7507.141 7685.8765 7759.1387 7988.5845 9340.264 11070.852 11181.178 11536.362 11621.945 14749.1 15366.626 14459.346 14012.059 14319.275 16166.578 -999999.0 -999999.0 12008.936 11591.34 11475.127 10103.438 9741.885 7945.0693 -999999.0 -999999.0 -999999.0 -999999.0 -999999.0 -999999.0 -999999.0 -999999.0 -999999.0 -999999.0 -999999.0 -999999.0 -999999.0
5327.105 5371.2305 5438.961 5407.74 5377.0713 5442.635 5162.101 5202.8613 5588.653 5679.674 6075.066 6347.5195 6423.966 6696.7896 6881.4087 6886.5117 6881.6357 6963.446 7272.1406 7195.6177 6827.837 6751.7734 7539.709 7456.83 7250.236 7462.19 7852.2744 7912.7793 8806.789 10732.334 11491.232 12276.703 12642.088 14433.145 16710.453 17696.695 17901.027 16921.807 19044.547 -999999.0 -999999.0 -999999.0 -999999.0 14348.035 12866.121 12317.991 11030.842 -999999.0 -999999.0 -999999.0 -999999.0 -999999.0 -999999.0 -999999.0 -999999.0 -999999.0 -999999.0 -999999.0 -999999.0 -999999.0
5136.1123 5187.0967 5251.8984 5293.8164 5082.9023 4949.5234 5129.327 5093.1787 5571.5825 5603.0977 6032.432 6081.916 6587.4463 6674.606 6889.4277 6896.7954 6968.514 6977.945 7019.285 6646.7427 6800.9893 6832.3037 7254.876 6997.469 7470.0566 7627.4517 7987.0967 8404.697 7686.8315 10033.25 11874.928 12958.005 12816.455 14545.791 15075.208 16755.5 17028.479 18067.02 19310.06 -999999.0 -999999.0 -999999.0 -999999.0 -999999.0 -999999.0 11974.591 11320.904 -999999.0 -999999.0 -999999.0 -999999.0 -999999.0 -999999.0 -999999.0 -999999.0 -999999.0 -999999.0 -999999.0 -999999.0 -999999.0
5097.6616 5254.177 5212.7725 5173.2163 5060.9165 4940.5205 5105.5713 5072.209 5565.745 5664.758 5906.256 6106.534 6591.3867 6681.037 6913.106 6917.592 6622.7686 7017.4297 7089.2007 6636.267 6866.8306 6915.0425 7005.9775 7039.198 7559.592 7626.648 8002.5 8142.282 8538.454 10285.785 10781.055 12260.357 12405.7 15278.816 15264.896 16046.361 18023.576 19538.994 19985.623 21952.93 -999999.0 -999999.0 -999999.0 -999999.0 -999999.0 11387.101 -999999.0 -999999.0 -999999.0 -999999.0 -999999.0 -999999.0 -999999.0 -999999.0 -999999.0 -999999.0 -999999.0 -999999.0 -999999.0 -999999.0
4955.992 5117.371 5188.7705 5148.337 5225.3193 5137.6577 5227.6577 5191.492 5597.9663 5706.4673 5923.224 6284.74 6337.818 6395.452 6398.8853 6473.09 6616.4497 6872.732 6725.6523 6723.1514 6724.048 6985.3433 6645.862 6644.954 7157.617 7563.4263 7681.827 8079.197 8662.07 10425.828 10917.431 12010.0 13223.734 14669.384 16655.92 19233.547 19060.684 22285.232 23582.055 20827.238 19986.25 18401.486 17190.848 -999999.0 -999999.0 14316.225 13482.582 -999999.0 -999999.0 -999999.0 -999999.0 -999999.0 -999999.0 -999999.0 -999999.0 -999999.0 -999999.0 -999999.0 -999999.0 -999999.0
4830.1064 5068.4443 5177.954 5154.6455 5223.383 5020.4644 5228.165 5254.2275 5635.407 5671.7783 5898.2607 6139.951 6343.6826 6425.426 6441.711 6713.9463 6787.659 6649.1875 6783.162 6816.948 6825.1104 6976.855 6715.8853 6669.702 7240.0415 7743.117 8190.1504 8184.7666 8712.3955 10494.999 11374.694 13385.299 14188.748 17250.273 17794.58 18283.777 21470.564 23785.416 25951.41 22043.744 24639.605 22167.834 18870.139 20645.883 -999999.0 -999999.0 13275.544 -999999.0 -999999.0 -999999.0 -999999.0 -999999.0 -999999.0 -999999.0 -999999.0 -999999.0 -999999.0 -999999.0 -999999.0 -999999.0
4598.5596 4862.158 5120.922 5134.292 5021.9697 5219.3994 5361.3105 5634.9136 5494.4873 5496.142 5881.158 6125.618 6165.819 6053.4067 6251.0767 6725.1045 6793.6353 6670.1235 6779.6753 6789.876 6814.0176 6810.409 6623.874 6745.716 6779.801 7904.37 8310.743 7596.1484 8602.997 10701.304 12555.539 14071.823 14192.359 19127.918 19148.777 20598.748 21040.41 22481.555 25083.246 23088.715 27144.734 24796.766 20818.676 20375.35 -999999.0 -999999.0 -999999.0 -999999.0 -999999.0 -999999.0 -999999.0 -999999.0 -999999.0 -999999.0 -999999.0 -999999.0 -999999.0 -999999.0 -999999.0 -999999.0
4998.531 5243.262 5297.566 5388.789 5211.2725 5284.656 5608.1616 5555.051 5434.577 5489.195 5852.3267 6075.706 6133.269 6074.065 6134.7314 6737.8506 6696.613 6679.6074 6797.0615 6808.4263 6808.73 6750.898 6726.16 6889.944 7466.655 7920.242 8383.306 8899.776 8912.965 12543.151 12725.525 12355.022 15360.951 16548.582 19279.176 20737.062 21244.41 21690.797 26661.398 25793.945 21037.16 22307.594 20864.84 20867.516 18318.309 15233.429 -999999.0 -999999.0 -999999.0 -999999.0 -999999.0 -999999.0 -999999.0 -999999.0 -999999.0 -999999.0 -999999.0 -999999.0 -999999.0 -999999.0
5067.6016 5308.849 5319.4717 5417.7354 5222.0015 5284.3013 5606.464 5387.078 5089.9033 5407.13 5832.069 6068.529 6236.8994 6349.117 6182.901 6576.1543 6658.74 6593.1367 6724.449 6732.115 6776.074 6739.2837 6815.895 6746.2495 7460.13 7842.133 7923.7607 8900.9 10693.693 12531.934 12869.959 13764.248 14871.034 15099.088 18127.188 18512.656 19966.96 20707.85 23746.123 26463.16 27644.781 21522.258 21727.562 20980.344 18867.348 15764.027 16009.713 -999999.0 -999999.0 -999999.0 -999999.0 -999999.0 -999999.0 -999999.0 -999999.0 -999999.0 -999999.0 -999999.0 -999999.0 -999999.0
5236.356 5407.072 5511.65 5517.953 5292.712 5393.484 5645.872 5444.896 5413.8823 5617.703 5711.4277 6390.8916 6464.3633 6538.8647 6806.921 6331.907 6613.2095 6320.965 6359.1045 6395.0024 6391.321 6425.6826 7238.7656 7314.744 7398.304 7770.8086 7850.4683 9351.561 10256.627 12712.42 13010.577 15293.057 15486.217 19005.115 19696.625 21192.2 22617.031 23149.111 27878.54 26044.82 27900.639 25147.89 22585.21 22377.887 19732.201 17776.086 18227.477 23862.973 -999999.0 -999999.0 -999999.0 -999999.0 -999999.0 -999999.0 -999999.0 -999999.0 -999999.0 -999999.0 -999999.0 -999999.0
5408.288 5303.789 5289.4893 5278.409 5299.8623 5382.494 6091.6577 5585.2383 5756.939 5829.2915 5954.0654 6414.66 6466.7446 6543.957 6846.541 6302.3354 6576.2627 6294.4854 6339.9136 6347.998 6296.419 6388.3384 7213.5283 7311.315 7303.062 7744.5684 7821.2183 8847.242 11110.835 12460.342 12774.985 14587.223 16234.8125 20676.541 19603.64 20338.121 23241.414 23272.668 25557.492 25488.16 24640.453 22976.006 22889.719 22661.383 20913.094 18721.305 16291.973 -999999.0 -999999.0 -999999.0 -999999.0 -999999.0 -999999.0 -999999.0 -999999.0 -999999.0 -999999.0 -999999.0 -999999.0 -999999.0
5314.455 5348.567 5313.9033 5294.67 5325.5234 5425.0576 6129.498 6139.5815 5878.995 5879.7695 5963.4497 6409.379 6462.229 6521.899 6827.239 6310.224 6535.2124 6252.236 6296.3335 6313.001 6355.571 6273.832 7133.6436 7291.814 7285.6475 7737.4614 7836.6777 8860.824 10723.525 11312.176 12614.653 14852.741 16387.615 20620.271 20642.613 19962.965 22981.926 22010.848 23349.07 23980.547 25972.674 24917.576 21362.887 20814.23 20089.652 18577.12 17853.55 -999999.0 -999999.0 -999999.0 -999999.0 -999999.0 -999999.0 -999999.0 -999999.0 -999999.0 -999999.0 -999999.0 -999999.0 -999999.0
5821.2383 5762.8936 5717.28 5706.121 5712.152 5893.8657 6250.6934 6318.755 6504.782 6623.2246 6839.0635 6217.8076 6474.455 6532.5674 6855.3257 7207.722 6462.9126 6119.266 6054.5312 6130.631 6099.215 6140.1997 6637.948 7940.525 7843.5273 9463.144 8669.486 9838.016 10672.973 13604.419 13304.857 17237.203 17297.16 19159.824 21577.637 21413.217 23310.473 22341.318 23767.168 23563.613 26119.953 26694.441 21403.46 22408.465 22842.969 19925.51 20026.066 23368.37 -999999.0 -999999.0 -999999.0 -999999.0 -999999.0 -999999.0 -999999.0 -999999.0 -999999.0 -999999.0 -999999.0 -999999.0
5985.363 5753.8438 5783.5186 5823.1216 5776.207 5924.293 6957.3306 6444.331 6589.031 7401.567 6967.2324 6609.3853 6291.5312 6848.7627 6837.951 7126.911 6317.202 5613.506 5415.361 5939.366 6144.5537 7376.424 9033.697 10446.633 10593.905 11518.445 11722.743 13315.992 14496.42 17465.516 16662.043 21691.688 21545.332 20653.828 22127.445 20367.012 23192.32 24537.71 24941.812 24130.06 27795.943 29082.914 22892.203 23120.16 28652.309 22329.914 20052.889 -999999.0 -999999.0 -999999.0 -999999.0 -999999.0 -999999.0 -999999.0 -999999.0 -999999.0 -999999.0 -999999.0 -999999.0 -999999.0
6014.9272 5772.167 5796.9165 5840.6445 5815.363 5754.9497 6625.7305 7160.635 7400.5566 7373.636 6975.6475 6285.3223 6249.6133 6895.471 8140.178 6968.1934 6005.049 5638.3203 5083.6875 6024.3486 6369.7373 7704.2544 8215.109 9846.7295 10546.4375 11355.387 12699.205 15767.224 15947.338 17791.586 18198.324 23751.24 25421.023 23894.129 24476.805 23637.629 27964.07 28480.754 27680.852 26914.266 27386.957 37800.973 24197.82 22015.316 22520.768 19229.541 19881.113 -999999.0 -999999.0 -999999.0 -999999.0 -999999.0 -999999.0 -999999.0 -999999.0 -999999.0 -999999.0 -999999.0 -999999.0 -999999.0
5886.089 5715.9497 5735.674 5816.9307 5793.7563 5662.1855 6358.1963 7216.9795 7238.624 7880.873 8323.323 8464.405 8212.526 8306.961 8172.996 7405.1865 6205.702 6581.953 6615.465 6884.968 6989.8955 8084.502 9395.402 9827.837 10571.727 10335.287 12916.137 16879.307 17081.658 19003.92 20207.062 25209.508 25557.906 25215.902 25590.055 25265.453 29343.09 29723.398 28694.055 23013.635 23763.64 24971.172 24290.203 22584.865 19188.99 15169.901 -999999.0 -999999.0 -999999.0 -999999.0 -999999.0 -999999.0 -999999.0 -999999.0 -999999.0 -999999.0 -999999.0 -999999.0 -999999.0 -999999.0
6250.1255 5480.841 5917.888 6076.415 6018.9937 5947.5244 7003.797 7145.8877 7365.1567 8020.1357 8600.62 8182.914 7993.7437 8436.572 8246.957 7542.949 7195.4277 7485.6934 7502.17 8333.031 8667.34 8683.4795 10558.194 11083.863 11604.583 12661.526 14968.951 16906.027 17066.785 19032.422 22461.281 26051.164 26406.059 26414.63 28855.75 26713.293 29173.262 28113.17 29883.14 26944.344 -999999.0 23208.305 21137.3 23124.723 19481.746 -999999.0 -999999.0 -999999.0 -999999.0 -999999.0 -999999.0 -999999.0 -999999.0 -999999.0 -999999.0 -999999.0 -999999.0 -999999.0 -999999.0 -999999.0
6623.4536 6352.452 6194.79 7132.198 7160.676 6602.7324 7528.3525 7465.6484 8011.425 8747.524 8861.945 8505.124 9941.086 9329.054 8665.757 8707.343 9771.21 8789.171 8727.431 8210.807 9360.467 9157.078 9139.974 12117.659 13356.439 14079.595 15229.132 16943.057 17199.727 20179.723 22113.072 27624.973 28109.875 28142.543 27949.502 27115.715 30348.018 27707.355 27758.074 28061.084 -999999.0 20022.523 22121.18 22517.54 19562.287 -999999.0 -999999.0 -999999.0 -999999.0 -999999.0 -999999.0 -999999.0 -999999.0 -999999.0 -999999.0 -999999.0 -999999.0 -999999.0 -999999.0 -999999.0
6803.6094 6956.8286 6297.625 6291.6543 7212.1313 6656.3604 7631.709 7509.0225 7976.3086 8801.28 8622.6455 9278.91 9557.631 9461.553 8719.266 9328.949 10133.387 10434.931 11505.88 10070.295 10143.543 9782.381 10750.13 14865.369 15427.477 16363.587 15390.876 17494.95 19509.195 22164.434 22650.484 26979.463 27469.822 28423.31 29217.998 29949.322 28946.453 27887.61 27681.756 27244.336 26349.057 22279.363 21390.393 18446.74 14743.005 13814.734 -999999.0 -999999.0 -999999.0 -999999.0 -999999.0 -999999.0 -999999.0 -999999.0 -999999.0 -999999.0 -999999.0 -999999.0 -999999.0 -999999.0
6808.2744 6964.9355 6478.6895 6239.954 7087.744 6638.509 7641.2373 7738.8887 7998.52 8528.527 8559.628 9299.492 9508.279 9473.662 9314.303 9293.3125 10090.4 10398.744 11734.146 10185.049 10185.279 10064.839 11904.102 15350.145 15391.156 16434.393 15526.674 17584.361 20262.004 22021.969 23791.727 27149.406 29296.195 29934.68 29669.512 30574.387 30006.068 29297.703 25753.625 27165.314 29939.633 25329.61 17291.455 17882.559 14186.342 12364.446 -999999.0 -999999.0 -999999.0 -999999.0 -999999.0 -999999.0 -999999.0 -999999.0 -999999.0 -999999.0 -999999.0 -999999.0 -999999.0 -999999.0
7054.9673 6943.7524 6492.3335 6451.9863 6280.286 6972.962 7964.6733 9045.178 9028.186 9071.158 9399.702 10817.068 13416.223 13346.501 13369.349 12923.588 -999999.0 13858.184 14141.773 14307.609 12851.84 12606.659 13378.1875 15435.9 15086.876 17101.084 16164.3545 21387.71 20824.945 24616.428 25338.062 27471.57 28738.275 29576.715 30471.672 31915.367 33725.043 34002.434 28268.61 27015.232 26676.777 23368.537 18145.963 12818.936 16166.289 11767.9 9527.487 -999999.0 -999999.0 -999999.0 -999999.0 -999999.0 -999999.0 -999999.0 -999999.0 -999999.0 -999999.0 -999999.0 -999999.0 -999999.0
7251.3105 6628.441 7467.373 7682.3506 7293.945 6716.2256 8373.967 8269.674 9216.977 9617.503 10652.248 12657.63 14152.886 13922.519 13621.41 13463.615 14515.458 14057.682 14173.341 12337.383 13921.754 12085.581 14331.445 15718.076 15439.553 17409.945 18514.762 27371.773 24016.89 23135.02 23976.426 28296.95 28729.598 29517.594 30307.465 30197.486 30951.256 32141.9 28428.617 25824.168 23037.803 18828.83 17831.979 17884.871 11343.127 13083.406 10286.003 -999999.0 -999999.0 -999999.0 -999999.0 -999999.0 -999999.0 -999999.0 -999999.0 -999999.0 -999999.0 -999999.0 -999999.0 -999999.0
7766.7334 7941.4473 9854.226 9282.618 9262.581 8584.964 10689.198 10733.429 10933.621 10218.323 12196.954 14681.753 15615.23 16354.385 15176.766 15025.912 17790.248 15796.82 14172.084 14558.461 13642.6 11556.781 15196.438 15370.875 15354.853 17499.154 19512.52 20396.227 20588.637 20318.473 22133.525 27847.916 28262.797 29222.264 30156.195 28126.293 28309.557 28732.957 27382.428 22888.312 20739.975 17003.57 18297.543 15604.5 13887.14 11121.395 9586.416 -999999.0 -999999.0 -999999.0 -999999.0 -999999.0 -999999.0 -999999.0 -999999.0 -999999.0 -999999.0 -999999.0 -999999.0 -999999.0
8043.8853 8595.123 10105.905 9142.037 9326.042 8570.895 10350.559 10848.498 12324.076 12691.975 12261.359 16429.246 15808.9 15941.213 14968.988 14909.239 16118.271 15584.584 15817.415 14735.608 14728.005 13760.012 15763.418 15496.967 16285.965 18550.945 17758.418 19490.594 20327.365 20980.541 21067.645 26427.992 26738.66 26419.375 29139.033 28078.516 27673.744 27844.91 25692.201 24271.707 20372.422 16871.117 16507.027 11103.311 9351.13 10795.087 -999999.0 -999999.0 -999999.0 -999999.0 -999999.0 -999999.0 -999999.0 -999999.0 -999999.0 -999999.0 -999999.0 -999999.0 -999999.0 -999999.0
9015.396 10553.892 11359.599 10154.257 10170.808 9331.262 10797.885 12081.181 14288.865 17698.799 16923.664 16531.223 18574.0 18955.0 18943.193 18175.635 15498.6 15607.55 15937.649 16558.148 17414.24 13854.146 14919.428 16306.031 16974.66 15115.822 17476.49 19624.756 21304.791 21232.77 21663.457 26760.422 27436.79 26065.875 28946.451 28911.121 26760.8 25327.559 24568.037 23266.08 19936.137 16470.545 12667.643 10642.291 9650.99 10078.976 10047.199 -999999.0 -999999.0 -999999.0 -999999.0 -999999.0 -999999.0 -999999.0 -999999.0 -999999.0 -999999.0 -999999.0 -999999.0 -999999.0
9919.6 10487.908 11656.061 10102.215 10150.678 9297.547 10952.037 13578.087 14058.492 17045.07 18015.002 18364.193 18140.092 19613.818 19975.287 19018.914 18233.393 17384.453 17233.62 17704.188 16950.13 14206.284 16236.773 16764.334 17467.008 17309.562 19088.883 19850.25 19954.559 19459.484 19730.035 23458.125 23424.654 23494.863 25613.91 26638.686 25221.486 23497.42 22484.773 22517.076 19142.455 15843.831 12188.136 10813.041 10292.251 10436.598 10441.563 -999999.0 -999999.0 -999999.0 -999999.0 -999999.0 -999999.0 -999999.0 -999999.0 -999999.0 -999999.0 -999999.0 -999999.0 -999999.0
