data/TNO-HT-ATES/HT-ATES_msz2/msz2__top_depth_basecase_80-45-40.asc
ncols  140
nrows  163
xllcorner  0.0
yllcorner  300000.0
cellsize  2000.0
NODATA_value  -999999.0
[rows 81 to 107 of 163, columns 0 to 60 of 140]
-999999.0 -999999.0 -999999.0 -999999.0 -999999.0 -999999.0 -999999.0 -999999.0 -999999.0 -999999.0 -999999.0 -999999.0 -999999.0 -999999.0 -999999.0 -999999.0 -999999.0 -999999.0 -999999.0 -999999.0 -999999.0 -999999.0 -999999.0 -999999.0 -999999.0 -999999.0 -999999.0 -999999.0 -999999.0 -999999.0 -999999.0 -999999.0 -999999.0 -999999.0 -999999.0 -999999.0 -999999.0 -999999.0 -999999.0 -999999.0 -999999.0 128.855 131.88 137.0725 142.71 138.6575 137.98999 137.655 137.4525 138.035 139.5225 142.27501 145.12 146.8575 147.06999 166.285 166.5675 168.2225 172.645 177.3475 180.14499
-999999.0 -999999.0 -999999.0 -999999.0 -999999.0 -999999.0 -999999.0 -999999.0 -999999.0 -999999.0 -999999.0 -999999.0 -999999.0 -999999.0 -999999.0 -999999.0 -999999.0 -999999.0 -999999.0 -999999.0 -999999.0 -999999.0 -999999.0 -999999.0 -999999.0 -999999.0 -999999.0 -999999.0 -999999.0 -999999.0 -999999.0 -999999.0 -999999.0 -999999.0 -999999.0 -999999.0 -999999.0 -999999.0 -999999.0 -999999.0 125.25 123.845 128.4275 133.3525 137.43748 135.14 133.3375 133.82748 137.34 140.9475 144.2175 146.43 147.52998 146.4325 145.685 156.78499 159.53 157.63748 163.485 170.05 173.9975
-999999.0 -999999.0 -999999.0 -999999.0 -999999.0 -999999.0 -999999.0 -999999.0 -999999.0 -999999.0 -999999.0 -999999.0 -999999.0 -999999.0 -999999.0 -999999.0 -999999.0 -999999.0 -999999.0 -999999.0 -999999.0 -999999.0 -999999.0 -999999.0 -999999.0 -999999.0 -999999.0 -999999.0 -999999.0 -999999.0 -999999.0 -999999.0 -999999.0 -999999.0 -999999.0 -999999.0 -999999.0 -999999.0 -999999.0 126.009995 126.68749 122.6875 130.1875 130.7 129.8725 128.55249 126.9825 130.385 136.33499 143.9375 148.15 149.78249 149.61249 147.25998 145.4075 142.99751 156.7925 155.4175 159.1925 165.15999 169.51
-999999.0 -999999.0 -999999.0 -999999.0 -999999.0 -999999.0 -999999.0 -999999.0 -999999.0 -999999.0 -999999.0 -999999.0 -999999.0 -999999.0 -999999.0 -999999.0 -999999.0 -999999.0 -999999.0 -999999.0 -999999.0 -999999.0 -999999.0 -999999.0 -999999.0 -999999.0 -999999.0 -999999.0 -999999.0 -999999.0 -999999.0 -999999.0 -999999.0 -999999.0 -999999.0 -999999.0 -999999.0 -999999.0 -999999.0 126.4275 128.36499 129.225 133.52748 126.22499 123.88999 122.064995 121.6575 126.39749 135.03749 145.2225 -999999.0 154.23 151.55249 148.32251 145.14499 142.7425 142.93 155.97751 157.95499 162.345 166.64499
-999999.0 -999999.0 -999999.0 -999999.0 -999999.0 -999999.0 -999999.0 -999999.0 -999999.0 -999999.0 -999999.0 -999999.0 -999999.0 -999999.0 -999999.0 -999999.0 -999999.0 -999999.0 -999999.0 -999999.0 -999999.0 -999999.0 -999999.0 -999999.0 -999999.0 -999999.0 -999999.0 -999999.0 -999999.0 -999999.0 -999999.0 -999999.0 -999999.0 -999999.0 -999999.0 -999999.0 -999999.0 -999999.0 124.03749 127.6075 130.23749 129.23999 125.7075 121.854996 119.49249 115.8025 113.94 121.57 133.4725 -999999.0 -999999.0 -999999.0 151.655 147.5425 144.93248 142.95 142.57251 143.04 155.3375 159.61 164.45248
-999999.0 -999999.0 -999999.0 -999999.0 -999999.0 -999999.0 -999999.0 -999999.0 -999999.0 -999999.0 -999999.0 -999999.0 -999999.0 -999999.0 -999999.0 -999999.0 -999999.0 -999999.0 -999999.0 -999999.0 -999999.0 -999999.0 -999999.0 -999999.0 -999999.0 -999999.0 -999999.0 -999999.0 -999999.0 -999999.0 -999999.0 -999999.0 -999999.0 -999999.0 -999999.0 -999999.0 -999999.0 121.5525 123.502495 126.9275 130.9925 126.83499 122.53 118.74249 115.2225 111.722496 106.985 120.087494 130.17749 139.04001 148.72249 151.34499 148.52249 145.62 143.36249 142.04 141.6225 142.165 153.10748 156.04 160.405
-999999.0 -999999.0 -999999.0 -999999.0 -999999.0 -999999.0 -999999.0 -999999.0 -999999.0 -999999.0 -999999.0 -999999.0 -999999.0 -999999.0 -999999.0 -999999.0 -999999.0 -999999.0 -999999.0 -999999.0 -999999.0 -999999.0 -999999.0 -999999.0 -999999.0 -999999.0 -999999.0 -999999.0 -999999.0 -999999.0 -999999.0 -999999.0 -999999.0 -999999.0 -999999.0 -999999.0 117.487495 119.085 120.915 122.537506 122.37 119.32 118.765 116.4525 115.09 114.46 118.29999 125.9025 126.810005 128.86249 135.0875 140.77249 142.8375 142.27 141.42749 140.87999 141.02249 142.8675 145.34999 150.8425 153.5375
-999999.0 -999999.0 -999999.0 -999999.0 -999999.0 -999999.0 -999999.0 -999999.0 -999999.0 -999999.0 -999999.0 -999999.0 -999999.0 -999999.0 -999999.0 -999999.0 -999999.0 -999999.0 -999999.0 -999999.0 -999999.0 -999999.0 -999999.0 -999999.0 -999999.0 -999999.0 -999999.0 -999999.0 -999999.0 -999999.0 -999999.0 -999999.0 -999999.0 -999999.0 -999999.0 114.307495 114.31749 116.0 118.135 118.9825 117.57 115.17 115.015 114.4325 115.112495 116.3625 118.4075 121.2825 122.375 124.1525 128.565 133.25 136.83249 138.6 139.0725 139.0875 140.3875 142.92 145.775 148.75499 151.91249
-999999.0 -999999.0 -999999.0 -999999.0 -999999.0 -999999.0 -999999.0 -999999.0 -999999.0 -999999.0 -999999.0 -999999.0 -999999.0 -999999.0 -999999.0 -999999.0 -999999.0 -999999.0 -999999.0 -999999.0 -999999.0 -999999.0 -999999.0 -999999.0 -999999.0 -999999.0 -999999.0 -999999.0 -999999.0 -999999.0 -999999.0 -999999.0 -999999.0 -999999.0 111.1025 121.542496 114.1875 114.4575 116.35999 117.7625 118.19 116.119995 114.924995 112.119995 113.3875 114.8975 117.149994 117.057495 115.615 119.9825 123.84 128.0 131.635 135.4 137.32999 137.435 138.3675 142.45749 144.5425 147.2775 149.875
-999999.0 -999999.0 -999999.0 -999999.0 -999999.0 -999999.0 -999999.0 -999999.0 -999999.0 -999999.0 -999999.0 -999999.0 -999999.0 -999999.0 -999999.0 -999999.0 -999999.0 -999999.0 -999999.0 -999999.0 -999999.0 -999999.0 -999999.0 -999999.0 -999999.0 -999999.0 -999999.0 -999999.0 -999999.0 -999999.0 -999999.0 98.924995 101.697495 104.3125 107.61749 111.487495 112.465 113.072495 115.454994 117.3125 118.729996 117.205 111.82 110.479996 111.1575 113.0375 115.375 115.392494 114.149994 118.384995 121.347496 123.95 126.19 129.65498 131.70999 133.455 135.61249 139.465 142.795 144.4925 146.03
-999999.0 -999999.0 -999999.0 -999999.0 -999999.0 -999999.0 -999999.0 -999999.0 -999999.0 -999999.0 -999999.0 -999999.0 -999999.0 -999999.0 -999999.0 -999999.0 -999999.0 -999999.0 -999999.0 -999999.0 -999999.0 -999999.0 -999999.0 -999999.0 -999999.0 -999999.0 -999999.0 -999999.0 -999999.0 -999999.0 93.29749 95.722496 98.10249 100.66999 103.502495 106.2175 109.69499 111.579994 113.2725 114.78999 116.76499 116.1975 112.255005 109.37 109.454994 111.36 112.850006 114.399994 116.587494 119.087494 120.46749 119.93749 120.6825 123.8025 125.229996 127.8425 130.715 135.0025 139.1825 141.5 143.20499
-999999.0 -999999.0 -999999.0 -999999.0 -999999.0 -999999.0 -999999.0 -999999.0 -999999.0 -999999.0 -999999.0 -999999.0 -999999.0 -999999.0 -999999.0 -999999.0 -999999.0 -999999.0 -999999.0 -999999.0 -999999.0 -999999.0 -999999.0 -999999.0 -999999.0 -999999.0 -999999.0 -999999.0 -999999.0 -999999.0 89.835 91.535 93.7425 96.0625 98.71 101.704994 105.252495 108.515 111.99249 113.1325 114.869995 113.807495 111.5325 109.825 110.322495 109.2075 109.575 112.03249 115.130005 120.03249 119.295 116.5125 116.33 119.06249 120.56249 122.119995 124.5875 130.5625 136.6225 139.67499 141.92249
-999999.0 -999999.0 -999999.0 -999999.0 -999999.0 -999999.0 -999999.0 -999999.0 -999999.0 -999999.0 -999999.0 -999999.0 -999999.0 -999999.0 -999999.0 -999999.0 -999999.0 -999999.0 -999999.0 -999999.0 -999999.0 -999999.0 -999999.0 -999999.0 -999999.0 -999999.0 -999999.0 -999999.0 -999999.0 -999999.0 85.5275 87.18 88.4975 90.079994 91.955 95.619995 100.579994 105.76999 110.125 111.229996 111.0925 111.314995 110.235 110.15 110.4525 107.10249 103.455 108.315 109.72999 112.795 113.4675 113.28 114.270004 115.63249 116.67 117.5925 118.655 126.61749 133.62 137.665 141.72751
-999999.0 -999999.0 -999999.0 -999999.0 -999999.0 -999999.0 -999999.0 -999999.0 -999999.0 -999999.0 -999999.0 -999999.0 -999999.0 -999999.0 -999999.0 -999999.0 -999999.0 -999999.0 -999999.0 -999999.0 -999999.0 -999999.0 -999999.0 -999999.0 -999999.0 -999999.0 -999999.0 -999999.0 -999999.0 -999999.0 -999999.0 82.067505 82.4675 83.259995 84.1875 88.21001 94.8725 100.5925 105.3425 106.115 106.35249 108.26 108.515 108.3125 108.0975 103.527504 102.3375 106.3775 106.0625 106.42 107.97749 110.615 112.564995 113.182495 113.8875 114.27 115.597496 121.15749 128.51749 134.8025 140.8225
-999999.0 -999999.0 -999999.0 -999999.0 -999999.0 -999999.0 -999999.0 -999999.0 -999999.0 -999999.0 -999999.0 -999999.0 -999999.0 -999999.0 -999999.0 -999999.0 -999999.0 -999999.0 -999999.0 -999999.0 -999999.0 -999999.0 -999999.0 -999999.0 -999999.0 -999999.0 -999999.0 -999999.0 -999999.0 -999999.0 -999999.0 78.92 78.535 78.579994 80.0675 84.4525 89.0625 93.8625 96.8 99.204994 100.392494 104.27 108.792496 105.337494 102.3525 99.70249 103.67 104.705 105.0925 103.925 105.935 104.1475 109.8975 112.954994 112.909996 112.515 112.472496 117.2475 124.235 131.6825 138.88249
-999999.0 -999999.0 -999999.0 -999999.0 -999999.0 -999999.0 -999999.0 -999999.0 -999999.0 -999999.0 -999999.0 -999999.0 -999999.0 -999999.0 -999999.0 -999999.0 -999999.0 -999999.0 -999999.0 -999999.0 -999999.0 -999999.0 -999999.0 -999999.0 -999999.0 -999999.0 -999999.0 -999999.0 -999999.0 -999999.0 -999999.0 74.3 75.0775 74.027504 75.485 78.31999 82.64 86.72749 89.917496 91.415 92.17 95.95 100.645004 98.274994 97.212494 100.42249 104.5125 106.695 107.13999 105.369995 111.815 106.5725 104.29 105.5175 113.34249 112.4675 111.0975 113.96 121.66499 129.39499 136.6225
-999999.0 -999999.0 -999999.0 -999999.0 -999999.0 -999999.0 -999999.0 -999999.0 -999999.0 -999999.0 -999999.0 -999999.0 -999999.0 -999999.0 -999999.0 -999999.0 -999999.0 -999999.0 -999999.0 -999999.0 -999999.0 -999999.0 -999999.0 -999999.0 -999999.0 -999999.0 -999999.0 -999999.0 -999999.0 -999999.0 -999999.0 -999999.0 71.8975 68.62 70.06 74.09 77.759995 81.4125 85.19499 86.39749 85.3725 85.35249 87.615005 90.36499 94.509995 99.625 104.5825 110.2475 113.155 108.7425 114.28 108.369995 104.12499 102.81749 100.487495 114.90749 112.2725 113.915 121.1025 128.5 135.4925
-999999.0 -999999.0 -999999.0 -999999.0 -999999.0 -999999.0 -999999.0 -999999.0 -999999.0 -999999.0 -999999.0 -999999.0 -999999.0 -999999.0 -999999.0 -999999.0 -999999.0 -999999.0 -999999.0 -999999.0 -999999.0 -999999.0 -999999.0 -999999.0 -999999.0 -999999.0 -999999.0 -999999.0 66.09 67.33 69.7625 -999999.0 71.5925 68.5925 69.277504 71.7875 74.5 78.125 82.72 84.38 82.615 78.494995 77.825 83.7175 90.0475 95.45 99.39499 100.9625 97.325 96.7325 103.085 106.09 103.627495 101.549995 100.002495 100.604996 119.8 119.99249 124.7625 129.72 134.6875
-999999.0 -999999.0 -999999.0 -999999.0 -999999.0 -999999.0 -999999.0 -999999.0 -999999.0 -999999.0 -999999.0 -999999.0 -999999.0 -999999.0 -999999.0 -999999.0 -999999.0 -999999.0 -999999.0 -999999.0 -999999.0 -999999.0 -999999.0 -999999.0 -999999.0 63.87 64.42 62.965 62.6875 64.1125 66.572495 69.502495 70.262505 68.97 68.947495 70.545 73.1225 77.274994 81.915 84.935 81.579994 77.5375 76.66499 81.1975 85.74 89.16499 92.6075 93.939995 93.4575 97.1575 99.917496 101.3875 95.77251 101.25 97.979996 99.93751 105.765 122.4225 127.02249 131.985 135.5475
-999999.0 -999999.0 -999999.0 -999999.0 -999999.0 -999999.0 -999999.0 -999999.0 -999999.0 -999999.0 -999999.0 -999999.0 -999999.0 -999999.0 -999999.0 -999999.0 -999999.0 -999999.0 -999999.0 -999999.0 -999999.0 -999999.0 -999999.0 -999999.0 -999999.0 62.3875 64.0475 62.35 58.6175 61.72 65.125 67.9375 68.9075 68.935 69.465 70.252495 72.87 76.347496 80.11 81.58499 80.03 77.4025 77.11 78.95 81.009995 83.247505 86.7075 89.71999 91.8875 95.3625 98.94 97.18 94.634995 93.975 87.09 94.205 103.270004 121.792496 125.425 130.70749 134.49251
-999999.0 -999999.0 -999999.0 -999999.0 -999999.0 -999999.0 -999999.0 -999999.0 -999999.0 -999999.0 -999999.0 -999999.0 -999999.0 -999999.0 -999999.0 -999999.0 -999999.0 -999999.0 -999999.0 -999999.0 -999999.0 -999999.0 -999999.0 -999999.0 -999999.0 59.822495 60.8075 60.3625 58.05 60.3075 64.48499 67.7 68.185 68.725 69.14 70.295 72.0625 74.55499 77.1725 77.770004 77.56 76.347496 76.13249 76.42 77.09 79.362495 83.1675 84.81 85.39751 91.515 96.8175 94.47499 88.8525 88.954994 89.72 84.317505 98.9525 107.5325 116.41249 123.767494 129.455
-999999.0 -999999.0 -999999.0 -999999.0 -999999.0 -999999.0 -999999.0 -999999.0 -999999.0 -999999.0 -999999.0 -999999.0 -999999.0 -999999.0 -999999.0 -999999.0 -999999.0 -999999.0 -999999.0 -999999.0 -999999.0 -999999.0 -999999.0 -999999.0 -999999.0 57.36 57.835 55.632496 56.38 58.634995 63.57 66.9125 67.28 69.314995 70.80499 70.17 71.02 72.46999 73.875 74.612495 74.58 73.575 73.235 73.435005 73.6175 76.25749 78.350006 80.3775 83.5925 89.44 98.127495 93.435 85.3175 84.4675 83.975 83.0 100.024994 106.597496 113.5075 118.265 126.505
-999999.0 -999999.0 -999999.0 -999999.0 -999999.0 -999999.0 -999999.0 -999999.0 -999999.0 -999999.0 -999999.0 -999999.0 -999999.0 -999999.0 -999999.0 -999999.0 -999999.0 -999999.0 -999999.0 -999999.0 -999999.0 -999999.0 -999999.0 45.14 51.959995 58.307495 55.0825 53.352497 54.4375 56.692497 61.6475 64.1425 65.02 70.92 79.115 72.52 71.057495 71.2375 71.8275 71.5425 71.4525 70.085 70.155 71.11749 71.5275 73.0825 73.9275 77.175 79.869995 83.70999 85.72 83.15 85.2425 81.10999 75.725 82.472496 86.115 107.045 115.6425 118.365 124.149994
-999999.0 -999999.0 -999999.0 -999999.0 -999999.0 -999999.0 -999999.0 -999999.0 -999999.0 -999999.0 -999999.0 -999999.0 -999999.0 -999999.0 -999999.0 -999999.0 -999999.0 -999999.0 -999999.0 46.744995 49.862495 54.7375 38.61 41.7725 47.184998 50.782497 49.6725 48.57 50.235 55.4975 60.269997 61.7725 64.4 69.4225 74.3075 72.145004 69.8875 69.495 69.67 69.7775 68.5625 66.72 67.235 69.325 70.125 68.525 68.527504 71.4125 75.6175 78.4725 82.3925 81.2 79.7075 76.802505 77.03749 82.399994 86.6925 104.475 110.8125 114.315 119.509995
-999999.0 -999999.0 -999999.0 -999999.0 -999999.0 -999999.0 -999999.0 -999999.0 -999999.0 -999999.0 -999999.0 -999999.0 -999999.0 -999999.0 -999999.0 -999999.0 -999999.0 -999999.0 47.565 47.7375 53.07 49.1875 48.984997 44.905 43.06 50.817497 45.894997 40.815 51.347496 56.565002 59.69 61.265 62.424995 64.185005 65.94 66.845 66.41 66.909996 67.685 68.385 65.9575 62.04 63.8625 67.815 69.185 63.4975 61.947502 66.134995 69.854996 72.5275 73.8975 72.64 73.017494 72.524994 75.155 83.5725 87.752495 95.487495 104.732506 106.27999 110.69499
-999999.0 -999999.0 -999999.0 -999999.0 -999999.0 -999999.0 -999999.0 -999999.0 -999999.0 -999999.0 -999999.0 -999999.0 -999999.0 -999999.0 -999999.0 -999999.0 -999999.0 -999999.0 50.539997 51.8375 46.3 46.0125 53.6325 45.964996 41.37 40.0725 46.54 48.297497 50.7525 56.525 59.452496 60.375 59.3475 57.12 57.6725 59.882496 61.307503 63.0275 62.934998 63.739998 61.427498 51.122498 57.18 66.1125 66.155 65.32 62.5225 63.485 64.83499 65.215 66.45999 69.017494 70.432495 70.075 71.265 76.987495 80.6275 80.625 96.197495 92.60249 97.067505
-999999.0 -999999.0 -999999.0 -999999.0 -999999.0 -999999.0 -999999.0 -999999.0 -999999.0 -999999.0 -999999.0 -999999.0 -999999.0 -999999.0 -999999.0 -999999.0 -999999.0 -999999.0 -999999.0 46.940002 37.5425 39.4625 50.1675 44.517498 45.142498 39.6425 39.932503 45.8525 46.214996 55.502502 58.765 59.965 57.984997 50.51 49.05 54.6425 59.625 61.07 60.387497 57.979996 57.252495 50.065 53.4225 62.065 62.077496 60.8475 62.849995 63.17 61.675 58.965 61.655 67.09999 71.9675 72.479996 67.8275 66.72749 69.1175 72.2325 89.2825 86.6275 84.9275
