data/TNO-HT-ATES/HT-ATES_msz2/msz2__flowr_sodm_P50_basecase_80-45-40.asc
ncols  140
nrows  163
xllcorner  0.0
yllcorner  300000.0
cellsize  2000.0
NODATA_value  -999999.0
[rows 0 to 27 of 163, columns 62 to 123 of 140]
-999999.0 -999999.0 -999999.0 -999999.0 -999999.0 -999999.0 -999999.0 -999999.0 -999999.0 -999999.0 -999999.0 -999999.0 -999999.0 -999999.0 -999999.0 -999999.0 -999999.0 -999999.0 -999999.0 -999999.0 -999999.0 -999999.0 -999999.0 -999999.0 -999999.0 -999999.0 -999999.0 -999999.0 -999999.0 -999999.0 -999999.0 -999999.0 -999999.0 -999999.0 -999999.0 -999999.0 -999999.0 -999999.0 -999999.0 -999999.0 -999999.0 -999999.0 -999999.0 -999999.0 -999999.0 -999999.0 -999999.0 -999999.0 -999999.0 -999999.0 -999999.0 -999999.0 -999999.0 -999999.0 -999999.0 -999999.0 -999999.0 -999999.0 -999999.0 -999999.0 -999999.0 -999999.0
-999999.0 -999999.0 -999999.0 -999999.0 -999999.0 -999999.0 -999999.0 -999999.0 -999999.0 -999999.0 -999999.0 -999999.0 -999999.0 -999999.0 -999999.0 -999999.0 -999999.0 -999999.0 -999999.0 -999999.0 -999999.0 -999999.0 -999999.0 -999999.0 -999999.0 -999999.0 -999999.0 -999999.0 -999999.0 -999999.0 -999999.0 -999999.0 -999999.0 -999999.0 -999999.0 -999999.0 -999999.0 -999999.0 -999999.0 -999999.0 -999999.0 -999999.0 -999999.0 -999999.0 -999999.0 -999999.0 -999999.0 -999999.0 -999999.0 -999999.0 -999999.0 -999999.0 -999999.0 -999999.0 -999999.0 -999999.0 -999999.0 -999999.0 -999999.0 -999999.0 -999999.0 -999999.0
-999999.0 -999999.0 -999999.0 -999999.0 -999999.0 -999999.0 -999999.0 -999999.0 -999999.0 -999999.0 -999999.0 -999999.0 -999999.0 -999999.0 -999999.0 -999999.0 -999999.0 -999999.0 -999999.0 -999999.0 -999999.0 -999999.0 -999999.0 -999999.0 -999999.0 -999999.0 -999999.0 -999999.0 -999999.0 -999999.0 -999999.0 -999999.0 -999999.0 -999999.0 -999999.0 -999999.0 -999999.0 -999999.0 -999999.0 -999999.0 -999999.0 -999999.0 -999999.0 -999999.0 -999999.0 -999999.0 -999999.0 -999999.0 -999999.0 -999999.0 -999999.0 -999999.0 -999999.0 -999999.0 -999999.0 -999999.0 -999999.0 -999999.0 -999999.0 -999999.0 -999999.0 -999999.0
-999999.0 -999999.0 -999999.0 -999999.0 -999999.0 -999999.0 -999999.0 -999999.0 -999999.0 -999999.0 -999999.0 -999999.0 -999999.0 -999999.0 -999999.0 -999999.0 -999999.0 -999999.0 -999999.0 -999999.0 -999999.0 -999999.0 -999999.0 -999999.0 -999999.0 -999999.0 -999999.0 -999999.0 -999999.0 -999999.0 -999999.0 -999999.0 -999999.0 -999999.0 -999999.0 -999999.0 -999999.0 -999999.0 -999999.0 -999999.0 -999999.0 -999999.0 -999999.0 -999999.0 -999999.0 -999999.0 -999999.0 -999999.0 -999999.0 -999999.0 -999999.0 -999999.0 -999999.0 -999999.0 -999999.0 -999999.0 -999999.0 -999999.0 -999999.0 -999999.0 -999999.0 -999999.0
-999999.0 -999999.0 -999999.0 -999999.0 -999999.0 -999999.0 -999999.0 -999999.0 -999999.0 -999999.0 -999999.0 -999999.0 -999999.0 -999999.0 -999999.0 -999999.0 -999999.0 -999999.0 -999999.0 -999999.0 -999999.0 -999999.0 -999999.0 -999999.0 -999999.0 -999999.0 -999999.0 -999999.0 -999999.0 -999999.0 -999999.0 -999999.0 -999999.0 -999999.0 -999999.0 -999999.0 -999999.0 -999999.0 -999999.0 -999999.0 -999999.0 -999999.0 -999999.0 -999999.0 -999999.0 -999999.0 -999999.0 -999999.0 6.721381 2.1813443 -999999.0 -999999.0 -999999.0 -999999.0 -999999.0 -999999.0 -999999.0 -999999.0 -999999.0 -999999.0 -999999.0 -999999.0
-999999.0 -999999.0 -999999.0 -999999.0 -999999.0 -999999.0 -999999.0 -999999.0 -999999.0 -999999.0 -999999.0 -999999.0 -999999.0 -999999.0 -999999.0 -999999.0 -999999.0 -999999.0 -999999.0 -999999.0 -999999.0 -999999.0 -999999.0 -999999.0 -999999.0 -999999.0 -999999.0 -999999.0 -999999.0 -999999.0 -999999.0 -999999.0 -999999.0 -999999.0 -999999.0 -999999.0 -999999.0 -999999.0 -999999.0 -999999.0 -999999.0 -999999.0 -999999.0 -999999.0 -999999.0 -999999.0 -999999.0 12.339688 8.714177 4.400148 -999999.0 -999999.0 -999999.0 -999999.0 -999999.0 -999999.0 -999999.0 -999999.0 -999999.0 -999999.0 -999999.0 -999999.0
-999999.0 -999999.0 -999999.0 -999999.0 -999999.0 -999999.0 -999999.0 -999999.0 -999999.0 -999999.0 -999999.0 -999999.0 -999999.0 -999999.0 -999999.0 -999999.0 -999999.0 -999999.0 -999999.0 -999999.0 -999999.0 -999999.0 -999999.0 -999999.0 -999999.0 -999999.0 -999999.0 -999999.0 -999999.0 -999999.0 -999999.0 -999999.0 -999999.0 -999999.0 -999999.0 -999999.0 -999999.0 -999999.0 -999999.0 -999999.0 27.673086 21.190742 18.364403 19.335218 20.130102 20.245539 18.477253 13.821738 11.325319 9.578779 3.4962864 -999999.0 -999999.0 -999999.0 -999999.0 -999999.0 -999999.0 -999999.0 -999999.0 -999999.0 -999999.0 -999999.0
-999999.0 -999999.0 -999999.0 -999999.0 -999999.0 -999999.0 -999999.0 -999999.0 -999999.0 -999999.0 -999999.0 -999999.0 -999999.0 -999999.0 -999999.0 -999999.0 -999999.0 -999999.0 -999999.0 -999999.0 -999999.0 -999999.0 -999999.0 -999999.0 -999999.0 -999999.0 -999999.0 -999999.0 -999999.0 -999999.0 -999999.0 -999999.0 -999999.0 -999999.0 -999999.0 -999999.0 -999999.0 7.44891 24.675957 29.156946 25.506739 20.50452 16.753168 17.075777 21.021646 24.918114 25.134745 18.19294 16.32031 15.984603 11.821308 1.9414027 -999999.0 -999999.0 -999999.0 -999999.0 -999999.0 -999999.0 -999999.0 -999999.0 -999999.0 -999999.0
-999999.0 -999999.0 -999999.0 -999999.0 -999999.0 -999999.0 -999999.0 -999999.0 -999999.0 -999999.0 -999999.0 -999999.0 -999999.0 -999999.0 -999999.0 -999999.0 -999999.0 -999999.0 -999999.0 -999999.0 -999999.0 -999999.0 -999999.0 -999999.0 459.39774 438.55258 -999999.0 -999999.0 -999999.0 -999999.0 -999999.0 4.94156 3.3495643 65.15741 -999999.0 -999999.0 -999999.0 -999999.0 11.153758 25.806313 24.841114 22.066273 16.214777 11.62144 18.721827 27.372671 30.557941 26.54327 23.731575 21.095768 22.313433 6.787068 -999999.0 -999999.0 -999999.0 -999999.0 -999999.0 -999999.0 -999999.0 -999999.0 -999999.0 -999999.0
-999999.0 -999999.0 -999999.0 -999999.0 -999999.0 -999999.0 -999999.0 -999999.0 -999999.0 -999999.0 -999999.0 -999999.0 -999999.0 -999999.0 -999999.0 -999999.0 -999999.0 -999999.0 -999999.0 -999999.0 -999999.0 531.0395 505.33508 468.25388 415.4571 435.47086 408.72305 322.54416 242.60403 161.57318 77.79813 46.18084 11.016546 7.938596 -999999.0 16.420095 -999999.0 -999999.0 -999999.0 22.481697 29.009432 28.8942 23.110966 18.474363 21.576515 27.088394 29.311872 29.426119 28.76154 25.883553 24.54501 9.273155 -999999.0 -999999.0 -999999.0 -999999.0 -999999.0 -999999.0 -999999.0 -999999.0 -999999.0 -999999.0
-999999.0 -999999.0 -999999.0 -999999.0 -999999.0 -999999.0 -999999.0 -999999.0 -999999.0 -999999.0 -999999.0 -999999.0 -999999.0 -999999.0 -999999.0 -999999.0 -999999.0 475.06436 463.05984 514.25934 523.33136 518.8685 506.00336 466.4184 441.47543 419.08838 383.75204 372.74106 322.78613 243.57059 191.36696 130.92162 84.40438 67.50984 -999999.0 37.34357 27.800701 -999999.0 -999999.0 20.15821 36.201416 42.552044 31.567945 25.911312 26.375362 28.249832 30.120281 31.569672 29.978336 19.033041 15.504386 3.460519 -999999.0 -999999.0 -999999.0 -999999.0 -999999.0 -999999.0 -999999.0 -999999.0 -999999.0 -999999.0
-999999.0 -999999.0 -999999.0 -999999.0 -999999.0 -999999.0 -999999.0 -999999.0 -999999.0 -999999.0 -999999.0 -999999.0 -999999.0 437.50275 455.40314 480.02148 478.69293 484.51968 469.09344 503.10135 519.19836 516.0613 491.68344 464.6114 443.9478 426.80362 407.30795 374.87225 328.56314 287.7306 251.35342 202.90182 157.20972 130.32796 7.109039 26.313288 28.097294 5.270048 3.32552 16.72593 35.951557 29.713238 20.99587 16.273975 17.934965 22.714655 33.66759 33.49898 30.701456 -999999.0 -999999.0 16.375849 -999999.0 -999999.0 -999999.0 -999999.0 -999999.0 -999999.0 -999999.0 -999999.0 -999999.0 -999999.0
-999999.0 -999999.0 -999999.0 -999999.0 -999999.0 -999999.0 -999999.0 -999999.0 -999999.0 393.68625 389.88452 410.13416 431.40817 446.4306 450.03607 468.87317 494.14105 487.9757 476.6316 480.20892 489.55624 482.4693 482.7431 475.84436 449.25443 422.09332 391.9532 368.9136 326.92117 282.43774 -999999.0 200.72023 163.43991 137.91107 118.96388 30.00793 14.988307 14.587092 17.920238 13.493614 9.590346 12.534418 4.343573 4.3965187 17.34263 23.94366 33.82396 36.722687 29.271524 8.739856 -999999.0 -999999.0 -999999.0 -999999.0 -999999.0 -999999.0 -999999.0 -999999.0 -999999.0 -999999.0 -999999.0 -999999.0
-999999.0 -999999.0 -999999.0 -999999.0 -999999.0 -999999.0 -999999.0 -999999.0 427.39188 370.0419 366.39197 391.30197 401.559 417.8043 445.9644 478.00943 502.07413 488.12744 473.68875 483.0242 471.2647 467.89758 456.16046 461.48398 440.992 421.58212 394.8562 367.08685 320.2781 278.6961 209.67497 172.49272 161.47675 137.9726 123.20169 -999999.0 -999999.0 7.4016547 28.776047 27.805202 26.018599 23.025043 13.245303 17.065231 26.720465 27.977026 30.90308 30.564947 12.103194 -999999.0 -999999.0 -999999.0 -999999.0 -999999.0 -999999.0 -999999.0 -999999.0 -999999.0 -999999.0 -999999.0 -999999.0 -999999.0
-999999.0 -999999.0 -999999.0 -999999.0 -999999.0 -999999.0 -999999.0 404.23892 409.04752 382.04697 372.9208 398.37415 404.59055 392.58908 400.25226 465.70157 455.587 448.09738 449.90387 455.78012 453.66492 452.10886 442.5662 439.75314 431.59152 412.68622 395.7139 367.4001 320.56882 276.87848 232.20558 119.87177 155.19214 127.50362 113.085686 -999999.0 -999999.0 17.59831 39.151375 52.179153 52.668873 46.841366 43.326492 43.947437 45.696903 36.756744 33.465366 29.405622 19.87799 2.4170237 3.1828182 12.616245 -999999.0 -999999.0 -999999.0 -999999.0 -999999.0 -999999.0 -999999.0 -999999.0 -999999.0 -999999.0
-999999.0 -999999.0 -999999.0 -999999.0 -999999.0 -999999.0 -999999.0 395.29337 396.83838 396.3654 381.5162 389.15222 393.65863 384.9568 357.42465 411.8928 431.39862 428.28018 417.5194 445.59595 434.96616 425.02463 444.63077 432.14255 416.85336 405.7827 388.56076 359.12628 314.65018 265.85178 222.08148 185.68001 147.2942 111.607605 120.98002 75.565636 46.20043 45.695736 47.837273 55.69147 65.563934 59.674942 56.924366 56.74164 55.81014 44.36438 41.948307 42.82302 40.77019 31.674376 25.212914 17.414951 24.96317 9.237967 -999999.0 -999999.0 -999999.0 -999999.0 -999999.0 -999999.0 -999999.0 -999999.0
-999999.0 -999999.0 -999999.0 -999999.0 -999999.0 -999999.0 -999999.0 385.3414 393.99094 386.76242 379.6822 372.03885 370.34412 349.08838 336.3031 373.3539 406.9351 404.14914 427.5936 439.13068 422.32928 410.3325 406.51004 404.64172 384.31113 400.62912 378.94855 359.1926 310.4868 262.8861 222.23354 183.99425 136.84396 98.86705 179.01205 144.57497 103.17647 58.83789 38.17064 63.096363 61.15654 61.88048 64.31293 54.952663 43.46459 47.450565 49.033127 54.322926 57.316048 53.310986 38.63919 30.654634 -999999.0 -999999.0 -999999.0 -999999.0 -999999.0 -999999.0 -999999.0 -999999.0 -999999.0 -999999.0
-999999.0 -999999.0 -999999.0 -999999.0 290.6028 298.32864 315.67816 367.68042 387.11978 377.94577 380.29062 382.98505 365.91208 332.67422 310.28687 333.54645 380.13742 404.5816 412.87036 416.67657 397.6886 394.95016 390.42892 400.98502 397.4382 376.01218 369.33774 332.56317 301.17477 264.46237 232.32407 180.81433 117.62097 91.92877 202.09395 166.01228 104.446205 79.79314 63.824924 56.00188 49.99098 64.05555 69.20197 27.062138 28.713375 46.455677 54.421284 62.080246 65.45231 61.832756 55.268364 -999999.0 -999999.0 -999999.0 -999999.0 -999999.0 -999999.0 -999999.0 -999999.0 -999999.0 -999999.0 -999999.0
-999999.0 -999999.0 271.23074 259.48965 260.21732 264.13718 279.06 346.83456 378.27228 369.26883 375.81976 384.63132 356.9377 333.77466 340.9471 316.97052 351.10223 391.68542 404.71442 397.24124 388.6913 377.3788 372.4696 383.82907 378.27393 356.2405 347.73764 320.8722 294.52573 276.0349 236.86319 191.71178 144.71033 105.619194 69.96774 68.404076 23.657413 52.489323 82.02137 65.12356 81.66095 44.33056 15.181867 6.946373 7.7872596 44.609074 56.97415 68.23831 70.27388 68.80083 47.08409 -999999.0 -999999.0 -999999.0 -999999.0 -999999.0 -999999.0 -999999.0 -999999.0 -999999.0 -999999.0 -999999.0
-999999.0 250.50644 252.05367 253.86871 237.35886 237.84256 255.34769 325.96487 370.28772 356.0948 372.1409 374.02106 341.86182 337.12552 347.73596 343.7422 352.0799 371.38065 379.64117 365.08328 373.0909 365.59418 353.663 367.90002 363.7442 341.60846 332.2404 309.3426 289.74008 277.126 250.96014 204.75433 161.7668 135.06302 94.1454 40.094975 -999999.0 -999999.0 33.823975 27.653767 19.658587 -999999.0 -999999.0 13.390302 -999999.0 41.70788 51.31135 62.176743 61.482143 50.92357 19.722525 -999999.0 -999999.0 -999999.0 -999999.0 -999999.0 -999999.0 -999999.0 -999999.0 -999999.0 -999999.0 -999999.0
266.96667 244.06763 240.46918 247.50723 241.73114 248.85509 247.83212 312.36365 317.25708 347.87857 359.45993 354.07962 333.03152 341.78253 354.2539 357.09412 351.85483 376.38812 365.12598 318.75357 361.27997 355.9182 350.35312 336.97452 338.62067 323.79 318.56915 307.21478 287.5142 259.36844 237.69412 200.22754 163.63872 142.17912 91.47798 15.701444 -999999.0 -999999.0 15.1938505 3.380917 -999999.0 -999999.0 -999999.0 -999999.0 7.354902 28.496431 33.988403 36.25705 40.093376 29.106386 7.054116 -999999.0 -999999.0 -999999.0 -999999.0 -999999.0 -999999.0 -999999.0 -999999.0 -999999.0 -999999.0 -999999.0
273.04413 255.67464 253.01299 254.13168 250.81479 241.43709 251.45665 270.8107 304.86142 357.68503 348.23395 353.0146 340.28964 333.47043 347.33276 347.55444 363.59598 363.6104 360.46317 350.17645 339.99167 323.19894 334.8355 317.25125 322.504 323.93365 307.06097 298.03403 277.55563 256.26297 234.82628 203.0276 163.86575 143.456 94.53756 33.106876 -999999.0 -999999.0 3.3843136 6.522552 -999999.0 -999999.0 -999999.0 -999999.0 31.815678 30.292572 19.520813 11.559093 18.70987 18.56316 1.2670583 -999999.0 -999999.0 -999999.0 -999999.0 -999999.0 -999999.0 -999999.0 -999999.0 -999999.0 -999999.0 -999999.0
268.40723 260.02863 255.34927 254.98715 252.69627 249.44211 242.52725 246.75536 290.1109 341.28058 346.6203 351.46143 342.53146 341.1198 351.20874 347.99295 331.01163 347.20624 357.28082 344.89267 328.0404 308.49545 296.40744 300.30585 316.91223 307.0373 302.81216 275.9489 276.05777 261.50613 243.17445 208.50859 176.45546 149.87704 82.00791 51.74834 46.338264 -999999.0 17.925299 21.295568 11.923397 -999999.0 -999999.0 -999999.0 36.81997 27.587141 22.240812 4.2774158 7.4909678 13.5595665 -999999.0 -999999.0 -999999.0 -999999.0 -999999.0 -999999.0 -999999.0 -999999.0 -999999.0 -999999.0 -999999.0 -999999.0
259.8047 249.02109 259.2235 255.87846 255.04288 248.99655 235.14838 238.32167 260.08435 306.22302 349.7481 345.1582 338.475 318.357 324.86127 315.4257 317.08978 336.87735 350.2336 323.30908 308.37262 300.40717 308.23633 307.78265 308.08664 312.8332 325.49274 303.2426 315.89978 293.42853 256.6376 213.82187 199.87157 155.51189 64.65986 75.79431 62.185276 58.61723 54.008633 55.19748 38.683537 20.625067 16.827091 14.987266 17.22114 15.238163 20.091795 8.087684 4.9183726 5.8796782 -999999.0 -999999.0 -999999.0 -999999.0 -999999.0 -999999.0 -999999.0 -999999.0 -999999.0 -999999.0 -999999.0 -999999.0
258.47095 254.85493 252.59517 250.81967 256.5162 245.45146 237.60422 232.26045 239.23328 264.29095 318.5947 329.49115 323.99695 284.74216 304.29007 293.81747 313.82828 321.75607 325.4849 311.7946 301.08154 294.8589 315.5908 313.56024 299.72897 301.66504 328.15375 344.72614 322.11172 294.9072 276.46802 227.3235 206.79367 129.92366 14.281048 67.15632 105.63882 109.43171 104.29993 93.57686 70.638504 40.34589 30.828686 32.27644 42.77179 26.176321 17.755192 3.4773016 0.0 -999999.0 -999999.0 -999999.0 -999999.0 -999999.0 -999999.0 -999999.0 -999999.0 -999999.0 -999999.0 -999999.0 -999999.0 -999999.0
248.91078 251.73708 250.55064 244.92377 243.21033 242.42838 241.14635 232.39629 249.61449 252.3697 254.16219 291.49945 323.60803 285.27142 287.87064 295.2036 308.034 302.26007 304.57333 303.6017 297.89542 309.0635 316.87308 327.51562 325.035 311.95657 329.81244 343.8811 346.86624 315.87 275.41745 243.19159 229.58456 165.4734 105.58079 143.47046 152.26602 127.992325 121.4527 116.49386 93.36886 62.99174 39.595264 30.371305 45.707867 60.469967 35.224953 -999999.0 -999999.0 -999999.0 -999999.0 -999999.0 -999999.0 -999999.0 -999999.0 -999999.0 -999999.0 -999999.0 -999999.0 -999999.0 -999999.0 -999999.0
245.95108 249.85794 253.48605 252.71317 244.5169 204.07918 230.93748 239.89145 247.71295 241.05983 237.83589 233.66402 257.1369 253.9632 241.4302 258.17215 277.7542 282.03024 279.37122 280.20215 292.16357 297.12964 316.38516 326.29077 322.9943 318.51273 342.2869 342.39435 331.6482 294.50638 272.7112 245.17569 237.96402 197.92651 179.57901 165.26337 166.0755 130.46721 114.302826 116.76384 103.60767 75.53458 51.140717 34.35681 34.32782 32.365906 34.68178 -999999.0 -999999.0 -999999.0 -999999.0 -999999.0 -999999.0 -999999.0 -999999.0 -999999.0 -999999.0 -999999.0 -999999.0 -999999.0 -999999.0 -999999.0
239.47464 248.61125 251.55067 265.34998 254.63763 238.97672 239.47443 239.39874 240.65338 231.97609 233.12843 217.01463 213.66905 215.26213 240.67026 232.1681 241.56917 234.75722 235.24077 255.94527 294.325 311.6246 341.18478 338.41724 362.99307 354.5319 331.0817 379.14978 321.67084 281.1323 281.7011 252.64517 229.8121 212.36655 185.50002 173.33691 167.12265 121.43585 128.32597 126.57281 118.89286 90.04278 60.186813 43.54247 31.354855 16.824 9.016593 -999999.0 -999999.0 2.0106473 -999999.0 -999999.0 -999999.0 -999999.0 -999999.0 -999999.0 -999999.0 -999999.0 -999999.0 -999999.0 -999999.0 -999999.0
