data/TNO-HT-ATES/HT-ATES_msz2/msz2__porosity_basecase_80-45-40.asc
ncols  140
nrows  163
xllcorner  0.0
yllcorner  300000.0
cellsize  2000.0
NODATA_value  -999999.0
[rows 27 to 53 of 163, columns 61 to 121 of 140]
0.3761 0.376 0.3758 0.3756 0.3755 0.3753 0.37515008 0.375 0.375 0.3749 0.37475008 0.3747 0.37465006 0.37487504 0.375175 0.37542504 0.3755 0.37565008 0.3757 0.3757 0.3757 0.37590003 0.37585002 0.37590003 0.376 0.3762 0.37647504 0.37669998 0.3769 0.3773 0.37770003 0.3781 0.3786 0.37909997 0.37954998 0.38000003 0.38064998 0.38124996 0.3815 0.3823 0.38302502 0.3837 0.3844 0.3851 0.3858 0.3865 0.38699996 0.38342503 -999999.0 -999999.0 0.38842502 -999999.0 -999999.0 -999999.0 -999999.0 -999999.0 -999999.0 -999999.0 -999999.0 -999999.0 -999999.0
0.3764 0.3762 0.3761 0.376 0.3758 0.3756 0.3754 0.3753 0.3753 0.37519997 0.37509996 0.37509996 0.37519997 0.3753 0.37555006 0.3757 0.3758 0.37607503 0.3761 0.37592506 0.3756 0.37590003 0.3761 0.37615007 0.3762 0.37637505 0.3765 0.37669998 0.3769 0.37719998 0.37752497 0.378 0.3785 0.37909997 0.37964997 0.38019997 0.3808 0.3814 0.38192505 0.3826 0.3833 0.384 0.38472503 0.3855 0.38629997 0.387075 0.38772503 0.3881 -999999.0 -999999.0 0.3888 -999999.0 -999999.0 -999999.0 -999999.0 -999999.0 -999999.0 -999999.0 -999999.0 -999999.0 -999999.0
0.37667504 0.37647504 0.3764 0.3762 0.376 0.3758 0.3756 0.3755 0.37545007 0.3754 0.3753 0.3754 0.3756 0.3757 0.3758 0.3758 0.376 0.3763 0.3752 0.3761 0.3758 0.376 0.3762 0.3764 0.3764 0.3765 0.3766 0.37669998 0.37684998 0.37709996 0.3774 0.3779 0.37854996 0.37922505 0.38000003 0.3807 0.38129997 0.3817 0.3823 0.38294998 0.3836 0.3843 0.38505 0.38587502 0.38674998 0.38767502 0.38852504 0.38889998 -999999.0 -999999.0 -999999.0 0.38965 -999999.0 -999999.0 -999999.0 -999999.0 -999999.0 -999999.0 -999999.0 -999999.0 -999999.0
0.37690002 0.37670004 0.3765 0.37630004 0.3761 0.37589997 0.37579998 0.3757 0.37565005 0.3756 0.3756 0.37579998 0.37579998 0.37579998 0.37589997 0.376 0.3762 0.376275 0.37630004 0.3761 0.376 0.376 0.3761 0.376275 0.3765 0.3766 0.3766 0.37670004 0.37670004 0.37690002 0.37722498 0.37804997 0.3788 0.37965 0.38052502 0.38119996 0.3818 -999999.0 0.38255 0.38319996 0.38384998 0.38454998 0.38534996 0.3862 0.38715 0.38809997 0.38902503 0.38960004 0.38775003 0.38750002 -999999.0 0.3898 -999999.0 -999999.0 -999999.0 -999999.0 -999999.0 -999999.0 -999999.0 -999999.0 -999999.0
0.377025 0.3768 0.37662503 0.37642506 0.37622502 0.37605 0.37585005 0.37579998 0.37582502 0.37589997 0.37589997 0.376 0.375975 0.376 0.3761 0.3761 0.376 0.3762 0.3762 0.376 0.3757 0.3757 0.37589997 0.37594992 0.3762 0.3765 0.3766 0.3766 0.37670004 0.3768 0.37722504 0.3781 0.37905 0.38002503 0.381 0.38160002 0.3821 0.382425 0.38287503 0.3835 0.38410002 0.38479996 0.385575 0.38645 0.38740003 0.38834995 0.38924998 0.38960004 0.38905007 0.38865006 0.3886 0.3898 0.39075 -999999.0 -999999.0 -999999.0 -999999.0 -999999.0 -999999.0 -999999.0 -999999.0
0.3772 0.37699997 0.3768 0.37657502 0.37640002 0.3762 0.3761 0.376 0.376 0.376 0.376 0.376 0.376 0.3761 0.3761 0.3761 0.37589997 0.3761 0.37589997 0.3757 0.3756 0.3756 0.37579998 0.37589997 0.3761 0.3765 0.3766 0.3766 0.37670004 0.3768 0.3774 0.37817502 0.3793 0.38024998 0.381125 0.3818 0.38237503 0.38282502 0.3833 0.3838 0.3844 0.38505 0.3858 0.38665 0.3876 0.38850003 0.38919997 0.38970003 0.39 0.38970003 0.38975006 -999999.0 0.39024997 -999999.0 -999999.0 -999999.0 -999999.0 -999999.0 -999999.0 -999999.0 -999999.0
0.3773 0.3771 0.37682503 0.37670004 0.3765 0.37640002 0.3762 0.3762 0.3761 0.3761 0.37589997 0.376 0.3761 0.3761 0.3761 0.376 0.37579998 0.37579998 0.3757 0.3756 0.37549996 0.3756 0.3756 0.37579998 0.376 0.37640002 0.3765 0.3766 0.37677503 0.3771 0.37792504 0.379025 0.3797 0.3805 0.38132504 0.38204998 0.38267502 0.383225 0.38375 0.384225 0.384725 0.3853 0.38594997 0.3868 0.38774997 0.3886 0.389275 0.38974997 0.3902 0.39029998 0.39047503 0.3905 -999999.0 -999999.0 -999999.0 -999999.0 -999999.0 -999999.0 -999999.0 -999999.0 -999999.0
0.3773 0.37699997 0.3768 0.3766 0.3765 0.37640002 0.37630004 0.3762 0.3761 0.3761 0.376 0.376 0.3761 0.376 0.37589997 0.37584996 0.3757 0.37549996 0.37549996 0.3754 0.3754 0.3754 0.375475 0.3757 0.376 0.37640002 0.3765 0.3766 0.37690002 0.3774 0.378275 0.3792 0.38 0.3808 0.381625 0.38237503 0.38305 0.38367504 0.3842 0.3847 0.38517502 0.385625 0.3862 0.387075 0.38797504 0.38887504 0.38957503 0.39 0.3904 0.39070004 0.39100003 0.3912 -999999.0 -999999.0 -999999.0 -999999.0 -999999.0 -999999.0 -999999.0 -999999.0 -999999.0
0.37725002 0.37699997 0.3768 0.3766 0.37640002 0.37630004 0.37630004 0.3762 0.3761 0.376 0.37589997 0.376 0.37589997 0.37589997 0.37579998 0.375675 0.3754 0.3754 0.3754 0.3754 0.3754 0.3754 0.3753 0.37549996 0.3761 0.37630004 0.37640002 0.3766 0.37699997 0.37765 0.378475 0.3794 0.38024998 0.3811 0.38195 0.38274997 0.38347504 0.384125 0.3847 0.385225 0.3857 0.3862 0.386775 0.38754997 0.38834995 0.389225 0.39 0.39037502 0.3908 0.391175 0.3915 -999999.0 -999999.0 -999999.0 -999999.0 -999999.0 -999999.0 -999999.0 -999999.0 -999999.0 -999999.0
0.3772 0.37690002 0.37670004 0.3765 0.37630004 0.3762 0.37604994 0.376 0.376 0.37597495 0.37589997 0.37589997 0.37572497 0.3757 0.3756 0.37555003 0.3754 0.3753 0.3754 0.3754 0.3754 0.3754 0.37549996 0.3756 0.37589997 0.3761 0.37630004 0.3766 0.37707502 0.37785 0.37867498 0.37954998 0.38045 0.381375 0.38240004 0.3833 0.383975 0.3846 0.385225 0.385825 0.38635004 0.38685006 0.38740003 0.38804996 0.38880002 0.38960004 0.39029998 0.39070004 0.391125 0.3916 -999999.0 -999999.0 0.39289996 0.39100003 -999999.0 -999999.0 -999999.0 -999999.0 -999999.0 -999999.0 -999999.0
0.37699997 0.37670004 0.3765 0.376325 0.3762 0.3761 0.37589997 0.37579998 0.37579998 0.37589997 0.37582496 0.37579998 0.3756 0.37549996 0.37549996 0.3756 0.3754 0.3754 0.37549996 0.37549996 0.37549996 0.37549996 0.37549996 0.3756 0.37579998 0.3761 0.37630004 0.37670004 0.37732503 0.37815002 0.37895 0.37982503 0.3808 0.38175 0.38294998 0.38392502 0.38449997 0.385125 0.385825 0.38642502 0.38695002 0.38740003 0.38792503 0.388525 0.38919997 0.38994998 0.39065 0.39097503 0.391425 0.3921 0.392775 0.39347506 0.393875 0.39250007 -999999.0 -999999.0 -999999.0 -999999.0 -999999.0 -999999.0 -999999.0
0.37672502 0.3765 0.37630004 0.3761 0.376 0.37589997 0.3757 0.3756 0.3756 0.3756 0.3756 0.3757 0.3756 0.37549996 0.37549996 0.3757 0.37549996 0.37549996 0.3756 0.3756 0.37549996 0.37549996 0.3754 0.3756 0.375875 0.3761 0.37630004 0.37690002 0.3777 0.37855 0.3794 0.380275 0.38124996 0.3822 0.383325 0.38427502 0.38490003 0.38572502 0.38647503 0.38707504 0.3875 0.3879 0.38834995 0.3889 0.38952503 0.3902 0.3908 0.391325 -999999.0 0.39257503 0.39347506 0.39435005 0.395025 0.39509997 -999999.0 -999999.0 -999999.0 -999999.0 -999999.0 -999999.0 -999999.0
0.376475 0.376225 0.376 0.37589997 0.37574995 0.3756 0.37549996 0.3754 0.3754 0.3754 0.37549996 0.3756 0.3756 0.37549996 0.3756 0.3757 0.37549996 0.3757 0.3757 0.37567502 0.3756 0.37555003 0.3754 0.375725 0.37617502 0.37645006 0.37672502 0.37732503 0.37817502 0.379025 0.37990004 0.3808 0.38175 0.38267502 0.3836 0.384525 0.38542503 0.38627502 0.38712502 -999999.0 -999999.0 0.38822502 0.38867503 0.38919997 0.38982502 0.3905 0.391175 0.3917 -999999.0 0.39307502 0.39407504 -999999.0 -999999.0 -999999.0 -999999.0 -999999.0 -999999.0 -999999.0 -999999.0 -999999.0 -999999.0
0.3761 0.37592494 0.37577498 0.3756 0.37549996 0.3754 0.3753 0.37520003 0.37520003 0.37520003 0.37524995 0.375475 0.37549996 0.37549996 0.3756 0.37564996 0.37549996 0.37575004 0.37579998 0.37579998 0.37579998 0.37589997 0.37595004 0.3762 0.3766 0.37699997 0.37737504 0.3779 0.37869996 0.37957498 0.38045 0.38134998 0.38224998 0.38319996 0.38410002 0.385 0.38584998 0.38667503 0.38744998 -999999.0 -999999.0 0.38850003 0.3889 0.3894 0.3901 0.39084998 0.39154997 0.392 0.39244998 0.39354998 -999999.0 -999999.0 -999999.0 -999999.0 -999999.0 -999999.0 -999999.0 -999999.0 -999999.0 -999999.0 -999999.0
0.37577498 0.3756 0.37542498 0.3753 0.37520003 0.37510002 0.375 0.375 0.375 0.375 0.37510002 0.37520003 0.3753 0.3754 0.37549996 0.37549996 0.37582502 0.37589997 0.376 0.3761 0.3762 0.37630004 0.3765 0.3768 0.37725005 0.3775 0.37795007 0.378475 0.37925002 0.3801 0.38097504 0.38185 0.38274997 0.3837 0.384575 0.3854 0.3862 0.3869 0.38755 0.388 0.3883 0.3886 0.389 0.38960004 0.39034998 0.3912 0.391925 0.3918 0.3924 -999999.0 -999999.0 -999999.0 -999999.0 -999999.0 -999999.0 -999999.0 -999999.0 -999999.0 -999999.0 -999999.0 -999999.0
0.3754 0.37520003 0.37510002 0.375 0.3749 0.37482497 0.3748 0.3748 0.3747 0.3748 0.3749 0.375 0.37510002 0.3753 0.37549996 0.37574998 0.3761 0.3762 0.37630004 0.3765 0.37670004 0.3768 0.3771 0.37755007 0.3778 0.378025 0.3785 0.37907502 0.3798 0.380625 0.38147503 0.38237503 0.383275 0.384175 0.38505 0.385825 0.3865 0.38717502 0.38769996 0.38810003 0.388375 0.3886 0.389 0.38965 0.3905 0.39154997 0.39242503 0.39210004 0.39249998 -999999.0 -999999.0 -999999.0 -999999.0 -999999.0 -999999.0 -999999.0 -999999.0 -999999.0 -999999.0 -999999.0 -999999.0
0.37504995 0.37487498 0.3747 0.3746 0.37454996 0.3745 0.3745 0.3745 0.3746 0.3747 0.3748 0.37495 0.37510002 0.3753 0.3756 0.376 0.37640002 0.37655005 0.37670004 0.37690002 0.3771 0.37747502 0.3779 0.37812504 0.3783 0.3785 0.379 0.37967503 0.38037503 0.381125 0.38199997 0.3829 0.3838 0.38467503 0.38552502 0.3863 0.38692504 0.3875 0.3879 0.3882 0.38845 0.3886 0.3889 0.38954997 0.3906 0.39182502 0.39274997 0.39194998 -999999.0 -999999.0 -999999.0 -999999.0 -999999.0 -999999.0 -999999.0 -999999.0 -999999.0 -999999.0 -999999.0 -999999.0 -999999.0
0.3747 0.374475 0.37424994 0.37414995 0.3741 0.3741 0.37414995 0.3743 0.3744 0.3746 0.3749 0.375 0.37520003 0.375475 0.37579998 0.37617496 0.3766 0.37690002 0.37707502 0.37725005 0.37757504 0.3783 0.3785 0.3786 0.37875003 0.379 0.379525 0.380225 0.38097504 0.3817 0.38252503 0.3834 0.3843 0.3852 0.386025 0.3868 0.387425 0.3879 0.3882 0.38847503 0.38867503 0.38880002 0.38882503 0.38944995 0.39070004 0.392 -999999.0 0.3923 -999999.0 -999999.0 -999999.0 -999999.0 -999999.0 -999999.0 -999999.0 -999999.0 -999999.0 -999999.0 -999999.0 -999999.0 -999999.0
0.374375 0.37407497 0.37380004 0.3737 0.3737 0.3737 0.3737 0.374 0.3743 0.3746 0.3749 0.37520003 0.3754 0.3756 0.37579998 0.3761 0.3768 0.3771 0.3774 0.377775 0.378425 0.3786 0.3788 0.379 0.3792 0.379475 0.379925 0.3807 0.3815 0.382225 0.383 0.383875 0.384825 0.3858 0.38667503 0.387425 0.38802502 0.3884 0.38865006 0.38885003 0.389 0.3891 0.3893 0.38987502 0.39104998 0.39232504 -999999.0 -999999.0 -999999.0 -999999.0 -999999.0 -999999.0 -999999.0 -999999.0 -999999.0 -999999.0 -999999.0 -999999.0 -999999.0 -999999.0 -999999.0
0.374 0.37362498 0.3734 0.3733 0.3733 0.3733 0.3733 0.37364998 0.3742 0.3746 0.375 0.3753 0.37549996 0.3756 0.37579998 0.3762 0.37682503 0.3775 0.37800002 0.37852502 0.3788 0.37892503 0.3791 0.3793 0.3796 0.37990004 0.38032502 0.38105 0.3819 0.38265 0.38342503 0.38435 0.38537502 0.38645 0.387425 0.3881501 0.3887 0.389 0.38919997 0.389325 0.38952503 0.38975006 0.3901 -999999.0 -999999.0 0.392925 0.3942 -999999.0 -999999.0 -999999.0 -999999.0 -999999.0 -999999.0 -999999.0 -999999.0 -999999.0 -999999.0 -999999.0 -999999.0 -999999.0 -999999.0
0.373675 0.3732 0.37287498 0.37270004 0.3728 0.37292498 0.3731 0.37355 0.3741 0.3746 0.37504998 0.3753 0.37554997 0.3756 0.37594998 0.3765 0.376975 0.378025 0.37839997 0.3786 0.3789 0.3791 0.37937504 0.3797 0.379925 0.380275 0.3807 0.381375 0.3822 0.38294998 0.38375 0.38465 0.38572502 0.38702503 0.38814998 0.388825 0.389375 0.38965005 0.3898 0.389975 0.39017498 0.39042503 0.390875 -999999.0 -999999.0 -999999.0 0.395025 -999999.0 -999999.0 -999999.0 -999999.0 -999999.0 -999999.0 -999999.0 -999999.0 -999999.0 -999999.0 -999999.0 -999999.0 -999999.0 -999999.0
0.37327495 0.372625 0.372225 0.37214994 0.37229997 0.37270004 0.3731 0.3736 0.3742 0.3747 0.37515002 0.37549996 0.3756 0.375775 0.37617502 0.37672502 0.3771 0.37795 0.3785 0.37867498 0.3789 0.3792 0.379525 0.37990004 0.3803 0.3806 0.38107502 0.3818 0.38247502 0.3833 0.38407505 0.38490003 0.3859 0.38735002 0.3888 0.3894 0.38995004 0.39037496 0.39055008 0.39065003 0.39085004 0.3911 0.391575 -999999.0 -999999.0 0.39415 0.39554998 -999999.0 -999999.0 -999999.0 -999999.0 -999999.0 -999999.0 -999999.0 -999999.0 -999999.0 -999999.0 -999999.0 -999999.0 -999999.0 -999999.0
0.3728 0.372 0.37147498 0.37147498 0.37190002 0.37247497 0.37304997 0.3737 0.3743 0.37485 0.3754 0.3757 0.37579998 0.376 0.37630004 0.3768 0.37707502 0.37767497 0.37842494 0.3788 0.37897503 0.3793 0.3796 0.3801 0.3806 0.38105005 0.381525 0.38227502 0.38292503 0.38365 0.38442498 0.385225 0.38612503 0.38735002 0.38872498 0.3896 0.390425 0.390975 0.391225 0.3913 0.39145005 0.3917 0.39210004 0.3927 0.39345002 0.39444998 0.39572498 -999999.0 -999999.0 -999999.0 -999999.0 -999999.0 -999999.0 -999999.0 -999999.0 -999999.0 -999999.0 -999999.0 -999999.0 -999999.0 -999999.0
0.3724 0.37155 0.37075 0.3709 0.3716 0.37229997 0.37304997 0.37380004 0.3745 0.375075 0.375575 0.37589997 0.376 0.3761 0.37640002 0.3768 0.3771 0.3775 0.3783 0.3788 0.379 0.3793 0.37974998 0.3802 0.3808 0.38154998 0.38192502 0.38280004 0.38347504 0.38410002 0.384775 0.38555 0.38652503 0.3876 0.38865 0.3897 0.3907 0.3914 0.391725 0.3918 0.392 0.39227504 0.39249998 0.393 0.3936 0.3945 0.39544997 -999999.0 -999999.0 -999999.0 -999999.0 -999999.0 -999999.0 -999999.0 -999999.0 -999999.0 -999999.0 -999999.0 -999999.0 -999999.0 -999999.0
0.37229997 0.3716 0.37097502 0.371 0.37154996 0.37229997 0.37304997 0.37387502 0.3747 0.3753 0.3757 0.37589997 0.3761 0.37630004 0.3765 0.37675 0.37699997 0.3774 0.37804997 0.37872493 0.379 0.3793 0.37985 0.3803 0.3809 0.38154998 0.38240004 0.38319996 0.3839 0.384575 0.38517502 0.38587502 0.38674998 0.38769996 0.3887 0.38965 0.39062494 0.39152503 0.392 0.392125 0.3923 0.39249998 0.3928 0.39317504 0.39374998 0.3945 0.39525 -999999.0 -999999.0 -999999.0 -999999.0 -999999.0 -999999.0 -999999.0 -999999.0 -999999.0 -999999.0 -999999.0 -999999.0 -999999.0 -999999.0
0.3724 0.37172502 0.3712 0.3712 0.3716 0.37225002 0.37304997 0.37395 0.37474996 0.37532496 0.3757 0.37589997 0.3761 0.376275 0.37640002 0.37675 0.3771 0.3774 0.37785 0.3785 0.37895 0.3793 0.37985 0.3804 0.381 0.38175 0.38280004 0.3835 0.38425 0.385 0.3856 0.38612503 0.38687503 0.38769996 0.38850003 0.3894 0.3903 0.39124998 0.39194998 0.3923 0.3926 0.392725 0.393 0.3933 0.39384997 0.39454997 -999999.0 -999999.0 -999999.0 -999999.0 -999999.0 -999999.0 -999999.0 -999999.0 -999999.0 -999999.0 -999999.0 -999999.0 -999999.0 -999999.0 -999999.0
0.3725 0.37185 0.37135005 0.3713 0.37154996 0.3722 0.373 0.37385 0.37464997 0.37520003 0.3756 0.37579998 0.37589997 0.3761 0.37635 0.37665 0.37704998 0.37737498 0.3779 0.37839997 0.3789 0.3793 0.37990004 0.3805 0.381125 0.38195 0.3829 0.3836 0.38444996 0.38545 0.38600004 0.38639998 0.386975 0.38755 0.38817498 0.38907498 0.39005 0.391 0.3918 0.39244998 0.3927 0.39289996 0.3931 0.39350003 0.39405 0.3947 -999999.0 -999999.0 -999999.0 -999999.0 -999999.0 -999999.0 -999999.0 -999999.0 -999999.0 -999999.0 -999999.0 -999999.0 -999999.0 -999999.0 -999999.0
