data/TNO-HT-ATES/HT-ATES_msz2/msz2__kh_P50_basecase_80-45-40.asc
ncols  140
nrows  163
xllcorner  0.0
yllcorner  300000.0
cellsize  2000.0
NODATA_value  -999999.0
[rows 54 to 80 of 163, columns 60 to 119 of 140]
110.186005 106.24846 101.32774 99.001205 91.93051 98.623665 109.02901 116.71779 124.91391 121.51855 124.61429 117.965675 107.15865 99.668564 90.898895 83.7732 87.27706 87.82499 78.374664 98.6971 80.57638 65.48537 102.62436 113.842 117.89452 112.018364 100.68036 89.87788 79.689156 73.27596 64.82685 63.6917 80.095345 107.6675 118.49329 112.690254 85.13446 44.33214 20.899792 5.5385203 -999999.0 19.674479 47.930008 66.629105 72.66343 58.80104 20.576887 -999999.0 -999999.0 -999999.0 -999999.0 -999999.0 -999999.0 -999999.0 -999999.0 -999999.0 -999999.0 -999999.0 -999999.0 -999999.0
94.774994 88.45899 87.184425 83.98819 69.36289 84.7033 98.538055 109.32295 116.37531 116.26314 121.31051 111.29291 96.197624 86.945076 81.39965 79.72085 96.704796 99.92577 92.863266 110.07374 86.332985 67.52112 105.74199 109.471596 111.57186 116.21975 110.71198 88.97035 60.65753 68.63573 70.067245 66.449135 105.571 132.8673 139.35646 122.20357 77.381966 49.695477 22.858376 -999999.0 -999999.0 8.137425 52.309315 59.055004 35.025917 43.35523 18.016653 -999999.0 -999999.0 -999999.0 -999999.0 -999999.0 -999999.0 -999999.0 -999999.0 -999999.0 -999999.0 -999999.0 -999999.0 -999999.0
81.53383 79.33261 79.19785 82.03895 87.42651 97.731575 96.23859 101.6069 107.95372 108.338844 106.51493 97.04656 85.8057 79.05298 76.58634 84.193 100.69698 93.2686 117.672295 110.12555 90.545586 83.489586 105.81187 110.816795 113.55785 119.65001 122.47925 110.03804 69.518326 72.80533 60.977215 62.978874 123.63969 137.43301 142.21176 135.1605 115.02489 71.322365 34.999947 -999999.0 -999999.0 -999999.0 -999999.0 7.262682 3.2376108 21.82261 24.453045 -999999.0 -999999.0 -999999.0 -999999.0 -999999.0 -999999.0 -999999.0 -999999.0 -999999.0 -999999.0 -999999.0 -999999.0 -999999.0
64.33184 65.11217 67.01293 75.1936 77.81244 82.003784 91.54742 92.61349 101.92638 95.755226 92.14229 77.792244 76.20948 78.93888 81.59825 84.90067 104.53079 100.559425 120.06335 102.19107 94.26017 103.346855 103.59659 106.472885 122.33665 127.543976 130.6413 127.03616 62.773838 57.052128 58.914806 63.316372 126.26988 134.5162 117.15973 112.90301 100.44897 92.5614 46.611984 -999999.0 -999999.0 -999999.0 -999999.0 -999999.0 -999999.0 11.960759 16.267195 -999999.0 -999999.0 -999999.0 -999999.0 -999999.0 -999999.0 -999999.0 -999999.0 -999999.0 -999999.0 -999999.0 -999999.0 -999999.0
53.792847 56.009308 54.43847 63.063427 65.67316 71.03596 83.83 86.06014 88.259346 82.082794 73.0818 67.76376 71.52755 78.97784 90.38642 94.90291 94.14033 120.12749 121.1971 101.9563 96.512726 105.81188 105.28779 114.087776 129.73962 131.98058 139.45268 125.18146 66.604515 67.9547 81.352875 87.916534 105.887115 112.407166 100.02034 95.165245 96.07418 94.98902 90.80391 70.657684 -999999.0 -999999.0 -999999.0 -999999.0 -999999.0 32.5809 -999999.0 -999999.0 -999999.0 -999999.0 -999999.0 -999999.0 -999999.0 -999999.0 -999999.0 -999999.0 -999999.0 -999999.0 -999999.0 -999999.0
45.38458 44.227528 46.61717 57.60504 63.648247 65.756325 75.01375 74.583786 76.28297 70.28479 67.1501 62.951546 69.33222 69.57784 77.39228 87.48444 81.08185 105.953255 103.49156 97.3175 107.85272 102.88896 107.20779 119.391365 135.30905 138.18109 140.47386 136.57573 88.00418 100.44535 120.05271 126.019135 114.00385 89.16534 99.34142 110.76205 99.28186 79.90439 80.12182 76.62886 112.0547 22.649195 22.96752 -999999.0 -999999.0 24.081444 84.901794 -999999.0 -999999.0 -999999.0 -999999.0 -999999.0 -999999.0 -999999.0 -999999.0 -999999.0 -999999.0 -999999.0 -999999.0 -999999.0
35.448536 33.27623 37.341736 66.47416 70.69782 51.942642 63.322014 67.68061 66.63974 61.635746 56.946407 58.31893 63.489174 59.09584 56.488323 71.48048 82.17536 77.17777 70.88254 102.33762 111.81313 113.19527 122.88706 135.0869 149.48792 150.32903 148.07957 139.43506 109.71939 129.37607 147.82672 175.38734 153.32524 150.19484 137.67725 121.72455 127.1202 90.96269 88.761665 81.7859 122.8722 204.93529 221.1827 46.148323 -999999.0 -999999.0 33.400444 -999999.0 -999999.0 -999999.0 -999999.0 -999999.0 -999999.0 -999999.0 -999999.0 -999999.0 -999999.0 -999999.0 -999999.0 -999999.0
29.13149 23.204754 53.837723 66.66876 45.68896 32.159603 59.88884 59.28887 54.827187 49.36409 49.74445 54.26078 54.823227 51.1582 47.345943 56.613758 70.36733 62.242123 69.08486 79.04531 89.8392 117.38213 122.92197 134.25652 140.44405 155.32068 152.17633 114.34226 101.47487 117.17389 154.35574 199.90376 196.0881 225.56485 188.00954 168.22972 142.13777 125.02487 135.63512 142.27708 149.50935 317.4244 295.4712 242.7329 -999999.0 -999999.0 -999999.0 -999999.0 -999999.0 -999999.0 -999999.0 -999999.0 -999999.0 -999999.0 -999999.0 -999999.0 -999999.0 -999999.0 -999999.0 -999999.0
45.617928 60.97132 69.31231 69.00087 35.95605 23.099854 50.444595 49.525234 53.629726 53.003407 51.307693 50.197594 44.78176 44.552643 44.02807 48.997982 54.846294 61.948116 74.05993 81.03541 85.78268 93.461235 112.298386 130.07643 149.29576 157.95958 170.02269 135.40855 101.99609 128.11966 159.67845 199.10347 244.94287 227.69249 207.20322 181.4233 178.65343 216.54584 262.62653 282.111 243.09535 151.86603 283.9944 282.1372 131.74162 23.95121 -999999.0 -999999.0 -999999.0 -999999.0 -999999.0 -999999.0 -999999.0 -999999.0 -999999.0 -999999.0 -999999.0 -999999.0 -999999.0 -999999.0
78.1138 78.39989 75.83455 66.35728 31.311657 18.856684 37.739716 35.636444 37.321632 41.11134 45.169304 44.977005 45.48735 45.571526 43.28149 49.22475 49.561924 54.790134 70.86743 74.114494 83.46732 82.534386 87.671196 97.44234 137.97995 152.59656 148.88783 144.66957 134.37195 150.76662 176.92004 245.1155 274.58368 254.50854 214.76776 171.48076 202.76648 267.56296 387.7455 388.0353 359.1351 132.66496 210.66203 235.12164 163.92778 52.634827 13.832207 -999999.0 -999999.0 -999999.0 -999999.0 -999999.0 -999999.0 -999999.0 -999999.0 -999999.0 -999999.0 -999999.0 -999999.0 -999999.0
87.97102 82.175385 80.25831 62.364273 35.263405 20.673735 28.549532 19.47032 24.42936 30.420164 32.586243 44.02237 44.868694 41.62572 48.254627 51.07943 54.436157 48.00333 46.984825 64.135124 74.89566 72.46892 74.21022 84.4137 102.834854 128.83083 131.23576 141.60802 141.43312 152.0433 148.65419 203.4636 260.65292 352.32162 269.60022 205.79817 214.36075 228.07538 345.35144 303.7007 289.58826 253.51875 219.89009 191.00917 152.28467 55.43035 11.750362 2.30966 -999999.0 -999999.0 -999999.0 -999999.0 -999999.0 -999999.0 -999999.0 -999999.0 -999999.0 -999999.0 -999999.0 -999999.0
94.32585 92.11311 88.81693 58.932316 39.83574 25.670736 12.226268 10.948999 27.908207 34.77278 35.96985 25.208569 19.191078 35.6869 54.730263 55.107475 56.67259 47.407215 45.006508 42.52337 54.474087 67.498604 73.04982 81.023476 95.77859 112.95032 126.358826 122.25134 122.72504 132.01552 159.5389 232.77022 307.26248 333.17538 266.61484 194.07811 125.39409 87.3938 178.40898 184.49492 170.55736 280.24362 247.2264 222.59155 150.5748 42.394394 6.0399284 -999999.0 -999999.0 -999999.0 -999999.0 -999999.0 -999999.0 -999999.0 -999999.0 -999999.0 -999999.0 -999999.0 -999999.0 -999999.0
93.59053 96.71666 96.65761 76.46782 60.5408 47.716423 34.21024 29.378887 34.31758 23.824415 25.163094 24.23541 16.839552 25.286331 44.773975 54.129528 52.418884 48.69911 50.39733 50.824677 51.385303 49.538868 61.35546 69.1893 84.620804 111.607666 117.27505 100.22388 93.29626 82.06195 155.26306 207.90733 257.41693 275.716 240.985 202.83286 157.72437 77.173615 155.99677 299.22028 365.33566 343.64966 275.6606 210.81909 97.19466 33.970016 5.012999 -999999.0 -999999.0 -999999.0 -999999.0 -999999.0 -999999.0 -999999.0 -999999.0 -999999.0 -999999.0 -999999.0 -999999.0 -999999.0
102.582695 105.097244 109.74885 100.83211 94.62184 85.33381 73.31206 56.67596 48.146442 33.727047 34.524723 30.799623 23.190678 22.822727 35.536617 51.930496 43.938698 41.95993 59.475014 65.40599 54.84506 38.955532 33.38384 53.61137 82.964264 132.5557 128.99925 100.97358 111.94457 170.98209 166.74529 203.76361 198.9238 161.76149 163.46703 151.40639 172.2551 166.82207 259.26074 448.35944 504.15225 439.5703 288.7644 173.6694 51.212494 18.300022 6.4422317 0.6464302 -999999.0 -999999.0 -999999.0 -999999.0 -999999.0 -999999.0 -999999.0 -999999.0 -999999.0 -999999.0 -999999.0 -999999.0
102.87949 109.45103 122.84676 128.59065 124.7893 122.620834 123.005066 85.41535 64.10678 51.176334 43.958054 43.282932 28.098866 27.170546 31.47898 44.973106 30.127827 24.78957 77.48124 82.56151 58.975414 38.95957 15.58216 35.07233 99.7369 137.21962 113.725136 115.31492 159.02614 212.9268 207.16989 257.761 217.4597 152.83977 144.49869 85.57696 114.05458 252.61284 394.81924 620.4136 658.7888 562.7326 245.33829 121.199844 67.540405 23.874113 8.697597 -999999.0 -999999.0 -999999.0 -999999.0 -999999.0 -999999.0 -999999.0 -999999.0 -999999.0 -999999.0 -999999.0 -999999.0 -999999.0
107.16239 118.552216 133.36954 141.7215 147.49516 132.14265 143.69734 128.48813 100.60064 69.284195 45.71449 26.358286 19.433525 22.240318 29.53391 35.086437 37.421913 34.239822 103.02894 91.461716 62.578827 42.00693 10.394711 38.12243 114.4427 122.2489 126.00357 156.15248 186.63513 221.72806 229.64066 304.6291 317.67505 258.81223 216.84085 144.8672 139.90576 274.0951 493.9625 747.6484 748.97253 61.832108 168.3342 48.103985 34.405945 24.60078 1.6479211 -999999.0 -999999.0 -999999.0 -999999.0 -999999.0 -999999.0 -999999.0 -999999.0 -999999.0 -999999.0 -999999.0 -999999.0 -999999.0
109.009155 121.696144 136.84679 152.03497 158.62863 146.76547 146.77554 147.31813 123.60961 95.17276 54.746716 18.53933 23.593098 15.0908375 10.129308 31.319487 76.35876 92.680695 105.52261 97.68252 72.87228 65.20794 60.30665 84.3998 118.85432 98.180435 128.94615 181.48082 213.94632 248.15364 272.24066 367.67798 415.5719 380.9508 297.57773 226.64021 246.69933 218.4666 407.794 471.00467 538.90576 167.77795 179.30598 42.375843 20.933908 3.345178 -999999.0 -999999.0 -999999.0 -999999.0 -999999.0 -999999.0 -999999.0 -999999.0 -999999.0 -999999.0 -999999.0 -999999.0 -999999.0 -999999.0
120.66675 118.77583 149.90176 179.68596 184.63248 175.73552 189.33961 171.20067 143.91313 125.70323 90.54982 50.0862 29.906954 21.704948 11.01848 28.841627 75.63665 100.33664 106.529625 108.99827 99.59542 86.564095 101.32933 112.408844 119.74304 134.8139 160.47702 192.38867 219.84335 270.5698 326.0429 438.70892 451.4423 425.00555 358.56116 265.01694 252.67339 216.43304 384.11923 332.98944 -999999.0 242.54774 83.3529 47.6402 13.625495 -999999.0 -999999.0 -999999.0 -999999.0 -999999.0 -999999.0 -999999.0 -999999.0 -999999.0 -999999.0 -999999.0 -999999.0 -999999.0 -999999.0 -999999.0
141.82368 153.49338 181.37491 244.12881 248.49936 224.74619 235.19131 208.96808 186.54935 179.59789 141.41002 96.92184 61.757977 41.148087 36.86281 59.082714 93.87352 99.6046 111.36265 99.53966 113.431435 100.27382 96.892235 110.83759 129.12909 152.28812 174.30235 203.64836 224.28358 298.35513 344.92224 458.21793 442.8029 423.71957 362.1481 273.95505 257.95633 236.90413 311.79556 170.883 -999999.0 127.06228 154.20619 171.53357 24.582865 -999999.0 -999999.0 -999999.0 -999999.0 -999999.0 -999999.0 -999999.0 -999999.0 -999999.0 -999999.0 -999999.0 -999999.0 -999999.0 -999999.0 -999999.0
170.51068 200.09222 226.74265 248.08539 283.4365 243.84647 259.59122 236.9051 233.80482 245.46198 195.93983 141.8865 90.38782 64.81231 56.900074 80.01733 88.48432 97.47724 110.243126 103.4454 99.61135 82.42391 84.68536 96.976295 108.883736 142.68834 172.35631 214.84258 265.7723 355.81885 384.1997 433.31393 413.25345 412.2939 367.083 306.23404 260.6487 277.72345 338.8594 155.74854 112.11012 161.62311 198.87154 193.42447 132.92647 71.705795 -999999.0 -999999.0 -999999.0 -999999.0 -999999.0 -999999.0 -999999.0 -999999.0 -999999.0 -999999.0 -999999.0 -999999.0 -999999.0 -999999.0
199.58585 234.9149 248.89449 260.84683 292.1953 258.36456 275.65402 264.22375 261.56967 278.0393 242.31586 165.11397 103.70669 77.86282 84.10116 104.87509 64.77019 66.92899 75.34403 62.548737 73.76964 55.838886 47.58886 74.30895 77.8889 99.64044 142.61362 193.88712 265.5561 348.21292 399.05655 435.74286 417.6917 387.18146 343.93054 295.337 297.5589 330.54123 408.30554 261.06937 250.61363 190.13567 167.36484 199.68231 89.25527 64.53959 -999999.0 -999999.0 -999999.0 -999999.0 -999999.0 -999999.0 -999999.0 -999999.0 -999999.0 -999999.0 -999999.0 -999999.0 -999999.0 -999999.0
227.64697 259.86646 271.52066 274.73938 263.4081 280.3792 307.03256 321.71164 310.91913 310.8442 258.54114 178.35489 167.43985 128.53554 120.50086 133.55125 -999999.0 58.57668 81.59904 83.94521 78.28251 61.01755 43.619423 75.857544 81.37288 98.39693 110.80302 201.36835 226.28244 337.8429 382.02383 439.9085 450.45804 354.55878 287.85355 238.90923 291.179 377.31982 485.8728 380.64215 357.51468 218.50172 180.98799 169.50296 110.536385 119.62887 46.14984 -999999.0 -999999.0 -999999.0 -999999.0 -999999.0 -999999.0 -999999.0 -999999.0 -999999.0 -999999.0 -999999.0 -999999.0 -999999.0
244.84128 274.73248 319.53262 325.7895 303.3842 265.3106 317.84296 294.26923 307.83774 294.29767 252.73741 208.81818 230.16267 230.9329 189.53535 112.27114 36.342796 94.43553 120.152954 100.37799 115.64633 77.12182 46.679237 50.893646 77.8429 101.33208 121.903755 165.66809 239.3111 306.58224 344.09518 461.37912 427.5487 384.63907 376.99255 328.17947 263.21057 455.5539 564.0026 358.59808 165.39627 237.5604 95.678375 256.4565 87.65569 124.110176 30.778217 -999999.0 -999999.0 -999999.0 -999999.0 -999999.0 -999999.0 -999999.0 -999999.0 -999999.0 -999999.0 -999999.0 -999999.0 -999999.0
245.00188 303.49255 393.7429 372.8298 353.80325 312.06543 374.10486 365.5696 344.3764 288.7108 282.417 269.9044 325.43747 396.30197 306.7403 193.4938 164.82654 202.96797 172.60416 153.18321 138.48233 100.28045 94.70451 67.13171 73.21656 110.70126 150.9366 184.519 227.69763 283.4146 282.96674 341.0845 386.89706 436.4854 513.0857 458.27896 413.65018 591.2092 643.7223 336.5605 211.14003 131.1172 248.59299 311.13754 264.34674 124.05962 16.663052 -999999.0 -999999.0 -999999.0 -999999.0 -999999.0 -999999.0 -999999.0 -999999.0 -999999.0 -999999.0 -999999.0 -999999.0 -999999.0
235.8359 283.29208 363.66473 337.90457 336.2559 284.1811 328.44296 317.9951 323.41708 308.03027 270.06937 336.0868 333.26532 515.1762 337.20963 232.07516 171.79822 175.53584 231.75906 210.48949 181.20662 149.2311 136.48668 110.01759 122.238106 165.59387 179.10083 231.39793 279.31628 287.74698 224.81396 254.16911 363.9149 419.02243 494.59363 533.1345 459.87064 556.77594 542.7238 354.7329 224.89888 371.6586 361.3469 260.97284 177.48227 77.90444 -999999.0 -999999.0 -999999.0 -999999.0 -999999.0 -999999.0 -999999.0 -999999.0 -999999.0 -999999.0 -999999.0 -999999.0 -999999.0 -999999.0
227.57828 318.9919 371.315 338.4515 317.58664 267.21625 278.59763 278.97192 267.9863 289.4825 388.4154 438.20404 426.92233 471.02783 384.82532 264.40637 113.884964 183.23183 295.13565 309.35516 264.6626 163.99286 143.4421 148.36215 180.13869 184.07874 242.3537 314.92026 375.78137 305.02414 230.57433 346.10886 504.44897 485.74557 499.68402 480.41742 492.76865 433.9504 402.92908 312.72882 344.22525 402.19818 300.9029 253.69781 179.0385 70.32705 5.553925 -999999.0 -999999.0 -999999.0 -999999.0 -999999.0 -999999.0 -999999.0 -999999.0 -999999.0 -999999.0 -999999.0 -999999.0 -999999.0
236.3442 267.66565 323.58618 271.1868 240.46239 200.21303 213.25832 261.68463 181.22755 271.0167 426.7278 525.02454 477.87592 437.00552 373.86172 272.73248 201.71603 313.40958 495.9478 461.66095 320.89438 202.90678 139.61218 178.7018 232.13434 272.59924 357.41022 426.5896 389.1443 288.81015 256.88834 444.79474 520.167 509.04056 481.73935 455.2399 406.5935 393.3503 353.1986 321.5209 305.00436 299.92197 291.79544 232.02077 165.70941 98.834404 54.248974 -999999.0 -999999.0 -999999.0 -999999.0 -999999.0 -999999.0 -999999.0 -999999.0 -999999.0 -999999.0 -999999.0 -999999.0 -999999.0
