data/TNO-HT-ATES/HT-ATES_msz2/msz2__flowr_injnorm_P50_basecase_80-45-40.asc
ncols  140
nrows  163
xllcorner  0.0
yllcorner  300000.0
cellsize  2000.0
NODATA_value  -999999.0
[rows 56 to 83 of 163, columns 62 to 123 of 140]
114.27133 117.30379 124.59812 139.36607 138.89093 144.72926 150.49965 152.2003 145.86127 130.56868 116.96721 103.31312 99.411766 110.2281 131.59863 119.63822 149.30327 141.08298 119.857254 109.83769 132.75201 138.95915 144.86766 151.20906 150.95532 137.15236 84.179436 80.79781 67.10351 67.69443 128.82106 135.54297 133.9302 124.60927 106.49884 67.76799 33.28196 -999999.0 -999999.0 -999999.0 -999999.0 7.927389 3.2856503 24.934515 28.598982 -999999.0 -999999.0 -999999.0 -999999.0 -999999.0 -999999.0 -999999.0 -999999.0 -999999.0 -999999.0 -999999.0 -999999.0 -999999.0 -999999.0 -999999.0 -999999.0 -999999.0
97.856514 109.12839 113.30573 121.97694 132.57254 135.68625 144.87796 134.54492 125.89536 106.60987 101.44056 106.12752 106.472565 110.53323 134.79298 127.47474 155.19171 136.59328 124.6002 133.81125 133.95116 139.08028 153.85284 159.94101 161.33032 153.80528 79.21072 66.64431 64.29242 66.67359 130.23311 132.02478 113.34878 106.10586 94.5359 86.049614 44.35321 -999999.0 -999999.0 -999999.0 -999999.0 -999999.0 -999999.0 13.87869 19.363705 -999999.0 -999999.0 -999999.0 -999999.0 -999999.0 -999999.0 -999999.0 -999999.0 -999999.0 -999999.0 -999999.0 -999999.0 -999999.0 -999999.0 -999999.0 -999999.0 -999999.0
80.0037 92.84951 96.22497 105.031685 122.50841 127.206116 125.08846 115.84906 100.42844 92.288414 95.33467 104.53628 117.442345 125.21716 124.30056 155.32996 156.89769 135.33311 125.55396 136.01183 136.81754 148.66635 164.49559 165.39561 173.42105 153.23721 81.81493 76.75734 90.15837 91.82637 111.19426 109.393486 97.69482 91.49188 89.02094 85.161995 81.927 63.069054 -999999.0 -999999.0 -999999.0 -999999.0 -999999.0 37.612495 -999999.0 -999999.0 -999999.0 -999999.0 -999999.0 -999999.0 -999999.0 -999999.0 -999999.0 -999999.0 -999999.0 -999999.0 -999999.0 -999999.0 -999999.0 -999999.0 -999999.0 -999999.0
68.73889 83.404465 93.032036 96.19961 108.2133 107.94719 107.04551 99.46331 93.392876 85.567375 93.25536 94.60679 103.137825 116.55967 107.290344 138.7662 137.74599 127.92078 142.23915 133.9604 141.42165 157.90434 173.34274 173.01668 174.50037 166.26654 104.8727 113.1445 131.2799 133.77086 117.28543 86.45892 94.35608 98.60417 90.25232 69.21252 66.5279 68.704506 99.705376 22.697895 23.39214 -999999.0 -999999.0 26.543415 0.0 -999999.0 -999999.0 -999999.0 -999999.0 -999999.0 -999999.0 -999999.0 -999999.0 -999999.0 -999999.0 -999999.0 -999999.0 -999999.0 -999999.0 -999999.0 -999999.0 -999999.0
55.306797 98.436325 102.427124 78.09221 92.36933 98.1482 93.707855 87.23305 80.09978 80.03574 85.84218 79.513756 77.43941 95.495026 109.22031 102.042 93.17803 131.07326 145.20442 147.21881 159.76503 178.99551 190.43358 185.70628 180.84608 169.25917 130.45056 144.11871 158.37485 176.92079 151.6685 137.88223 127.09968 111.76711 108.28635 77.29778 72.88989 71.6723 99.43225 173.207 196.50377 41.936287 -999999.0 -999999.0 0.0 -999999.0 -999999.0 -999999.0 -999999.0 -999999.0 -999999.0 -999999.0 -999999.0 -999999.0 -999999.0 -999999.0 -999999.0 -999999.0 -999999.0 -999999.0 -999999.0 -999999.0
79.295296 96.891655 68.05673 48.133007 86.792984 83.86751 78.51531 71.8712 68.49405 75.027695 75.352135 70.926125 65.978325 75.49513 92.50557 83.11389 91.786385 103.37756 117.131424 153.87813 163.5388 176.94786 183.91368 191.66817 184.2577 143.42242 122.39115 129.78444 160.01459 199.38719 192.19164 195.87036 165.0654 143.17918 123.142845 105.49428 110.044716 119.89607 117.76436 251.75723 0.0 209.52255 -999999.0 -999999.0 -999999.0 -999999.0 -999999.0 -999999.0 -999999.0 -999999.0 -999999.0 -999999.0 -999999.0 -999999.0 -999999.0 -999999.0 -999999.0 -999999.0 -999999.0 -999999.0 -999999.0 -999999.0
100.17914 98.14042 53.254555 34.686897 70.77935 71.72968 77.289566 75.83146 72.062965 69.23534 62.304573 61.97174 60.73384 65.53437 73.23485 82.79203 97.59846 106.40134 112.52181 122.64602 146.46237 167.68713 187.88815 196.8204 203.86018 158.4087 121.121796 133.1208 163.0937 205.0775 232.70468 209.87103 183.15834 153.92516 152.93819 179.98047 204.55981 222.01683 206.10117 129.27412 243.92587 0.0 120.31435 25.827011 -999999.0 -999999.0 -999999.0 -999999.0 -999999.0 -999999.0 -999999.0 -999999.0 -999999.0 -999999.0 -999999.0 -999999.0 -999999.0 -999999.0 -999999.0 -999999.0 -999999.0 -999999.0
108.95125 95.06119 47.094852 28.889458 54.72653 52.48059 55.563778 60.047512 63.730717 63.02861 62.44197 61.87142 60.044075 66.41041 66.2011 73.47987 93.05825 99.274345 109.20634 109.889175 116.66742 129.60612 173.13678 190.62161 182.92633 171.49808 147.24423 156.66327 182.43964 240.85977 268.00833 243.9215 193.94925 152.04784 175.50069 224.36436 311.32434 301.02423 273.50418 112.56449 179.53822 200.76846 146.17175 0.0 0.0 -999999.0 -999999.0 -999999.0 -999999.0 -999999.0 -999999.0 -999999.0 -999999.0 -999999.0 -999999.0 -999999.0 -999999.0 -999999.0 -999999.0 -999999.0 -999999.0 -999999.0
114.85537 89.75087 52.260048 30.994595 41.740223 29.748928 36.58811 44.066936 47.139812 59.44114 60.372345 56.093426 64.34354 69.384186 73.24941 65.96415 64.71684 86.71562 100.4088 97.736496 95.3689 106.83925 130.41496 158.95445 161.69978 163.88652 157.63754 155.40565 151.1225 193.80855 249.06606 306.30814 233.99365 173.73265 179.033 186.41246 264.11804 237.6163 222.94443 200.42201 180.43857 159.78723 0.0 0.0 0.0 0.0 -999999.0 -999999.0 -999999.0 -999999.0 -999999.0 -999999.0 -999999.0 -999999.0 -999999.0 -999999.0 -999999.0 -999999.0 -999999.0 -999999.0 -999999.0 -999999.0
128.19102 85.51673 58.183266 37.84642 18.250542 17.131123 40.53864 49.49959 50.617626 35.64484 27.094223 48.8823 72.30318 75.18256 75.3928 64.900856 62.095715 58.561207 74.63365 89.78016 93.0264 104.20485 121.828186 141.80858 156.24448 144.17651 132.65979 135.99083 163.0614 227.07336 288.47092 283.55072 232.96558 168.1229 103.8158 75.20255 141.05394 146.4413 138.53468 227.56009 202.10397 182.5186 0.0 0.0 0.0 -999999.0 -999999.0 -999999.0 -999999.0 -999999.0 -999999.0 -999999.0 -999999.0 -999999.0 -999999.0 -999999.0 -999999.0 -999999.0 -999999.0 -999999.0 -999999.0 -999999.0
138.59619 111.65702 86.61461 69.68062 48.486877 41.381557 49.14857 34.509613 36.278175 33.704834 24.028296 35.00417 59.269962 74.49145 71.29006 66.91969 68.76151 69.109955 70.10013 67.95464 78.23486 89.31372 107.53652 139.24274 144.29753 120.48194 103.66089 88.6059 159.95717 201.9323 236.8368 233.43199 204.89932 173.68095 131.43762 67.14835 128.61717 240.47789 284.6846 275.9191 234.59962 0.0 0.0 0.0 0.0 -999999.0 -999999.0 -999999.0 -999999.0 -999999.0 -999999.0 -999999.0 -999999.0 -999999.0 -999999.0 -999999.0 -999999.0 -999999.0 -999999.0 -999999.0 -999999.0 -999999.0
154.49539 141.3647 132.82556 118.08037 99.37015 78.02664 64.71229 46.392742 46.701946 42.977947 32.648815 31.872005 47.420742 66.38076 60.188736 58.658524 81.52807 89.41796 75.31156 53.52961 45.98444 68.44743 102.89925 153.47156 155.17021 114.609245 123.30744 169.4552 166.6836 186.71863 182.45543 144.44637 138.40027 129.06044 142.18253 139.59698 208.87988 359.9171 388.6519 338.9215 246.05492 0.0 0.0 0.0 0.0 0.0 -999999.0 -999999.0 -999999.0 -999999.0 -999999.0 -999999.0 -999999.0 -999999.0 -999999.0 -999999.0 -999999.0 -999999.0 -999999.0 -999999.0 -999999.0 -999999.0
170.88377 177.67749 173.89537 168.88809 158.38382 114.423615 85.6043 66.539185 58.080536 58.190582 39.431557 37.43693 42.926163 59.21519 42.75455 36.383972 111.22939 115.088356 80.710014 50.975544 19.664963 40.840553 110.09941 144.69574 120.99605 116.88479 155.15405 193.5096 189.40875 214.3275 184.02837 130.13936 122.35551 76.82951 95.61918 200.17575 313.3301 494.47485 501.7739 421.31543 202.47913 0.0 0.0 0.0 0.0 -999999.0 -999999.0 -999999.0 -999999.0 -999999.0 -999999.0 -999999.0 -999999.0 -999999.0 -999999.0 -999999.0 -999999.0 -999999.0 -999999.0 -999999.0 -999999.0 -999999.0
185.44759 195.76909 204.27722 185.00941 189.0803 164.18407 127.827614 89.721954 60.41696 36.67911 28.480862 31.174126 38.20557 47.257927 53.28616 49.616882 148.187 126.53868 85.35449 53.703953 14.1861515 45.59809 126.29031 130.54877 128.76468 147.37766 175.50786 198.42108 204.21133 242.18794 246.5811 209.46878 174.79552 118.94998 109.62936 205.6429 372.97287 573.3156 564.0323 41.571987 137.20906 0.0 0.0 0.0 0.0 -999999.0 -999999.0 -999999.0 -999999.0 -999999.0 -999999.0 -999999.0 -999999.0 -999999.0 -999999.0 -999999.0 -999999.0 -999999.0 -999999.0 -999999.0 -999999.0 -999999.0
193.23741 210.15308 219.96805 205.3527 197.71777 188.81334 158.05739 117.6019 68.06661 24.021515 30.31974 20.09667 13.814647 41.399197 103.737686 122.79154 137.74197 127.91858 95.60097 80.79294 71.135475 97.21616 130.51256 110.27823 132.348 165.55663 194.54875 218.84735 237.25018 287.05313 322.05716 299.52618 229.37189 179.05786 184.48837 165.3206 301.99304 384.71643 430.50952 135.71854 147.87868 0.0 0.0 0.0 -999999.0 -999999.0 -999999.0 -999999.0 -999999.0 -999999.0 -999999.0 -999999.0 -999999.0 -999999.0 -999999.0 -999999.0 -999999.0 -999999.0 -999999.0 -999999.0 -999999.0 -999999.0
207.91649 245.30696 254.98888 242.68349 244.59921 220.33858 181.86166 153.9809 107.902275 62.56631 38.431927 27.54872 14.791738 38.639297 97.46265 127.56894 134.18803 132.79884 118.319374 104.878845 111.91052 121.77773 127.58544 137.6257 153.24776 177.1449 199.85054 233.69643 265.8051 335.76306 345.66827 327.63443 266.2449 204.64798 186.96625 164.6062 283.53662 257.1971 -999999.0 201.31033 73.76863 0.0 0.0 -999999.0 -999999.0 -999999.0 -999999.0 -999999.0 -999999.0 -999999.0 -999999.0 -999999.0 -999999.0 -999999.0 -999999.0 -999999.0 -999999.0 -999999.0 -999999.0 -999999.0 -999999.0 -999999.0
246.30536 313.7417 322.45728 296.22137 292.666 261.8674 229.89691 213.06293 167.75922 116.34926 71.22351 49.105473 46.0066 70.82757 107.07614 119.12496 132.11642 121.26575 129.54602 116.790695 113.4553 116.62616 131.70259 149.30226 167.67323 187.2066 205.18439 256.04163 285.02435 343.41068 332.19412 317.23718 272.28665 212.26772 189.17326 179.93295 235.77003 131.90303 -999999.0 112.71269 129.2317 0.0 0.0 -999999.0 -999999.0 -999999.0 -999999.0 -999999.0 -999999.0 -999999.0 -999999.0 -999999.0 -999999.0 -999999.0 -999999.0 -999999.0 -999999.0 -999999.0 -999999.0 -999999.0 -999999.0 -999999.0
303.51846 336.96075 365.54086 325.17673 327.7602 297.87827 284.03757 287.76697 232.9199 164.87024 103.4432 75.54658 68.95536 94.14574 99.86295 109.14433 119.39374 118.07753 112.59481 94.81221 94.39336 94.48973 104.949455 132.22449 163.19766 192.81573 231.996 290.41815 312.32803 328.57043 307.46918 306.42896 273.93152 226.49297 193.64397 209.54146 258.46817 120.57194 90.39153 135.15953 0.0 0.0 0.0 0.0 -999999.0 -999999.0 -999999.0 -999999.0 -999999.0 -999999.0 -999999.0 -999999.0 -999999.0 -999999.0 -999999.0 -999999.0 -999999.0 -999999.0 -999999.0 -999999.0 -999999.0 -999999.0
333.51477 351.73273 377.58224 340.5362 345.96527 327.948 322.7542 338.5615 289.33472 189.97534 119.197784 90.67833 97.882454 121.73054 74.675735 75.99768 80.96594 72.46362 83.663185 63.983868 52.59636 71.725235 76.77636 94.84759 135.63257 175.41519 226.67719 280.7917 317.0669 327.3149 305.67664 284.73846 249.71248 214.86252 218.51799 247.39357 315.148 200.59302 185.8909 152.48781 155.02953 0.0 0.0 0.0 -999999.0 -999999.0 -999999.0 -999999.0 -999999.0 -999999.0 -999999.0 -999999.0 -999999.0 -999999.0 -999999.0 -999999.0 -999999.0 -999999.0 -999999.0 -999999.0 -999999.0 -999999.0
362.24448 371.78174 356.85733 363.8646 378.9773 379.05136 367.01297 364.34412 300.39185 192.80385 169.43637 131.17767 121.951645 136.80426 -999999.0 60.790543 82.347176 83.38878 80.96025 64.2388 46.742023 74.41859 79.66491 92.112915 105.93693 168.8433 190.59659 268.30414 297.79477 332.2164 332.27472 258.02457 209.93745 175.29929 203.84073 263.25873 365.80014 287.7591 277.49084 178.82248 162.35312 0.0 0.0 0.0 0.0 -999999.0 -999999.0 -999999.0 -999999.0 -999999.0 -999999.0 -999999.0 -999999.0 -999999.0 -999999.0 -999999.0 -999999.0 -999999.0 -999999.0 -999999.0 -999999.0 -999999.0
401.10526 409.0175 384.51572 349.31445 383.16214 354.25134 361.09912 339.3725 280.05023 214.4325 226.33226 227.53528 189.39899 113.30805 37.99861 93.91149 118.98079 104.579185 116.684494 82.44418 48.621532 50.846684 75.871155 93.13816 109.17098 126.96643 192.45396 246.71878 274.76373 339.55884 318.23154 282.9116 274.86502 240.56369 189.59933 324.46582 420.68307 278.5316 135.33913 209.6369 89.24108 0.0 0.0 0.0 0.0 -999999.0 -999999.0 -999999.0 -999999.0 -999999.0 -999999.0 -999999.0 -999999.0 -999999.0 -999999.0 -999999.0 -999999.0 -999999.0 -999999.0 -999999.0 -999999.0 -999999.0
447.53357 434.2059 414.7022 380.91644 411.53116 398.24942 372.32343 323.59653 293.15372 263.99283 306.4282 366.91333 293.06696 187.07094 147.97696 191.08807 169.32059 149.75237 140.14423 108.181526 91.40271 66.52469 73.313866 102.083206 131.40198 158.0872 194.86125 238.57613 231.93167 256.5822 289.01215 320.24826 368.45212 345.10565 311.3073 438.99475 483.7086 271.408 180.47652 122.25939 226.64081 0.0 0.0 0.0 0.0 -999999.0 -999999.0 -999999.0 -999999.0 -999999.0 -999999.0 -999999.0 -999999.0 -999999.0 -999999.0 -999999.0 -999999.0 -999999.0 -999999.0 -999999.0 -999999.0 -999999.0
407.93625 396.71365 387.30634 343.76486 361.48907 345.27335 334.99057 314.86023 283.8037 308.2976 314.15338 480.07632 327.18802 223.74 161.42752 167.40448 217.21124 203.25836 174.72586 149.02388 131.0318 107.04121 115.9023 148.325 160.57864 201.99588 238.35179 241.48297 187.74066 194.8307 278.74982 322.06116 362.82074 400.01126 348.47903 420.34177 423.76947 281.10464 193.80797 345.25613 337.73724 0.0 0.0 0.0 -999999.0 -999999.0 -999999.0 -999999.0 -999999.0 -999999.0 -999999.0 -999999.0 -999999.0 -999999.0 -999999.0 -999999.0 -999999.0 -999999.0 -999999.0 -999999.0 -999999.0 -999999.0
395.36612 374.17783 355.28067 307.9469 302.95456 292.12048 260.88394 259.1933 354.28912 406.1389 372.75342 409.44534 338.58984 235.35129 109.685165 175.5721 278.21625 285.21677 238.7556 162.63669 138.95805 138.75826 164.84927 177.73267 218.51906 268.79086 312.98938 253.79878 192.48567 266.6321 377.67227 378.20294 370.08502 360.81076 371.53635 340.25986 321.05447 256.73154 298.34485 372.5485 309.34308 0.0 0.0 0.0 0.0 -999999.0 -999999.0 -999999.0 -999999.0 -999999.0 -999999.0 -999999.0 -999999.0 -999999.0 -999999.0 -999999.0 -999999.0 -999999.0 -999999.0 -999999.0 -999999.0 -999999.0
343.2067 303.75372 271.6629 231.96442 232.16217 258.50113 180.08456 248.66443 378.3998 470.1874 423.8534 377.24164 321.55536 238.0736 181.06795 282.49307 451.89764 410.59042 293.2771 200.0654 133.15405 164.1782 210.93016 246.59435 313.20877 367.28363 332.35797 249.0079 223.71057 360.81424 420.22763 404.8095 371.3763 347.71872 316.65887 316.72717 291.05032 269.65213 269.54068 285.62183 305.19916 0.0 0.0 0.0 0.0 -999999.0 -999999.0 -999999.0 -999999.0 -999999.0 -999999.0 -999999.0 -999999.0 -999999.0 -999999.0 -999999.0 -999999.0 -999999.0 -999999.0 -999999.0 -999999.0 -999999.0
230.92654 226.3725 205.50356 170.3704 146.97266 181.31973 173.27231 220.79448 352.0453 395.01248 382.38342 336.4984 340.54788 246.46985 194.76021 353.86856 546.9416 480.62885 295.1163 171.38834 139.75539 160.7368 218.15112 266.30865 387.27795 482.40887 279.95157 227.51016 297.054 428.6363 425.7816 418.57797 430.56473 400.19305 362.28665 242.34265 252.90294 254.88437 245.20535 235.45483 0.0 0.0 0.0 0.0 0.0 0.0 -999999.0 -999999.0 -999999.0 -999999.0 -999999.0 -999999.0 -999999.0 -999999.0 -999999.0 -999999.0 -999999.0 -999999.0 -999999.0 -999999.0 -999999.0 -999999.0
241.05034 231.5339 172.75986 139.52719 114.64184 136.09294 147.64601 170.0639 211.52513 294.12488 296.6802 258.59735 120.91103 138.76445 109.95545 289.7326 487.23477 518.986 230.51808 99.259254 146.46631 178.63852 189.43555 251.08623 320.70676 328.0154 214.82883 246.92569 290.64896 367.2163 442.12244 432.34094 398.62793 368.1007 288.1348 165.66566 233.27306 203.38217 200.69162 0.0 0.0 0.0 0.0 0.0 0.0 -999999.0 -999999.0 -999999.0 -999999.0 -999999.0 -999999.0 -999999.0 -999999.0 -999999.0 -999999.0 -999999.0 -999999.0 -999999.0 -999999.0 -999999.0 -999999.0 -999999.0
302.38797 276.72586 230.59558 182.31384 115.45383 118.02489 129.0945 122.86476 156.90257 238.18282 238.83739 200.68695 116.9222 86.06071 136.40059 244.98387 360.73587 377.75385 312.75665 291.43042 171.63957 161.75711 132.47981 214.76828 271.4299 334.79044 331.34555 315.76596 316.42435 339.03983 365.72485 402.476 349.94464 283.46945 157.2837 132.8872 133.22751 165.52551 177.13246 0.0 0.0 0.0 0.0 0.0 0.0 -999999.0 -999999.0 -999999.0 -999999.0 -999999.0 -999999.0 -999999.0 -999999.0 -999999.0 -999999.0 -999999.0 -999999.0 -999999.0 -999999.0 -999999.0 -999999.0 -999999.0
