data/TNO-HT-ATES/HT-ATES_msz2/msz2__flowr_injnorm_P50_basecase_80-45-40.asc
ncols  140
nrows  163
xllcorner  0.0
yllcorner  300000.0
cellsize  2000.0
NODATA_value  -999999.0
[rows 28 to 55 of 163, columns 62 to 123 of 140]
184.10698 189.72365 210.38745 208.86153 202.55821 199.04243 192.65388 193.39189 189.11102 181.91074 179.88042 160.9488 143.2761 157.72942 181.84981 177.08353 172.09906 167.44392 169.77016 168.33754 218.11668 247.18256 262.25897 264.08527 263.28287 263.9019 258.231 251.22879 234.27907 214.67662 196.89738 183.5875 170.49193 155.67355 140.28923 125.84499 121.6827 116.74999 108.726364 98.18475 93.08604 82.070045 63.33007 53.013367 42.30257 27.926096 9.867439 -999999.0 -999999.0 -999999.0 -999999.0 -999999.0 -999999.0 -999999.0 -999999.0 -999999.0 -999999.0 -999999.0 -999999.0 -999999.0 -999999.0 -999999.0
170.21353 185.8459 196.44151 198.46925 200.89268 188.68192 185.52202 179.13332 178.1766 172.52629 166.79861 146.80421 147.29301 163.95828 166.9778 171.7155 161.3461 -999999.0 177.03412 184.89944 222.46323 261.3364 265.0865 278.94357 268.7344 274.7062 259.973 240.05423 223.72473 208.76106 191.46628 176.45699 171.08243 141.92499 109.67202 89.68494 109.74475 121.95388 109.075676 95.78982 87.59729 78.96594 67.854385 62.959835 57.81785 48.416626 27.17021 -999999.0 -999999.0 -999999.0 2.3598897 -999999.0 -999999.0 -999999.0 -999999.0 -999999.0 -999999.0 -999999.0 -999999.0 -999999.0 -999999.0 -999999.0
151.4693 158.66801 164.79121 172.19449 174.28456 168.92476 168.32718 164.29422 158.66321 163.63545 146.50282 151.03082 154.97974 165.24902 162.392 164.01448 167.28285 188.70355 202.61237 215.79872 236.2919 253.8172 267.05676 276.7238 275.22345 276.99893 271.10913 234.18523 208.37431 196.07898 133.67859 133.42702 139.87152 122.59207 86.147224 50.72241 -999999.0 116.40731 106.41448 94.18193 84.86118 72.757195 68.961716 69.52515 70.0425 78.39115 64.887505 25.957516 25.47186 -999999.0 18.846918 -999999.0 -999999.0 -999999.0 -999999.0 -999999.0 -999999.0 -999999.0 -999999.0 -999999.0 -999999.0 -999999.0
134.01851 141.26958 145.20757 147.23283 148.32735 146.18594 164.11552 159.02774 145.50722 143.85799 152.45714 161.62204 165.81134 172.61768 167.01457 170.41525 204.50157 221.54784 232.43608 232.01778 234.82014 251.5092 223.07921 222.50586 268.44022 270.2925 240.29974 223.39937 197.33383 144.22076 77.120445 85.206024 102.03016 118.63761 86.3032 69.07982 85.960815 106.173004 98.75191 86.082436 71.46204 65.19185 62.989994 67.93415 80.81069 102.1695 97.875916 90.7002 63.86006 78.23024 7.8434005 11.273968 -999999.0 -999999.0 -999999.0 -999999.0 -999999.0 -999999.0 -999999.0 -999999.0 -999999.0 -999999.0
120.00868 127.96917 131.18704 136.93367 139.4619 146.81985 155.934 148.63336 139.6354 134.19275 151.5717 164.65369 174.85608 183.5488 187.6329 188.396 225.22061 225.77132 241.02919 239.52531 248.98674 257.1274 234.88132 236.4217 274.1244 257.6712 231.2365 222.30249 198.94032 87.42819 19.799503 65.76595 92.81189 101.970726 93.61055 86.35535 90.51923 94.710724 89.51418 76.76471 60.283936 54.110996 59.32018 71.49842 85.93633 101.96162 105.98626 113.21374 86.57936 46.763332 -999999.0 54.878746 -999999.0 -999999.0 -999999.0 -999999.0 -999999.0 -999999.0 -999999.0 -999999.0 -999999.0 -999999.0
102.88365 115.31679 123.64781 135.53522 142.97493 147.14072 151.27525 141.7257 137.57568 112.34887 144.04515 170.37025 181.76471 192.5127 200.12975 204.58116 230.70473 244.7493 247.71361 242.16052 250.82965 248.00247 232.22113 231.78314 259.87012 240.85605 219.16704 202.53722 177.62387 99.39147 86.491196 82.37541 101.065025 113.22693 111.34738 104.642715 93.96169 82.67815 71.46388 56.257523 36.816566 30.668415 48.858437 70.3494 83.910194 96.16383 99.67925 101.65023 80.32492 47.15364 36.38116 -999999.0 -999999.0 -999999.0 -999999.0 -999999.0 -999999.0 -999999.0 -999999.0 -999999.0 -999999.0 -999999.0
84.00614 99.63913 104.69873 123.5043 135.37099 138.62265 148.76004 143.85884 139.52213 143.86923 158.01732 179.37994 187.19565 184.25922 195.70148 209.86418 231.23572 250.52255 254.80241 234.46745 225.54135 222.0526 218.10968 233.41968 248.2411 216.88547 205.65787 189.59857 162.39157 105.59331 83.36526 95.921135 116.01457 135.00314 135.92915 122.98606 101.06178 81.695786 65.58773 43.677692 20.13148 -999999.0 37.516197 67.263145 80.24052 93.195854 94.968094 83.55427 54.64541 23.004099 12.066693 -999999.0 -999999.0 -999999.0 -999999.0 -999999.0 -999999.0 -999999.0 -999999.0 -999999.0 -999999.0 -999999.0
77.328255 94.25112 106.3573 117.245865 128.09958 136.27098 140.37976 141.70108 137.53058 140.95999 159.04765 175.7174 183.02274 180.64088 195.50891 239.89606 238.99023 254.31645 252.31523 236.39867 215.55821 187.33893 188.44412 242.11713 227.64577 203.37914 189.40033 181.07245 143.85812 97.861916 73.36131 91.40101 124.14118 157.85307 162.15364 140.25711 110.341866 80.433205 52.329723 39.38045 20.11089 14.917352 32.962994 61.86924 76.1121 89.34362 85.69632 57.924957 31.349678 4.2283883 -999999.0 -999999.0 -999999.0 -999999.0 -999999.0 -999999.0 -999999.0 -999999.0 -999999.0 -999999.0 -999999.0 -999999.0
79.94505 93.088234 105.81501 117.6301 129.33406 136.68251 133.09598 136.5115 135.51134 141.4815 161.86388 166.0706 176.95572 175.86218 194.70741 230.59303 239.3832 258.56262 267.13892 246.04265 214.67982 200.99957 202.10043 223.84706 206.47475 186.53195 175.81406 166.74437 118.44945 75.32473 57.944565 95.4011 142.26967 164.52882 162.25801 152.3525 127.48844 87.44102 52.83415 34.87588 23.061869 24.054031 36.122013 57.542965 69.086914 76.43942 66.26424 34.459805 10.525059 -999999.0 -999999.0 3.1786492 10.413197 -999999.0 -999999.0 -999999.0 -999999.0 -999999.0 -999999.0 -999999.0 -999999.0 -999999.0
68.85041 78.749214 98.70449 113.97531 129.07938 132.82178 144.56636 136.77689 132.53578 144.51236 150.33449 145.04768 147.52055 162.95207 196.63524 232.41107 246.46928 258.86966 267.30344 254.09927 226.69522 198.56937 185.02406 186.04349 183.10849 161.64421 164.02884 139.2281 101.15114 59.547516 40.308784 94.1659 157.41911 164.49121 161.69698 155.81557 126.74671 76.95768 43.091766 27.398615 24.236984 23.47424 30.772463 49.05951 58.666496 59.333073 38.082275 3.717284 -999999.0 8.181528 27.787905 58.41757 107.12921 -999999.0 -999999.0 -999999.0 -999999.0 -999999.0 -999999.0 -999999.0 -999999.0 -999999.0
68.3913 77.93393 93.79731 106.81928 127.55745 126.310524 138.64326 138.3351 115.08341 117.28127 127.510765 136.06648 145.23636 163.77316 211.12209 245.52145 261.82648 279.55676 262.76846 249.90703 220.87099 186.9619 169.27232 161.56395 170.9947 146.12563 151.36076 124.63113 97.170456 66.038635 66.894066 102.40141 150.69673 155.35748 165.39505 161.30608 104.77389 52.803333 21.728918 11.345096 18.36671 20.021929 26.202074 40.47243 48.436226 41.85473 10.454838 -999999.0 0.0 10.3739605 57.709026 43.377495 40.228027 -999999.0 -999999.0 -999999.0 -999999.0 -999999.0 -999999.0 -999999.0 -999999.0 -999999.0
69.637375 74.507454 91.41431 107.10218 120.51749 127.13816 139.48183 140.31606 126.76021 109.89738 112.74606 133.53362 145.5987 177.75706 207.81602 240.30508 281.25546 279.1286 266.8222 246.85226 215.07375 171.01962 159.81593 156.53386 168.71396 152.15318 146.87206 119.5633 96.22605 79.02691 81.81884 101.62627 130.86804 155.34338 156.78839 117.022156 69.65846 18.876715 -999999.0 -999999.0 11.819581 17.05438 23.305017 28.325611 27.415321 18.435555 -999999.0 -999999.0 19.09489 18.60703 -999999.0 -999999.0 -999999.0 -999999.0 -999999.0 -999999.0 -999999.0 -999999.0 -999999.0 -999999.0 -999999.0 -999999.0
80.05411 88.80494 100.10106 107.15227 120.10189 124.6019 149.1576 143.02686 129.94855 120.11313 101.25422 118.16745 145.41048 174.38815 201.21675 247.17293 285.61417 276.13196 261.97345 240.91748 205.29771 187.54953 166.82922 176.41264 167.00354 154.45825 147.83955 122.57593 102.08436 88.272736 84.486115 89.45229 99.372154 108.27668 106.779274 80.58579 43.984543 6.822273 -999999.0 -999999.0 5.8269205 9.531482 14.665951 16.821972 11.74133 9.275197 29.768576 24.114271 16.846027 -999999.0 -999999.0 -999999.0 -999999.0 -999999.0 -999999.0 -999999.0 -999999.0 -999999.0 -999999.0 -999999.0 -999999.0 -999999.0
93.43361 102.07517 112.03194 124.997055 135.9228 136.83928 142.70038 148.42566 135.99403 123.43104 126.2158 118.37284 139.2219 173.26439 204.54524 271.71744 268.4683 259.16714 237.89291 224.09756 203.88716 194.83324 172.07338 176.84662 169.95723 165.26198 159.35332 131.71071 102.20745 89.29356 87.57597 80.945755 76.32062 71.27599 69.66946 54.340538 33.676838 14.735156 3.9196918 1.8676925 9.766584 10.557458 11.937102 10.489555 6.547858 2.687512 18.61082 55.172886 -999999.0 -999999.0 -999999.0 -999999.0 -999999.0 -999999.0 -999999.0 -999999.0 -999999.0 -999999.0 -999999.0 -999999.0 -999999.0 -999999.0
107.27605 114.15577 123.54106 138.63596 147.95067 146.38387 146.54298 142.6901 132.3996 118.63191 133.46582 118.51118 131.30034 168.85027 203.56216 249.00635 232.20447 227.89938 211.17546 201.09074 187.2246 166.03458 173.70567 166.28189 173.03847 162.05597 155.23253 139.41772 112.604095 95.67965 79.69001 66.66438 54.33023 43.709774 38.107468 38.366962 27.101866 19.811747 13.319053 7.475845 11.533976 13.466297 11.833771 11.007343 10.356517 3.363378 58.079323 53.67624 -999999.0 -999999.0 -999999.0 -999999.0 -999999.0 -999999.0 -999999.0 -999999.0 -999999.0 -999999.0 -999999.0 -999999.0 -999999.0 -999999.0
123.17124 128.05838 137.80037 150.6737 154.53098 149.85426 148.58846 143.48106 130.35458 122.751465 128.51526 127.56562 131.65817 143.30482 174.57678 212.71521 206.44632 193.96489 186.73846 169.92651 140.7176 144.75647 141.70166 151.24991 168.3433 158.86365 143.73068 131.86266 115.069 92.780975 70.835106 51.776714 38.24513 23.657763 18.50861 24.751564 20.88576 21.692808 18.985914 11.769187 14.292509 18.6544 18.258598 11.625161 6.3335 2.455688 21.980846 -999999.0 -999999.0 -999999.0 -999999.0 -999999.0 -999999.0 -999999.0 -999999.0 -999999.0 -999999.0 -999999.0 -999999.0 -999999.0 -999999.0 -999999.0
143.98221 142.88882 153.45454 159.66486 156.6569 149.84503 145.01118 139.80269 134.01593 120.315956 124.14335 130.71945 137.24687 145.38686 148.53075 166.67046 177.47806 164.55006 148.95389 135.10838 103.05281 115.47287 127.985756 137.09683 156.87808 154.12805 136.6733 122.763374 114.008606 96.434845 69.73857 50.10476 29.363977 9.162501 9.446546 19.13476 21.652567 20.865965 16.085098 13.858248 17.563446 26.849932 18.239895 10.526844 2.9295702 -999999.0 5.863394 -999999.0 -999999.0 -999999.0 -999999.0 -999999.0 -999999.0 -999999.0 -999999.0 -999999.0 -999999.0 -999999.0 -999999.0 -999999.0 -999999.0 -999999.0
162.73494 163.15279 171.05444 166.2151 156.44405 154.1934 139.62578 136.3308 127.356224 119.4795 116.540436 106.85612 138.67014 157.6976 144.4515 142.9342 136.79636 130.88257 101.568924 79.18902 91.19662 105.580795 114.453964 124.96589 147.71112 149.76923 142.5601 119.74057 113.60583 103.22856 79.125565 58.739098 32.58936 9.93786 17.779982 26.78795 30.597998 26.227549 20.708189 16.552328 20.82867 19.050772 15.379399 -999999.0 3.4200864 -999999.0 -999999.0 -999999.0 -999999.0 -999999.0 -999999.0 -999999.0 -999999.0 -999999.0 -999999.0 -999999.0 -999999.0 -999999.0 -999999.0 -999999.0 -999999.0 -999999.0
177.01047 181.12964 187.1294 182.49878 168.89314 140.7746 133.8068 134.3204 134.28908 137.52461 123.44785 104.76513 154.43745 169.06888 124.49869 111.809685 100.66425 54.491142 36.31078 25.32087 41.63351 58.178886 80.27332 100.777054 127.48258 146.15074 141.70322 133.4568 121.99142 117.99095 91.60894 68.55913 50.828953 41.494484 42.404064 42.20752 44.28948 39.48217 36.243652 23.909584 15.384993 6.781163 -999999.0 -999999.0 5.1563916 -999999.0 -999999.0 -999999.0 -999999.0 -999999.0 -999999.0 -999999.0 -999999.0 -999999.0 -999999.0 -999999.0 -999999.0 -999999.0 -999999.0 -999999.0 -999999.0 -999999.0
195.43967 201.43405 206.34575 204.19066 187.3917 159.31305 147.79576 149.46146 147.67479 145.22707 130.54396 131.82343 154.34073 153.60088 107.76796 76.11525 54.592243 15.562459 12.077848 39.073147 45.02056 47.20951 72.60377 96.42611 116.25671 132.82158 141.96909 130.41745 116.76423 106.60616 91.481895 71.75822 57.34091 60.29878 58.844936 66.53251 67.27931 58.62174 45.635178 28.050798 17.076231 2.6056523 -999999.0 -999999.0 -999999.0 2.3587754 -999999.0 -999999.0 -999999.0 -999999.0 -999999.0 -999999.0 -999999.0 -999999.0 -999999.0 -999999.0 -999999.0 -999999.0 -999999.0 -999999.0 -999999.0 -999999.0
218.19345 225.27292 221.46896 214.58609 198.16367 180.59116 172.25743 172.15866 169.18678 161.54233 150.84703 137.94867 135.20857 115.111885 91.52061 66.630356 19.931984 19.933632 27.12475 56.867523 69.81202 75.39095 86.07001 98.825 115.58886 121.98272 130.58165 134.63058 121.779076 115.31271 100.65993 78.77583 65.95097 77.90203 75.33011 65.46228 66.46376 54.841602 49.09523 35.178345 24.155455 4.861701 -999999.0 -999999.0 9.3067875 6.804582 -999999.0 -999999.0 -999999.0 -999999.0 -999999.0 -999999.0 -999999.0 -999999.0 -999999.0 -999999.0 -999999.0 -999999.0 -999999.0 -999999.0 -999999.0 -999999.0
232.1858 245.03825 239.00961 228.7239 212.11966 197.66455 189.6681 182.64046 175.99814 169.9801 149.0501 124.14854 111.96794 86.22859 79.31709 70.247406 54.894543 45.159004 29.168331 44.939507 79.03745 104.6843 97.425606 94.36965 105.097206 118.90432 119.8769 122.49216 129.67862 118.57907 106.14144 88.7862 83.9774 71.76858 54.32893 41.921364 42.519836 51.42181 45.44734 35.26533 23.693989 7.6978607 -999999.0 9.699929 19.366747 5.6000032 -999999.0 -999999.0 -999999.0 -999999.0 -999999.0 -999999.0 -999999.0 -999999.0 -999999.0 -999999.0 -999999.0 -999999.0 -999999.0 -999999.0 -999999.0 -999999.0
240.931 249.69301 243.81116 233.81912 221.45424 205.18407 192.21758 182.73854 174.59865 160.21872 134.03853 129.71243 111.747185 91.22509 88.97689 72.23729 88.25228 59.024693 36.995625 54.656357 72.352325 107.485245 114.43418 94.90276 67.87116 118.335884 90.433044 93.11285 110.09264 112.78473 97.39456 82.60028 73.97738 55.833366 38.23307 11.537581 18.084137 45.797832 42.30267 23.11433 4.5022807 6.0467725 4.8353558 22.421703 15.600385 3.203879 -999999.0 -999999.0 -999999.0 -999999.0 -999999.0 -999999.0 -999999.0 -999999.0 -999999.0 -999999.0 -999999.0 -999999.0 -999999.0 -999999.0 -999999.0 -999999.0
233.55907 239.25763 239.78291 230.84605 222.43875 203.94048 189.5939 181.3654 173.04442 163.53052 143.75684 131.95558 112.86006 94.539925 91.26123 95.473175 105.17241 66.80453 62.696526 72.48973 85.44342 110.54354 119.12208 111.35486 108.689026 91.83418 82.74659 81.54034 92.07431 107.18386 99.53502 89.37588 77.00023 64.45558 42.990936 28.658457 34.88068 39.923946 36.088177 25.20645 15.976393 7.1025925 3.9512305 25.948471 17.415829 1.8903122 -999999.0 -999999.0 -999999.0 -999999.0 -999999.0 -999999.0 -999999.0 -999999.0 -999999.0 -999999.0 -999999.0 -999999.0 -999999.0 -999999.0 -999999.0 -999999.0
208.68782 210.13312 210.38663 206.62029 204.91818 197.34358 186.96011 162.98677 155.21393 159.50403 152.91847 143.80722 126.037 108.2542 106.695946 109.36271 102.41855 85.11652 87.49733 80.40869 94.339005 116.14511 116.05749 123.631935 109.17186 64.91797 76.54771 86.33949 82.836105 90.202385 99.71691 108.22829 84.56813 82.62781 70.580246 44.875244 24.870676 37.2951 25.532932 23.389744 28.18076 29.590343 34.75274 40.9085 20.783289 -999999.0 -999999.0 -999999.0 -999999.0 -999999.0 -999999.0 -999999.0 -999999.0 -999999.0 -999999.0 -999999.0 -999999.0 -999999.0 -999999.0 -999999.0 -999999.0 -999999.0
181.54515 177.61337 175.65704 175.64975 181.0419 180.85876 176.7756 160.40895 154.38394 159.27415 149.1695 139.95113 128.57704 111.449905 101.19335 103.291046 92.85003 116.06966 101.41162 86.16862 105.2805 131.55983 133.92143 134.23744 115.08185 82.55231 105.41323 95.06913 60.369907 76.069695 96.63292 113.699814 94.88438 89.86431 92.169044 53.76257 23.713099 17.70399 13.35615 23.654093 47.92496 61.52653 64.33702 54.44872 25.741941 -999999.0 -999999.0 -999999.0 -999999.0 -999999.0 -999999.0 -999999.0 -999999.0 -999999.0 -999999.0 -999999.0 -999999.0 -999999.0 -999999.0 -999999.0 -999999.0 -999999.0
146.33737 139.88948 130.19759 138.34018 155.91466 164.60501 171.56804 166.76634 167.66695 158.20854 141.07927 129.01935 117.74958 108.713646 113.74008 112.73759 100.72627 126.6852 105.38311 86.96257 129.51352 143.67374 145.60765 139.46002 125.38433 110.848366 93.48562 85.258896 76.09606 73.95135 92.83462 109.73711 120.26762 115.52469 85.36401 46.211777 22.407473 6.008417 -999999.0 23.725657 54.183594 73.281364 83.2124 68.77985 26.834585 -999999.0 -999999.0 -999999.0 -999999.0 -999999.0 -999999.0 -999999.0 -999999.0 -999999.0 -999999.0 -999999.0 -999999.0 -999999.0 -999999.0 -999999.0 -999999.0 -999999.0
123.21848 119.86635 98.434135 120.024216 143.70587 156.76706 162.07356 161.81181 161.5084 149.45663 129.17957 114.055565 105.112724 104.044106 123.64394 128.66911 119.90722 140.21136 113.46083 89.01453 132.68149 139.72623 142.00229 144.04483 137.91173 110.83735 71.53698 76.3743 76.07398 73.07875 113.659676 130.90721 133.1099 120.793434 79.022026 52.329514 23.848524 -999999.0 -999999.0 10.010768 57.952984 66.30531 41.890175 52.364166 24.147854 -999999.0 -999999.0 -999999.0 -999999.0 -999999.0 -999999.0 -999999.0 -999999.0 -999999.0 -999999.0 -999999.0 -999999.0 -999999.0 -999999.0 -999999.0 -999999.0 -999999.0
