data/TNO-HT-ATES/HT-ATES_msz2/msz2__temp_start_prod_P50_basecase_80-45-40.asc
ncols  140
nrows  163
xllcorner  0.0
yllcorner  300000.0
cellsize  2000.0
NODATA_value  -999999.0
[rows 28 to 55 of 163, columns 63 to 125 of 140]
79.07897 79.20047 79.2198 79.16396 79.13548 79.11987 79.116394 79.06258 79.0296 78.9937 78.8261 78.58069 78.78959 79.002365 78.96506 78.91135 78.86765 78.88681 78.85313 79.22194 79.34588 79.38993 79.38782 79.36076 79.294716 79.22232 79.1732 79.0277 78.84462 78.65326 78.48465 78.28444 78.06604 77.79235 77.41098 77.06785 76.82013 76.6002 76.441666 76.14737 75.45511 0.0 0.0 0.0 0.0 0.0 -999999.0 -999999.0 -999999.0 -999999.0 -999999.0 -999999.0 -999999.0 -999999.0 -999999.0 -999999.0 -999999.0 -999999.0 -999999.0 -999999.0 -999999.0 -999999.0 -999999.0
79.00885 79.107124 79.12536 79.17202 79.05392 79.02874 78.97221 79.000885 78.93987 78.8566 78.62031 78.62611 78.8222 78.872025 78.9307 78.760574 -999999.0 78.955986 78.99872 79.22184 79.39424 79.387215 79.374886 79.37844 79.29301 79.2238 79.12338 78.95535 78.78129 78.58508 78.41788 78.29699 77.781845 76.863655 75.81428 76.56979 76.9831 76.69306 76.290146 75.8067 75.1954 0.0 0.0 0.0 0.0 0.0 -999999.0 -999999.0 -999999.0 0.0 -999999.0 -999999.0 -999999.0 -999999.0 -999999.0 -999999.0 -999999.0 -999999.0 -999999.0 -999999.0 -999999.0 -999999.0 -999999.0
78.75773 78.814186 78.9081 78.964874 78.908394 78.88398 78.83743 78.802605 78.85928 78.619576 78.68705 78.71863 78.84427 78.82089 78.82013 78.89481 79.05748 79.14518 79.20912 79.28513 79.35899 79.32059 79.35281 79.3499 79.29844 79.19136 79.06672 78.86782 78.677765 77.70928 77.68409 77.67152 77.15195 75.51635 70.82316 -999999.0 76.939 76.551506 76.03708 75.40926 74.74159 74.36323 74.33027 0.0 0.0 0.0 0.0 0.0 -999999.0 0.0 -999999.0 -999999.0 -999999.0 -999999.0 -999999.0 -999999.0 -999999.0 -999999.0 -999999.0 -999999.0 -999999.0 -999999.0 -999999.0
78.50697 78.59322 78.62294 78.621284 78.592545 78.843155 78.79151 78.59819 78.59122 78.66412 78.79002 78.81625 78.885864 78.85755 78.9157 79.1604 79.22519 79.281586 79.27266 79.27711 79.342354 79.10749 79.02402 79.26981 79.260315 79.13288 78.97536 78.74713 77.98895 75.48812 75.93101 76.71052 76.815994 75.64495 74.18057 75.51286 76.67929 76.32967 75.55725 74.77192 0.0 0.0 0.0 75.48053 76.5919 76.54122 76.14444 0.0 0.0 0.0 0.0 -999999.0 -999999.0 -999999.0 -999999.0 -999999.0 -999999.0 -999999.0 -999999.0 -999999.0 -999999.0 -999999.0 -999999.0
78.27741 78.35392 78.452965 78.494705 78.61113 78.71391 78.64163 78.51123 78.371056 78.64423 78.765495 78.8792 78.95497 79.04715 79.05352 79.25324 79.25156 79.31088 79.303246 79.30581 79.328636 79.212814 79.107735 79.27959 79.21091 79.07114 78.8965 78.652245 76.006035 0.0 74.371635 76.162834 76.546906 76.20005 75.730896 75.78466 75.93176 75.79017 74.90201 0.0 0.0 0.0 0.0 75.805954 76.588066 76.88133 77.05654 75.92034 0.0 -999999.0 0.0 -999999.0 -999999.0 -999999.0 -999999.0 -999999.0 -999999.0 -999999.0 -999999.0 -999999.0 -999999.0 -999999.0 -999999.0
78.02236 78.19414 78.39839 78.5452 78.59944 78.65287 78.51967 78.470116 77.99412 78.52178 78.834274 78.94179 79.03022 79.1176 79.14656 79.27179 79.32958 79.34271 79.281555 79.319244 79.29589 79.2034 79.09338 79.215675 79.12025 78.99054 78.82005 78.47625 76.52843 75.53075 75.45364 76.633995 77.01923 76.989334 76.63365 76.04059 75.47518 74.773415 0.0 0.0 0.0 0.0 0.0 75.71377 76.34815 76.62889 76.662285 0.0 0.0 0.0 -999999.0 -999999.0 -999999.0 -999999.0 -999999.0 -999999.0 -999999.0 -999999.0 -999999.0 -999999.0 -999999.0 -999999.0 -999999.0
77.55158 77.73511 78.19531 78.40123 78.482056 78.623405 78.56004 78.47031 78.50695 78.696526 78.91701 78.99121 78.97004 79.08896 79.18419 79.27443 79.35894 79.279144 79.23402 79.184555 79.16523 79.13254 79.08944 79.16469 79.031265 78.87299 78.70571 78.27905 76.83631 75.554214 76.2511 77.177765 77.64955 77.69801 77.274345 76.43524 75.42831 74.14367 0.0 0.0 -999999.0 0.0 0.0 75.48512 76.17574 76.38947 0.0 0.0 0.0 0.0 -999999.0 -999999.0 -999999.0 -999999.0 -999999.0 -999999.0 -999999.0 -999999.0 -999999.0 -999999.0 -999999.0 -999999.0 -999999.0
77.351906 77.73833 78.06377 78.313805 78.44157 78.493515 78.505066 78.43513 78.49993 78.70651 78.886955 78.95875 78.939964 79.04282 79.31591 79.305855 79.34348 79.32738 79.26858 79.15641 78.96123 78.96183 79.1865 79.05974 78.92128 78.7471 78.58794 77.93524 76.472824 75.04598 76.23956 77.49673 78.08936 78.12936 77.75547 76.843895 75.42289 0.0 0.0 0.0 0.0 0.0 0.0 0.0 76.00485 0.0 0.0 0.0 0.0 -999999.0 -999999.0 -999999.0 -999999.0 -999999.0 -999999.0 -999999.0 -999999.0 -999999.0 -999999.0 -999999.0 -999999.0 -999999.0 -999999.0
77.26568 77.6716 78.01482 78.26521 78.4192 78.3827 78.43779 78.4025 78.50212 78.70368 78.75954 78.87471 78.87286 79.04029 79.27097 79.281525 79.349045 79.31272 79.22992 79.11831 79.02709 78.96152 79.039635 78.93542 78.753975 78.55876 78.40455 77.30899 75.111465 73.56974 76.43293 77.91752 78.199646 78.13878 77.966286 77.3658 75.655975 0.0 0.0 0.0 0.0 0.0 0.0 0.0 0.0 0.0 0.0 0.0 -999999.0 -999999.0 0.0 0.0 -999999.0 -999999.0 -999999.0 -999999.0 -999999.0 -999999.0 -999999.0 -999999.0 -999999.0 -999999.0 -999999.0
76.75365 77.55009 77.978546 78.26061 78.34035 78.48521 78.34419 78.28037 78.46855 78.59669 78.539764 78.57252 78.755104 79.04714 79.25016 79.28999 79.35209 79.33757 79.25251 79.17292 78.97858 78.85119 78.73364 78.73648 78.49482 78.372795 77.96878 76.57898 73.28688 0.0 76.28548 78.0587 78.18933 78.16986 77.98997 77.33102 75.03849 0.0 0.0 0.0 0.0 0.0 0.0 0.0 0.0 0.0 0.0 -999999.0 0.0 0.0 0.0 76.67213 -999999.0 -999999.0 -999999.0 -999999.0 -999999.0 -999999.0 -999999.0 -999999.0 -999999.0 -999999.0 -999999.0
76.69207 77.39733 77.805954 78.24977 78.2306 78.39883 78.38456 77.912704 77.99338 78.234474 78.39298 78.5411 78.723145 79.132835 79.31207 79.319786 79.37225 79.323555 79.236786 79.13351 78.88664 78.678085 78.51646 78.57888 78.26527 78.16739 77.58953 76.32977 74.23686 74.11403 76.46735 77.919205 78.095276 78.078735 77.93768 76.49139 0.0 0.0 0.0 0.0 0.0 0.0 0.0 0.0 0.0 0.0 -999999.0 0.0 0.0 0.0 0.0 0.0 -999999.0 -999999.0 -999999.0 -999999.0 -999999.0 -999999.0 -999999.0 -999999.0 -999999.0 -999999.0 -999999.0
76.51561 77.313034 77.81597 78.09981 78.247604 78.41308 78.414734 78.195366 77.81107 77.870674 78.30166 78.50881 78.84532 79.12281 79.30692 79.38312 79.36558 79.315636 79.22217 79.09747 78.74455 78.5688 78.402695 78.53315 78.315994 78.13829 77.514145 76.52 75.48267 75.43846 76.493904 77.462555 77.91363 77.85807 76.95784 74.15553 0.0 -999999.0 -999999.0 0.0 0.0 0.0 0.0 0.0 0.0 -999999.0 -999999.0 0.0 0.0 -999999.0 -999999.0 -999999.0 -999999.0 -999999.0 -999999.0 -999999.0 -999999.0 -999999.0 -999999.0 -999999.0 -999999.0 -999999.0 -999999.0
77.177895 77.58841 77.797386 78.1147 78.242256 78.55265 78.465965 78.258194 78.07805 77.54839 77.98172 78.4531 78.80866 79.06392 79.32423 79.394455 79.34995 79.290016 79.190895 79.0162 78.8777 78.64176 78.52538 78.50639 78.33219 78.137054 77.582825 76.80479 76.14475 75.8439 76.08692 76.51252 76.8093 76.543816 74.96117 0.0 0.0 -999999.0 -999999.0 0.0 0.0 0.0 0.0 0.0 0.0 0.0 0.0 0.0 -999999.0 -999999.0 -999999.0 -999999.0 -999999.0 -999999.0 -999999.0 -999999.0 -999999.0 -999999.0 -999999.0 -999999.0 -999999.0 -999999.0 -999999.0
77.65279 77.903244 78.1926 78.396774 78.4175 78.46383 78.54765 78.36406 78.13946 78.164154 77.97868 78.37229 78.8038 79.06216 79.359665 79.32935 79.282104 79.23438 79.12921 79.02081 78.857414 78.598785 78.601 78.50471 78.37387 78.28188 77.7747 77.029816 76.38834 76.03131 75.510155 75.071884 74.754 74.41514 0.0 0.0 0.0 0.0 0.0 0.0 0.0 0.0 0.0 0.0 0.0 0.0 0.0 -999999.0 -999999.0 -999999.0 -999999.0 -999999.0 -999999.0 -999999.0 -999999.0 -999999.0 -999999.0 -999999.0 -999999.0 -999999.0 -999999.0 -999999.0 -999999.0
77.98412 78.17473 78.43799 78.58493 78.57034 78.552155 78.50237 78.34154 78.06828 78.21909 77.909836 78.18105 78.73516 79.053604 79.303734 79.234505 79.183426 79.07173 78.95526 78.83923 78.62014 78.58108 78.46652 78.54185 78.334175 78.231804 77.939735 77.31794 76.46169 75.45293 74.329544 0.0 0.0 0.0 0.0 0.0 0.0 0.0 0.0 0.0 0.0 0.0 0.0 0.0 0.0 0.0 0.0 -999999.0 -999999.0 -999999.0 -999999.0 -999999.0 -999999.0 -999999.0 -999999.0 -999999.0 -999999.0 -999999.0 -999999.0 -999999.0 -999999.0 -999999.0 -999999.0
78.312416 78.4373 78.623795 78.67697 78.62697 78.5939 78.51324 78.309006 78.07446 78.12943 78.129814 78.20153 78.3987 78.8062 79.0694 79.05279 78.948494 78.88096 78.66722 78.23828 78.30792 78.28474 78.283035 78.477585 78.36618 78.10042 77.84407 77.45312 76.418915 74.96731 0.0 0.0 0.0 0.0 0.0 0.0 0.0 0.0 0.0 0.0 0.0 0.0 0.0 0.0 0.0 0.0 -999999.0 -999999.0 -999999.0 -999999.0 -999999.0 -999999.0 -999999.0 -999999.0 -999999.0 -999999.0 -999999.0 -999999.0 -999999.0 -999999.0 -999999.0 -999999.0 -999999.0
78.56366 78.69145 78.74236 78.71085 78.637276 78.56135 78.4821 78.28852 78.01559 78.039536 78.17189 78.28545 78.4257 78.45907 78.66482 78.77293 78.65201 78.44558 78.16686 77.30499 77.69561 77.941765 78.075584 78.362114 78.36154 78.02744 77.682465 77.426 76.566826 75.02086 0.0 0.0 0.0 0.0 0.0 0.0 0.0 0.0 0.0 0.0 0.0 0.0 0.0 0.0 -999999.0 0.0 -999999.0 -999999.0 -999999.0 -999999.0 -999999.0 -999999.0 -999999.0 -999999.0 -999999.0 -999999.0 -999999.0 -999999.0 -999999.0 -999999.0 -999999.0 -999999.0 -999999.0
78.83336 78.8961 78.83792 78.74288 78.72406 78.47861 78.41942 78.26327 77.99738 77.85625 77.595215 78.33134 78.60668 78.40825 78.3347 78.22956 78.15317 77.36727 76.18244 76.80947 77.21326 77.49206 77.75196 78.17639 78.24984 78.156204 77.61778 77.36462 76.87318 75.74853 0.0 0.0 0.0 0.0 0.0 0.0 0.0 0.0 0.0 0.0 0.0 0.0 -999999.0 0.0 -999999.0 -999999.0 -999999.0 -999999.0 -999999.0 -999999.0 -999999.0 -999999.0 -999999.0 -999999.0 -999999.0 -999999.0 -999999.0 -999999.0 -999999.0 -999999.0 -999999.0 -999999.0 -999999.0
79.0174 79.05716 79.01162 78.900215 78.542496 78.40312 78.39268 78.31002 78.35236 78.02434 77.55791 78.586525 78.75288 78.03753 77.69501 77.315865 0.0 0.0 0.0 0.0 74.401764 75.993484 77.006996 77.7503 78.20331 78.11684 77.93121 77.58465 77.40638 76.438194 74.65227 0.0 0.0 0.0 0.0 0.0 0.0 0.0 0.0 0.0 0.0 -999999.0 -999999.0 0.0 -999999.0 -999999.0 -999999.0 -999999.0 -999999.0 -999999.0 -999999.0 -999999.0 -999999.0 -999999.0 -999999.0 -999999.0 -999999.0 -999999.0 -999999.0 -999999.0 -999999.0 -999999.0 -999999.0
79.1808 79.18916 79.180305 79.0551 78.79058 78.64322 78.65868 78.59036 78.55052 78.26446 78.296036 78.61459 78.5775 77.60383 76.100464 74.08616 0.0 0.0 0.0 0.0 0.0 75.477066 76.839935 77.50144 77.93987 78.116646 77.86889 77.44415 77.05019 76.40409 74.79983 0.0 0.0 0.0 0.0 0.0 0.0 0.0 0.0 0.0 0.0 -999999.0 -999999.0 -999999.0 0.0 -999999.0 -999999.0 -999999.0 -999999.0 -999999.0 -999999.0 -999999.0 -999999.0 -999999.0 -999999.0 -999999.0 -999999.0 -999999.0 -999999.0 -999999.0 -999999.0 -999999.0 -999999.0
79.30595 79.332436 79.28591 79.170204 79.04504 78.935074 78.92825 78.85878 78.72124 78.5733 78.35768 78.301 77.8775 77.00161 75.41439 0.0 0.0 0.0 74.34102 75.563934 75.91634 76.36285 76.94593 77.50129 77.69692 77.81793 77.85632 77.573975 77.24053 76.7547 75.038 0.0 75.08618 0.0 0.0 0.0 0.0 0.0 0.0 0.0 0.0 -999999.0 -999999.0 0.0 0.0 -999999.0 -999999.0 -999999.0 -999999.0 -999999.0 -999999.0 -999999.0 -999999.0 -999999.0 -999999.0 -999999.0 -999999.0 -999999.0 -999999.0 -999999.0 -999999.0 -999999.0 -999999.0
79.4318 79.41658 79.35734 79.2654 79.16587 79.075714 79.02204 78.92915 78.86334 78.54953 78.1249 77.78786 76.828964 76.41999 75.79497 74.26462 0.0 0.0 0.0 76.22321 77.32809 77.117004 76.76299 77.19831 77.67031 77.54092 77.518715 77.70695 77.355064 76.88486 75.77367 75.19742 0.0 0.0 0.0 0.0 0.0 0.0 0.0 0.0 0.0 -999999.0 0.0 0.0 0.0 -999999.0 -999999.0 -999999.0 -999999.0 -999999.0 -999999.0 -999999.0 -999999.0 -999999.0 -999999.0 -999999.0 -999999.0 -999999.0 -999999.0 -999999.0 -999999.0 -999999.0 -999999.0
79.472694 79.45103 79.38274 79.31366 79.20816 79.101875 79.01669 78.91446 78.75396 78.38149 78.22977 77.78556 77.04511 76.92215 75.96435 76.85731 74.76182 0.0 0.0 75.753334 77.42934 77.56278 76.698494 74.90685 77.53043 76.3866 76.41226 77.0805 77.17695 76.56642 75.58391 74.71276 0.0 0.0 0.0 0.0 0.0 0.0 0.0 0.0 0.0 0.0 0.0 0.0 0.0 -999999.0 -999999.0 -999999.0 -999999.0 -999999.0 -999999.0 -999999.0 -999999.0 -999999.0 -999999.0 -999999.0 -999999.0 -999999.0 -999999.0 -999999.0 -999999.0 -999999.0 -999999.0
79.42326 79.41558 79.37388 79.32655 79.1966 79.09301 79.01004 78.922554 78.810684 78.4675 78.25477 77.85454 77.23151 77.08022 77.166115 77.533424 75.50504 75.10091 75.8172 76.56107 77.5441 77.61395 77.33627 77.208336 76.41418 75.863594 75.75393 76.30428 76.945015 76.59594 76.04838 75.217255 0.0 0.0 0.0 0.0 0.0 0.0 0.0 0.0 0.0 0.0 0.0 0.0 0.0 -999999.0 -999999.0 -999999.0 -999999.0 -999999.0 -999999.0 -999999.0 -999999.0 -999999.0 -999999.0 -999999.0 -999999.0 -999999.0 -999999.0 -999999.0 -999999.0 -999999.0 -999999.0
79.28559 79.29249 79.25283 79.22625 79.16812 79.07782 78.8366 78.73496 78.764984 78.62524 78.45576 78.14011 77.71787 77.62695 77.68017 77.4111 76.68657 76.80088 76.35343 77.01823 77.75735 77.67565 77.71782 77.2518 74.56218 75.40658 75.9928 75.71065 76.1015 76.51645 76.42149 75.19958 74.55286 73.31991 0.0 0.0 0.0 0.0 0.0 0.0 0.0 0.0 0.0 0.0 -999999.0 -999999.0 -999999.0 -999999.0 -999999.0 -999999.0 -999999.0 -999999.0 -999999.0 -999999.0 -999999.0 -999999.0 -999999.0 -999999.0 -999999.0 -999999.0 -999999.0 -999999.0 -999999.0
79.08633 79.05106 79.05092 79.086945 79.06586 79.00753 78.84371 78.72071 78.76017 78.57651 78.390144 78.193474 77.801895 77.46375 77.51077 77.06075 77.82965 77.43736 76.80482 77.460625 78.10286 78.07208 77.97071 77.4485 75.97025 76.940674 76.425545 0.0 75.08773 76.270775 76.36665 75.290016 74.86445 74.943565 0.0 0.0 0.0 0.0 0.0 0.0 0.0 0.0 0.0 0.0 -999999.0 -999999.0 -999999.0 -999999.0 -999999.0 -999999.0 -999999.0 -999999.0 -999999.0 -999999.0 -999999.0 -999999.0 -999999.0 -999999.0 -999999.0 -999999.0 -999999.0 -999999.0 -999999.0
78.71459 78.564064 78.68671 78.89097 78.97378 78.95253 78.891136 78.84855 78.72318 78.46816 78.20982 77.969826 77.72574 77.85431 77.75905 77.394424 78.09387 77.577614 76.87358 78.02778 78.286026 78.28602 78.14328 77.83601 77.37518 76.33269 75.75219 75.081375 74.78431 76.01744 76.070885 76.47678 76.34732 74.340996 0.0 0.0 0.0 -999999.0 0.0 0.0 0.0 0.0 0.0 0.0 -999999.0 -999999.0 -999999.0 -999999.0 -999999.0 -999999.0 -999999.0 -999999.0 -999999.0 -999999.0 -999999.0 -999999.0 -999999.0 -999999.0 -999999.0 -999999.0 -999999.0 -999999.0 -999999.0
78.38182 77.838615 78.35638 78.735886 78.84237 78.90193 78.8831 78.7918 78.62549 78.27434 77.93499 77.61611 77.59876 78.07354 78.13172 77.94926 78.32996 77.81581 76.9619 78.09968 78.23511 78.25168 78.21254 78.0789 77.35658 74.860146 74.68498 74.572334 74.18147 76.61952 76.650856 76.6135 76.35313 73.95215 0.0 0.0 -999999.0 -999999.0 0.0 0.0 0.0 0.0 0.0 0.0 -999999.0 -999999.0 -999999.0 -999999.0 -999999.0 -999999.0 -999999.0 -999999.0 -999999.0 -999999.0 -999999.0 -999999.0 -999999.0 -999999.0 -999999.0 -999999.0 -999999.0 -999999.0 -999999.0
