data/TNO-HT-ATES/HT-ATES_msz2/msz2__porosity_basecase_80-45-40.asc
ncols  140
nrows  163
xllcorner  0.0
yllcorner  300000.0
cellsize  2000.0
NODATA_value  -999999.0
[rows 81 to 107 of 163, columns 61 to 121 of 140]
0.38595003 0.387675 0.38795006 0.38809997 0.38815004 0.38790005 0.38840002 0.38945 0.38955006 0.38955006 0.3895 0.38935006 0.38925004 0.38942498 0.38955006 0.38955006 0.38912502 0.38855 0.38845003 0.3882 0.38809997 0.38815004 0.38815004 0.38805002 0.38792503 0.3879 0.38785002 0.38717502 0.38702506 0.38705003 0.38697502 0.38740003 0.38795006 0.38855 0.38944995 0.39052504 0.391975 0.393225 0.39425 0.395175 0.396025 0.39675003 0.397325 0.39835 0.40004998 0.40164998 0.40334997 -999999.0 -999999.0 -999999.0 -999999.0 -999999.0 -999999.0 -999999.0 -999999.0 -999999.0 -999999.0 -999999.0 -999999.0 -999999.0 -999999.0
0.3866 0.38642505 0.3866 0.38885006 0.38905 0.38925004 0.38985002 0.39090002 0.39135003 0.39105004 0.39055002 0.39045003 0.39035004 0.39012504 0.390625 0.3909 0.39037502 0.38975006 0.38970003 0.38887504 0.388725 0.389 0.38925004 0.38920003 0.38915002 0.38895005 0.388375 0.387625 0.38785002 0.3879 0.388 0.3883 0.38887504 0.389475 0.39017498 0.39135 0.39257503 0.393875 0.39487502 0.395875 0.39682505 0.397625 0.39845002 0.399225 0.40012497 0.40127498 -999999.0 -999999.0 -999999.0 -999999.0 -999999.0 -999999.0 -999999.0 -999999.0 -999999.0 -999999.0 -999999.0 -999999.0 -999999.0 -999999.0 -999999.0
0.38715005 0.38700002 0.38685003 0.3866 0.38669997 0.39037502 0.39107502 0.392075 0.39275002 0.3928 0.39205003 0.39185002 0.391775 0.39172503 0.3917 0.39157504 0.39112502 0.39042503 0.39005002 0.39015 0.39025003 0.39012504 0.39042503 0.39042503 0.39029998 0.39 0.38937503 0.38895005 0.38875002 0.3888 0.389 0.38915002 0.38967502 0.39022502 0.390875 0.39205 0.3931 0.3944 0.395475 0.396375 0.397475 0.3984 0.399425 0.4001 0.40042502 0.40174997 -999999.0 -999999.0 -999999.0 -999999.0 -999999.0 -999999.0 -999999.0 -999999.0 -999999.0 -999999.0 -999999.0 -999999.0 -999999.0 -999999.0 -999999.0
0.3876 0.3876 0.3872 0.386225 0.38597497 0.38674998 0.3878 0.389699 0.3935 0.3941 0.39397502 0.39355004 0.39332503 0.39305004 0.39285004 0.39255005 0.39205003 0.39115003 0.39085004 0.39182505 0.39185002 0.39165002 0.39175004 0.3917 0.39155006 0.39115003 0.39055002 0.3901 0.38967505 0.3895 0.38970003 0.39015 0.39052504 0.390925 0.39157504 0.3922 0.39317495 0.39464998 0.3959 0.39665 0.39775 0.39884996 0.40007502 0.40059996 0.40115005 0.40284997 -999999.0 -999999.0 -999999.0 -999999.0 -999999.0 -999999.0 -999999.0 -999999.0 -999999.0 -999999.0 -999999.0 -999999.0 -999999.0 -999999.0 -999999.0
0.3878 0.38814998 0.38817504 0.386025 0.38572502 0.38685 0.38792503 0.3889 0.38975 0.39029998 0.39515004 0.3946 0.39455 0.39445004 0.39437503 0.39372504 0.39335003 0.39305004 0.39372504 0.39405003 0.39365003 0.39337504 0.39325005 0.39325005 0.39295003 0.39245006 0.39162505 0.39102504 0.39045003 0.3905 0.39075002 0.3911 0.39115003 0.39155006 0.391975 0.3924 0.39314997 0.39430004 0.39554998 0.39685002 0.39795 0.3991 0.40024996 0.4011 0.40209997 0.4032 0.40405 -999999.0 -999999.0 -999999.0 -999999.0 -999999.0 -999999.0 -999999.0 -999999.0 -999999.0 -999999.0 -999999.0 -999999.0 -999999.0 -999999.0
0.38785005 0.38674998 0.3879 0.387075 0.38675004 0.38744998 0.38827503 0.38920003 0.3894 0.39025003 0.39337426 0.39674997 0.395625 0.39625004 0.39665005 0.3947 0.3944 0.394625 0.3952 0.39525005 0.39495003 0.39475003 0.39475003 0.39475003 0.39425004 0.39387503 0.39282504 0.39242503 0.39155006 0.391625 0.39192504 0.39225003 0.392725 0.393 0.39285004 0.392825 0.3935 0.39437503 0.39554998 0.3969 0.39804998 0.39934996 0.4005 0.40124997 0.40234998 0.40324998 0.40407503 -999999.0 -999999.0 -999999.0 -999999.0 -999999.0 -999999.0 -999999.0 -999999.0 -999999.0 -999999.0 -999999.0 -999999.0 -999999.0 -999999.0
0.38877502 0.38815004 0.388 0.38750002 0.38750002 0.388175 0.38917503 0.38945 0.389 0.38985 0.39017498 0.39740002 0.39824998 0.39740002 0.397325 0.3976 0.39515004 0.395325 0.3957 0.3959 0.3959 0.3958 0.3959 0.39567503 0.39505005 0.3945 0.39377502 0.3933 0.39292502 0.39292502 0.39307502 0.393625 0.39405003 0.39407504 0.3938 0.39375004 0.393875 0.39467502 0.395875 0.39714998 0.397725 0.399725 0.40120006 0.40152502 0.40237498 0.40334997 0.4043 -999999.0 -999999.0 -999999.0 -999999.0 -999999.0 -999999.0 -999999.0 -999999.0 -999999.0 -999999.0 -999999.0 -999999.0 -999999.0 -999999.0
0.3902 0.39005002 0.39000008 0.38925004 0.38792503 0.38862503 0.3893 0.38932496 0.38884997 0.38864994 0.38907495 0.389725 0.39882502 0.3979 0.39785004 0.39795005 0.39809996 0.39577502 0.3961 0.3965 0.3966 0.396325 0.39629996 0.3961 0.39572504 0.3953 0.39467502 0.39419997 0.3938 0.3939 0.39427504 0.39467502 0.39515004 0.39517504 -999999.0 -999999.0 0.39455 0.39522502 0.396425 0.397325 0.39820004 0.40034997 0.4011 0.40174997 0.40234998 0.403375 0.40477502 0.405575 -999999.0 -999999.0 -999999.0 -999999.0 -999999.0 -999999.0 -999999.0 -999999.0 -999999.0 -999999.0 -999999.0 -999999.0 -999999.0
0.38995004 0.39137504 0.39194995 0.39015 0.38847518 0.38834995 0.3883 0.3879 0.38882503 0.3883 0.3884 0.389175 0.39029998 0.3991 0.3984 0.3984 0.3986 0.3962 0.3959 0.396925 0.3971 0.3969 0.3968 0.3967 0.39639997 0.39595005 0.39527503 0.39505005 0.39475003 0.39495003 0.395475 0.39620003 0.3962 0.39627498 -999999.0 -999999.0 0.396 0.396375 0.3973 0.3984 0.39970005 0.40085003 0.40132505 0.4018 -999999.0 -999999.0 -999999.0 -999999.0 -999999.0 -999999.0 -999999.0 -999999.0 -999999.0 -999999.0 -999999.0 -999999.0 -999999.0 -999999.0 -999999.0 -999999.0 -999999.0
0.39035004 0.39055002 0.3915 0.39045 0.389175 0.38905 0.38704997 0.38662496 0.387425 0.38772497 0.3876 0.38845 0.39015 0.391775 0.39739835 0.3988 0.39907503 0.39935005 0.3971751 0.397425 0.3976 0.3975 0.3972 0.3972 0.3971 0.39665005 0.396225 0.39597502 0.39615005 0.39625004 0.39655003 0.39707503 0.39722502 0.397 0.39727503 0.39735004 0.39715004 0.39755005 0.398425 0.3995 0.40082502 0.402175 0.40195003 -999999.0 -999999.0 -999999.0 -999999.0 -999999.0 -999999.0 -999999.0 -999999.0 -999999.0 -999999.0 -999999.0 -999999.0 -999999.0 -999999.0 -999999.0 -999999.0 -999999.0 -999999.0
0.39190003 0.39140004 0.39244998 0.39065 0.39002502 0.38987502 0.38942504 0.386375 0.38669997 0.38700002 0.38700002 0.38792503 0.38985 0.39164996 0.392375 0.39772338 0.39977503 0.4001 0.39779997 0.39815003 0.39845005 0.398125 0.397525 0.39795005 0.39785004 0.39765003 0.39740002 0.3973 0.39765003 0.3975 0.39745003 0.397625 0.398 0.39779997 0.39779997 0.39765003 0.398175 0.39867502 0.3993 0.40004998 0.4013 0.402 0.40239996 -999999.0 -999999.0 -999999.0 -999999.0 -999999.0 -999999.0 -999999.0 -999999.0 -999999.0 -999999.0 -999999.0 -999999.0 -999999.0 -999999.0 -999999.0 -999999.0 -999999.0 -999999.0
0.3918 0.3917 0.39209998 0.391925 0.39097548 0.39 0.38970003 0.3894 0.3868 0.38700002 0.3872 0.38825 0.38957503 0.3904 0.3922 0.39284998 0.3997 0.39999998 0.4005 0.3988 0.399225 0.3994 0.3994251 0.39915004 0.39887503 0.3984 0.398575 0.39855003 0.39849997 0.3982 0.398 0.398025 0.398525 0.3984 0.398225 0.39895 0.39919996 0.399625 0.40005004 0.40045005 0.40139997 -999999.0 -999999.0 -999999.0 -999999.0 -999999.0 -999999.0 -999999.0 -999999.0 -999999.0 -999999.0 -999999.0 -999999.0 -999999.0 -999999.0 -999999.0 -999999.0 -999999.0 -999999.0 -999999.0 -999999.0
0.39154994 0.39162502 0.39209998 0.39190003 0.3917 0.39190003 0.39277497 0.39235002 0.38697502 0.38722503 0.387675 0.38895 0.3898 0.39055002 0.3912 0.3928 0.3931 0.39947498 0.40017498 0.40125 0.399825 0.400375 0.40105003 0.4006 0.39992502 0.39875004 0.39897498 0.39932504 0.39892504 0.39865005 0.398525 0.3984 0.3987 0.3989 0.3995 0.39985004 0.4001 -999999.0 -999999.0 -999999.0 -999999.0 -999999.0 -999999.0 -999999.0 -999999.0 -999999.0 -999999.0 -999999.0 -999999.0 -999999.0 -999999.0 -999999.0 -999999.0 -999999.0 -999999.0 -999999.0 -999999.0 -999999.0 -999999.0 -999999.0 -999999.0
0.3908 0.3906 0.392075 0.39199996 0.3918 0.39175 0.3922 0.3922 0.3873 0.3876 0.3884 0.38924998 0.3902 0.390975 0.3916 0.3918 0.39197472 0.3988 0.39932498 0.40072495 0.40227497 0.4006 0.40139997 0.4021 0.40065002 0.39957505 0.39935005 0.39960003 0.3993 0.399 0.3989 0.39895 0.3989 0.3995 0.40020004 -999999.0 -999999.0 -999999.0 -999999.0 -999999.0 -999999.0 -999999.0 -999999.0 -999999.0 -999999.0 -999999.0 -999999.0 -999999.0 -999999.0 -999999.0 -999999.0 -999999.0 -999999.0 -999999.0 -999999.0 -999999.0 -999999.0 -999999.0 -999999.0 -999999.0 -999999.0
0.3909 0.3905 0.3906 0.39199996 0.39190003 0.3917 0.39172497 0.39194995 0.39190003 0.388 0.388725 0.38972503 0.3907 0.3911 0.3917 0.3917 0.391625 0.3922 0.39827496 0.399925 0.40137494 0.40265 0.4017 0.40249997 0.40325004 0.4009 0.40052503 0.4004 0.40005004 0.39945006 -999999.0 0.39942503 0.39990002 -999999.0 -999999.0 -999999.0 -999999.0 -999999.0 -999999.0 -999999.0 -999999.0 -999999.0 -999999.0 -999999.0 -999999.0 -999999.0 -999999.0 -999999.0 -999999.0 -999999.0 -999999.0 -999999.0 -999999.0 -999999.0 -999999.0 -999999.0 -999999.0 -999999.0 -999999.0 -999999.0 -999999.0
0.39105 0.3905 0.3906 0.3906 0.3919 0.3917 0.39125 0.3917 0.3919 0.388425 0.38925 0.38982502 0.3906 0.3911 0.3912 0.39330003 0.3919 0.39217502 0.397625 0.39964998 0.40135 0.40265 0.40377504 0.40230003 0.40367496 0.4034 -999999.0 -999999.0 -999999.0 -999999.0 -999999.0 -999999.0 -999999.0 -999999.0 -999999.0 -999999.0 -999999.0 -999999.0 -999999.0 -999999.0 -999999.0 -999999.0 -999999.0 -999999.0 -999999.0 -999999.0 -999999.0 -999999.0 -999999.0 -999999.0 -999999.0 -999999.0 -999999.0 -999999.0 -999999.0 -999999.0 -999999.0 -999999.0 -999999.0 -999999.0 -999999.0
0.39125 0.39065003 0.39085 0.39090002 0.392 0.392 0.3917 0.39175 0.3919 0.38957554 0.38944998 0.39010003 0.3906 0.391025 0.3914 0.394675 0.395525 0.39345002 0.3948 0.39964998 0.400975 0.40244997 0.404425 0.4027 0.40304998 -999999.0 -999999.0 -999999.0 -999999.0 -999999.0 -999999.0 -999999.0 -999999.0 -999999.0 -999999.0 -999999.0 -999999.0 -999999.0 -999999.0 -999999.0 -999999.0 -999999.0 -999999.0 -999999.0 -999999.0 -999999.0 -999999.0 -999999.0 -999999.0 -999999.0 -999999.0 -999999.0 -999999.0 -999999.0 -999999.0 -999999.0 -999999.0 -999999.0 -999999.0 -999999.0 -999999.0
0.3917 0.3914 0.39165002 0.39152503 0.39090002 0.39154965 0.3919 0.3919 0.3919 0.3919 0.389475 0.3904 0.3907 0.391325 0.39090002 0.391625 0.39687502 0.397725 0.39630002 0.39819953 0.40125003 0.40275 -999999.0 -999999.0 -999999.0 -999999.0 -999999.0 -999999.0 -999999.0 -999999.0 -999999.0 -999999.0 -999999.0 -999999.0 -999999.0 -999999.0 -999999.0 -999999.0 -999999.0 -999999.0 -999999.0 -999999.0 -999999.0 -999999.0 -999999.0 -999999.0 -999999.0 -999999.0 -999999.0 -999999.0 -999999.0 -999999.0 -999999.0 -999999.0 -999999.0 -999999.0 -999999.0 -999999.0 -999999.0 -999999.0 -999999.0
0.3918 0.3917 0.39292496 0.39214998 0.39117503 0.39014998 0.3894 0.3919 0.3919 0.392 0.392 0.39032498 0.39052498 0.390925 0.39137498 0.38989994 0.39179996 0.39479917 0.39860016 0.3991 0.40192503 -999999.0 -999999.0 -999999.0 -999999.0 -999999.0 -999999.0 -999999.0 -999999.0 -999999.0 -999999.0 -999999.0 -999999.0 -999999.0 -999999.0 -999999.0 -999999.0 -999999.0 -999999.0 -999999.0 -999999.0 -999999.0 -999999.0 -999999.0 -999999.0 -999999.0 -999999.0 -999999.0 -999999.0 -999999.0 -999999.0 -999999.0 -999999.0 -999999.0 -999999.0 -999999.0 -999999.0 -999999.0 -999999.0 -999999.0 -999999.0
0.3917 0.3919 0.39214998 0.3922 0.39145002 0.39022502 0.388775 0.3892 0.39139956 0.392 0.392 0.38965 0.3899 0.38984996 0.39027497 0.39122498 0.38929996 0.39214996 -999999.0 -999999.0 -999999.0 -999999.0 -999999.0 -999999.0 -999999.0 -999999.0 -999999.0 -999999.0 -999999.0 -999999.0 -999999.0 -999999.0 -999999.0 -999999.0 -999999.0 -999999.0 -999999.0 -999999.0 -999999.0 -999999.0 -999999.0 -999999.0 -999999.0 -999999.0 -999999.0 -999999.0 -999999.0 -999999.0 -999999.0 -999999.0 -999999.0 -999999.0 -999999.0 -999999.0 -999999.0 -999999.0 -999999.0 -999999.0 -999999.0 -999999.0 -999999.0
0.39187503 0.3919 0.392425 0.39270002 0.392 0.39077502 0.38975 0.38975 0.3902 0.39010003 0.39249998 0.39242503 0.3888 0.38882497 0.38985 0.39095 0.3911 0.3893 -999999.0 -999999.0 -999999.0 -999999.0 -999999.0 -999999.0 -999999.0 -999999.0 -999999.0 -999999.0 -999999.0 -999999.0 -999999.0 -999999.0 -999999.0 -999999.0 -999999.0 -999999.0 -999999.0 -999999.0 -999999.0 -999999.0 -999999.0 -999999.0 -999999.0 -999999.0 -999999.0 -999999.0 -999999.0 -999999.0 -999999.0 -999999.0 -999999.0 -999999.0 -999999.0 -999999.0 -999999.0 -999999.0 -999999.0 -999999.0 -999999.0 -999999.0 -999999.0
0.39217502 0.39210004 0.3926 0.39279997 0.3923 0.39152503 0.390875 0.3905 0.3904 0.3903 0.3902 0.3899 0.392 0.38892502 0.38994998 0.39077508 0.39037496 0.3922 -999999.0 -999999.0 -999999.0 -999999.0 -999999.0 -999999.0 -999999.0 -999999.0 -999999.0 -999999.0 -999999.0 -999999.0 -999999.0 -999999.0 -999999.0 -999999.0 -999999.0 -999999.0 -999999.0 -999999.0 -999999.0 -999999.0 -999999.0 -999999.0 -999999.0 -999999.0 -999999.0 -999999.0 -999999.0 -999999.0 -999999.0 -999999.0 -999999.0 -999999.0 -999999.0 -999999.0 -999999.0 -999999.0 -999999.0 -999999.0 -999999.0 -999999.0 -999999.0
0.392475 0.3923 0.39270002 0.39270002 0.39249998 0.39217502 0.3918 0.391125 0.3907 0.3904 0.390075 0.3897 0.38954997 0.3912 0.38985 0.3906 0.390875 -999999.0 -999999.0 -999999.0 -999999.0 -999999.0 -999999.0 -999999.0 -999999.0 -999999.0 -999999.0 -999999.0 -999999.0 -999999.0 -999999.0 -999999.0 -999999.0 -999999.0 -999999.0 -999999.0 -999999.0 -999999.0 -999999.0 -999999.0 -999999.0 -999999.0 -999999.0 -999999.0 -999999.0 -999999.0 -999999.0 -999999.0 -999999.0 -999999.0 -999999.0 -999999.0 -999999.0 -999999.0 -999999.0 -999999.0 -999999.0 -999999.0 -999999.0 -999999.0 -999999.0
0.39310002 0.39279997 0.39285004 0.39270002 0.3923 0.392925 0.3926 0.39165 0.39100003 0.3902 0.389575 0.38922498 0.38904998 0.38942498 0.38994995 0.3905 -999999.0 -999999.0 -999999.0 -999999.0 -999999.0 -999999.0 -999999.0 -999999.0 -999999.0 -999999.0 -999999.0 -999999.0 -999999.0 -999999.0 -999999.0 -999999.0 -999999.0 -999999.0 -999999.0 -999999.0 -999999.0 -999999.0 -999999.0 -999999.0 -999999.0 -999999.0 -999999.0 -999999.0 -999999.0 -999999.0 -999999.0 -999999.0 -999999.0 -999999.0 -999999.0 -999999.0 -999999.0 -999999.0 -999999.0 -999999.0 -999999.0 -999999.0 -999999.0 -999999.0 -999999.0
0.394525 0.39375 0.3934 0.3932 0.3918 0.392425 0.39270002 0.39210004 0.39092502 0.38985002 0.38915002 0.388575 0.38810003 0.38877496 0.38922498 -999999.0 -999999.0 -999999.0 -999999.0 -999999.0 -999999.0 -999999.0 -999999.0 -999999.0 -999999.0 -999999.0 -999999.0 -999999.0 -999999.0 -999999.0 -999999.0 -999999.0 -999999.0 -999999.0 -999999.0 -999999.0 -999999.0 -999999.0 -999999.0 -999999.0 -999999.0 -999999.0 -999999.0 -999999.0 -999999.0 -999999.0 -999999.0 -999999.0 -999999.0 -999999.0 -999999.0 -999999.0 -999999.0 -999999.0 -999999.0 -999999.0 -999999.0 -999999.0 -999999.0 -999999.0 -999999.0
0.39527503 0.39447498 0.394 0.394375 0.39360005 0.39325002 0.39335006 0.39285 0.39180005 0.39022502 0.389 -999999.0 -999999.0 0.38742498 0.38764998 -999999.0 -999999.0 -999999.0 -999999.0 -999999.0 -999999.0 -999999.0 -999999.0 -999999.0 -999999.0 -999999.0 -999999.0 -999999.0 -999999.0 -999999.0 -999999.0 -999999.0 -999999.0 -999999.0 -999999.0 -999999.0 -999999.0 -999999.0 -999999.0 -999999.0 -999999.0 -999999.0 -999999.0 -999999.0 -999999.0 -999999.0 -999999.0 -999999.0 -999999.0 -999999.0 -999999.0 -999999.0 -999999.0 -999999.0 -999999.0 -999999.0 -999999.0 -999999.0 -999999.0 -999999.0 -999999.0
0.39597502 0.39495 0.39420003 0.394675 0.39530003 0.39515007 0.394125 0.39335 0.39239997 0.39 0.38835 0.38685 0.3854 -999999.0 -999999.0 -999999.0 -999999.0 -999999.0 -999999.0 -999999.0 -999999.0 -999999.0 -999999.0 -999999.0 -999999.0 -999999.0 -999999.0 -999999.0 -999999.0 -999999.0 -999999.0 -999999.0 -999999.0 -999999.0 -999999.0 -999999.0 -999999.0 -999999.0 -999999.0 -999999.0 -999999.0 -999999.0 -999999.0 -999999.0 -999999.0 -999999.0 -999999.0 -999999.0 -999999.0 -999999.0 -999999.0 -999999.0 -999999.0 -999999.0 -999999.0 -999999.0 -999999.0 -999999.0 -999999.0 -999999.0 -999999.0
