data/TNO-HT-ATES/HT-ATES_msz2/msz2__power_P50_basecase_80-45-40.asc
ncols  140
nrows  163
xllcorner  0.0
yllcorner  300000.0
cellsize  2000.0
NODATA_value  -999999.0
[rows 56 to 83 of 163, columns 63 to 125 of 140]
1.5899882 1.7160414 1.9410757 1.8598219 1.9095964 2.0058584 2.0030608 1.9305903 1.7171279 1.5047388 1.3179843 1.2593324 1.4016355 1.6900581 1.5139494 1.9299507 1.7852615 1.439396 1.2746083 1.5972648 1.6399814 1.6574719 1.7042761 1.6782898 1.4563198 0.8193887 0.79394186 0.62380624 0.6170883 1.32733 1.4492873 1.4882107 1.3678688 1.101655 0.5979915 0.0 -999999.0 -999999.0 -999999.0 -999999.0 0.0 0.0 0.0 0.0 -999999.0 -999999.0 -999999.0 -999999.0 -999999.0 -999999.0 -999999.0 -999999.0 -999999.0 -999999.0 -999999.0 -999999.0 -999999.0 -999999.0 -999999.0 -999999.0 -999999.0 -999999.0 -999999.0
1.4376495 1.4871297 1.5940394 1.750911 1.76378 1.9253907 1.7536502 1.6499088 1.35731 1.3040897 1.3628321 1.3660908 1.414441 1.7545898 1.6346488 1.9923668 1.6810012 1.5101641 1.5972928 1.6019611 1.6130711 1.8006704 1.8358656 1.8205327 1.6861506 0.7224022 0.6115135 0.59441704 0.61467165 1.3511213 1.4086285 1.1764412 1.1022921 0.9366022 0.81975216 0.0 -999999.0 -999999.0 -999999.0 -999999.0 -999999.0 -999999.0 0.0 0.0 -999999.0 -999999.0 -999999.0 -999999.0 -999999.0 -999999.0 -999999.0 -999999.0 -999999.0 -999999.0 -999999.0 -999999.0 -999999.0 -999999.0 -999999.0 -999999.0 -999999.0 -999999.0 -999999.0
1.1723956 1.2176428 1.3311243 1.5892755 1.6345257 1.644811 1.5027094 1.2826692 1.1615344 1.2240304 1.3507206 1.5358372 1.63228 1.5832281 2.0261686 2.0322495 1.6695536 1.5335398 1.6440314 1.6311202 1.7502645 1.9542986 1.912537 1.9735582 1.6659691 0.7790445 0.73687994 0.88132495 0.90511173 1.1215934 1.1538491 0.98513955 0.90248555 0.8788396 0.823308 0.7612066 0.5455674 -999999.0 -999999.0 -999999.0 -999999.0 -999999.0 0.0 -999999.0 -999999.0 -999999.0 -999999.0 -999999.0 -999999.0 -999999.0 -999999.0 -999999.0 -999999.0 -999999.0 -999999.0 -999999.0 -999999.0 -999999.0 -999999.0 -999999.0 -999999.0 -999999.0 -999999.0
1.0246549 1.1728079 1.211452 1.386319 1.3713139 1.3857977 1.273231 1.1848677 1.0799583 1.1852615 1.1982894 1.3055903 1.4811133 1.3456678 1.7813748 1.7335551 1.578158 1.7422752 1.6348937 1.6713651 1.8383532 2.035792 2.0087671 1.962488 1.8264942 1.0592554 1.191931 1.3918273 1.4166954 1.2290944 0.8667982 0.9661906 1.0359513 0.8977819 0.65937 0.6105798 0.5809857 0.8463983 0.0 0.0 -999999.0 -999999.0 0.0 0.0 -999999.0 -999999.0 -999999.0 -999999.0 -999999.0 -999999.0 -999999.0 -999999.0 -999999.0 -999999.0 -999999.0 -999999.0 -999999.0 -999999.0 -999999.0 -999999.0 -999999.0 -999999.0 -999999.0
1.2293005 1.2902353 0.93892497 1.1538858 1.2319877 1.1896855 1.0901797 0.993209 0.9958635 1.0852947 0.9882126 0.950571 1.2094876 1.388803 1.2592814 1.122111 1.6236864 1.796684 1.8145349 1.9219419 2.1188152 2.2662127 2.1887352 2.089172 1.87487 1.3743272 1.5884403 1.7522799 2.0190165 1.6825202 1.5745113 1.4021598 1.1687609 1.1368923 0.7457428 0.6754597 0.5935447 0.8446359 1.4461321 1.4787039 0.0 -999999.0 -999999.0 0.0 -999999.0 -999999.0 -999999.0 -999999.0 -999999.0 -999999.0 -999999.0 -999999.0 -999999.0 -999999.0 -999999.0 -999999.0 -999999.0 -999999.0 -999999.0 -999999.0 -999999.0 -999999.0 -999999.0
1.1909064 0.78041834 0.0 1.0817494 1.0538784 0.96210426 0.86102295 0.8265303 0.92760706 0.9287709 0.85357344 0.78360283 0.92725796 1.1563679 0.9975965 1.1087672 1.2528015 1.4252174 1.8895425 1.9583006 2.095993 2.1297252 2.2826927 2.1475463 1.5129251 1.2699692 1.4101532 1.8186353 2.3243926 2.1685975 2.4087741 1.9157122 1.5909413 1.2698352 1.0222263 1.0411991 1.0587693 1.0064127 2.077271 0.0 1.4968582 -999999.0 -999999.0 -999999.0 -999999.0 -999999.0 -999999.0 -999999.0 -999999.0 -999999.0 -999999.0 -999999.0 -999999.0 -999999.0 -999999.0 -999999.0 -999999.0 -999999.0 -999999.0 -999999.0 -999999.0 -999999.0 -999999.0
1.2109054 0.0 0.0 0.8623501 0.873003 0.9408044 0.91611594 0.877811 0.8447358 0.74216026 0.72994304 0.7071045 0.78761274 0.88368386 1.0036038 1.2016014 1.3034997 1.367125 1.4754437 1.7454898 1.98935 2.25606 2.353247 2.4157965 1.787322 1.2640604 1.5177326 1.8491648 2.2647195 2.7337592 2.4395967 2.122667 1.6859955 1.5901527 1.8116896 2.1018608 2.105994 1.7009939 0.9820462 1.77777 0.0 0.7537389 0.0 -999999.0 -999999.0 -999999.0 -999999.0 -999999.0 -999999.0 -999999.0 -999999.0 -999999.0 -999999.0 -999999.0 -999999.0 -999999.0 -999999.0 -999999.0 -999999.0 -999999.0 -999999.0 -999999.0 -999999.0
1.1522429 0.0 0.0 0.6307538 0.0 0.62176365 0.6917508 0.7576645 0.755444 0.7491072 0.7373319 0.69895107 0.79699147 0.78904563 0.8780283 1.1434197 1.2098513 1.3248912 1.3064394 1.3693746 1.5016168 2.0772033 2.280058 2.125304 2.0027013 1.742078 1.8679984 2.0853603 2.7749977 3.101372 2.7488499 2.1827419 1.5578384 1.7769743 2.2264256 3.1170793 2.886403 2.4149024 0.83649224 1.4285264 1.4792109 0.9381129 0.0 0.0 -999999.0 -999999.0 -999999.0 -999999.0 -999999.0 -999999.0 -999999.0 -999999.0 -999999.0 -999999.0 -999999.0 -999999.0 -999999.0 -999999.0 -999999.0 -999999.0 -999999.0 -999999.0 -999999.0
1.0687791 0.0 0.0 0.0 0.0 0.0 0.0 0.0 0.7110768 0.72645015 0.65826416 0.78429085 0.83426946 0.89237386 0.7668837 0.7398892 1.0239471 1.1843792 1.1264997 1.1171832 1.2544833 1.5422969 1.8990022 1.8798317 1.9566302 1.8530748 1.8656929 1.7110047 2.221288 2.7011805 3.760379 2.6843917 1.8532966 1.8553667 1.8593694 2.813322 2.3652527 2.0905817 1.7926651 1.4992876 1.1689984 0.0 0.0 0.0 0.0 -999999.0 -999999.0 -999999.0 -999999.0 -999999.0 -999999.0 -999999.0 -999999.0 -999999.0 -999999.0 -999999.0 -999999.0 -999999.0 -999999.0 -999999.0 -999999.0 -999999.0 -999999.0
0.9780838 0.63001376 0.0 0.0 0.0 0.0 0.0 0.0 0.0 0.0 0.0 0.90471613 0.91812617 0.92467844 0.75353026 0.70635164 0.64651644 0.84095424 1.0189074 1.0824596 1.2192485 1.4313148 1.6986412 1.8346776 1.6867359 1.5853661 1.6176432 1.8858371 2.6068676 3.1996987 3.2181044 2.5332782 1.7454865 0.9715105 0.62899965 1.3627647 1.4222672 1.2803686 2.0308628 1.6574842 1.3232837 0.0 0.0 0.0 -999999.0 -999999.0 -999999.0 -999999.0 -999999.0 -999999.0 -999999.0 -999999.0 -999999.0 -999999.0 -999999.0 -999999.0 -999999.0 -999999.0 -999999.0 -999999.0 -999999.0 -999999.0 -999999.0
1.295715 0.9925107 0.7936634 0.0 0.0 0.0 0.0 0.0 0.0 0.0 0.0 0.7069539 0.9020398 0.862543 0.78273714 0.7997499 0.79044324 0.78484225 0.7305757 0.8803738 1.0226692 1.2531754 1.691397 1.7267517 1.4042437 1.188743 0.9780931 1.8957075 2.4021654 2.7224576 2.717829 2.2749689 1.8222438 1.3272383 0.55519927 1.2082921 2.4617674 2.8847187 2.516114 1.8037492 0.0 0.0 0.0 0.0 -999999.0 -999999.0 -999999.0 -999999.0 -999999.0 -999999.0 -999999.0 -999999.0 -999999.0 -999999.0 -999999.0 -999999.0 -999999.0 -999999.0 -999999.0 -999999.0 -999999.0 -999999.0 -999999.0
1.6891873 1.6061131 1.4560733 1.242753 0.94583786 0.76391786 0.0 0.0 0.0 0.0 0.0 0.0 0.81000996 0.695655 0.6624078 0.9688169 1.0582018 0.8403933 0.0 0.0 0.76772463 1.2287244 2.048215 1.9969628 1.3946831 1.4844801 2.2619147 2.0812373 2.4016216 2.1748013 1.6050196 1.5119215 1.3474473 1.51866 1.4122037 2.19435 3.7253675 3.85867 3.0972006 1.8215904 0.0 0.0 0.0 0.0 0.0 -999999.0 -999999.0 -999999.0 -999999.0 -999999.0 -999999.0 -999999.0 -999999.0 -999999.0 -999999.0 -999999.0 -999999.0 -999999.0 -999999.0 -999999.0 -999999.0 -999999.0 -999999.0
2.1075258 2.095954 2.0981157 2.1062746 1.4355146 1.041014 0.8014081 0.6640971 0.6533603 0.0 0.0 0.0 0.6888939 0.0 0.0 1.328261 1.3904387 0.9098579 0.0 0.0 0.0 1.4653662 2.0589967 1.6495627 1.5911082 2.1924942 2.8823354 2.6394804 3.1136606 2.4522614 1.5140909 1.3493321 0.7117139 0.9657858 2.3018703 3.547808 5.166493 4.958859 3.8916328 1.4969714 0.0 0.0 0.0 0.0 -999999.0 -999999.0 -999999.0 -999999.0 -999999.0 -999999.0 -999999.0 -999999.0 -999999.0 -999999.0 -999999.0 -999999.0 -999999.0 -999999.0 -999999.0 -999999.0 -999999.0 -999999.0 -999999.0
2.2604578 2.4047048 2.2102091 2.4114907 2.1451957 1.6581459 1.1095413 0.6806623 0.0 0.0 0.0 0.0 0.0 0.0 0.0 1.7459807 1.5383776 0.97711957 0.0 0.0 0.0 1.7050313 1.8261081 1.8261193 2.2188768 2.6310146 3.0243964 3.0108433 3.8061774 3.750044 2.872681 2.2112231 1.3203028 1.2213994 2.512005 4.446441 6.2897964 5.5343823 0.0 1.0093217 0.0 0.0 0.0 0.0 -999999.0 -999999.0 -999999.0 -999999.0 -999999.0 -999999.0 -999999.0 -999999.0 -999999.0 -999999.0 -999999.0 -999999.0 -999999.0 -999999.0 -999999.0 -999999.0 -999999.0 -999999.0 -999999.0
2.3266268 2.473388 2.3239028 2.3848042 2.4038002 1.9998338 1.4980035 0.8097874 0.0 0.0 0.0 0.0 0.0 1.1769221 1.4825482 1.7208906 1.5985599 1.1351976 0.95517313 0.8396804 1.2276832 1.7787893 1.4686943 1.9060974 2.6099122 3.0535412 3.4889843 3.745139 4.802699 5.2198763 4.5581565 3.2146683 2.2847521 2.364457 1.9316252 3.519945 3.869301 4.2929497 1.2041876 1.0758013 0.0 0.0 0.0 -999999.0 -999999.0 -999999.0 -999999.0 -999999.0 -999999.0 -999999.0 -999999.0 -999999.0 -999999.0 -999999.0 -999999.0 -999999.0 -999999.0 -999999.0 -999999.0 -999999.0 -999999.0 -999999.0 -999999.0
2.6547003 2.7886403 2.6773381 2.9387238 2.6881645 2.247783 1.9554743 1.3608096 0.706047 0.0 0.0 0.0 0.0 1.141214 1.5812403 1.6959946 1.7453201 1.5276885 1.3083601 1.4859278 1.6642585 1.7908808 2.0088482 2.3592715 2.8281357 3.1728184 3.7998319 4.5179224 5.8751345 5.8394284 5.2646804 4.0862684 2.7910485 2.444129 1.9238739 3.3747342 2.6354425 -999999.0 1.6478425 0.0 0.0 0.0 -999999.0 -999999.0 -999999.0 -999999.0 -999999.0 -999999.0 -999999.0 -999999.0 -999999.0 -999999.0 -999999.0 -999999.0 -999999.0 -999999.0 -999999.0 -999999.0 -999999.0 -999999.0 -999999.0 -999999.0 -999999.0
3.4875653 3.637297 3.2734156 3.4446988 3.1029735 2.8285947 2.724454 2.1453218 1.4249032 0.8474643 0.0 0.0 0.8166424 1.3781865 1.5100802 1.7105436 1.5254978 1.6880472 1.4748373 1.4203367 1.6138474 1.9252307 2.2610705 2.6149673 3.016062 3.2977655 4.361492 4.9201717 6.2811084 5.8554482 5.314079 4.229497 2.9801583 2.5487046 2.1824052 2.7621343 1.2910858 -999999.0 0.7283773 0.84729344 0.0 0.0 -999999.0 -999999.0 -999999.0 -999999.0 -999999.0 -999999.0 -999999.0 -999999.0 -999999.0 -999999.0 -999999.0 -999999.0 -999999.0 -999999.0 -999999.0 -999999.0 -999999.0 -999999.0 -999999.0 -999999.0 -999999.0
3.353782 3.9291615 3.3956776 3.6827757 3.3599052 3.3117006 3.5094545 2.856599 2.0748055 1.2583721 0.8764403 0.77160317 1.1396936 1.2449079 1.3936336 1.6014055 1.507274 1.4226265 1.1497414 1.1807082 1.3136871 1.5165082 2.0363667 2.5286257 3.1490273 3.9739437 5.223445 5.554842 6.044334 5.4450064 5.2373905 4.4234447 3.3839903 2.629768 2.6906397 3.1840699 1.2114475 0.73414505 0.9406894 0.0 0.0 0.0 0.0 -999999.0 -999999.0 -999999.0 -999999.0 -999999.0 -999999.0 -999999.0 -999999.0 -999999.0 -999999.0 -999999.0 -999999.0 -999999.0 -999999.0 -999999.0 -999999.0 -999999.0 -999999.0 -999999.0 -999999.0
3.373014 3.8200781 3.4008205 3.7090669 3.549128 3.562429 3.8397217 3.3579168 2.3208826 1.4294387 1.0614129 1.1687425 1.4863583 0.8427064 0.8625306 0.96702725 0.80712986 0.9615002 0.6934815 0.5718903 0.91976845 1.0114625 1.3512737 2.033938 2.8307722 3.9251783 5.030981 5.770114 6.0845346 5.619259 5.0150633 4.084968 3.2564557 3.075237 3.304856 3.9284787 2.2661412 1.8890725 1.231528 0.9988391 0.0 0.0 0.0 -999999.0 -999999.0 -999999.0 -999999.0 -999999.0 -999999.0 -999999.0 -999999.0 -999999.0 -999999.0 -999999.0 -999999.0 -999999.0 -999999.0 -999999.0 -999999.0 -999999.0 -999999.0 -999999.0 -999999.0
3.4923432 3.3260696 3.540634 3.930965 4.1356325 4.0162077 4.006785 3.4491098 2.3927946 2.302134 1.7573656 1.6390663 1.8269665 -999999.0 0.67406684 0.9882543 1.0098537 0.9479144 0.71953833 0.0 0.94142574 1.0397842 1.3014961 1.5213352 2.8918738 3.245006 4.9351854 5.4932103 6.219433 6.173793 4.547212 3.4477026 2.609941 2.8908954 3.6230867 4.593087 3.358548 2.9599047 1.599401 1.1337341 0.0 0.0 0.0 0.0 -999999.0 -999999.0 -999999.0 -999999.0 -999999.0 -999999.0 -999999.0 -999999.0 -999999.0 -999999.0 -999999.0 -999999.0 -999999.0 -999999.0 -999999.0 -999999.0 -999999.0 -999999.0 -999999.0
4.0322685 3.6657407 3.229443 3.8823428 3.567105 3.7851818 3.670926 3.2520847 2.7068691 3.070749 3.1077693 2.5476105 1.4066246 0.0 1.0907298 1.4482455 1.2074999 1.4503574 0.93191457 0.0 0.56516516 0.9424348 1.2748286 1.5974466 2.2111256 3.3905864 4.332614 4.8594775 6.371084 5.859401 5.134557 4.8173757 3.7303813 2.5946746 4.3664603 5.1319666 3.1698902 1.2840141 1.7135277 0.0 0.0 0.0 0.0 0.0 -999999.0 -999999.0 -999999.0 -999999.0 -999999.0 -999999.0 -999999.0 -999999.0 -999999.0 -999999.0 -999999.0 -999999.0 -999999.0 -999999.0 -999999.0 -999999.0 -999999.0 -999999.0 -999999.0
4.4934263 4.2743783 3.7854133 4.4430747 4.262917 4.000139 3.4293828 3.4341683 3.4319353 4.1623516 5.0821075 3.9510126 2.4319456 1.9459637 2.419002 2.0510395 1.8444114 1.6993994 1.2147124 1.0997034 0.7589382 0.859151 1.3612733 1.9295491 2.4639993 3.129624 3.831821 3.793953 4.4963064 5.133736 5.816231 6.612077 5.3820767 4.2991357 5.5303926 5.563063 2.841327 1.6682968 0.9259378 1.5892655 0.0 0.0 0.0 0.0 -999999.0 -999999.0 -999999.0 -999999.0 -999999.0 -999999.0 -999999.0 -999999.0 -999999.0 -999999.0 -999999.0 -999999.0 -999999.0 -999999.0 -999999.0 -999999.0 -999999.0 -999999.0 -999999.0
3.98181 3.898884 3.335674 3.761744 3.6250265 3.638153 3.4925158 3.1994905 4.0599804 4.147202 6.078714 4.138829 2.7935078 2.0000699 2.0381446 2.7148438 2.4790103 2.12636 1.7547684 1.6156272 1.2826178 1.4474536 2.0382044 2.2301276 3.011745 3.675533 3.7509022 2.7895365 3.0908353 4.633963 5.344654 6.063704 6.0736766 4.6717978 5.1748223 4.6877227 2.896867 1.7482488 2.6947396 2.415924 0.0 0.0 0.0 -999999.0 -999999.0 -999999.0 -999999.0 -999999.0 -999999.0 -999999.0 -999999.0 -999999.0 -999999.0 -999999.0 -999999.0 -999999.0 -999999.0 -999999.0 -999999.0 -999999.0 -999999.0 -999999.0 -999999.0
3.8327935 3.6313426 3.0426447 3.1745572 3.1552112 2.9279597 3.1911592 4.373315 5.0226417 4.954 5.385911 4.4481807 3.0077233 1.2156134 2.0923905 3.43963 3.5820942 3.0266654 1.8310306 1.5921372 1.6654991 2.0833623 2.2066996 2.9449592 3.8816586 4.741333 3.7362938 2.746723 4.2268934 6.211722 5.980692 5.8186455 5.320884 4.8444014 3.9850185 3.438323 2.469112 2.5859418 2.8814986 1.98905 0.0 0.0 0.0 0.0 -999999.0 -999999.0 -999999.0 -999999.0 -999999.0 -999999.0 -999999.0 -999999.0 -999999.0 -999999.0 -999999.0 -999999.0 -999999.0 -999999.0 -999999.0 -999999.0 -999999.0 -999999.0 -999999.0
3.0358598 2.705113 2.226609 2.412262 2.8462667 1.8818278 2.8466206 4.5025845 5.613604 5.126985 4.7257514 4.0481377 2.9044902 2.1398585 3.441716 5.5684547 5.1415567 3.5834897 2.2038755 1.467658 1.9317663 2.6215985 3.1199646 4.1846538 5.051079 4.6813803 3.3766434 3.0080893 5.3553505 6.1748295 5.8132224 5.2525153 4.706878 3.9243817 3.525101 2.9511817 2.5479562 2.2291334 2.0680578 1.8909605 0.0 0.0 0.0 0.0 -999999.0 -999999.0 -999999.0 -999999.0 -999999.0 -999999.0 -999999.0 -999999.0 -999999.0 -999999.0 -999999.0 -999999.0 -999999.0 -999999.0 -999999.0 -999999.0 -999999.0 -999999.0 -999999.0
2.127188 1.9347041 1.5987844 1.3627856 1.8828089 1.7814611 2.4587674 4.1018453 4.551414 4.569497 4.0203476 4.183414 2.901339 2.2584498 4.41031 6.509431 5.744 3.5982628 1.9560537 1.5287914 1.7838483 2.5889726 3.1421258 4.8817286 6.185629 3.6421354 2.9085581 3.8711476 6.093561 5.9463663 5.699169 5.881683 5.2872453 4.4398613 2.5463057 2.4209604 2.2188702 1.8195869 1.5185043 0.0 0.0 0.0 0.0 0.0 0.0 -999999.0 -999999.0 -999999.0 -999999.0 -999999.0 -999999.0 -999999.0 -999999.0 -999999.0 -999999.0 -999999.0 -999999.0 -999999.0 -999999.0 -999999.0 -999999.0 -999999.0 -999999.0
2.4524922 1.6334174 1.3157655 1.018923 1.3241292 1.3910781 1.6902792 2.184195 3.2574053 3.3789384 3.0169082 1.2644006 1.4537191 1.1330614 3.5438938 6.0840054 6.087072 2.8947845 1.048472 1.6343898 2.0879858 2.171455 2.9043114 3.8133645 4.064033 2.6672316 3.0684812 3.632166 4.832649 5.7685494 5.4888544 5.0722146 4.53302 3.3122158 1.4494215 2.0483592 1.5804322 1.3192322 0.0 0.0 0.0 0.0 0.0 0.0 -999999.0 -999999.0 -999999.0 -999999.0 -999999.0 -999999.0 -999999.0 -999999.0 -999999.0 -999999.0 -999999.0 -999999.0 -999999.0 -999999.0 -999999.0 -999999.0 -999999.0 -999999.0 -999999.0
3.1911333 2.6737406 2.0370827 1.0265156 1.0483983 1.1047646 1.0496751 1.4080155 2.3984554 2.4179087 2.0723162 1.0876671 0.7732921 1.4431736 2.7796648 4.396939 4.5050216 3.633449 3.1878343 1.8139292 1.6873485 1.2779677 2.281085 3.0003538 4.081238 4.037052 3.8865843 3.84855 4.0051217 4.250584 4.7632346 4.0429497 3.078683 1.5102495 1.166082 0.9795007 1.1316143 1.0813828 0.0 0.0 0.0 0.0 0.0 0.0 -999999.0 -999999.0 -999999.0 -999999.0 -999999.0 -999999.0 -999999.0 -999999.0 -999999.0 -999999.0 -999999.0 -999999.0 -999999.0 -999999.0 -999999.0 -999999.0 -999999.0 -999999.0 -999999.0
