data/TNO-HT-ATES/HT-ATES_msz3/msz3__porosity_basecase_80-45-40.asc
ncols  140
nrows  163
xllcorner  0.0
yllcorner  300000.0
cellsize  2000.0
NODATA_value  -999999.0
[rows 27 to 53 of 163, columns 61 to 121 of 140]
0.3698501 0.36980003 0.36980003 0.36980003 0.3698501 0.36997503 0.3701 0.3701 0.3701 0.3702 0.3702 0.37025008 0.3702 0.3703 0.37055007 0.3707 0.3707 0.37077504 0.37109998 0.3714 0.37159997 0.37159997 0.37159997 0.3718 0.3722 0.3727 0.3732 0.3737 0.3742 0.3749 0.3756 0.3762 0.377 0.3778 0.37842503 0.37897503 0.37977502 0.38055 0.3809 0.38152504 0.38224998 0.38307503 -999999.0 -999999.0 -999999.0 -999999.0 -999999.0 0.38337502 -999999.0 -999999.0 0.38840002 -999999.0 -999999.0 -999999.0 -999999.0 -999999.0 -999999.0 -999999.0 -999999.0 -999999.0 -999999.0
0.37035006 0.3703 0.3703 0.3703 0.3703 0.37035006 0.3704 0.3705 0.37055007 0.3706 0.3707 0.37077504 0.37082505 0.371 0.37109998 0.37109998 0.37109998 0.37109998 0.3712 0.3714 0.3717 0.37159997 0.3717 0.3719 0.37225002 0.3727 0.3732 0.3737 0.37425 0.3749 0.3756 0.37637505 0.37709996 0.3779 0.378675 0.37935 -999999.0 -999999.0 0.38119996 0.3817 0.38247505 0.38337502 -999999.0 -999999.0 -999999.0 -999999.0 -999999.0 -999999.0 -999999.0 -999999.0 -999999.0 -999999.0 -999999.0 -999999.0 -999999.0 -999999.0 -999999.0 -999999.0 -999999.0 -999999.0 -999999.0
0.37080002 0.37080002 0.37080002 0.37077504 0.3707 0.3707 0.37080002 0.37090003 0.371 0.37109998 0.3712 0.3713 0.37149996 0.37145007 0.3714 0.3714 0.3713 0.3713 0.3712 0.3713 0.37159997 0.37159997 0.37159997 0.37187496 0.3722 0.3727 0.3732 0.3738 0.37437505 0.37502503 0.3758 0.37672502 0.37747502 0.37825 -999999.0 -999999.0 -999999.0 -999999.0 0.3814 0.38200003 0.38282502 0.3837 0.38454998 -999999.0 -999999.0 -999999.0 -999999.0 -999999.0 -999999.0 -999999.0 -999999.0 0.3896 -999999.0 -999999.0 -999999.0 -999999.0 -999999.0 -999999.0 -999999.0 -999999.0 -999999.0
0.37112504 0.3713 0.3712 0.3712 0.37115005 0.37115005 0.3712 0.37135005 0.37149996 0.3716 0.3717 0.371975 0.3718 0.3717 0.3716 0.3716 0.3716 0.3713 0.37115002 0.3712 0.3714 0.3714 0.3714 0.3717 0.37215 0.37270004 0.3733 0.3739 0.374525 0.37520003 0.376 -999999.0 -999999.0 -999999.0 -999999.0 -999999.0 -999999.0 -999999.0 0.3818 0.38240004 0.38319996 0.384025 0.384875 0.38577503 0.3867 0.3876 0.38845 0.38907495 -999999.0 -999999.0 -999999.0 0.38970003 -999999.0 -999999.0 -999999.0 -999999.0 -999999.0 -999999.0 -999999.0 -999999.0 -999999.0
0.3716 0.3716 0.3716 0.3716 0.3716 0.3716 0.3716 0.3718 0.372 0.3722 0.37229997 0.37225002 0.3721 0.372 0.37190002 0.3718 0.3716 0.3713 0.371 0.37082496 0.37092495 0.37114996 0.3711 0.37142497 0.3721 0.37265 0.3733 0.374 0.3747 0.3754 -999999.0 -999999.0 -999999.0 -999999.0 -999999.0 -999999.0 -999999.0 -999999.0 -999999.0 0.38285 0.38357502 0.384325 0.38515 0.38605 0.3869 0.3877 0.38834995 0.3886 0.38835 -999999.0 0.388 -999999.0 0.39065 -999999.0 -999999.0 -999999.0 -999999.0 -999999.0 -999999.0 -999999.0 -999999.0
0.372 0.37190002 0.37190002 0.37190002 0.37190002 0.37190002 0.37190002 0.37212503 0.37242502 0.37270004 0.3728 0.3726 0.3724 0.3722 0.372 0.3718 0.37149996 0.3712 0.3709 0.37054998 0.3705 0.3709 0.3709 0.3712 0.37194997 0.37270004 0.3734 0.37414998 0.3749 0.37567502 -999999.0 -999999.0 -999999.0 -999999.0 -999999.0 -999999.0 -999999.0 -999999.0 -999999.0 -999999.0 -999999.0 -999999.0 -999999.0 -999999.0 0.38704997 0.38779998 0.38832498 0.388725 0.38905007 -999999.0 -999999.0 -999999.0 0.3899 -999999.0 -999999.0 -999999.0 -999999.0 -999999.0 -999999.0 -999999.0 -999999.0
0.37229997 0.3722 0.3721 0.3721 0.3721 0.3721 0.37217504 0.37229997 0.3726 0.3729 0.3731 0.3728 0.3725 0.37229997 0.372 0.3717 0.3714 0.3711 0.3708 0.3705 0.3705 0.37085 0.371075 0.3714 0.3721 0.37282503 0.3736 0.37435 0.37515002 -999999.0 -999999.0 -999999.0 -999999.0 -999999.0 -999999.0 -999999.0 -999999.0 -999999.0 -999999.0 -999999.0 -999999.0 -999999.0 -999999.0 -999999.0 0.38725 0.38797504 0.38850003 0.389 0.3894 -999999.0 -999999.0 -999999.0 -999999.0 -999999.0 -999999.0 -999999.0 -999999.0 -999999.0 -999999.0 -999999.0 -999999.0
0.3725 0.3724 0.37229997 0.37229997 0.3722 0.37229997 0.37229997 0.3724 0.3726 0.3729 0.3729 0.372725 0.3725 0.37229997 0.37205002 0.3717 0.3714 0.3711 0.37075 0.3705 0.3706 0.37094998 0.3713 0.3717 0.37234998 0.3731 0.373825 0.3746 0.37545 -999999.0 -999999.0 -999999.0 -999999.0 -999999.0 -999999.0 -999999.0 -999999.0 -999999.0 -999999.0 -999999.0 -999999.0 -999999.0 -999999.0 -999999.0 0.38755006 0.38825 0.38885 0.38932502 -999999.0 -999999.0 -999999.0 -999999.0 -999999.0 -999999.0 -999999.0 -999999.0 -999999.0 -999999.0 -999999.0 -999999.0 -999999.0
0.3726 0.3726 0.3724 0.37229997 0.3722 0.3722 0.3724 0.3724 0.3726 0.3728 0.372775 0.37270004 0.3724 0.372225 0.372 0.3717 0.37137502 0.3711 0.37075 0.37045002 0.3705 0.371 0.37149996 0.37207502 0.37270004 0.3734 0.3741 0.37487504 0.37574998 -999999.0 -999999.0 -999999.0 -999999.0 -999999.0 -999999.0 0.3818 -999999.0 -999999.0 -999999.0 -999999.0 -999999.0 -999999.0 -999999.0 -999999.0 -999999.0 0.38862503 0.389275 -999999.0 -999999.0 -999999.0 -999999.0 -999999.0 -999999.0 -999999.0 -999999.0 -999999.0 -999999.0 -999999.0 -999999.0 -999999.0 -999999.0
0.37270004 0.3726 0.3725 0.37229997 0.3722 0.3722 0.37224996 0.37229997 0.37257496 0.37270004 0.3726 0.37252498 0.37235 0.3721 0.372 0.3718 0.37147498 0.37117502 0.3708 0.3704 0.3706 0.3712 0.37190002 0.3724 0.373 0.37367502 0.374375 0.37520003 0.37605 -999999.0 -999999.0 -999999.0 -999999.0 -999999.0 0.3813 0.38215 0.382975 -999999.0 -999999.0 -999999.0 -999999.0 -999999.0 -999999.0 -999999.0 -999999.0 0.38907498 0.38967502 -999999.0 -999999.0 -999999.0 -999999.0 -999999.0 -999999.0 -999999.0 -999999.0 -999999.0 -999999.0 -999999.0 -999999.0 -999999.0 -999999.0
0.3728 0.3726 0.3725 0.37229997 0.3722 0.3721 0.37204993 0.3721 0.3724 0.3726 0.3725 0.3725 0.37229997 0.3722 0.3721 0.372 0.371675 0.37137502 0.3711 0.37095004 0.3711 0.3716 0.3722 0.3728 0.3734 0.374 0.37472504 0.375525 -999999.0 -999999.0 -999999.0 -999999.0 -999999.0 -999999.0 0.3817 0.38257504 0.38347504 -999999.0 -999999.0 -999999.0 -999999.0 -999999.0 -999999.0 -999999.0 -999999.0 0.389475 0.3901 -999999.0 -999999.0 -999999.0 -999999.0 -999999.0 0.39345008 0.39155006 -999999.0 -999999.0 -999999.0 -999999.0 -999999.0 -999999.0 -999999.0
0.3728 0.37270004 0.3725 0.37229997 0.3721 0.37190002 0.37190002 0.37190002 0.37217498 0.3724 0.3724 0.3724 0.37229997 0.3722 0.3721 0.372 0.3717 0.3716 0.37155002 0.37149996 0.37165004 0.372 0.37254998 0.37315002 0.37380004 0.3744 0.375075 0.37594998 -999999.0 -999999.0 -999999.0 -999999.0 -999999.0 -999999.0 0.3822 0.3831 0.38402504 -999999.0 -999999.0 -999999.0 -999999.0 -999999.0 -999999.0 -999999.0 -999999.0 0.38987502 -999999.0 -999999.0 -999999.0 -999999.0 -999999.0 0.394 0.39450002 0.39462504 -999999.0 -999999.0 -999999.0 -999999.0 -999999.0 -999999.0 -999999.0
0.3726 0.3726 0.3725 0.3722 0.371975 0.3718 0.3717 0.3717 0.3718 0.37207496 0.37229997 0.3724 0.3722 0.37205002 0.372 0.37190002 0.3717 0.37190002 0.37190002 0.37195003 0.37215006 0.3725 0.3729 0.37355 0.374275 0.37487504 0.375575 0.37642503 -999999.0 -999999.0 -999999.0 -999999.0 -999999.0 -999999.0 0.3828 -999999.0 -999999.0 -999999.0 -999999.0 -999999.0 -999999.0 -999999.0 -999999.0 -999999.0 -999999.0 -999999.0 -999999.0 -999999.0 -999999.0 -999999.0 -999999.0 -999999.0 -999999.0 -999999.0 -999999.0 -999999.0 -999999.0 -999999.0 -999999.0 -999999.0 -999999.0
0.37232497 0.37229997 0.3722 0.37190002 0.3717 0.3716 0.37154993 0.37132502 0.37152493 0.3718 0.372 0.37229997 0.3722 0.3721 0.3721 0.3721 0.371925 0.3721 0.37229997 0.3724 0.37267503 0.3732 0.3735 0.37407503 0.374775 0.37545 0.37617502 0.376975 -999999.0 -999999.0 -999999.0 -999999.0 -999999.0 -999999.0 -999999.0 -999999.0 -999999.0 -999999.0 -999999.0 -999999.0 -999999.0 -999999.0 -999999.0 -999999.0 -999999.0 -999999.0 -999999.0 -999999.0 -999999.0 0.39330003 -999999.0 -999999.0 -999999.0 -999999.0 -999999.0 -999999.0 -999999.0 -999999.0 -999999.0 -999999.0 -999999.0
0.372 0.37190002 0.3717 0.37149996 0.3713 0.3712 0.3712 0.3712 0.37124994 0.37149996 0.3718 0.37190002 0.37197497 0.3721 0.3721 0.3721 0.3722 0.372525 0.37270004 0.37297502 0.37337503 0.3737 0.3741 0.3747 0.37537503 0.376 0.37672502 0.37747502 -999999.0 -999999.0 -999999.0 -999999.0 -999999.0 -999999.0 -999999.0 -999999.0 -999999.0 -999999.0 -999999.0 -999999.0 -999999.0 -999999.0 -999999.0 -999999.0 -999999.0 -999999.0 -999999.0 -999999.0 0.39190003 -999999.0 -999999.0 -999999.0 -999999.0 -999999.0 -999999.0 -999999.0 -999999.0 -999999.0 -999999.0 -999999.0 -999999.0
0.3716 0.37142497 0.3712 0.371025 0.3709 0.3708 0.37084994 0.37094992 0.371 0.3712 0.3716 0.3717 0.3718 0.372 0.3722 0.37229997 0.3725 0.3729 0.3732 0.37357503 0.374 0.37425002 0.37475002 0.37537503 0.375975 0.3765 0.37727502 0.37804997 -999999.0 -999999.0 -999999.0 -999999.0 -999999.0 -999999.0 -999999.0 -999999.0 -999999.0 -999999.0 -999999.0 -999999.0 -999999.0 -999999.0 -999999.0 -999999.0 -999999.0 -999999.0 -999999.0 0.3916 0.3917 -999999.0 -999999.0 -999999.0 -999999.0 -999999.0 -999999.0 -999999.0 -999999.0 -999999.0 -999999.0 -999999.0 -999999.0
0.3712 0.37094992 0.3707 0.3705 0.37044996 0.3704 0.37047496 0.37054995 0.3707 0.3711 0.37149996 0.3716 0.3717 0.371975 0.372375 0.37270004 0.3729 0.37322503 0.3737 0.374175 0.37457502 0.37495005 0.375475 0.376 0.3765 0.37699997 0.37774998 0.3786 0.379475 -999999.0 -999999.0 -999999.0 -999999.0 -999999.0 -999999.0 -999999.0 -999999.0 -999999.0 -999999.0 -999999.0 -999999.0 -999999.0 -999999.0 -999999.0 0.3905 0.39174998 0.3927 0.3916 -999999.0 -999999.0 -999999.0 -999999.0 -999999.0 -999999.0 -999999.0 -999999.0 -999999.0 -999999.0 -999999.0 -999999.0 -999999.0
0.37077495 0.3704 0.3701 0.36994997 0.36994997 0.37 0.37004995 0.3701 0.3704 0.37087497 0.3714 0.3716 0.3718 0.3721 0.3725 0.373 0.3733 0.3736 0.3742 0.374775 0.37510002 0.3757 0.3761 0.3765 0.376975 0.37747502 0.3782 0.3791 0.38002503 0.38092503 -999999.0 -999999.0 -999999.0 -999999.0 -999999.0 -999999.0 -999999.0 -999999.0 -999999.0 -999999.0 -999999.0 -999999.0 0.3887 0.38924998 0.3906 0.39194998 -999999.0 0.3922 -999999.0 -999999.0 -999999.0 -999999.0 -999999.0 -999999.0 -999999.0 -999999.0 -999999.0 -999999.0 -999999.0 -999999.0 -999999.0
0.37032497 0.36982495 0.3695 0.36944997 0.3695 0.3695 0.3695 0.36979997 0.37007496 0.37054998 0.3712 0.37164998 0.37190002 0.3722 0.3725 0.3729 0.37364998 0.3739 0.3746 0.37527502 0.3757 0.3761 0.3765 0.376925 0.3774 0.3779 0.3786 0.37949997 0.3805 0.3814 -999999.0 -999999.0 -999999.0 -999999.0 -999999.0 -999999.0 -999999.0 -999999.0 -999999.0 -999999.0 -999999.0 -999999.0 -999999.0 -999999.0 -999999.0 0.39224997 -999999.0 -999999.0 -999999.0 -999999.0 -999999.0 -999999.0 -999999.0 -999999.0 -999999.0 -999999.0 -999999.0 -999999.0 -999999.0 -999999.0 -999999.0
0.37 0.36935002 0.3689 0.3688 0.3689 0.36894995 0.3691 0.36940002 0.3699 0.3704 0.37085 0.37145 0.37190002 0.372 0.37229997 0.3731 0.37375 0.374275 0.37515002 0.37589997 0.37622502 0.376525 0.37690002 0.3773 0.377775 0.3783 0.37897503 0.37985 0.3808 0.38175 0.38267502 -999999.0 -999999.0 -999999.0 -999999.0 -999999.0 -999999.0 -999999.0 -999999.0 -999999.0 -999999.0 -999999.0 -999999.0 -999999.0 -999999.0 0.39289996 0.3942 -999999.0 -999999.0 -999999.0 -999999.0 -999999.0 -999999.0 -999999.0 -999999.0 -999999.0 -999999.0 -999999.0 -999999.0 -999999.0 -999999.0
0.36962497 0.368825 0.3683 0.3681 0.3682 0.3684 0.3687 0.3691 0.36967498 0.37020004 0.37074998 0.3714 0.3718 0.37190002 0.37234998 0.3731 0.373775 0.37472504 0.37549996 0.376 0.37630004 0.37665 0.3772 0.37760004 0.378075 0.3786 0.37925002 0.38012505 0.3811 0.38204998 0.382975 -999999.0 -999999.0 -999999.0 -999999.0 -999999.0 -999999.0 -999999.0 -999999.0 -999999.0 -999999.0 -999999.0 -999999.0 -999999.0 -999999.0 -999999.0 0.395 -999999.0 -999999.0 -999999.0 -999999.0 -999999.0 -999999.0 -999999.0 -999999.0 -999999.0 -999999.0 -999999.0 -999999.0 -999999.0 -999999.0
0.36912498 0.3682 0.3676 0.3674 0.36754996 0.36787498 0.36832497 0.3689 0.36944997 0.37007496 0.3707 0.3714 0.3718 0.37202504 0.37254998 0.3732 0.3737 0.37464997 0.3754 0.37589997 0.37630004 0.37670004 0.3773 0.37785 0.378375 0.3788 0.37949997 0.3804 0.3813 0.382225 0.38319996 0.38425 -999999.0 -999999.0 0.3883 0.38889998 0.38947502 0.38985005 0.39012504 0.3904 -999999.0 -999999.0 -999999.0 -999999.0 -999999.0 -999999.0 0.39544997 -999999.0 -999999.0 -999999.0 -999999.0 -999999.0 -999999.0 -999999.0 -999999.0 -999999.0 -999999.0 -999999.0 -999999.0 -999999.0 -999999.0
0.36847496 0.367475 0.36672497 0.3666 0.36697498 0.36747497 0.36807495 0.36875 0.36940002 0.37 0.3707 0.3714 0.37190002 0.3722 0.37274998 0.3733 0.3736 0.3742 0.37524998 0.3761 0.3765 0.37690002 0.37732503 0.37800002 0.37864995 0.3792 0.37982503 0.3807 0.381525 0.38240004 0.3834 0.3844 0.38555 0.38685 0.38825 0.38914996 0.38994998 0.39045003 0.39077502 0.391 -999999.0 -999999.0 -999999.0 -999999.0 -999999.0 0.39415 0.39564997 -999999.0 -999999.0 -999999.0 -999999.0 -999999.0 -999999.0 -999999.0 -999999.0 -999999.0 -999999.0 -999999.0 -999999.0 -999999.0 -999999.0
0.368 0.36695004 0.36585003 0.3659 0.36657497 0.36724997 0.36795 0.3687 0.36940002 0.37 0.3707 0.37149996 0.37190002 0.37229997 0.3728 0.3733 0.3737 0.3741 0.37535 0.37630004 0.37662503 0.3771 0.3775 0.37804997 0.3788 0.3797 0.3801 0.381125 0.38192502 0.382725 0.38365 0.38462502 0.38575 0.38695002 0.38814998 0.38924998 0.39024997 0.39094996 0.3913 0.3915 -999999.0 -999999.0 -999999.0 -999999.0 -999999.0 0.39422503 0.39537495 -999999.0 -999999.0 -999999.0 -999999.0 -999999.0 -999999.0 -999999.0 -999999.0 -999999.0 -999999.0 -999999.0 -999999.0 -999999.0 -999999.0
0.3678 0.36702505 0.366175 0.36605003 0.36654997 0.3672 0.368 0.3687 0.36940002 0.37 0.37064996 0.37137496 0.37190002 0.37232494 0.3728 0.3732 0.3737 0.3742 0.37532496 0.37630004 0.37670004 0.3771 0.37757504 0.37815002 0.37884998 0.37954998 0.38045 0.38134998 0.3822 0.38305 0.38384998 0.384775 0.38584998 0.38695002 0.388075 0.38914996 0.39024997 0.39110002 0.3916 0.39190003 -999999.0 -999999.0 -999999.0 -999999.0 -999999.0 0.39424998 0.3952 -999999.0 -999999.0 -999999.0 -999999.0 -999999.0 -999999.0 -999999.0 -999999.0 -999999.0 -999999.0 -999999.0 -999999.0 -999999.0 -999999.0
0.36817503 0.36737502 0.3667 0.36649996 0.3668 0.3674 0.368 0.36865002 0.36929998 0.36995 0.37064996 0.37135 0.3717 0.3722 0.37270004 0.3732 0.37380004 0.3743 0.37507498 0.376 0.37670004 0.37704998 0.37755 0.3782 0.37884998 0.37965 0.380725 0.38145 0.3823 0.38324997 0.38410002 0.38494998 0.38584998 0.3869 0.38785 0.38892496 0.39002496 -999999.0 0.3917333 -999999.0 -999999.0 -999999.0 -999999.0 -999999.0 0.3936 0.3942 -999999.0 -999999.0 -999999.0 -999999.0 -999999.0 -999999.0 -999999.0 -999999.0 -999999.0 -999999.0 -999999.0 -999999.0 -999999.0 -999999.0 -999999.0
0.3686 0.3678 0.367175 0.36695004 0.36715004 0.36757502 0.36804998 0.3687 0.369325 0.36995 0.37064996 0.3713 0.37164998 0.3721 0.37270004 0.37324998 0.37385 0.3744 0.375025 0.37589997 0.37665 0.37699997 0.37745 0.3781 0.37884998 0.3797 0.3807 0.3814 0.38235 0.38345 0.38432503 0.3851 0.3859 0.38674998 0.3876 0.38860002 -999999.0 -999999.0 -999999.0 -999999.0 -999999.0 -999999.0 -999999.0 0.39305 0.3936 0.39424998 -999999.0 -999999.0 -999999.0 -999999.0 -999999.0 -999999.0 -999999.0 -999999.0 -999999.0 -999999.0 -999999.0 -999999.0 -999999.0 -999999.0 -999999.0
