data/TNO-HT-ATES/HT-ATES_msz3/msz3__porosity_basecase_80-45-40.asc
ncols  140
nrows  163
xllcorner  0.0
yllcorner  300000.0
cellsize  2000.0
NODATA_value  -999999.0
[rows 81 to 107 of 163, columns 0 to 60 of 140]
-999999.0 -999999.0 -999999.0 -999999.0 -999999.0 -999999.0 -999999.0 -999999.0 -999999.0 -999999.0 -999999.0 -999999.0 -999999.0 -999999.0 -999999.0 -999999.0 -999999.0 -999999.0 -999999.0 -999999.0 -999999.0 -999999.0 -999999.0 -999999.0 -999999.0 -999999.0 -999999.0 -999999.0 -999999.0 -999999.0 -999999.0 -999999.0 -999999.0 -999999.0 -999999.0 -999999.0 -999999.0 -999999.0 -999999.0 -999999.0 -999999.0 0.3887 0.3887 0.3888 0.389 0.38902503 0.3888 0.38839996 0.38795 0.3874 0.3865 0.38589996 0.38629997 0.386275 0.38607496 0.382325 0.38209996 0.38172504 0.3816 0.3816 0.3815
-999999.0 -999999.0 -999999.0 -999999.0 -999999.0 -999999.0 -999999.0 -999999.0 -999999.0 -999999.0 -999999.0 -999999.0 -999999.0 -999999.0 -999999.0 -999999.0 -999999.0 -999999.0 -999999.0 -999999.0 -999999.0 -999999.0 -999999.0 -999999.0 -999999.0 -999999.0 -999999.0 -999999.0 -999999.0 -999999.0 -999999.0 -999999.0 -999999.0 -999999.0 -999999.0 -999999.0 -999999.0 -999999.0 -999999.0 -999999.0 0.3893 0.3897 0.3892 0.3893 0.3894 0.3894 0.3892 0.3887 0.38820004 0.3875 0.38665003 0.386 0.3861 0.386 0.385875 0.38347575 0.38247502 0.38207498 0.382 0.38209996 0.38209996
-999999.0 -999999.0 -999999.0 -999999.0 -999999.0 -999999.0 -999999.0 -999999.0 -999999.0 -999999.0 -999999.0 -999999.0 -999999.0 -999999.0 -999999.0 -999999.0 -999999.0 -999999.0 -999999.0 -999999.0 -999999.0 -999999.0 -999999.0 -999999.0 -999999.0 -999999.0 -999999.0 -999999.0 -999999.0 -999999.0 -999999.0 -999999.0 -999999.0 -999999.0 -999999.0 -999999.0 -999999.0 -999999.0 -999999.0 0.389 0.3894 0.3894 0.3894 0.389575 0.3897 0.3898 0.3897 0.38915 0.38839996 0.3876 0.38675 0.386025 0.3857 0.3856 0.3856 0.3857 0.3829 0.38265005 0.38255003 0.3826 0.3827
-999999.0 -999999.0 -999999.0 -999999.0 -999999.0 -999999.0 -999999.0 -999999.0 -999999.0 -999999.0 -999999.0 -999999.0 -999999.0 -999999.0 -999999.0 -999999.0 -999999.0 -999999.0 -999999.0 -999999.0 -999999.0 -999999.0 -999999.0 -999999.0 -999999.0 -999999.0 -999999.0 -999999.0 -999999.0 -999999.0 -999999.0 -999999.0 -999999.0 -999999.0 -999999.0 -999999.0 -999999.0 -999999.0 -999999.0 0.3891 0.3895 0.3897 0.3897 0.3897 0.38990003 0.39025003 0.39035 0.389725 0.38865 0.38765 0.38672498 0.38595 0.3854 0.3853 0.3854 0.3856 0.38589996 0.3834 0.38335004 0.3833 0.38337502
-999999.0 -999999.0 -999999.0 -999999.0 -999999.0 -999999.0 -999999.0 -999999.0 -999999.0 -999999.0 -999999.0 -999999.0 -999999.0 -999999.0 -999999.0 -999999.0 -999999.0 -999999.0 -999999.0 -999999.0 -999999.0 -999999.0 -999999.0 -999999.0 -999999.0 -999999.0 -999999.0 -999999.0 -999999.0 -999999.0 -999999.0 -999999.0 -999999.0 -999999.0 -999999.0 -999999.0 -999999.0 -999999.0 0.38865 0.3894 0.38959998 0.3894 0.3895 0.38954997 0.38985 0.3905 0.39100003 0.3903 0.38895 0.38765 0.3866 0.3857 0.3851 0.3851 0.3854 0.3857 0.3858 0.38605005 0.38409996 0.384 0.3839
-999999.0 -999999.0 -999999.0 -999999.0 -999999.0 -999999.0 -999999.0 -999999.0 -999999.0 -999999.0 -999999.0 -999999.0 -999999.0 -999999.0 -999999.0 -999999.0 -999999.0 -999999.0 -999999.0 -999999.0 -999999.0 -999999.0 -999999.0 -999999.0 -999999.0 -999999.0 -999999.0 -999999.0 -999999.0 -999999.0 -999999.0 -999999.0 -999999.0 -999999.0 -999999.0 -999999.0 -999999.0 0.387425 0.388675 0.38952497 0.38897496 0.3887 0.3891 0.3894 0.389675 0.39004996 0.39117494 0.39015 0.388775 0.38755 0.3865 0.38545004 0.3846 0.38494998 0.3856 0.386 0.3862 0.3864 0.384775 0.38469997 0.38442504
-999999.0 -999999.0 -999999.0 -999999.0 -999999.0 -999999.0 -999999.0 -999999.0 -999999.0 -999999.0 -999999.0 -999999.0 -999999.0 -999999.0 -999999.0 -999999.0 -999999.0 -999999.0 -999999.0 -999999.0 -999999.0 -999999.0 -999999.0 -999999.0 -999999.0 -999999.0 -999999.0 -999999.0 -999999.0 -999999.0 -999999.0 -999999.0 -999999.0 -999999.0 -999999.0 -999999.0 0.387725 0.388125 0.38895 0.3894 0.38865 0.38832504 0.38889998 0.3892 0.3892 0.38889998 0.38854995 0.388875 0.38822502 0.3874 0.3866 0.38572502 0.38502502 0.38552502 0.38622501 0.38665003 0.3868 0.38689998 0.38689998 0.38587537 0.38565
-999999.0 -999999.0 -999999.0 -999999.0 -999999.0 -999999.0 -999999.0 -999999.0 -999999.0 -999999.0 -999999.0 -999999.0 -999999.0 -999999.0 -999999.0 -999999.0 -999999.0 -999999.0 -999999.0 -999999.0 -999999.0 -999999.0 -999999.0 -999999.0 -999999.0 -999999.0 -999999.0 -999999.0 -999999.0 -999999.0 -999999.0 -999999.0 -999999.0 -999999.0 -999999.0 0.38852504 0.38882503 0.38907498 0.3894 0.3895 0.3892 0.38905 0.38915005 0.38935006 0.3892 0.3887 0.38839996 0.3883 0.38785 0.3873 0.38697505 0.386575 0.386475 0.38685 0.38725007 0.38745004 0.38755006 0.38750002 0.38750002 0.38750002 0.38662502
-999999.0 -999999.0 -999999.0 -999999.0 -999999.0 -999999.0 -999999.0 -999999.0 -999999.0 -999999.0 -999999.0 -999999.0 -999999.0 -999999.0 -999999.0 -999999.0 -999999.0 -999999.0 -999999.0 -999999.0 -999999.0 -999999.0 -999999.0 -999999.0 -999999.0 -999999.0 -999999.0 -999999.0 -999999.0 -999999.0 -999999.0 -999999.0 -999999.0 -999999.0 0.38895005 0.389 0.3892 0.3894 0.38959998 0.38959998 0.3895 0.3895 0.389525 0.38990003 0.389575 0.3891 0.3888 0.3886 0.388125 0.38775003 0.38762504 0.38755006 0.3878 0.38827503 0.38845003 0.3884 0.3883 0.38809997 0.38805002 0.3879 0.38717502
-999999.0 -999999.0 -999999.0 -999999.0 -999999.0 -999999.0 -999999.0 -999999.0 -999999.0 -999999.0 -999999.0 -999999.0 -999999.0 -999999.0 -999999.0 -999999.0 -999999.0 -999999.0 -999999.0 -999999.0 -999999.0 -999999.0 -999999.0 -999999.0 -999999.0 -999999.0 -999999.0 -999999.0 -999999.0 -999999.0 -999999.0 0.3897 0.38937503 0.3893 0.3892 0.3892 0.3893 0.3893 0.389675 0.3895 0.3894 0.38959998 0.38997498 0.3901 0.38990003 0.38959998 0.3893 0.3891 0.38872504 0.38855004 0.3885 0.3886 0.38875002 0.38920003 0.3893 0.3891 0.3889 0.38849998 0.38832504 0.388 0.3876
-999999.0 -999999.0 -999999.0 -999999.0 -999999.0 -999999.0 -999999.0 -999999.0 -999999.0 -999999.0 -999999.0 -999999.0 -999999.0 -999999.0 -999999.0 -999999.0 -999999.0 -999999.0 -999999.0 -999999.0 -999999.0 -999999.0 -999999.0 -999999.0 -999999.0 -999999.0 -999999.0 -999999.0 -999999.0 -999999.0 0.3903 0.389975 0.38954997 0.3893 0.3892 0.3893 0.3893 0.38924998 0.3892 0.3891 0.3891 0.38937497 0.389675 0.38997498 0.39019996 0.39019996 0.38987505 0.38955003 0.38937503 0.3894 0.3895 0.38955006 0.389625 0.3899 0.3898 0.3895 0.38920003 0.389 0.3886 0.3882 0.38787502
-999999.0 -999999.0 -999999.0 -999999.0 -999999.0 -999999.0 -999999.0 -999999.0 -999999.0 -999999.0 -999999.0 -999999.0 -999999.0 -999999.0 -999999.0 -999999.0 -999999.0 -999999.0 -999999.0 -999999.0 -999999.0 -999999.0 -999999.0 -999999.0 -999999.0 -999999.0 -999999.0 -999999.0 -999999.0 -999999.0 0.3905 0.39019996 0.38982502 0.389425 0.3892 0.3891 0.38897496 0.38889998 0.38889998 0.38889998 0.3891 0.3892 0.38934997 0.3897 0.39019996 0.3906 0.39055005 0.3903 0.3901 0.39005005 0.389975 0.3899 0.39017498 0.3901 0.3899 0.38970003 0.3895 0.3894 0.389 0.388475 0.38809997
-999999.0 -999999.0 -999999.0 -999999.0 -999999.0 -999999.0 -999999.0 -999999.0 -999999.0 -999999.0 -999999.0 -999999.0 -999999.0 -999999.0 -999999.0 -999999.0 -999999.0 -999999.0 -999999.0 -999999.0 -999999.0 -999999.0 -999999.0 -999999.0 -999999.0 -999999.0 -999999.0 -999999.0 -999999.0 -999999.0 0.390875 0.3905 0.39002502 0.389625 0.38937503 0.389 0.3888 0.3888 0.3888 0.38889998 0.389 0.389 0.38889998 0.3894 0.39055002 0.391225 0.39145005 0.39115006 0.39100003 0.3909 0.390675 0.3904 0.3904 0.3901 0.39 0.39 0.3899 0.3899 0.38952503 0.38897502 0.38857502
-999999.0 -999999.0 -999999.0 -999999.0 -999999.0 -999999.0 -999999.0 -999999.0 -999999.0 -999999.0 -999999.0 -999999.0 -999999.0 -999999.0 -999999.0 -999999.0 -999999.0 -999999.0 -999999.0 -999999.0 -999999.0 -999999.0 -999999.0 -999999.0 -999999.0 -999999.0 -999999.0 -999999.0 -999999.0 -999999.0 -999999.0 0.3908 0.39039996 0.39002502 0.389575 0.389 0.3891 0.389225 0.3893 0.3893 0.3892 0.389 0.38865003 0.38937503 0.39075 0.3916 0.39177495 0.3915 0.3915 0.3917 0.3916 0.39117503 0.390675 0.390175 0.3902 0.39042503 0.3905 0.3904 0.39005 0.3894 0.38882503
-999999.0 -999999.0 -999999.0 -999999.0 -999999.0 -999999.0 -999999.0 -999999.0 -999999.0 -999999.0 -999999.0 -999999.0 -999999.0 -999999.0 -999999.0 -999999.0 -999999.0 -999999.0 -999999.0 -999999.0 -999999.0 -999999.0 -999999.0 -999999.0 -999999.0 -999999.0 -999999.0 -999999.0 -999999.0 -999999.0 -999999.0 0.39115 0.3908 0.39039996 0.39005005 0.38985005 0.3898 0.39002502 0.39025003 0.3901 0.38985005 0.389525 0.389225 0.39 0.3909 0.39130002 0.39100003 0.3908 0.3912 0.3919 0.39207503 0.39157504 0.391 0.39042503 0.3905 0.3908 0.3909 0.3906 0.39017498 0.38955 0.389
-999999.0 -999999.0 -999999.0 -999999.0 -999999.0 -999999.0 -999999.0 -999999.0 -999999.0 -999999.0 -999999.0 -999999.0 -999999.0 -999999.0 -999999.0 -999999.0 -999999.0 -999999.0 -999999.0 -999999.0 -999999.0 -999999.0 -999999.0 -999999.0 -999999.0 -999999.0 -999999.0 -999999.0 -999999.0 -999999.0 -999999.0 0.3913 0.3911 0.39090002 0.390625 0.39059997 0.39065003 0.390925 0.39115003 0.39115003 0.39105004 0.39075002 0.39045003 0.39097503 0.3914 0.3913 0.390825 0.3905 0.390875 0.39214998 0.392425 0.39205003 0.3918 0.39160004 0.39090002 0.3908 0.39090002 0.3906 0.39010003 0.38960004 0.3891
-999999.0 -999999.0 -999999.0 -999999.0 -999999.0 -999999.0 -999999.0 -999999.0 -999999.0 -999999.0 -999999.0 -999999.0 -999999.0 -999999.0 -999999.0 -999999.0 -999999.0 -999999.0 -999999.0 -999999.0 -999999.0 -999999.0 -999999.0 -999999.0 -999999.0 -999999.0 -999999.0 -999999.0 -999999.0 -999999.0 -999999.0 -999999.0 0.3916 0.39142504 0.3912 0.3911 0.3913 0.391575 0.39182502 0.39209998 0.39235002 0.3924 0.39225003 0.39215004 0.392125 0.39185002 0.39127502 0.39122504 0.39195 0.39225003 0.3919 0.3926 0.3924 0.3919 0.3916 0.39090002 0.39084998 0.3905 0.39 0.38960004 0.38927498
-999999.0 -999999.0 -999999.0 -999999.0 -999999.0 -999999.0 -999999.0 -999999.0 -999999.0 -999999.0 -999999.0 -999999.0 -999999.0 -999999.0 -999999.0 -999999.0 -999999.0 -999999.0 -999999.0 -999999.0 -999999.0 -999999.0 -999999.0 -999999.0 -999999.0 -999999.0 -999999.0 -999999.0 0.39290002 0.39259997 0.3924 -999999.0 0.39209998 0.39195 0.39185002 0.39182502 0.392025 0.3922 0.39252502 0.39295003 0.393325 0.39375 0.393725 0.39322504 0.392925 0.39259997 0.39182502 0.39142504 0.39290002 0.3933 0.39275 0.3923 0.392 0.392 0.3917 0.3914 0.3906 0.3904 0.3899 0.38955003 0.38952503
-999999.0 -999999.0 -999999.0 -999999.0 -999999.0 -999999.0 -999999.0 -999999.0 -999999.0 -999999.0 -999999.0 -999999.0 -999999.0 -999999.0 -999999.0 -999999.0 -999999.0 -999999.0 -999999.0 -999999.0 -999999.0 -999999.0 -999999.0 -999999.0 -999999.0 0.3959 0.39517504 0.3943 0.39327502 0.39262497 0.3928 0.39290002 0.3927 0.3923 0.3924 0.3924 0.39255002 0.3927 0.3931 0.39360002 0.39374998 0.3942 0.3942 0.393875 0.393525 0.393125 0.3927 0.39275002 0.393325 0.39369997 0.393325 0.39192504 0.39242503 0.3922 0.39192504 0.39187503 0.39157504 0.3902 0.38982505 0.38945 0.3892
-999999.0 -999999.0 -999999.0 -999999.0 -999999.0 -999999.0 -999999.0 -999999.0 -999999.0 -999999.0 -999999.0 -999999.0 -999999.0 -999999.0 -999999.0 -999999.0 -999999.0 -999999.0 -999999.0 -999999.0 -999999.0 -999999.0 -999999.0 -999999.0 -999999.0 0.39657503 0.3958 0.394925 0.39397502 0.39302504 0.39290002 0.3934 0.39290002 0.3928 0.39290002 0.39290002 0.39290002 0.393 0.39320004 0.393325 0.39360002 0.3941 0.39432502 0.3943 0.3941 0.39377502 0.39360002 0.39375 0.39369997 0.39375 0.3938 0.39345002 0.393775 0.39265004 0.39365003 0.39447504 0.39247504 0.389625 0.39005002 0.389775 0.3892
-999999.0 -999999.0 -999999.0 -999999.0 -999999.0 -999999.0 -999999.0 -999999.0 -999999.0 -999999.0 -999999.0 -999999.0 -999999.0 -999999.0 -999999.0 -999999.0 -999999.0 -999999.0 -999999.0 -999999.0 -999999.0 -999999.0 -999999.0 -999999.0 -999999.0 0.39727503 0.3965 0.39562503 0.39472502 0.393725 0.393375 0.39360002 0.393525 0.39320004 0.39322504 0.39307502 0.39320004 0.39335003 0.393325 0.39322504 0.393525 0.3941 0.394525 0.394925 0.39490002 0.39464998 0.3947 0.3947 0.39459997 0.3942 0.39389998 0.3943 0.395475 0.39595005 0.39644998 0.396075 0.39420003 0.39267498 0.39135 0.390325 0.3895
-999999.0 -999999.0 -999999.0 -999999.0 -999999.0 -999999.0 -999999.0 -999999.0 -999999.0 -999999.0 -999999.0 -999999.0 -999999.0 -999999.0 -999999.0 -999999.0 -999999.0 -999999.0 -999999.0 -999999.0 -999999.0 -999999.0 -999999.0 -999999.0 -999999.0 0.397925 0.3972 0.396375 0.395475 0.394425 0.3938 0.39405003 0.3942 0.39385003 0.393225 0.39320004 0.3934 0.393675 0.3938 0.39395005 0.39425004 0.394625 0.394925 0.3953 0.3954 0.39505005 0.3951 0.3951 0.39507502 0.39455003 0.3938 0.3944 0.39544997 0.396425 0.397075 -999999.0 0.39425 0.39270002 0.39167503 0.39072505 0.39010003
-999999.0 -999999.0 -999999.0 -999999.0 -999999.0 -999999.0 -999999.0 -999999.0 -999999.0 -999999.0 -999999.0 -999999.0 -999999.0 -999999.0 -999999.0 -999999.0 -999999.0 -999999.0 -999999.0 -999999.0 -999999.0 -999999.0 -999999.0 0.3996 0.39909998 0.3986 0.397975 0.397125 0.396225 0.395325 0.39437503 0.3942 0.394525 0.394075 0.3928 0.39302504 0.39360002 0.3941 0.3945 0.39490002 0.39525005 0.39545003 0.3956 0.39569998 0.3958 0.39569998 0.39565003 0.39555 0.39585003 0.395525 0.394475 0.3949 0.39515 0.3965 0.39744997 0.396625 0.396 0.39295 0.39192504 0.391275 0.39072505
-999999.0 -999999.0 -999999.0 -999999.0 -999999.0 -999999.0 -999999.0 -999999.0 -999999.0 -999999.0 -999999.0 -999999.0 -999999.0 -999999.0 -999999.0 -999999.0 -999999.0 -999999.0 -999999.0 0.4003 0.4005 0.400125 0.40045005 0.400025 0.39960003 0.399225 0.3987 0.39792502 0.397175 0.39625 0.395375 0.39445 0.39382502 0.39369997 0.39325005 0.39342505 0.39412504 0.3948 0.395325 0.39577502 0.396075 0.3962 0.39630002 0.3961 0.3961 0.396275 0.396375 0.3966 0.3966 0.39635 0.39527503 0.3952 0.395725 0.396625 0.3972 -999999.0 0.3964 0.393225 0.39242503 0.3919 0.391725
-999999.0 -999999.0 -999999.0 -999999.0 -999999.0 -999999.0 -999999.0 -999999.0 -999999.0 -999999.0 -999999.0 -999999.0 -999999.0 -999999.0 -999999.0 -999999.0 -999999.0 -999999.0 0.4009 0.40050003 0.40054995 0.4004 0.4003 0.40037504 0.4002 0.39960003 0.39930004 0.39905 0.39815 0.397275 0.396375 0.39557502 0.39485002 0.3945 0.39427504 0.39435005 0.394925 0.39575 0.396025 0.3962 0.396375 0.3965 0.3965 0.39630002 0.39630002 0.39705002 0.3973 0.39735 0.39722502 0.3969 0.39645 0.39635003 0.396675 0.397175 0.3973 -999999.0 0.39652497 0.39484996 0.39275002 -999999.0 0.392775
-999999.0 -999999.0 -999999.0 -999999.0 -999999.0 -999999.0 -999999.0 -999999.0 -999999.0 -999999.0 -999999.0 -999999.0 -999999.0 -999999.0 -999999.0 -999999.0 -999999.0 -999999.0 0.40122503 0.40004998 0.40065002 0.40042505 0.4003 0.400925 0.4008 0.4005 0.39990002 0.3995 0.39902502 0.39830002 0.39737502 0.39665002 0.39617503 0.39585003 0.39555 0.3953 0.3956 0.3959 0.39630002 0.3965 0.3966 0.39707503 0.39707503 0.39679998 0.39687502 0.39727503 0.3977 0.39775002 0.3978 0.39765003 0.39745003 0.39745003 0.3975 0.3977 0.39757502 0.39725003 0.3972 0.3975 0.3932 -999999.0 -999999.0
-999999.0 -999999.0 -999999.0 -999999.0 -999999.0 -999999.0 -999999.0 -999999.0 -999999.0 -999999.0 -999999.0 -999999.0 -999999.0 -999999.0 -999999.0 -999999.0 -999999.0 -999999.0 -999999.0 0.40187502 0.40155002 0.401125 0.400775 0.4012 0.4012 0.4011 0.40077502 0.40030003 0.399975 0.399225 0.39827502 0.3976 0.39745003 0.39745003 0.3971 0.39662504 0.396225 0.3961 0.396425 0.396925 0.39725 0.3978 0.39795 0.39775002 0.39765003 0.397875 0.398 0.39815003 0.39825 0.3984 0.39810002 0.3979 0.3976 0.3975 0.3978 -999999.0 -999999.0 -999999.0 0.394225 -999999.0 -999999.0
