data/TNO-HT-ATES/HT-ATES_msz3/msz3__temperature_basecase_80-45-40.asc
ncols  140
nrows  163
xllcorner  0.0
yllcorner  300000.0
cellsize  2000.0
NODATA_value  -999999.0
[rows 52 to 77 of 163, columns 60 to 119 of 140]
21.268799 21.804592 22.248112 22.531527 22.482285 22.392937 22.296919 21.960548 21.45474 21.114868 20.873764 20.90904 20.743921 20.733814 20.492893 20.31131 20.14212 19.936304 19.891928 19.924452 19.847223 19.600014 19.411648 19.173664 19.083284 19.030289 18.807537 18.40984 18.079693 17.673296 17.345257 17.06114 16.718126 16.352257 15.9539385 15.588026 15.136679 14.652484 -999999.0 -999999.0 -999999.0 -999999.0 -999999.0 -999999.0 -999999.0 13.323804 13.069971 -999999.0 -999999.0 -999999.0 -999999.0 -999999.0 -999999.0 -999999.0 -999999.0 -999999.0 -999999.0 -999999.0 -999999.0 -999999.0
21.075752 21.474968 22.148933 22.436546 22.393225 22.30034 22.121592 21.88207 21.456865 21.10968 20.79743 20.613626 20.5134 20.540634 20.454374 20.194695 19.980015 19.815273 19.793823 19.784964 19.700874 19.491001 19.316217 19.061829 18.906658 18.843477 18.694641 18.405626 18.119665 17.646643 17.178919 16.868366 16.58228 16.295027 15.918414 15.629554 15.248667 -999999.0 -999999.0 -999999.0 -999999.0 -999999.0 -999999.0 -999999.0 13.606226 13.377692 13.132804 -999999.0 -999999.0 -999999.0 -999999.0 -999999.0 -999999.0 -999999.0 -999999.0 -999999.0 -999999.0 -999999.0 -999999.0 -999999.0
21.011122 21.47212 21.976446 22.355593 22.460493 22.260525 21.965723 21.801115 21.456366 21.156929 20.962933 20.72646 20.350357 20.31927 20.36839 20.209566 19.931164 19.871164 19.84113 19.76324 19.626143 19.408846 19.271399 19.084793 18.81786 18.726034 18.645544 18.497078 18.077568 17.610115 17.1857 16.809694 16.506353 16.220324 15.930034 15.75712 -999999.0 -999999.0 -999999.0 -999999.0 -999999.0 -999999.0 13.881385 13.766218 13.629868 13.432802 13.167174 -999999.0 -999999.0 -999999.0 -999999.0 -999999.0 -999999.0 -999999.0 -999999.0 -999999.0 -999999.0 -999999.0 -999999.0 -999999.0
20.948524 21.480007 21.878601 22.143614 22.241814 22.19212 21.827972 21.601799 21.390442 21.159313 21.063025 20.970486 20.581089 20.081417 19.97095 20.137003 20.116907 19.935524 19.852285 19.76171 19.56388 19.289217 19.215914 19.052942 18.834652 18.700632 18.563417 18.285072 17.823383 17.489376 17.175674 16.802664 16.540937 16.220434 16.008753 -999999.0 -999999.0 -999999.0 -999999.0 -999999.0 -999999.0 -999999.0 -999999.0 -999999.0 -999999.0 -999999.0 13.054894 -999999.0 -999999.0 -999999.0 -999999.0 -999999.0 -999999.0 -999999.0 -999999.0 -999999.0 -999999.0 -999999.0 -999999.0 -999999.0
20.767126 21.305275 21.753725 22.004604 21.964804 21.968515 21.768938 21.522873 21.344244 21.055622 20.795279 20.722822 20.635656 20.05648 19.796837 19.846628 20.02408 20.01128 20.079716 19.822762 19.524197 19.292686 19.157291 19.130392 18.986496 18.787405 18.591244 18.252205 17.791807 17.442642 17.084337 16.81433 16.590446 16.257427 16.107334 16.116476 -999999.0 -999999.0 -999999.0 -999999.0 -999999.0 -999999.0 -999999.0 -999999.0 -999999.0 -999999.0 12.926511 -999999.0 -999999.0 -999999.0 -999999.0 -999999.0 -999999.0 -999999.0 -999999.0 -999999.0 -999999.0 -999999.0 -999999.0 -999999.0
20.680798 21.089571 21.554232 21.823765 21.709507 21.548044 21.475462 21.490736 21.292784 20.967428 20.668724 20.481792 20.41577 20.131207 19.909306 19.801659 19.970362 20.167507 20.165966 20.011093 19.74909 19.451645 19.269373 19.379284 19.358158 19.063349 18.650608 18.30307 17.877928 17.572319 17.219687 16.90319 16.728624 16.503548 16.32869 16.253082 16.155788 -999999.0 -999999.0 -999999.0 -999999.0 -999999.0 -999999.0 -999999.0 -999999.0 -999999.0 -999999.0 -999999.0 -999999.0 -999999.0 -999999.0 -999999.0 -999999.0 -999999.0 -999999.0 -999999.0 -999999.0 -999999.0 -999999.0 -999999.0
20.733818 20.925098 21.233732 21.574568 21.61737 21.390047 21.311005 21.251785 21.046473 20.803871 20.689371 20.529919 20.3818 20.153904 20.089878 20.026161 20.109432 20.121868 20.17863 20.266558 20.081728 19.90645 19.663275 19.553432 19.341652 19.053625 18.599855 18.283405 17.961372 17.772924 17.46245 17.222866 16.968937 16.636786 16.471249 16.297901 16.153303 15.962278 15.68633 -999999.0 -999999.0 -999999.0 -999999.0 -999999.0 -999999.0 -999999.0 -999999.0 -999999.0 -999999.0 -999999.0 -999999.0 -999999.0 -999999.0 -999999.0 -999999.0 -999999.0 -999999.0 -999999.0 -999999.0 -999999.0
20.733284 20.72616 20.899385 21.186884 21.45899 21.41886 21.207891 21.070656 20.91647 20.810099 20.610374 20.522724 20.42335 20.297012 20.167557 20.075554 20.079994 20.00558 19.844614 19.856787 19.965538 19.724962 19.525238 19.429907 19.184093 18.836557 18.504581 18.33919 18.098425 17.938116 17.688114 17.400988 17.121954 16.806765 16.542566 16.275719 16.12274 15.924783 15.632098 15.311211 -999999.0 -999999.0 -999999.0 -999999.0 -999999.0 -999999.0 -999999.0 -999999.0 -999999.0 -999999.0 -999999.0 -999999.0 -999999.0 -999999.0 -999999.0 -999999.0 -999999.0 -999999.0 -999999.0 -999999.0
20.529263 20.553427 20.615774 20.886377 20.96487 21.23415 21.05528 20.953005 20.827976 20.841734 20.635832 20.478168 20.457714 20.451584 20.349432 20.238848 20.04502 19.969746 19.66665 19.505693 19.534409 19.4076 19.269999 19.154583 18.99151 18.666382 18.331854 18.273006 18.126495 17.955658 17.65838 17.409395 17.154097 16.936255 16.727932 16.355116 16.017448 15.748506 15.434877 15.049862 14.400833 13.725791 13.359719 -999999.0 -999999.0 -999999.0 -999999.0 -999999.0 -999999.0 -999999.0 -999999.0 -999999.0 -999999.0 -999999.0 -999999.0 -999999.0 -999999.0 -999999.0 -999999.0 -999999.0
20.386118 20.473593 20.684372 20.674648 20.54675 20.699287 20.894518 20.872433 20.747196 20.769302 20.660385 20.523054 20.465706 20.501652 20.46903 20.331356 20.057848 19.864725 19.672203 19.473812 19.418764 19.4253 19.161472 18.91146 18.782938 18.540121 18.272362 18.11896 18.005823 17.729605 17.41624 17.27582 17.119497 16.87005 16.486008 16.093616 15.693802 15.520885 15.083823 14.6252 14.020447 13.436667 12.906897 12.741983 -999999.0 -999999.0 -999999.0 -999999.0 -999999.0 -999999.0 -999999.0 -999999.0 -999999.0 -999999.0 -999999.0 -999999.0 -999999.0 -999999.0 -999999.0 -999999.0
20.475393 20.42987 20.493435 20.475117 20.28379 20.322262 20.659042 20.607662 20.605198 20.710882 20.698435 20.59866 20.525757 20.48822 20.416267 20.300724 20.11219 20.039877 19.86888 19.625038 19.467525 19.385992 19.034954 18.793024 18.746874 18.657969 18.555199 18.075983 17.893187 17.545052 17.262024 17.13475 17.099464 16.990433 16.406614 15.72284 15.273181 15.235694 14.78768 14.18503 13.854092 13.619808 13.116486 12.813151 -999999.0 -999999.0 -999999.0 -999999.0 -999999.0 -999999.0 -999999.0 -999999.0 -999999.0 -999999.0 -999999.0 -999999.0 -999999.0 -999999.0 -999999.0 -999999.0
20.822979 20.579535 20.349478 20.206436 20.07053 20.181755 20.405851 20.378038 20.43179 20.533298 20.517645 20.44226 20.448633 20.448286 20.387003 20.26743 20.259169 20.324461 20.146528 19.822554 19.521938 19.331648 18.941391 18.817022 19.064577 19.050325 18.738392 18.497225 18.18506 17.72107 17.2771 17.185432 17.153652 17.092161 16.570902 15.729267 15.099043 14.865501 14.554251 14.006988 13.630729 13.715395 13.500965 -999999.0 -999999.0 -999999.0 -999999.0 -999999.0 -999999.0 -999999.0 -999999.0 -999999.0 -999999.0 -999999.0 -999999.0 -999999.0 -999999.0 -999999.0 -999999.0 -999999.0
20.595015 20.473728 20.332972 20.171146 19.944815 20.101252 20.325224 20.193996 20.212452 20.25039 20.22767 20.20548 20.221758 20.16828 20.106209 20.139097 20.31018 20.506784 20.36334 20.065058 19.771366 19.563074 19.211424 19.02253 19.076187 18.948872 18.667807 18.390478 18.076822 17.608465 17.117004 16.821396 16.518795 16.87217 16.29699 15.676579 15.181312 14.767973 14.481339 14.174876 13.879089 13.756449 13.493413 -999999.0 -999999.0 -999999.0 -999999.0 -999999.0 -999999.0 -999999.0 -999999.0 -999999.0 -999999.0 -999999.0 -999999.0 -999999.0 -999999.0 -999999.0 -999999.0 -999999.0
19.983582 19.975828 20.006142 19.934412 19.90298 20.066011 20.157701 20.051306 20.06561 20.103918 20.050966 20.062933 20.139818 20.071802 19.973078 19.923908 20.082664 20.344603 20.402435 20.165514 19.853151 19.56033 19.253489 19.090551 18.968267 18.84241 18.641659 18.351166 18.000929 17.62307 17.225584 16.784206 16.406265 16.000425 15.809409 15.482766 15.138708 14.766443 14.486069 14.298263 14.136583 13.771274 -999999.0 -999999.0 -999999.0 -999999.0 -999999.0 -999999.0 -999999.0 -999999.0 -999999.0 -999999.0 -999999.0 -999999.0 -999999.0 -999999.0 -999999.0 -999999.0 -999999.0 -999999.0
19.610693 19.56597 19.620808 19.596407 19.626596 19.85897 20.023022 20.038866 20.036646 20.086657 20.008116 19.948856 20.084387 20.081417 20.022636 19.993711 20.112133 20.235157 20.233328 20.169228 19.883167 19.466967 19.259605 19.171682 19.002514 18.94207 18.852392 18.48171 18.114264 17.729105 17.459736 16.988455 16.569254 16.192926 15.840688 15.473889 15.07993 14.80703 14.566624 14.344799 14.083356 -999999.0 -999999.0 12.746254 12.219 11.851915 -999999.0 -999999.0 -999999.0 -999999.0 -999999.0 -999999.0 -999999.0 -999999.0 -999999.0 -999999.0 -999999.0 -999999.0 -999999.0 -999999.0
19.2368 19.35268 19.449547 19.405666 19.428457 19.541393 19.686518 19.791483 19.845968 19.944778 20.015072 20.042555 20.033527 19.991362 20.03386 20.055372 20.08488 20.171474 20.15928 19.92743 19.607428 19.252384 19.193537 19.228403 19.139761 19.051645 18.983576 18.591984 18.246502 17.950186 17.52848 17.07343 16.750233 16.45412 15.976641 15.484702 15.106308 14.951931 14.728985 -999999.0 -999999.0 -999999.0 -999999.0 12.4527645 11.866339 11.573735 11.509109 -999999.0 -999999.0 -999999.0 -999999.0 -999999.0 -999999.0 -999999.0 -999999.0 -999999.0 -999999.0 -999999.0 -999999.0 -999999.0
18.899513 18.995478 19.151535 19.211445 19.28321 19.358232 19.438368 19.540972 19.645025 19.72588 19.860037 20.061394 20.084131 20.003273 20.014566 20.049574 20.090034 20.255602 20.371595 19.87607 19.406374 19.277237 19.233236 19.196693 19.221752 19.201338 18.98217 18.62561 18.24222 17.887432 17.477795 17.076828 16.81217 16.55093 15.967195 15.354846 15.064874 -999999.0 -999999.0 -999999.0 -999999.0 -999999.0 12.990531 12.211154 11.572796 11.40863 11.428819 -999999.0 -999999.0 -999999.0 -999999.0 -999999.0 -999999.0 -999999.0 -999999.0 -999999.0 -999999.0 -999999.0 -999999.0 -999999.0
18.565264 18.66443 18.828047 18.998505 19.083334 19.175282 19.273731 19.302898 19.373142 19.514528 19.633701 19.788542 19.897963 19.912579 19.876085 19.838081 19.93173 20.273884 20.509224 19.788204 19.27522 19.169437 19.280043 19.396463 19.410542 19.39187 19.041323 18.585445 18.223896 17.851736 17.41894 17.160215 16.808996 16.449831 15.963564 15.340393 14.993949 14.729231 -999999.0 -999999.0 -999999.0 14.1974125 12.989702 12.0037 11.618586 11.480007 11.330499 -999999.0 -999999.0 -999999.0 -999999.0 -999999.0 -999999.0 -999999.0 -999999.0 -999999.0 -999999.0 -999999.0 -999999.0 -999999.0
18.258125 18.444826 18.626215 18.720228 18.788248 18.919987 19.010408 19.042315 19.094278 19.149393 19.235006 19.425959 19.606491 19.616776 19.614052 19.571648 19.498499 19.718634 19.902235 19.416101 18.98195 18.877514 19.018356 19.385586 19.693933 19.640772 18.99359 18.463638 18.108658 17.781988 17.32455 16.990137 16.546024 16.239206 15.958157 15.516819 15.093763 14.6047 14.334771 14.12469 -999999.0 13.778291 12.8896475 12.207339 11.841233 11.689133 -999999.0 -999999.0 -999999.0 -999999.0 -999999.0 -999999.0 -999999.0 -999999.0 -999999.0 -999999.0 -999999.0 -999999.0 -999999.0 -999999.0
18.013712 18.228334 18.395721 18.422197 18.475569 18.472504 18.482075 18.518375 18.742327 18.78151 18.792412 18.898174 19.043629 19.24747 19.297983 19.322208 19.261646 19.213104 19.225912 19.065292 18.63847 18.498104 18.699451 18.913055 19.124378 19.099688 18.710983 18.333555 18.044228 17.760078 17.369066 16.926897 16.463299 16.056082 15.818309 15.515061 15.150965 14.810501 14.436594 13.904159 13.685128 13.270764 12.906102 12.27572 11.877506 -999999.0 -999999.0 -999999.0 -999999.0 -999999.0 -999999.0 -999999.0 -999999.0 -999999.0 -999999.0 -999999.0 -999999.0 -999999.0 -999999.0 -999999.0
17.885616 18.141518 18.303875 18.275112 18.257242 18.152523 17.984253 17.999846 18.210358 18.380756 18.36269 18.335688 18.675043 18.99415 19.067272 19.06447 19.005262 18.943674 18.840416 18.765339 18.56163 18.275484 18.44478 18.614569 18.636639 18.69186 18.517614 18.320204 18.070969 17.745417 17.377142 17.033253 16.677246 16.206913 15.884595 15.551431 15.233637 15.002231 14.674777 14.114781 13.608251 12.891098 12.49243 12.288528 11.766125 -999999.0 -999999.0 -999999.0 -999999.0 -999999.0 -999999.0 -999999.0 -999999.0 -999999.0 -999999.0 -999999.0 -999999.0 -999999.0 -999999.0 -999999.0
17.91224 18.11052 18.192095 18.201979 18.242382 18.076189 17.855959 17.781082 17.897509 18.038794 18.283617 18.20895 18.375298 18.659931 18.82634 18.771126 18.681103 18.57592 18.488888 18.463417 18.380123 18.139307 18.122477 18.147558 18.203188 18.516123 18.585255 18.556255 18.38451 18.025673 17.636383 17.290384 16.932564 16.49613 16.078264 15.673371 15.269283 15.046397 14.862831 14.377312 13.721759 12.965337 12.435145 12.024707 11.936336 11.724648 -999999.0 -999999.0 -999999.0 -999999.0 -999999.0 -999999.0 -999999.0 -999999.0 -999999.0 -999999.0 -999999.0 -999999.0 -999999.0 -999999.0
17.862946 18.053408 18.095028 18.134779 18.173162 17.975569 17.696468 17.606764 17.593155 17.854887 18.11327 18.319883 18.283411 18.374277 18.523954 18.593945 18.332325 -999999.0 18.135672 18.060665 18.05107 18.057936 18.033365 17.937275 17.926102 18.104214 18.366451 18.498453 18.30837 18.052298 17.73221 17.372244 17.017084 16.578382 16.161806 15.721181 15.296956 15.056804 14.998393 14.523653 13.846301 13.14492 12.649041 12.257842 11.967907 11.377955 10.378213 -999999.0 -999999.0 -999999.0 -999999.0 -999999.0 -999999.0 -999999.0 -999999.0 -999999.0 -999999.0 -999999.0 -999999.0 -999999.0
17.775543 17.955269 18.09223 18.1262 17.978472 17.63872 17.207142 17.059517 17.369764 17.646734 17.913012 18.062845 18.181664 18.246943 18.359388 18.374737 17.978907 17.864002 17.81677 17.774717 17.733192 17.865393 17.982344 18.073996 18.043373 17.952757 18.130964 18.391834 18.197086 17.888004 17.723148 17.444242 17.09693 16.713278 16.386587 15.836911 15.268437 14.915393 14.807557 14.564837 14.075271 13.500486 12.903874 12.486643 12.05234 11.465328 10.813529 10.33152 -999999.0 -999999.0 -999999.0 -999999.0 -999999.0 -999999.0 -999999.0 -999999.0 -999999.0 -999999.0 -999999.0 -999999.0
17.757814 18.002565 18.088686 17.915436 17.712227 17.469622 17.173252 17.036818 17.159214 17.437737 17.655317 17.665459 17.717844 17.868727 18.001406 17.92182 17.538559 17.282719 17.263685 17.335592 17.47379 17.478207 17.637436 17.814234 17.856258 17.871347 18.049047 -999999.0 18.129105 17.904737 17.72265 17.520699 17.234354 17.053274 16.775984 16.027056 15.378068 14.913173 14.715314 14.554294 14.109297 13.430723 12.794854 12.535031 12.228433 11.767888 -999999.0 -999999.0 -999999.0 -999999.0 -999999.0 -999999.0 -999999.0 -999999.0 -999999.0 -999999.0 -999999.0 -999999.0 -999999.0 -999999.0
17.71952 17.954422 17.905125 17.75247 17.488638 17.331121 17.183521 16.995073 17.010668 17.198954 17.361406 17.319546 17.3446 17.51578 17.609318 17.415073 17.003502 16.78863 16.921747 17.01809 17.097897 17.054035 17.205687 17.363743 17.362572 17.423021 17.578943 17.692738 17.729313 17.729168 17.552216 17.330128 17.218859 17.115559 16.743073 16.031507 15.535683 14.929026 14.557761 14.251335 13.860346 13.47857 12.924506 12.8454075 12.777315 -999999.0 -999999.0 -999999.0 -999999.0 -999999.0 -999999.0 -999999.0 -999999.0 -999999.0 -999999.0 -999999.0 -999999.0 -999999.0 -999999.0 -999999.0
