data/TNO-HT-ATES/HT-ATES_msz3/msz3__porosity_basecase_80-45-40.asc
ncols  140
nrows  163
xllcorner  0.0
yllcorner  300000.0
cellsize  2000.0
NODATA_value  -999999.0
[rows 54 to 80 of 163, columns 61 to 121 of 140]
0.3688 0.36815 0.3676 0.3674 0.3675 0.367775 0.3682 0.36885 0.36944997 0.370025 0.370625 0.3713 0.3717 0.3722 0.3728 0.3733 0.37380004 0.3744 0.37512505 0.37594998 0.37670004 0.37699997 0.37745 0.3781 0.37884998 0.3797 0.38055 0.38157502 0.38255 0.38357502 0.38454998 0.3853 0.38600004 0.3866 0.38722497 -999999.0 -999999.0 -999999.0 -999999.0 -999999.0 -999999.0 0.3926 0.3928 0.3931 0.393675 0.39444998 -999999.0 -999999.0 -999999.0 -999999.0 -999999.0 -999999.0 -999999.0 -999999.0 -999999.0 -999999.0 -999999.0 -999999.0 -999999.0 -999999.0 -999999.0
0.369025 0.36842504 0.368075 0.3678 0.3678 0.368 0.3685 0.36904997 0.36955 0.3701 0.37074998 0.3713 0.3717 0.37222505 0.37277496 0.3732 0.3737 0.3743 0.375 0.37585 0.37662497 0.37699997 0.3775 0.3781 0.3788 0.37965 0.38064998 0.38185 0.38277504 0.38375 0.3848 0.3855 0.3861 0.3866 -999999.0 -999999.0 -999999.0 -999999.0 -999999.0 -999999.0 -999999.0 0.3926 -999999.0 -999999.0 -999999.0 0.39474997 -999999.0 -999999.0 -999999.0 -999999.0 -999999.0 -999999.0 -999999.0 -999999.0 -999999.0 -999999.0 -999999.0 -999999.0 -999999.0 -999999.0 -999999.0
0.36967504 0.36897504 0.3685 0.36817503 0.36805004 0.3683 0.368675 0.36914998 0.3697 0.37027502 0.37074998 0.3713 0.3717 0.3722 0.37270004 0.3731 0.3736 0.3741 0.3748 0.37557498 0.37622496 0.37690002 0.37745 0.378025 0.37874997 0.37954998 0.38045 0.38175 0.38285 0.38394997 0.385 0.38564998 0.386375 0.3868 0.3873 -999999.0 -999999.0 -999999.0 -999999.0 -999999.0 -999999.0 -999999.0 -999999.0 -999999.0 -999999.0 0.395125 -999999.0 -999999.0 -999999.0 -999999.0 -999999.0 -999999.0 -999999.0 -999999.0 -999999.0 -999999.0 -999999.0 -999999.0 -999999.0 -999999.0 -999999.0
0.370225 0.36952505 0.36907503 0.36872503 0.36855003 0.3685 0.36875 0.36929998 0.3699 0.3703 0.3707 0.3712 0.3716 0.3721 0.3725 0.37285 0.37337497 0.37405 0.37474996 0.37535 0.376 0.37670004 0.3773 0.3779 0.3786 0.3794 0.3804 0.38175 0.38285 0.38387495 0.38494998 0.38564998 0.38639998 0.38685 0.3873 0.3879 0.3887 -999999.0 -999999.0 -999999.0 -999999.0 -999999.0 -999999.0 -999999.0 -999999.0 -999999.0 -999999.0 -999999.0 -999999.0 -999999.0 -999999.0 -999999.0 -999999.0 -999999.0 -999999.0 -999999.0 -999999.0 -999999.0 -999999.0 -999999.0 -999999.0
0.37077504 0.37015006 0.36965007 0.36929998 0.36899996 0.3688 0.36897498 0.3695 0.3701 0.37047502 0.3707 0.3711 0.3716 0.372 0.3724 0.37270004 0.3732 0.374 0.3747 0.37520003 0.3757 0.37640002 0.37702495 0.3777 0.37839997 0.379275 0.38024998 0.38164997 0.38265 0.38355 0.38465 0.38547498 0.3862 0.3868 0.38724998 0.3878 0.38860002 0.3895 -999999.0 -999999.0 -999999.0 -999999.0 -999999.0 -999999.0 -999999.0 0.3965 -999999.0 -999999.0 -999999.0 -999999.0 -999999.0 -999999.0 -999999.0 -999999.0 -999999.0 -999999.0 -999999.0 -999999.0 -999999.0 -999999.0 -999999.0
0.37132505 0.37077504 0.37015003 0.36965 0.36929998 0.36929998 0.36935005 0.36979997 0.37020004 0.3706 0.37085 0.3712 0.3716 0.37190002 0.37229997 0.37270004 0.3731 0.3739 0.3746 0.375 0.3754 0.37605 0.37675 0.3774 0.37822497 0.3791 0.38005 0.38134998 0.3822 0.38312495 0.3842 0.3852 0.38605 0.3867 0.3873 0.3879 0.38860002 0.38965 0.390625 0.39173335 -999999.0 -999999.0 -999999.0 -999999.0 -999999.0 -999999.0 -999999.0 -999999.0 -999999.0 -999999.0 -999999.0 -999999.0 -999999.0 -999999.0 -999999.0 -999999.0 -999999.0 -999999.0 -999999.0 -999999.0 -999999.0
0.37187505 0.37135005 0.37037504 0.37025005 0.3695 0.3697 0.36979997 0.3701 0.3703 0.37054998 0.37094998 0.3712 0.3716 0.37190002 0.3722 0.3726 0.37297502 0.37395 0.3744 0.3748 0.37535 0.37585 0.37645 0.3772 0.37804997 0.37905 0.37995 0.38105 0.3818 0.38274997 0.38384998 0.38492498 0.3858 0.38657498 0.38740003 0.38825 0.38902503 0.39015 0.391325 0.39252502 0.393725 0.39432502 -999999.0 -999999.0 -999999.0 -999999.0 -999999.0 -999999.0 -999999.0 -999999.0 -999999.0 -999999.0 -999999.0 -999999.0 -999999.0 -999999.0 -999999.0 -999999.0 -999999.0 -999999.0 -999999.0
0.37225002 0.37137502 0.37087503 0.37117502 0.37060004 0.36997503 0.37 0.37020004 0.37035 0.3706 0.371 0.3713 0.37154996 0.3718 0.3722 0.372725 0.37355 0.37380004 0.37417495 0.37462497 0.37520003 0.3757 0.37635 0.3771 0.37800002 0.3789 0.38 0.38105 0.3819 0.38280004 0.383725 0.38465 0.3856 0.38652503 0.38764998 0.38884997 0.38965 0.39094996 0.39207503 0.39325 0.3943 0.395325 0.3955 -999999.0 -999999.0 -999999.0 -999999.0 -999999.0 -999999.0 -999999.0 -999999.0 -999999.0 -999999.0 -999999.0 -999999.0 -999999.0 -999999.0 -999999.0 -999999.0 -999999.0 -999999.0
0.37225002 0.37172502 0.3714 0.37182504 0.37155 0.37045002 0.3703 0.37020004 0.3703 0.37054998 0.3709 0.3712 0.3714 0.3716 0.37215 0.3729 0.3734 0.3737 0.3739 0.374375 0.37497497 0.37562498 0.37622496 0.37697494 0.3777 0.37822497 0.37997502 0.38114995 0.382075 0.38285 0.38365 0.38449997 0.3855 0.38662502 0.38805 0.38927498 0.39007503 0.39155 0.392875 0.3936 0.39402497 0.39502499 0.3956 -999999.0 -999999.0 -999999.0 -999999.0 -999999.0 -999999.0 -999999.0 -999999.0 -999999.0 -999999.0 -999999.0 -999999.0 -999999.0 -999999.0 -999999.0 -999999.0 -999999.0 -999999.0
0.3724 0.3721 0.37195003 0.3722 0.37172502 0.37072504 0.3706 0.37047502 0.3704 0.3706 0.37094998 0.3712 0.37149996 0.3717 0.3722 0.37272498 0.373 0.37337497 0.37375 0.37414998 0.37474996 0.37549996 0.3761 0.37672496 0.3773 0.37787497 0.37874997 0.38005 0.38154998 0.3829 0.3836 0.3842 0.3851 0.38655 0.38825 0.389625 0.39039996 0.39164996 0.39297497 0.394175 0.39394996 0.39437497 -999999.0 -999999.0 -999999.0 -999999.0 -999999.0 -999999.0 -999999.0 -999999.0 -999999.0 -999999.0 -999999.0 -999999.0 -999999.0 -999999.0 -999999.0 -999999.0 -999999.0 -999999.0 -999999.0
0.37272504 0.3724 0.37255004 0.37270004 0.37197503 0.371 0.371 0.37087503 0.3708 0.3709 0.3711 0.3713 0.3716 0.37190002 0.3722 0.3724 0.37262496 0.37304997 0.37355 0.3741 0.37464997 0.37545 0.376 0.3765 0.3771 0.37774998 0.37882498 0.37995 0.38154998 0.38314998 0.38454998 0.38587496 0.385275 0.38692504 0.38854998 0.38975 0.39052498 0.39137498 0.39227498 0.39332497 0.3935 0.39405 -999999.0 -999999.0 -999999.0 -999999.0 -999999.0 -999999.0 -999999.0 -999999.0 -999999.0 -999999.0 -999999.0 -999999.0 -999999.0 -999999.0 -999999.0 -999999.0 -999999.0 -999999.0 -999999.0
0.37307504 0.3728 0.3731 0.37297502 0.37222505 0.37147498 0.37145 0.3713 0.37125006 0.37135005 0.3714 0.3714 0.3716 0.3718 0.37194997 0.3721 0.37232494 0.37270004 0.3733 0.374 0.37474996 0.37549996 0.37589997 0.37640002 0.37704998 0.37774998 0.3786 0.37974998 0.3811 0.38255 0.38419992 0.38575 0.38724998 0.3878 0.38860002 0.38965 0.39052498 0.3912 0.39169997 0.39235 0.3934 -999999.0 -999999.0 -999999.0 -999999.0 -999999.0 -999999.0 -999999.0 -999999.0 -999999.0 -999999.0 -999999.0 -999999.0 -999999.0 -999999.0 -999999.0 -999999.0 -999999.0 -999999.0 -999999.0 -999999.0
0.3737 0.37337503 0.37335005 0.3731 0.3725 0.37197503 0.37190002 0.3718 0.37190002 0.37205005 0.3721 0.372 0.37190002 0.3718 0.3717 0.3717 0.3717 0.37207496 0.3728 0.37380004 0.37487504 0.37554997 0.37589997 0.37640002 0.37690002 0.37732497 0.37822497 0.37935 0.38077497 0.38204998 0.38359994 0.38497496 0.38627496 0.3873 0.38817498 0.38917494 0.39024997 0.39102498 0.39152497 0.39244998 -999999.0 -999999.0 0.39644995 0.39787498 0.39882502 -999999.0 -999999.0 -999999.0 -999999.0 -999999.0 -999999.0 -999999.0 -999999.0 -999999.0 -999999.0 -999999.0 -999999.0 -999999.0 -999999.0 -999999.0 -999999.0
0.37437505 0.37392503 0.3737 0.37337503 0.3729 0.3725 0.3725 0.3725 0.372575 0.37265006 0.3726 0.3725 0.37235004 0.3722 0.372 0.37162504 0.3714 0.37157497 0.37254998 0.37380004 0.375 0.3756 0.37579998 0.3761 0.37644997 0.3768 0.37785 0.37877497 0.37990004 0.38147497 0.38294998 0.38414997 0.38529995 0.38665 0.3878 0.3887 0.38972497 0.39067498 -999999.0 -999999.0 -999999.0 -999999.0 0.39724994 0.398775 0.3995 0.39979997 -999999.0 -999999.0 -999999.0 -999999.0 -999999.0 -999999.0 -999999.0 -999999.0 -999999.0 -999999.0 -999999.0 -999999.0 -999999.0 -999999.0 -999999.0
0.37510002 0.3746 0.3742 0.37380004 0.3733 0.3731 0.37315008 0.37315008 0.37315008 0.37315008 0.37312505 0.37302503 0.3729 0.37275004 0.3725 0.372 0.37125 0.3708 0.3722999 0.37380004 0.3748 0.3754 0.37549996 0.3757 0.376 0.37670004 0.37765 0.3785 0.37954998 0.38092497 0.38232496 0.38352498 0.38474998 0.38625 0.38762498 0.38827497 -999999.0 -999999.0 -999999.0 -999999.0 -999999.0 0.39564997 0.39795 0.39957502 0.3999 0.39997503 -999999.0 -999999.0 -999999.0 -999999.0 -999999.0 -999999.0 -999999.0 -999999.0 -999999.0 -999999.0 -999999.0 -999999.0 -999999.0 -999999.0 -999999.0
0.37587506 0.37537503 0.37487504 0.3744 0.37405005 0.3739 0.37385005 0.37380004 0.37380004 0.37380004 0.37380004 0.3737 0.37357503 0.37345004 0.3732 0.37272504 0.37172502 0.37075007 0.37245 0.37392503 0.37485 0.3754 0.3754 0.37514997 0.37537497 0.37625 0.37732497 0.37812498 0.3791 0.38035 0.38164997 0.38294998 0.38427496 0.38575 0.38707498 0.38797498 0.38895 -999999.0 -999999.0 -999999.0 0.392 0.39544997 0.39814997 0.39922494 0.3997 0.4002 -999999.0 -999999.0 -999999.0 -999999.0 -999999.0 -999999.0 -999999.0 -999999.0 -999999.0 -999999.0 -999999.0 -999999.0 -999999.0 -999999.0 -999999.0
0.37672505 0.37612504 0.375625 0.3752 0.37495005 0.374825 0.37462503 0.37465 0.3746 0.37455 0.3746 0.37445006 0.37445006 0.37427503 0.37410003 0.37395006 0.37332508 0.37305003 0.37380004 0.374725 0.37530002 0.3756 0.37525 0.37475002 0.3747 0.37594998 0.37699997 0.3778 0.3787 0.37982497 0.381075 0.38234997 0.38364998 0.38505 0.38632494 0.38744998 0.38885 0.38992497 0.39104998 -999999.0 0.39295003 0.39557496 0.39755 0.39877495 0.39929998 -999999.0 -999999.0 -999999.0 -999999.0 -999999.0 -999999.0 -999999.0 -999999.0 -999999.0 -999999.0 -999999.0 -999999.0 -999999.0 -999999.0 -999999.0 -999999.0
0.377575 0.376975 0.37642503 0.37602502 0.37585005 0.37575006 0.3756 0.37555006 0.37545002 0.37532502 0.37530002 0.37565005 0.375375 0.37515002 0.37505007 0.37505007 0.37505007 0.37525004 0.37555006 0.375975 0.3762 0.37590003 0.37557504 0.37532502 0.37545002 0.3763 0.37704998 0.37774998 0.37855 0.37945002 0.38047495 0.38175 0.38304996 0.38442498 0.38572496 0.38692495 0.38827497 0.38944995 0.39094996 0.39187503 0.393825 0.39524996 0.39724997 0.3986 -999999.0 -999999.0 -999999.0 -999999.0 -999999.0 -999999.0 -999999.0 -999999.0 -999999.0 -999999.0 -999999.0 -999999.0 -999999.0 -999999.0 -999999.0 -999999.0 -999999.0
0.3782 0.377675 0.3772 0.37685 0.37672505 0.3767 0.37662503 0.3765 0.37635002 0.37655002 0.376775 0.376525 0.37622502 0.37605003 0.376 0.37615 0.37645006 0.37675002 0.37695003 0.3769 0.3768 0.3764 0.37617502 0.3761 0.376175 0.3766 0.3771 0.37774998 0.37842497 0.37919998 0.38002497 0.38112497 0.38245 0.38384998 0.38515 0.38645 0.38759995 0.388825 0.39032495 0.39205 0.39444998 0.39575 0.39662498 0.3986 -999999.0 -999999.0 -999999.0 -999999.0 -999999.0 -999999.0 -999999.0 -999999.0 -999999.0 -999999.0 -999999.0 -999999.0 -999999.0 -999999.0 -999999.0 -999999.0 -999999.0
0.3787 0.37825003 0.3779 0.37765002 0.3776 0.3776 0.377525 0.37775004 0.37785003 0.377875 0.3779 0.37752503 0.37730002 0.3771 0.37715003 0.37755004 0.37785003 0.37795 0.3779 0.377725 0.37750003 0.37735003 0.37735003 0.377025 0.37685 0.37699997 0.3772 0.3778 0.37845 0.37904996 0.37970003 0.380675 0.381875 0.38327497 0.384675 0.38605 0.38704997 0.38797498 0.38959995 0.39167494 0.39407495 0.39554998 0.39677498 0.3973 0.39835 0.40080005 -999999.0 -999999.0 -999999.0 -999999.0 -999999.0 -999999.0 -999999.0 -999999.0 -999999.0 -999999.0 -999999.0 -999999.0 -999999.0 -999999.0 -999999.0
0.379 0.3787 0.37847504 0.3784 0.3785 0.37865004 0.37865004 0.379325 0.37935004 0.37892503 0.37855002 0.3785 0.37835002 0.37795 0.37802503 0.378975 0.37926674 0.3791 0.3789 0.3787 0.37855002 0.3784 0.3782 0.37787503 0.37750003 0.37730002 0.3774 0.3779 0.37845 0.379 0.37954998 0.38024998 0.38134998 0.38272497 0.38434997 0.38594997 0.38689998 0.387475 0.38915 0.39129993 0.39339995 0.39492497 0.39634997 0.39724997 0.39892498 0.40222502 0.4031 -999999.0 -999999.0 -999999.0 -999999.0 -999999.0 -999999.0 -999999.0 -999999.0 -999999.0 -999999.0 -999999.0 -999999.0 -999999.0 -999999.0
0.37919998 0.3789 0.379 0.379125 0.37942505 0.37997502 0.38065004 0.38035002 0.3801 0.37975004 0.37952504 0.37927505 0.3791 0.37872502 0.37885004 0.38007504 0.38022503 0.38005006 0.37990004 0.3798 0.37955004 0.37932503 0.37897503 0.37865004 0.37817502 0.377675 0.37742501 0.3779 0.3785 0.37902498 0.3794 0.37985 0.38062498 0.38199994 0.38409996 0.38625 0.38740003 0.38802502 0.38915 0.39075 0.39235002 0.394175 0.39595 0.39755 0.39917496 0.40115 0.40252495 -999999.0 -999999.0 -999999.0 -999999.0 -999999.0 -999999.0 -999999.0 -999999.0 -999999.0 -999999.0 -999999.0 -999999.0 -999999.0 -999999.0
0.3793 0.37935004 0.37967503 0.38005006 0.38035002 0.380775 0.3813 0.3812 0.3809 0.38057503 0.3806 0.3805 0.38022503 0.3801 0.380425 0.3811 0.381475 0.3815 0.38125002 0.38092503 0.38057503 0.3803 0.37995005 0.37955004 0.37902504 0.37837502 -999999.0 0.3782 0.378825 0.37927502 0.37950003 0.37970003 0.37977496 0.38079995 0.38352495 0.38605 0.38750002 0.38835 0.3893 0.39065 0.39255 0.39464998 0.3958 0.39707494 0.39837497 -999999.0 -999999.0 -999999.0 -999999.0 -999999.0 -999999.0 -999999.0 -999999.0 -999999.0 -999999.0 -999999.0 -999999.0 -999999.0 -999999.0 -999999.0 -999999.0
0.379925 0.38015002 0.380525 0.38095003 0.3812 0.381425 0.38192502 0.38205 0.38197502 0.38177502 0.38172504 0.3815 0.38125002 0.38135004 0.38167503 0.382275 0.382925 0.382925 0.38255003 0.38215002 0.38175005 0.38145003 0.38105005 0.38075003 0.38025004 0.37965006 0.37925005 0.379375 0.37970003 0.38005006 0.380475 0.38032502 0.37997502 0.38070002 0.38344997 0.38594997 0.38785 0.38902497 0.38992503 0.39115 0.39247504 0.39439994 0.395 0.39560002 -999999.0 -999999.0 -999999.0 -999999.0 -999999.0 -999999.0 -999999.0 -999999.0 -999999.0 -999999.0 -999999.0 -999999.0 -999999.0 -999999.0 -999999.0 -999999.0 -999999.0
0.38095003 0.3811 0.381425 0.3818 0.38209996 0.38235003 0.3828 0.3831 0.38325003 0.38315004 0.38277504 0.3824 0.38255003 0.38265005 0.3829 0.3832 0.38355 0.3837 0.38365003 0.38345003 0.38312504 0.38275003 0.38235003 0.38205 0.38165003 0.38115004 0.38085005 0.38075003 0.38082504 0.381325 0.3818 0.38155004 0.38175005 0.38267505 0.384425 0.386625 0.38832504 0.38957503 0.39065 0.39157504 0.39255 0.39360002 0.39442495 0.39564997 0.39764997 -999999.0 -999999.0 -999999.0 -999999.0 -999999.0 -999999.0 -999999.0 -999999.0 -999999.0 -999999.0 -999999.0 -999999.0 -999999.0 -999999.0 -999999.0 -999999.0
0.38190004 0.38205 0.382325 0.38267502 0.383025 0.3833 0.3835 0.38425002 0.3844 0.38425002 0.383875 0.38372502 0.38395005 0.38415003 0.38425002 0.38429996 0.3844 0.3844 -999999.0 0.3845 0.3844 0.384025 0.38365003 0.3833 0.38297504 0.38265005 0.38225 0.38195005 0.38207498 0.38245004 0.38285005 0.38275003 0.38340002 0.38442504 0.3858 0.38735 0.38895 0.39015 0.3913 0.39199996 0.3924 0.39334998 0.394275 0.3959 0.39807498 0.40052497 -999999.0 -999999.0 -999999.0 -999999.0 -999999.0 -999999.0 -999999.0 -999999.0 -999999.0 -999999.0 -999999.0 -999999.0 -999999.0 -999999.0 -999999.0
0.3806 0.38305002 0.3833 0.38365003 0.38397503 0.38415003 0.384775 0.38535005 0.38535005 0.38535005 0.38525003 0.38535005 0.38567498 -999999.0 0.38585 0.38575006 -999999.0 -999999.0 -999999.0 -999999.0 0.3853667 0.3853 0.38485003 0.384525 0.38425002 0.38395005 0.38365003 0.38325003 0.38345003 0.38372502 0.3836 0.38377503 0.38442504 0.385475 0.386675 0.38797504 0.38932502 0.39045 0.39140004 0.39225 0.39292502 0.393525 0.394625 0.39639997 0.398475 0.40094998 0.40316665 -999999.0 -999999.0 -999999.0 -999999.0 -999999.0 -999999.0 -999999.0 -999999.0 -999999.0 -999999.0 -999999.0 -999999.0 -999999.0 -999999.0
