data/TNO-HT-ATES/HT-ATES_msz3/msz3__flowr_injnorm_P50_basecase_80-45-40.asc
ncols  140
nrows  163
xllcorner  0.0
yllcorner  300000.0
cellsize  2000.0
NODATA_value  -999999.0
[rows 54 to 80 of 163, columns 61 to 121 of 140]
84.005936 85.47558 106.74035 141.71886 169.85715 184.06503 198.94426 205.46092 213.2863 231.22566 253.23091 274.1064 277.87097 262.35303 240.4974 226.02321 218.0048 199.80742 157.25531 141.88142 156.85655 148.59103 137.55806 148.31717 171.20428 191.99626 205.45787 241.46881 259.13873 258.99432 232.06392 163.37784 115.0284 58.69811 5.8006816 -999999.0 -999999.0 -999999.0 -999999.0 -999999.0 -999999.0 8.7718725 8.567213 3.4687722 25.155266 57.47084 -999999.0 -999999.0 -999999.0 -999999.0 -999999.0 -999999.0 -999999.0 -999999.0 -999999.0 -999999.0 -999999.0 -999999.0 -999999.0 -999999.0 -999999.0
110.59497 118.22705 117.42515 148.72089 169.97766 174.42908 186.74857 205.24527 216.26263 236.1373 250.02408 258.5268 262.06256 244.3479 223.66756 208.93544 189.90228 177.50093 137.54129 131.85664 158.55849 157.97119 155.30748 159.83397 176.74582 191.72638 226.05202 283.25262 287.9362 270.06107 241.99782 161.22368 110.82284 43.465218 -999999.0 -999999.0 -999999.0 -999999.0 -999999.0 -999999.0 -999999.0 -999999.0 -999999.0 -999999.0 -999999.0 40.719604 -999999.0 -999999.0 -999999.0 -999999.0 -999999.0 -999999.0 -999999.0 -999999.0 -999999.0 -999999.0 -999999.0 -999999.0 -999999.0 -999999.0 -999999.0
96.68624 100.5576 121.29852 148.91882 170.22287 172.24876 179.93336 191.32054 208.03789 235.4199 244.47604 256.02612 245.63576 225.32324 207.9836 196.90637 186.17606 167.06544 136.84349 132.43398 150.615 170.33939 164.78203 168.569 180.72372 190.49724 207.96904 268.98288 308.07846 308.27185 274.71896 139.75446 86.638306 35.50317 7.954468 -999999.0 -999999.0 -999999.0 -999999.0 -999999.0 -999999.0 -999999.0 -999999.0 -999999.0 -999999.0 22.727293 -999999.0 -999999.0 -999999.0 -999999.0 -999999.0 -999999.0 -999999.0 -999999.0 -999999.0 -999999.0 -999999.0 -999999.0 -999999.0 -999999.0 -999999.0
73.53177 85.728455 108.00938 133.7751 151.05746 165.49878 174.56735 174.385 188.19247 225.72527 247.35182 253.49362 233.97234 219.5816 205.62834 190.35915 172.61551 142.86143 109.31285 117.88304 152.56314 159.42383 161.18846 176.45242 184.83464 195.12317 226.86751 271.5798 343.667 344.73767 302.79385 142.04326 83.92419 51.560345 41.828407 39.116467 -999999.0 -999999.0 -999999.0 -999999.0 -999999.0 -999999.0 -999999.0 -999999.0 -999999.0 -999999.0 -999999.0 -999999.0 -999999.0 -999999.0 -999999.0 -999999.0 -999999.0 -999999.0 -999999.0 -999999.0 -999999.0 -999999.0 -999999.0 -999999.0 -999999.0
59.953133 73.41095 90.94219 108.73931 129.24083 151.12456 171.95947 160.13936 157.75758 196.96176 234.02983 233.94353 218.53824 215.74876 196.57187 166.61035 154.83075 105.59488 82.60203 108.82605 143.77548 158.67368 162.95912 179.32346 188.15324 206.26178 243.93843 341.50287 366.93176 330.7081 290.3859 179.99738 117.29676 88.046715 83.87995 87.85358 61.35266 18.292818 -999999.0 -999999.0 -999999.0 -999999.0 -999999.0 -999999.0 -999999.0 -999999.0 -999999.0 -999999.0 -999999.0 -999999.0 -999999.0 -999999.0 -999999.0 -999999.0 -999999.0 -999999.0 -999999.0 -999999.0 -999999.0 -999999.0 -999999.0
55.355152 69.51664 83.42898 92.327774 119.60036 136.0788 172.74959 154.974 146.39224 169.90958 208.21413 198.83096 192.41621 187.73215 171.35281 150.03253 151.89897 95.11821 87.31755 106.18303 121.13674 149.10904 163.02145 185.79622 202.2689 222.07442 250.79855 354.5257 371.61798 326.5978 278.25327 204.84618 138.16032 146.57217 132.28847 139.2002 138.41 108.743904 81.19457 -999999.0 -999999.0 -999999.0 -999999.0 -999999.0 -999999.0 -999999.0 -999999.0 -999999.0 -999999.0 -999999.0 -999999.0 -999999.0 -999999.0 -999999.0 -999999.0 -999999.0 -999999.0 -999999.0 -999999.0 -999999.0 -999999.0
53.000717 74.00717 89.25263 69.47279 146.34753 140.62332 162.99246 159.36444 170.92662 181.82446 183.62933 187.11914 179.35498 158.6511 149.10971 162.69287 178.83093 136.27058 118.07327 113.37521 108.794914 134.09602 157.28767 186.06885 213.52708 255.68721 267.0887 346.76758 369.67523 353.9274 315.88358 283.0949 226.5339 201.26569 189.38838 184.97122 183.66367 155.87242 116.871346 72.10637 52.091766 73.774086 -999999.0 -999999.0 -999999.0 -999999.0 -999999.0 -999999.0 -999999.0 -999999.0 -999999.0 -999999.0 -999999.0 -999999.0 -999999.0 -999999.0 -999999.0 -999999.0 -999999.0 -999999.0 -999999.0
56.409676 80.294815 94.16087 110.86841 162.04292 136.86992 153.78813 160.08179 177.16878 180.91821 176.39091 166.68646 168.06996 154.92722 149.0366 149.91115 138.15506 144.8406 141.42412 126.01733 111.61887 131.01915 158.0193 169.43028 211.84721 257.90314 296.58194 365.6815 421.94785 397.746 374.5733 340.9298 305.8886 278.1329 229.56726 187.8369 232.18208 179.90599 113.77785 119.807724 189.26881 251.52339 48.298016 -999999.0 -999999.0 -999999.0 -999999.0 -999999.0 -999999.0 -999999.0 -999999.0 -999999.0 -999999.0 -999999.0 -999999.0 -999999.0 -999999.0 -999999.0 -999999.0 -999999.0 -999999.0
74.255394 91.19183 96.146034 104.737755 108.48245 124.97722 138.49715 155.08209 178.44571 179.5773 169.70819 171.6366 174.52316 178.63759 163.88 128.62567 121.00451 128.07135 139.99045 133.25931 123.3979 137.53568 152.31633 166.88786 178.2712 196.90605 305.7881 378.65692 455.64624 444.66125 395.24973 386.12555 343.18964 320.38354 262.64935 213.67393 281.54648 185.58537 94.024925 97.76761 195.41298 138.9052 40.26795 -999999.0 -999999.0 -999999.0 -999999.0 -999999.0 -999999.0 -999999.0 -999999.0 -999999.0 -999999.0 -999999.0 -999999.0 -999999.0 -999999.0 -999999.0 -999999.0 -999999.0 -999999.0
97.28217 101.25185 95.23508 94.7996 107.41223 124.742134 127.298 143.25491 178.77373 181.83607 163.1534 174.15968 185.13863 170.08809 149.91669 127.78522 136.19173 141.69748 149.81116 147.9004 139.28676 139.74635 139.20679 152.67358 156.76027 169.4943 182.04002 207.66704 210.96198 449.4223 385.42944 368.14407 299.4263 352.89734 284.13492 203.94186 251.24077 131.75487 107.84233 145.43036 160.96574 37.393837 -999999.0 -999999.0 -999999.0 -999999.0 -999999.0 -999999.0 -999999.0 -999999.0 -999999.0 -999999.0 -999999.0 -999999.0 -999999.0 -999999.0 -999999.0 -999999.0 -999999.0 -999999.0 -999999.0
112.980736 108.33303 88.738976 81.820595 100.43072 126.64134 125.18947 144.2768 174.67177 186.04372 174.29605 173.20209 180.64427 156.69572 134.76656 146.07146 162.14963 173.10652 174.56871 173.02408 164.9537 153.02464 149.27075 137.51352 133.30394 144.46216 142.86676 212.13913 211.44083 232.38057 299.38284 282.67712 339.42947 322.95367 290.71686 244.2538 235.72592 150.19406 108.62 144.9987 73.91103 20.967758 -999999.0 -999999.0 -999999.0 -999999.0 -999999.0 -999999.0 -999999.0 -999999.0 -999999.0 -999999.0 -999999.0 -999999.0 -999999.0 -999999.0 -999999.0 -999999.0 -999999.0 -999999.0 -999999.0
118.25715 112.962555 87.84361 82.86379 99.48542 125.399796 136.825 154.25006 173.79993 192.90984 214.11311 223.88022 180.6895 163.47198 155.05022 170.8431 190.9045 193.58015 200.66115 202.70393 201.76471 197.53915 175.06915 136.96805 114.487076 120.16373 176.0758 238.95552 258.04703 275.20218 284.03815 249.7616 315.53427 249.064 242.87265 304.62985 313.331 180.85228 103.32273 42.178516 17.465977 -999999.0 -999999.0 -999999.0 -999999.0 -999999.0 -999999.0 -999999.0 -999999.0 -999999.0 -999999.0 -999999.0 -999999.0 -999999.0 -999999.0 -999999.0 -999999.0 -999999.0 -999999.0 -999999.0 -999999.0
131.78722 120.00563 106.59773 95.86252 105.08103 128.4028 141.96066 163.69397 176.3293 186.70612 183.78262 195.4797 194.85544 201.16249 212.82907 236.45233 245.73651 246.2656 235.59932 239.73997 253.19832 246.49438 210.28783 150.86972 114.65453 131.48804 207.69171 309.85034 264.02808 260.78436 276.25616 237.99503 254.31863 228.15276 199.16641 212.94731 253.9355 169.66045 48.976353 2.87365 -999999.0 -999999.0 8.182012 0.0 0.0 -999999.0 -999999.0 -999999.0 -999999.0 -999999.0 -999999.0 -999999.0 -999999.0 -999999.0 -999999.0 -999999.0 -999999.0 -999999.0 -999999.0 -999999.0 -999999.0
147.46182 137.57248 123.50518 114.8871 120.06785 134.94447 140.77614 152.34064 165.37146 176.58894 174.38379 188.8499 210.1071 226.20564 240.33958 259.57956 277.0456 254.92871 212.63966 224.07121 271.5464 264.44086 228.16162 178.51834 142.40724 135.64745 240.23285 313.38733 302.50632 272.2187 269.00363 203.68452 178.91788 209.34476 186.2196 122.72547 107.261284 86.49222 -999999.0 -999999.0 -999999.0 -999999.0 45.558277 0.0 0.0 0.0 -999999.0 -999999.0 -999999.0 -999999.0 -999999.0 -999999.0 -999999.0 -999999.0 -999999.0 -999999.0 -999999.0 -999999.0 -999999.0 -999999.0 -999999.0
157.07462 147.79456 135.50725 130.44768 134.27777 135.55388 134.2265 143.21979 156.23273 172.72899 182.89456 193.18356 221.93193 235.80356 243.70514 269.90475 287.8041 243.80377 179.55309 174.34253 201.96297 199.084 200.33002 191.52803 191.27287 206.99588 236.04517 259.18063 281.3563 262.8844 239.78824 174.57358 142.88876 201.62221 249.66284 115.39238 -999999.0 -999999.0 -999999.0 -999999.0 -999999.0 33.380215 0.0 0.0 0.0 0.0 -999999.0 -999999.0 -999999.0 -999999.0 -999999.0 -999999.0 -999999.0 -999999.0 -999999.0 -999999.0 -999999.0 -999999.0 -999999.0 -999999.0 -999999.0
164.72942 154.5045 144.14796 139.21645 135.4288 128.64203 126.10339 136.2172 150.4755 167.50536 179.78024 192.51706 217.79237 224.58922 219.31743 237.80136 266.17868 227.91437 183.17828 148.73698 130.66989 107.11334 126.22953 173.09196 217.6759 224.272 204.48251 215.61345 239.17691 240.82202 237.54007 197.94368 178.99701 213.86832 236.67323 132.61316 7.722969 -999999.0 -999999.0 -999999.0 6.4522786 36.33877 0.0 0.0 0.0 0.0 -999999.0 -999999.0 -999999.0 -999999.0 -999999.0 -999999.0 -999999.0 -999999.0 -999999.0 -999999.0 -999999.0 -999999.0 -999999.0 -999999.0 -999999.0
172.79565 158.29973 148.00047 140.0906 132.85605 126.80286 128.58948 130.09457 138.46225 161.39244 186.66307 200.78235 213.37143 211.97885 194.3899 161.11879 177.0993 173.00224 141.05943 105.20592 64.50544 48.09004 105.68167 186.93822 223.92755 215.6475 190.7421 171.2214 213.06845 240.28368 240.47595 201.25258 202.50612 216.18037 205.44347 159.79616 175.02359 110.9419 40.090782 -999999.0 51.167213 81.6323 0.0 0.0 0.0 -999999.0 -999999.0 -999999.0 -999999.0 -999999.0 -999999.0 -999999.0 -999999.0 -999999.0 -999999.0 -999999.0 -999999.0 -999999.0 -999999.0 -999999.0 -999999.0
172.83836 165.95038 152.3746 141.28165 138.7976 132.20866 121.31089 133.20169 142.62024 161.15234 182.0752 164.3164 201.41658 204.33804 166.94168 123.6492 104.53741 83.71158 70.703705 52.240063 26.70306 44.552147 105.46301 167.51604 209.90126 189.87704 170.85527 137.0699 150.36479 183.81795 206.71414 219.08769 213.85426 234.67242 217.4755 221.19481 244.32794 186.43073 185.3426 237.07019 185.72606 109.20231 55.863144 0.0 -999999.0 -999999.0 -999999.0 -999999.0 -999999.0 -999999.0 -999999.0 -999999.0 -999999.0 -999999.0 -999999.0 -999999.0 -999999.0 -999999.0 -999999.0 -999999.0 -999999.0
183.1085 168.33084 157.032 143.14543 136.71925 140.3161 135.88602 144.28633 150.20767 116.76255 87.80662 149.68225 189.14554 207.69574 168.6123 119.34598 71.086685 31.309422 27.319326 55.118813 58.030224 78.774345 148.22969 167.4516 185.97021 175.44061 131.8703 123.10992 147.98178 159.88585 190.48674 215.54706 196.77342 203.31624 217.98015 246.3537 266.34235 237.33994 255.23445 243.6546 221.74672 181.09561 163.85596 0.0 -999999.0 -999999.0 -999999.0 -999999.0 -999999.0 -999999.0 -999999.0 -999999.0 -999999.0 -999999.0 -999999.0 -999999.0 -999999.0 -999999.0 -999999.0 -999999.0 -999999.0
185.32896 168.43925 159.56511 151.75395 142.7787 173.8468 157.14166 102.80014 74.35946 51.3723 45.16819 117.337135 150.20465 158.25917 127.909584 74.02141 28.745712 33.5096 58.635788 84.06834 97.35574 81.33911 106.08074 151.97026 171.66737 149.97849 114.12178 115.36583 142.69116 170.53128 196.68813 202.715 198.94997 194.71758 217.39124 221.89786 254.86192 264.962 220.60089 204.95473 254.55215 225.87512 133.54381 0.0 0.0 -999999.0 -999999.0 -999999.0 -999999.0 -999999.0 -999999.0 -999999.0 -999999.0 -999999.0 -999999.0 -999999.0 -999999.0 -999999.0 -999999.0 -999999.0 -999999.0
163.35373 150.65396 151.00656 145.7672 131.55478 149.53297 157.12918 30.38534 0.0 33.496277 97.84163 99.001114 106.06337 131.95775 102.250374 18.46431 -999999.0 45.611435 91.34798 97.44662 77.30385 82.374565 108.903336 134.95602 151.11443 119.55784 77.47042 94.4593 131.82195 163.76001 194.5496 198.3409 208.34642 207.67775 206.0821 201.35585 268.0677 248.18358 192.24846 185.91855 230.61607 169.54358 141.5837 0.0 0.0 0.0 -999999.0 -999999.0 -999999.0 -999999.0 -999999.0 -999999.0 -999999.0 -999999.0 -999999.0 -999999.0 -999999.0 -999999.0 -999999.0 -999999.0 -999999.0
127.404655 109.19135 122.90898 127.42162 99.61987 55.93436 23.136948 44.325867 65.55476 111.03564 155.61928 154.04457 139.51056 160.87158 148.36255 45.392475 56.834488 92.02718 121.59071 91.6395 65.058075 75.05299 83.55337 109.78242 109.44974 63.09396 9.925324 42.97708 103.59599 148.23029 171.49333 167.08255 186.05092 192.28094 217.30588 212.62985 250.76564 213.88782 148.73683 131.03827 145.73413 161.10556 70.877304 0.0 0.0 0.0 0.0 -999999.0 -999999.0 -999999.0 -999999.0 -999999.0 -999999.0 -999999.0 -999999.0 -999999.0 -999999.0 -999999.0 -999999.0 -999999.0 -999999.0
94.008 95.77201 108.926796 110.20271 102.36953 83.93518 44.63028 88.51129 157.1113 241.05608 245.15788 146.47171 130.82768 141.7585 137.28998 99.49938 87.2732 100.957184 90.296974 68.41497 59.542625 76.0909 92.578926 95.44413 89.22155 37.90761 -999999.0 11.540097 66.73419 112.68562 119.19336 149.515 133.1476 94.03709 154.53424 195.40926 222.64822 169.19717 99.624985 85.85382 124.53023 230.08267 112.346016 0.0 0.0 -999999.0 -999999.0 -999999.0 -999999.0 -999999.0 -999999.0 -999999.0 -999999.0 -999999.0 -999999.0 -999999.0 -999999.0 -999999.0 -999999.0 -999999.0 -999999.0
102.98682 101.95051 115.53594 120.02345 127.65343 114.03241 62.888866 103.995674 185.04594 249.75266 253.505 149.8942 136.20535 129.11403 130.59433 107.90847 74.2922 71.04416 72.10738 60.747375 52.75153 73.503494 103.53387 113.9246 115.2595 77.10384 39.44971 53.56231 91.55124 166.82382 209.01974 190.3926 121.23738 75.372765 175.18655 273.99942 143.20319 86.96871 111.2197 111.222984 131.84543 202.46106 124.76412 87.03686 -999999.0 -999999.0 -999999.0 -999999.0 -999999.0 -999999.0 -999999.0 -999999.0 -999999.0 -999999.0 -999999.0 -999999.0 -999999.0 -999999.0 -999999.0 -999999.0 -999999.0
134.2497 118.176575 122.952194 123.69431 122.00777 111.23935 59.41836 83.08614 163.72275 175.47278 167.36977 119.03996 86.57264 97.88046 117.85639 118.0897 83.47053 46.720882 35.50952 44.986835 48.0135 66.61274 100.505974 132.53802 140.18512 129.63182 110.71159 108.6291 149.84775 256.0355 348.17004 290.3182 227.7828 215.97647 227.85233 283.55276 172.25203 128.53618 155.10608 146.00597 113.243515 115.68317 65.90195 22.629885 0.0 -999999.0 -999999.0 -999999.0 -999999.0 -999999.0 -999999.0 -999999.0 -999999.0 -999999.0 -999999.0 -999999.0 -999999.0 -999999.0 -999999.0 -999999.0 -999999.0
150.04259 130.54106 141.49477 143.09543 132.98128 113.75192 124.49638 104.87798 171.08379 147.91484 137.16122 95.48395 65.14896 61.683178 74.47958 85.63018 42.977455 -999999.0 -999999.0 -999999.0 26.040129 68.17047 91.31941 117.68395 123.37368 130.98364 137.97925 130.54279 212.00183 357.1609 438.09326 314.37408 281.43222 297.67108 273.4427 261.24982 236.0772 230.5884 247.89468 201.1834 110.05157 109.32862 66.92062 26.423756 0.0 0.0 -999999.0 -999999.0 -999999.0 -999999.0 -999999.0 -999999.0 -999999.0 -999999.0 -999999.0 -999999.0 -999999.0 -999999.0 -999999.0 -999999.0 -999999.0
303.27344 142.12143 153.3734 169.33873 170.54018 120.64212 96.049866 149.0062 201.36934 159.80923 108.46413 51.941666 21.777927 -999999.0 4.7545004 26.877905 -999999.0 -999999.0 -999999.0 -999999.0 -999999.0 73.04797 71.06092 93.37452 104.098946 113.3475 114.01264 101.55273 252.109 330.68683 292.856 242.57039 231.76105 243.33923 245.4061 231.46355 223.30107 231.39091 248.6246 248.92615 208.68806 121.93944 95.40052 71.96899 0.0 0.0 -999999.0 -999999.0 -999999.0 -999999.0 -999999.0 -999999.0 -999999.0 -999999.0 -999999.0 -999999.0 -999999.0 -999999.0 -999999.0 -999999.0 -999999.0
