data/TNO-HT-ATES/HT-ATES_msz3/msz3__flowr_olst_P50_basecase_80-45-40.asc
ncols  140
nrows  163
xllcorner  0.0
yllcorner  300000.0
cellsize  2000.0
NODATA_value  -999999.0
[rows 54 to 80 of 163, columns 61 to 121 of 140]
85.09774 87.96177 110.86284 149.6376 180.47023 188.28697 202.55829 208.01234 210.41267 229.19136 250.43858 271.04382 276.80283 253.66972 229.66544 216.73451 211.7422 188.71861 148.76437 130.14946 141.4583 141.01877 130.05542 137.30354 158.64 172.06429 180.2424 210.50232 226.46384 220.30267 190.27745 131.21812 94.524574 45.26345 3.8119082 -999999.0 -999999.0 -999999.0 -999999.0 -999999.0 -999999.0 4.7956886 4.2397795 1.816911 11.145678 24.579775 -999999.0 -999999.0 -999999.0 -999999.0 -999999.0 -999999.0 -999999.0 -999999.0 -999999.0 -999999.0 -999999.0 -999999.0 -999999.0 -999999.0 -999999.0
110.52367 122.36824 119.78702 155.70834 176.36247 177.81732 187.27243 200.72093 211.87224 233.11473 243.55377 252.91742 255.84111 237.6341 219.01753 202.95683 183.38788 170.64326 131.01103 122.8617 143.567 151.5042 143.77867 148.36494 162.77426 170.55159 197.92796 237.05745 245.47565 226.55115 200.89185 133.99138 93.40969 34.532074 -999999.0 -999999.0 -999999.0 -999999.0 -999999.0 -999999.0 -999999.0 -999999.0 -999999.0 -999999.0 -999999.0 15.439383 -999999.0 -999999.0 -999999.0 -999999.0 -999999.0 -999999.0 -999999.0 -999999.0 -999999.0 -999999.0 -999999.0 -999999.0 -999999.0 -999999.0 -999999.0
92.580696 99.454994 121.7895 152.10834 173.24135 173.38492 177.09984 188.52226 200.35948 234.13155 238.64442 248.38203 236.10713 218.06386 201.4984 188.16043 182.74629 163.64551 131.61378 126.36203 139.47311 162.39787 156.09933 158.53372 171.01282 171.9213 179.34364 219.0804 260.19876 261.50717 236.9211 128.11331 76.60799 27.458889 5.805443 -999999.0 -999999.0 -999999.0 -999999.0 -999999.0 -999999.0 -999999.0 -999999.0 -999999.0 -999999.0 9.30887 -999999.0 -999999.0 -999999.0 -999999.0 -999999.0 -999999.0 -999999.0 -999999.0 -999999.0 -999999.0 -999999.0 -999999.0 -999999.0 -999999.0 -999999.0
68.80458 81.579544 104.41415 130.0049 147.60278 167.5056 172.31728 171.12144 180.13617 221.62294 241.82922 250.25067 229.36101 216.3845 200.51674 185.17877 166.93703 141.17728 105.14911 112.427155 142.29878 145.75676 152.87213 171.1856 174.19176 180.50186 198.64653 205.5308 294.34302 307.0605 269.92603 136.92566 76.21628 42.857307 32.489407 30.262669 -999999.0 -999999.0 -999999.0 -999999.0 -999999.0 -999999.0 -999999.0 -999999.0 -999999.0 -999999.0 -999999.0 -999999.0 -999999.0 -999999.0 -999999.0 -999999.0 -999999.0 -999999.0 -999999.0 -999999.0 -999999.0 -999999.0 -999999.0 -999999.0 -999999.0
54.564625 68.68135 86.4984 103.20415 127.49184 150.25446 167.36823 155.1702 152.75162 192.47395 229.97916 232.09422 216.46487 214.01903 193.39832 158.97552 150.39424 105.382385 80.17099 105.92662 136.32512 149.48808 154.08379 177.18942 180.83606 193.98317 216.18858 286.9718 326.71375 298.74872 256.26395 158.61732 103.590805 73.91287 68.40935 69.75481 48.835995 13.277101 -999999.0 -999999.0 -999999.0 -999999.0 -999999.0 -999999.0 -999999.0 -999999.0 -999999.0 -999999.0 -999999.0 -999999.0 -999999.0 -999999.0 -999999.0 -999999.0 -999999.0 -999999.0 -999999.0 -999999.0 -999999.0 -999999.0 -999999.0
49.205486 64.48009 78.74936 86.836685 116.38974 133.43498 165.11441 151.52774 140.3303 163.33923 205.45511 194.49644 189.96701 182.23271 169.52124 144.56523 147.71916 94.713524 85.80062 102.44715 114.89605 140.27394 154.58575 187.29832 198.75777 210.2825 227.53166 322.1507 349.1871 309.01328 256.04538 178.60698 119.224594 131.32043 109.867966 115.69829 118.79594 89.95289 60.99322 -999999.0 -999999.0 -999999.0 -999999.0 -999999.0 -999999.0 -999999.0 -999999.0 -999999.0 -999999.0 -999999.0 -999999.0 -999999.0 -999999.0 -999999.0 -999999.0 -999999.0 -999999.0 -999999.0 -999999.0 -999999.0 -999999.0
45.428562 65.929146 83.0392 64.95192 140.91882 136.24799 154.68295 152.6898 166.70576 173.25081 177.73602 186.08632 175.65497 156.86795 150.00185 158.93105 174.97865 133.75941 113.841545 110.04034 103.59339 126.86995 149.89313 188.23749 211.941 241.39017 244.5858 326.46887 362.3672 348.99954 297.93234 262.4559 209.08597 180.519 166.2579 163.15953 162.40186 125.57205 84.73551 47.439476 32.013123 40.33462 -999999.0 -999999.0 -999999.0 -999999.0 -999999.0 -999999.0 -999999.0 -999999.0 -999999.0 -999999.0 -999999.0 -999999.0 -999999.0 -999999.0 -999999.0 -999999.0 -999999.0 -999999.0 -999999.0
47.056957 70.461235 85.15465 100.18848 147.4532 128.53459 147.63739 150.52313 167.3424 168.5337 173.24158 161.0064 164.66603 150.42308 149.53423 152.095 138.11494 142.49583 139.53325 121.514015 107.83939 124.02748 151.88602 161.543 209.27911 243.14745 270.05334 339.39728 413.0674 389.53397 362.7343 319.04285 290.40063 249.10056 200.70909 156.06448 192.41612 140.35158 80.35495 80.37923 116.48977 131.223 24.444191 -999999.0 -999999.0 -999999.0 -999999.0 -999999.0 -999999.0 -999999.0 -999999.0 -999999.0 -999999.0 -999999.0 -999999.0 -999999.0 -999999.0 -999999.0 -999999.0 -999999.0 -999999.0
64.03117 80.511185 85.76968 91.30832 97.56582 117.67485 128.37216 146.05495 167.00412 167.8201 164.52408 165.56982 167.79433 180.17305 166.83266 130.55363 122.528915 127.589226 138.47537 134.28046 122.032234 131.03745 146.88031 171.25543 176.52092 193.19026 278.34277 352.15854 439.98953 438.85895 386.91763 366.85126 313.03452 278.0749 222.47731 172.99292 220.47073 141.80064 61.169727 56.917145 115.361275 72.957466 19.181194 -999999.0 -999999.0 -999999.0 -999999.0 -999999.0 -999999.0 -999999.0 -999999.0 -999999.0 -999999.0 -999999.0 -999999.0 -999999.0 -999999.0 -999999.0 -999999.0 -999999.0 -999999.0
84.36127 87.88898 82.47855 82.998436 95.21869 114.357315 114.977455 127.62334 166.69455 172.76476 157.54924 173.45811 183.48933 163.95099 147.93752 125.99107 140.69154 143.98402 153.78821 147.47989 139.57695 134.43655 133.9746 160.32098 162.71765 170.42395 178.427 206.00592 217.76897 437.9701 359.6911 344.7072 249.16788 305.97318 232.59442 157.82338 192.80904 98.88943 72.34187 88.52344 93.76743 19.775145 -999999.0 -999999.0 -999999.0 -999999.0 -999999.0 -999999.0 -999999.0 -999999.0 -999999.0 -999999.0 -999999.0 -999999.0 -999999.0 -999999.0 -999999.0 -999999.0 -999999.0 -999999.0 -999999.0
98.02707 94.053276 76.93754 71.41784 89.50979 116.185936 113.759926 128.05348 160.32083 177.04018 165.36899 166.51135 171.33574 153.10448 133.115 145.08545 165.2772 180.13184 177.45757 172.07219 164.0115 149.24799 147.02415 137.43533 129.52881 136.95358 135.5726 218.22218 218.00937 225.51675 276.85516 244.061 316.1892 284.52826 243.35442 194.69577 190.14209 116.76763 77.79789 95.771324 45.05671 11.116235 -999999.0 -999999.0 -999999.0 -999999.0 -999999.0 -999999.0 -999999.0 -999999.0 -999999.0 -999999.0 -999999.0 -999999.0 -999999.0 -999999.0 -999999.0 -999999.0 -999999.0 -999999.0 -999999.0
99.954926 97.79763 75.464554 72.29229 89.34219 113.89031 123.16408 143.4968 160.34595 179.27844 198.6585 211.18196 172.43599 159.98354 152.13498 170.5931 197.03754 194.23279 204.80531 200.6162 198.39818 191.62912 169.81418 131.96326 112.32957 112.83578 165.40855 246.05829 267.9233 268.6218 261.19028 215.54704 283.1459 227.02907 206.94392 242.96704 246.26074 135.70552 74.714355 27.610529 9.814497 -999999.0 -999999.0 -999999.0 -999999.0 -999999.0 -999999.0 -999999.0 -999999.0 -999999.0 -999999.0 -999999.0 -999999.0 -999999.0 -999999.0 -999999.0 -999999.0 -999999.0 -999999.0 -999999.0 -999999.0
110.2956 101.6407 89.67569 82.39292 92.98446 115.103516 127.50874 152.97289 162.07901 173.06981 171.34045 182.37056 183.64398 196.1476 209.15471 234.48642 249.00694 252.89305 238.52258 237.39427 241.44398 235.42056 201.66628 146.93106 110.49147 126.483604 200.64333 314.6186 266.63403 255.10081 262.28412 215.49345 237.1546 209.80487 177.37004 178.67575 200.05069 123.06912 32.879864 1.5968374 -999999.0 -999999.0 3.6401284 0.0 0.0 -999999.0 -999999.0 -999999.0 -999999.0 -999999.0 -999999.0 -999999.0 -999999.0 -999999.0 -999999.0 -999999.0 -999999.0 -999999.0 -999999.0 -999999.0 -999999.0
120.81304 116.918724 106.70153 100.07756 103.61369 120.38422 125.22353 136.26831 147.62996 161.97232 158.13893 169.91489 193.06554 214.09554 229.40959 251.93016 279.9686 257.5069 210.45589 215.14032 245.03088 248.74765 228.36168 180.90082 147.46143 135.42407 247.71231 324.7875 320.95737 282.89233 279.09842 201.7239 166.85367 190.4489 165.84903 101.190414 83.30953 62.0055 -999999.0 -999999.0 -999999.0 -999999.0 19.958414 0.0 0.0 0.0 -999999.0 -999999.0 -999999.0 -999999.0 -999999.0 -999999.0 -999999.0 -999999.0 -999999.0 -999999.0 -999999.0 -999999.0 -999999.0 -999999.0 -999999.0
127.02153 122.35905 113.99642 110.63939 114.885284 117.1692 118.83238 127.43368 140.07924 154.26328 163.2119 170.91306 202.72874 218.49371 229.45471 256.39423 274.29498 236.93367 170.6849 160.56436 185.5479 190.42145 211.24667 208.59357 208.658 220.668 254.6246 286.85687 314.67947 285.20718 260.28293 172.30437 136.48279 180.4562 219.8127 97.72544 -999999.0 -999999.0 -999999.0 -999999.0 -999999.0 16.22726 0.0 0.0 0.0 0.0 -999999.0 -999999.0 -999999.0 -999999.0 -999999.0 -999999.0 -999999.0 -999999.0 -999999.0 -999999.0 -999999.0 -999999.0 -999999.0 -999999.0 -999999.0
129.73878 125.74954 118.588776 116.776375 110.98138 103.94589 106.95472 115.57889 131.30356 146.84604 153.959 163.98877 191.64287 198.15437 194.79674 216.6339 241.30179 215.32507 176.07874 140.497 121.32578 106.5622 135.03214 185.26671 239.79979 248.63222 231.69714 237.7445 270.76782 261.47116 255.00781 202.79027 173.79907 195.40004 209.58012 113.164925 5.5868936 -999999.0 -999999.0 -999999.0 4.9261937 19.252003 0.0 0.0 0.0 0.0 -999999.0 -999999.0 -999999.0 -999999.0 -999999.0 -999999.0 -999999.0 -999999.0 -999999.0 -999999.0 -999999.0 -999999.0 -999999.0 -999999.0 -999999.0
128.52417 122.005745 117.70287 112.39967 106.25138 102.04022 106.59614 109.33664 116.07739 137.96683 159.46736 171.22469 185.28587 185.49185 175.17119 140.32375 159.60463 165.29259 133.7509 98.70607 58.887054 46.171017 109.96496 205.65358 235.35664 240.74933 221.35164 194.5449 250.02347 276.43973 260.01398 207.56102 201.03091 212.38892 193.10931 140.21506 144.31204 85.141594 28.313765 -999999.0 33.095085 41.96799 0.0 0.0 0.0 -999999.0 -999999.0 -999999.0 -999999.0 -999999.0 -999999.0 -999999.0 -999999.0 -999999.0 -999999.0 -999999.0 -999999.0 -999999.0 -999999.0 -999999.0 -999999.0
119.79274 125.255394 117.561035 111.86977 110.20844 104.89961 97.01262 109.98182 118.124596 135.43446 154.93555 142.9387 178.57474 180.20555 144.93735 111.24249 97.12177 77.08476 66.39029 47.988216 22.783926 42.87197 110.708435 181.00928 233.14734 214.48787 195.67032 153.35175 171.66989 211.59491 231.40651 233.794 222.81606 241.40805 206.96841 196.36732 203.17017 148.34752 134.24763 163.36885 108.20107 54.590157 24.523005 0.0 -999999.0 -999999.0 -999999.0 -999999.0 -999999.0 -999999.0 -999999.0 -999999.0 -999999.0 -999999.0 -999999.0 -999999.0 -999999.0 -999999.0 -999999.0 -999999.0 -999999.0
128.16852 125.96392 120.70375 111.2562 105.53532 111.132095 106.36675 117.49348 123.81349 97.447044 72.84604 125.19991 161.41049 186.97766 148.50284 107.07016 64.88161 27.067255 23.221855 48.467155 51.795036 72.13822 155.20581 179.29527 203.06622 195.03868 146.58647 136.26581 170.15164 182.48103 219.29733 237.7918 214.18724 211.80515 212.18361 226.05623 225.63315 191.94371 191.19682 162.16289 115.01298 87.84833 78.036705 0.0 -999999.0 -999999.0 -999999.0 -999999.0 -999999.0 -999999.0 -999999.0 -999999.0 -999999.0 -999999.0 -999999.0 -999999.0 -999999.0 -999999.0 -999999.0 -999999.0 -999999.0
137.2107 124.93289 119.95183 120.019455 107.59044 143.99023 120.050575 79.37177 59.14213 40.06929 35.856316 96.9301 131.01768 139.98596 108.87809 65.195015 23.815773 28.977343 52.823917 77.3493 93.46948 77.08064 103.872185 158.44005 186.14404 166.81955 127.85938 130.20883 167.03758 196.91473 230.66104 225.99767 214.18044 200.94447 219.77977 203.3207 219.14595 217.14217 166.4882 132.66371 136.83144 106.63408 56.448143 0.0 0.0 -999999.0 -999999.0 -999999.0 -999999.0 -999999.0 -999999.0 -999999.0 -999999.0 -999999.0 -999999.0 -999999.0 -999999.0 -999999.0 -999999.0 -999999.0 -999999.0
121.215675 111.15068 114.7455 111.98126 97.41537 118.39308 123.451584 21.1775 0.0 24.709679 82.38081 79.03694 87.70596 112.74279 83.113396 14.22946 -999999.0 38.030136 80.98589 85.22516 70.92418 78.651924 105.70848 134.69873 161.43054 133.0861 84.92704 107.34159 154.35114 188.00981 230.85817 228.16205 226.50916 221.98665 204.04808 184.7999 226.74673 193.75253 145.46852 124.337234 129.4813 82.85742 61.00398 0.0 0.0 0.0 -999999.0 -999999.0 -999999.0 -999999.0 -999999.0 -999999.0 -999999.0 -999999.0 -999999.0 -999999.0 -999999.0 -999999.0 -999999.0 -999999.0 -999999.0
94.4983 80.9552 93.73872 95.79351 72.078896 41.700623 16.218603 33.66076 49.926014 88.31064 135.83301 125.14492 111.75514 131.41028 121.895676 33.573616 44.64503 75.7077 105.913315 78.564 54.95699 65.92788 76.878845 111.87169 116.593506 66.57993 10.188548 46.563263 119.744545 175.18353 203.80891 193.09184 207.08142 207.95753 219.13742 196.21548 210.63954 170.84955 108.87062 85.090996 82.82427 81.98066 27.89206 0.0 0.0 0.0 0.0 -999999.0 -999999.0 -999999.0 -999999.0 -999999.0 -999999.0 -999999.0 -999999.0 -999999.0 -999999.0 -999999.0 -999999.0 -999999.0 -999999.0
72.51938 73.26551 83.10151 83.42015 77.779236 64.26394 33.240654 68.2582 126.427025 197.51312 207.97629 115.57317 101.21445 113.05331 110.83204 77.744316 66.16527 79.98884 73.5748 55.922558 47.45066 64.24323 85.48767 91.796455 91.68006 39.12534 -999999.0 11.513363 74.41471 129.24066 138.26906 174.25264 152.55588 103.648964 157.89865 178.79318 181.90633 130.72676 70.5502 55.39468 66.42126 111.15127 47.941685 0.0 0.0 -999999.0 -999999.0 -999999.0 -999999.0 -999999.0 -999999.0 -999999.0 -999999.0 -999999.0 -999999.0 -999999.0 -999999.0 -999999.0 -999999.0 -999999.0 -999999.0
87.234245 82.43754 93.12345 98.2411 103.45996 89.087776 47.98116 77.99892 145.30006 199.13898 213.20639 116.66852 103.938644 100.23021 103.07613 83.27563 54.468525 52.86317 54.326366 46.94047 39.497185 60.38044 90.83841 103.41656 111.88522 78.0537 41.05393 55.779114 97.62973 185.06 236.10564 211.91151 135.42728 80.12157 174.70493 238.06087 116.19322 62.48423 72.25336 67.41745 70.56032 96.92964 55.285187 35.882076 -999999.0 -999999.0 -999999.0 -999999.0 -999999.0 -999999.0 -999999.0 -999999.0 -999999.0 -999999.0 -999999.0 -999999.0 -999999.0 -999999.0 -999999.0 -999999.0 -999999.0
114.16532 96.0043 99.66621 99.29726 93.0998 83.548065 42.97262 60.49131 121.43015 135.03719 137.16582 89.938805 64.09094 72.39627 90.466736 90.52737 59.98931 32.811165 24.47103 33.84216 35.95537 51.791294 83.906425 118.93144 130.12233 125.31686 111.49335 112.70612 157.59564 261.016 362.19556 307.97516 237.2498 222.45137 213.09753 233.57463 133.25858 90.29847 95.39533 82.63946 61.00669 58.024033 28.47922 7.888922 0.0 -999999.0 -999999.0 -999999.0 -999999.0 -999999.0 -999999.0 -999999.0 -999999.0 -999999.0 -999999.0 -999999.0 -999999.0 -999999.0 -999999.0 -999999.0 -999999.0
122.25368 101.866936 118.24696 117.19446 105.4953 85.47413 95.62609 80.44087 136.32213 115.77477 110.15408 72.783295 49.67197 46.019783 54.79711 61.949444 29.620966 -999999.0 -999999.0 -999999.0 18.703476 53.19292 73.36852 100.607086 105.936226 119.251495 132.18358 129.8852 210.41722 351.13492 433.3958 311.43854 269.9452 281.11932 238.33261 211.71666 169.57312 153.993 142.48746 110.59327 57.444084 52.32491 28.701664 8.950122 0.0 0.0 -999999.0 -999999.0 -999999.0 -999999.0 -999999.0 -999999.0 -999999.0 -999999.0 -999999.0 -999999.0 -999999.0 -999999.0 -999999.0 -999999.0 -999999.0
251.76883 107.16744 123.89001 137.01036 136.12245 87.7963 69.32027 109.54848 159.16962 125.326904 86.12636 39.34266 14.503025 -999999.0 2.868596 17.727451 -999999.0 -999999.0 -999999.0 -999999.0 -999999.0 54.15425 53.912125 76.38165 84.57941 97.16892 106.0359 93.2644 224.68135 302.8567 281.97668 219.53493 207.2886 209.17157 198.6804 175.11694 151.89882 143.33194 141.20656 132.00691 102.78807 57.241734 40.473724 25.549913 0.0 0.0 -999999.0 -999999.0 -999999.0 -999999.0 -999999.0 -999999.0 -999999.0 -999999.0 -999999.0 -999999.0 -999999.0 -999999.0 -999999.0 -999999.0 -999999.0
