data/TNO-HT-ATES/HT-ATES_msz3/msz3__flowr_olst_P50_basecase_80-45-40.asc
ncols  140
nrows  163
xllcorner  0.0
yllcorner  300000.0
cellsize  2000.0
NODATA_value  -999999.0
[rows 27 to 53 of 163, columns 61 to 121 of 140]
298.53214 272.24295 248.96056 240.69617 224.45016 212.57446 206.68889 205.63303 202.78873 197.65918 192.001 189.47511 204.0037 224.93042 243.77425 253.92386 253.1102 243.18608 280.02036 328.39487 368.5913 371.47183 334.95383 303.27188 280.49417 260.30252 239.06654 215.91765 200.54161 165.45215 134.69196 126.05646 84.88142 51.491848 43.3211 45.967407 24.563843 3.3059132 5.333569 24.885515 22.208586 2.8470104 -999999.0 -999999.0 -999999.0 -999999.0 -999999.0 1.2383407 -999999.0 -999999.0 -999999.0 -999999.0 -999999.0 -999999.0 -999999.0 -999999.0 -999999.0 -999999.0 -999999.0 -999999.0 -999999.0
290.3269 260.0468 244.50807 225.1825 205.14151 188.21274 193.89523 183.61595 183.77225 175.81525 171.07376 184.82817 204.88226 234.17708 245.39647 237.89014 241.52379 243.31898 246.61646 302.30472 366.51373 365.75763 370.12274 356.34027 315.27896 282.5652 266.41953 229.62756 192.24225 156.71988 121.255424 88.20017 61.90561 35.30015 16.39486 7.1590586 -999999.0 -999999.0 18.82898 44.222008 31.252586 8.389327 -999999.0 -999999.0 -999999.0 -999999.0 -999999.0 -999999.0 -999999.0 -999999.0 -999999.0 -999999.0 -999999.0 -999999.0 -999999.0 -999999.0 -999999.0 -999999.0 -999999.0 -999999.0 -999999.0
278.62473 246.16881 230.06075 210.94963 190.92361 177.93391 166.62794 161.5329 154.06029 149.43689 147.37283 162.34377 218.52219 228.57043 235.10512 237.73483 230.13374 232.61076 199.58087 282.2285 376.6156 401.4989 401.34885 392.2666 358.0595 329.87775 285.80286 229.76974 182.69217 129.85194 64.35595 10.606715 9.79105 1.3240968 -999999.0 -999999.0 -999999.0 -999999.0 40.047886 57.562492 27.064796 8.238358 2.5164301 -999999.0 -999999.0 -999999.0 -999999.0 -999999.0 -999999.0 -999999.0 -999999.0 0.88234925 -999999.0 -999999.0 -999999.0 -999999.0 -999999.0 -999999.0 -999999.0 -999999.0 -999999.0
245.64285 245.82434 213.4245 194.67844 181.93222 158.85553 144.35051 140.90666 133.73608 131.5732 134.12903 161.8895 185.04295 203.14775 212.15103 237.54935 255.51717 236.48749 227.58083 280.62317 374.53336 413.22617 422.55334 416.42194 399.18326 344.04187 269.16364 203.55594 143.46886 87.81544 17.339808 -999999.0 -999999.0 -999999.0 -999999.0 -999999.0 -999999.0 -999999.0 15.433455 29.882132 15.810207 5.076547 2.9806824 1.7526021 2.3615422 3.6066241 5.065414 12.400892 -999999.0 -999999.0 -999999.0 -999999.0 -999999.0 -999999.0 -999999.0 -999999.0 -999999.0 -999999.0 -999999.0 -999999.0 -999999.0
236.22714 216.6762 203.61766 184.82426 160.82428 146.15294 125.88705 120.52551 125.200005 126.10483 126.68635 137.2615 162.20076 186.41708 205.18582 236.61864 246.72978 241.75539 240.67992 288.8734 358.9488 440.1551 467.83536 469.34274 436.89417 346.02133 268.0709 195.50856 114.51116 40.33999 -999999.0 -999999.0 -999999.0 -999999.0 -999999.0 -999999.0 -999999.0 -999999.0 -999999.0 7.750638 4.7876983 3.1393583 -999999.0 1.2160633 5.2034707 11.22507 22.573671 27.394588 8.775407 -999999.0 9.321249 -999999.0 3.2459757 -999999.0 -999999.0 -999999.0 -999999.0 -999999.0 -999999.0 -999999.0 -999999.0
226.72316 196.31224 182.47722 170.64374 154.2083 130.44707 109.73777 111.21746 113.79168 112.49588 109.74624 115.815056 143.53145 173.16165 189.10422 216.45586 235.50671 239.44598 243.29248 305.11633 342.5998 442.91626 482.51218 490.5823 436.94785 338.91733 259.37692 181.7122 85.79817 4.7144866 -999999.0 -999999.0 -999999.0 -999999.0 -999999.0 -999999.0 -999999.0 -999999.0 -999999.0 -999999.0 -999999.0 -999999.0 -999999.0 -999999.0 6.158642 12.556498 19.119741 23.096678 20.425323 -999999.0 -999999.0 -999999.0 -999999.0 -999999.0 -999999.0 -999999.0 -999999.0 -999999.0 -999999.0 -999999.0 -999999.0
222.78763 190.67006 174.16937 157.82124 144.15283 122.08609 104.5036 95.13441 100.3413 95.272964 78.78829 104.60661 131.90018 148.32825 168.05042 198.50595 228.25182 243.01602 268.89893 311.4061 353.02075 425.68063 452.36975 442.3472 400.51105 323.25183 257.30908 158.80048 69.4033 -999999.0 -999999.0 -999999.0 -999999.0 -999999.0 -999999.0 -999999.0 -999999.0 -999999.0 -999999.0 -999999.0 -999999.0 -999999.0 -999999.0 -999999.0 3.989297 10.210019 11.079318 7.9409137 6.2865367 -999999.0 -999999.0 -999999.0 -999999.0 -999999.0 -999999.0 -999999.0 -999999.0 -999999.0 -999999.0 -999999.0 -999999.0
210.14519 188.75377 164.10237 142.9737 126.46564 111.53934 98.513794 81.92126 89.66153 96.9014 91.55242 105.213394 131.48685 140.69347 152.68869 175.87093 203.91994 250.8868 281.28833 311.60675 355.5001 404.9409 408.23785 391.1372 357.11835 291.3842 233.47136 148.38371 51.448975 -999999.0 -999999.0 -999999.0 -999999.0 -999999.0 -999999.0 -999999.0 -999999.0 -999999.0 -999999.0 -999999.0 -999999.0 -999999.0 -999999.0 -999999.0 -999999.0 9.046964 9.459676 2.2092228 -999999.0 -999999.0 -999999.0 -999999.0 -999999.0 -999999.0 -999999.0 -999999.0 -999999.0 -999999.0 -999999.0 -999999.0 -999999.0
191.77019 175.38547 153.53635 133.25694 104.91865 90.83412 94.04981 80.50184 97.76376 107.13419 103.62316 100.200096 125.243385 136.25774 155.60995 178.91757 214.02478 247.70671 288.21802 325.42267 341.2915 367.57205 369.48697 336.93924 294.7813 261.13373 187.05396 106.75442 25.717028 -999999.0 -999999.0 -999999.0 -999999.0 -999999.0 -999999.0 -999999.0 -999999.0 -999999.0 -999999.0 -999999.0 -999999.0 -999999.0 -999999.0 -999999.0 -999999.0 8.286486 11.509991 -999999.0 -999999.0 -999999.0 -999999.0 -999999.0 -999999.0 -999999.0 -999999.0 -999999.0 -999999.0 -999999.0 -999999.0 -999999.0 -999999.0
181.76936 165.0028 146.21277 124.62052 103.12013 84.07279 79.72971 82.21574 100.9012 118.96374 113.53084 107.48679 119.53412 151.57191 167.72168 171.94675 197.71501 240.07799 264.5998 302.76584 307.57114 340.4653 351.3733 313.1061 271.10736 209.57486 136.52925 64.73559 3.0191715 -999999.0 -999999.0 -999999.0 -999999.0 -999999.0 19.144585 29.477856 13.239078 -999999.0 -999999.0 -999999.0 -999999.0 -999999.0 -999999.0 -999999.0 -999999.0 7.6141667 10.9296255 -999999.0 -999999.0 -999999.0 -999999.0 -999999.0 -999999.0 -999999.0 -999999.0 -999999.0 -999999.0 -999999.0 -999999.0 -999999.0 -999999.0
171.3508 151.07607 132.66885 112.110435 93.58693 79.64979 71.806984 76.26933 119.160835 146.12231 135.4661 123.83353 136.07068 162.0856 168.69267 166.95744 183.5682 209.60762 232.17955 256.7858 276.66666 282.6789 286.52017 273.38428 212.40398 148.41617 84.175995 28.341606 -999999.0 -999999.0 -999999.0 -999999.0 -999999.0 -999999.0 39.992413 49.651154 18.055279 -999999.0 -999999.0 -999999.0 -999999.0 -999999.0 -999999.0 -999999.0 -999999.0 7.1431236 12.854028 -999999.0 -999999.0 -999999.0 -999999.0 -999999.0 5.350366 19.634731 -999999.0 -999999.0 -999999.0 -999999.0 -999999.0 -999999.0 -999999.0
159.97449 147.86407 132.30453 112.14264 90.284515 77.45286 77.56567 79.84897 123.124435 153.15903 155.10583 150.72781 163.44057 184.84416 193.56168 192.79622 192.22989 200.20435 218.55144 233.76018 238.436 233.36703 237.13313 215.44218 176.65117 107.88032 43.043083 9.009572 -999999.0 -999999.0 -999999.0 -999999.0 -999999.0 -999999.0 29.049358 31.961744 1.932847 -999999.0 -999999.0 -999999.0 -999999.0 -999999.0 -999999.0 -999999.0 -999999.0 0.9998132 -999999.0 -999999.0 -999999.0 -999999.0 -999999.0 -999999.0 17.852028 15.079968 -999999.0 -999999.0 -999999.0 -999999.0 -999999.0 -999999.0 -999999.0
143.65623 145.56517 141.97945 114.23104 92.48425 78.55484 90.196106 97.47612 122.364746 147.00342 169.54802 183.41653 193.32507 214.02441 238.55745 218.1024 189.6093 188.90634 187.90182 199.25298 191.46121 206.29195 174.88234 160.1758 142.3154 88.08199 33.45431 2.9401693 -999999.0 -999999.0 -999999.0 -999999.0 -999999.0 -999999.0 -999999.0 -999999.0 -999999.0 -999999.0 -999999.0 -999999.0 -999999.0 -999999.0 -999999.0 -999999.0 -999999.0 -999999.0 -999999.0 -999999.0 -999999.0 -999999.0 -999999.0 -999999.0 -999999.0 -999999.0 -999999.0 -999999.0 -999999.0 -999999.0 -999999.0 -999999.0 -999999.0
122.91617 126.59952 127.64598 111.896034 98.59222 92.66949 99.556046 87.86687 105.73395 131.1298 151.1871 178.81331 198.77745 221.66792 225.95729 209.78499 179.96254 163.12549 165.865 174.7056 181.05899 202.65352 175.27097 142.51158 120.657074 82.150055 38.510376 7.4567804 -999999.0 -999999.0 -999999.0 -999999.0 -999999.0 -999999.0 -999999.0 -999999.0 -999999.0 -999999.0 -999999.0 -999999.0 -999999.0 -999999.0 -999999.0 -999999.0 -999999.0 -999999.0 -999999.0 -999999.0 -999999.0 10.314745 -999999.0 -999999.0 -999999.0 -999999.0 -999999.0 -999999.0 -999999.0 -999999.0 -999999.0 -999999.0 -999999.0
101.972015 106.340744 111.09069 108.00784 107.16845 113.09916 107.781715 101.50286 94.91401 117.72772 152.71208 159.66197 188.20285 213.0617 219.90346 201.79163 177.33484 145.49146 152.1803 169.37718 196.3959 183.96954 167.0169 147.3476 123.44872 76.69271 39.697887 3.804973 -999999.0 -999999.0 -999999.0 -999999.0 -999999.0 -999999.0 -999999.0 -999999.0 -999999.0 -999999.0 -999999.0 -999999.0 -999999.0 -999999.0 -999999.0 -999999.0 -999999.0 -999999.0 -999999.0 -999999.0 11.159499 -999999.0 -999999.0 -999999.0 -999999.0 -999999.0 -999999.0 -999999.0 -999999.0 -999999.0 -999999.0 -999999.0 -999999.0
88.3685 91.65205 105.55159 116.32526 122.948326 128.6349 117.578995 105.676796 94.317406 118.98481 152.77353 149.89587 173.5987 191.96837 212.32362 223.09904 193.98744 145.0992 157.60042 175.27014 202.79128 198.50987 187.41708 164.98517 127.3076 68.80753 41.547916 12.19002 -999999.0 -999999.0 -999999.0 -999999.0 -999999.0 -999999.0 -999999.0 -999999.0 -999999.0 -999999.0 -999999.0 -999999.0 -999999.0 -999999.0 -999999.0 -999999.0 -999999.0 -999999.0 -999999.0 8.2871275 32.730415 -999999.0 -999999.0 -999999.0 -999999.0 -999999.0 -999999.0 -999999.0 -999999.0 -999999.0 -999999.0 -999999.0 -999999.0
77.17018 86.10362 106.67089 125.21945 134.37454 132.28415 128.19008 126.832825 112.47972 136.58469 167.53566 158.42679 171.16847 180.42816 206.8313 242.78535 225.6519 195.85414 185.38289 181.47572 199.60385 240.88924 218.50664 169.48213 125.82401 67.59261 39.931664 24.903109 8.531349 -999999.0 -999999.0 -999999.0 -999999.0 -999999.0 -999999.0 -999999.0 -999999.0 -999999.0 -999999.0 -999999.0 -999999.0 -999999.0 -999999.0 -999999.0 0.7528027 2.6891456 1.5005641 14.336789 -999999.0 -999999.0 -999999.0 -999999.0 -999999.0 -999999.0 -999999.0 -999999.0 -999999.0 -999999.0 -999999.0 -999999.0 -999999.0
69.13917 86.44957 108.90719 136.11246 145.02245 137.86447 142.88055 157.62776 144.7762 159.46959 191.2358 184.99886 189.49928 202.93588 215.02196 236.76381 253.75226 244.79648 218.1799 198.26945 220.56651 274.12686 227.45576 163.34474 125.18769 74.91253 48.23938 34.41926 20.57927 3.4944491 -999999.0 -999999.0 -999999.0 -999999.0 -999999.0 -999999.0 -999999.0 -999999.0 -999999.0 -999999.0 -999999.0 -999999.0 -999999.0 4.6359863 0.85309345 1.9432452 -999999.0 3.9106953 -999999.0 -999999.0 -999999.0 -999999.0 -999999.0 -999999.0 -999999.0 -999999.0 -999999.0 -999999.0 -999999.0 -999999.0 -999999.0
64.965935 85.62007 108.34599 132.3762 148.67827 153.07092 152.27313 167.00159 169.20209 190.545 203.18637 224.59517 224.40782 215.81236 202.74712 194.86136 243.74419 298.6904 256.22314 239.45837 287.94583 252.87854 210.22781 179.43509 136.22624 91.00493 54.091797 37.452835 27.395422 10.715768 -999999.0 -999999.0 -999999.0 -999999.0 -999999.0 -999999.0 -999999.0 -999999.0 -999999.0 -999999.0 -999999.0 -999999.0 -999999.0 -999999.0 -999999.0 1.6058356 -999999.0 -999999.0 -999999.0 -999999.0 -999999.0 -999999.0 -999999.0 -999999.0 -999999.0 -999999.0 -999999.0 -999999.0 -999999.0 -999999.0 -999999.0
60.02346 81.5992 113.13702 136.57338 149.5036 164.02885 170.7275 179.23924 203.95967 233.16658 251.82172 240.96512 236.83813 201.79823 190.5756 211.28891 227.8605 300.19205 300.67712 290.0668 307.46182 262.92578 223.06635 193.0407 146.72935 100.09804 55.57454 47.39464 27.211628 12.279698 0.0 -999999.0 -999999.0 -999999.0 -999999.0 -999999.0 -999999.0 -999999.0 -999999.0 -999999.0 -999999.0 -999999.0 -999999.0 -999999.0 -999999.0 -999999.0 -999999.0 -999999.0 -999999.0 -999999.0 -999999.0 -999999.0 -999999.0 -999999.0 -999999.0 -999999.0 -999999.0 -999999.0 -999999.0 -999999.0 -999999.0
59.192337 80.82135 109.130295 143.19768 163.15399 176.57146 187.81839 198.01624 219.99435 251.80716 279.50034 254.89209 231.98524 197.95207 216.22273 246.71902 265.65115 330.86774 322.12497 297.21472 275.8465 244.74399 222.48035 199.14064 147.5707 90.12435 55.333866 47.899517 39.054893 18.84105 8.726541 -999999.0 -999999.0 -999999.0 -999999.0 -999999.0 -999999.0 -999999.0 -999999.0 -999999.0 -999999.0 -999999.0 -999999.0 -999999.0 -999999.0 -999999.0 1.2183769 -999999.0 -999999.0 -999999.0 -999999.0 -999999.0 -999999.0 -999999.0 -999999.0 -999999.0 -999999.0 -999999.0 -999999.0 -999999.0 -999999.0
63.45593 90.78901 122.953125 148.53578 170.58376 184.76279 196.19955 217.4615 231.93765 248.8891 260.48816 252.55417 250.23198 240.25883 250.11778 273.97812 288.50912 336.2441 329.17178 278.29523 241.15144 215.54825 196.97101 176.13791 143.73586 92.49564 55.798843 62.41875 53.607887 41.670162 22.07724 3.7000241 -999999.0 -999999.0 -999999.0 0.9425955 7.5507565 10.941586 5.6511874 -999999.0 -999999.0 -999999.0 -999999.0 -999999.0 -999999.0 -999999.0 4.3016887 -999999.0 -999999.0 -999999.0 -999999.0 -999999.0 -999999.0 -999999.0 -999999.0 -999999.0 -999999.0 -999999.0 -999999.0 -999999.0 -999999.0
67.60956 101.25737 147.20296 171.71165 189.03075 204.65335 214.41481 237.66586 249.92383 265.34232 284.0789 281.11847 270.39056 263.2005 276.27377 284.3027 283.66498 301.3045 299.57236 264.20154 211.31537 194.4607 165.36331 151.94165 148.72147 112.772514 78.4047 98.03697 89.41978 65.21615 40.092186 18.688908 6.586439 -999999.0 8.490232 16.822638 25.258533 26.03097 12.561889 1.6243157 -999999.0 -999999.0 -999999.0 -999999.0 -999999.0 9.66999 3.4041035 -999999.0 -999999.0 -999999.0 -999999.0 -999999.0 -999999.0 -999999.0 -999999.0 -999999.0 -999999.0 -999999.0 -999999.0 -999999.0 -999999.0
65.239456 109.41311 151.91965 186.25447 197.63058 211.03119 220.18681 250.60567 255.12634 271.58322 308.35635 302.0312 280.5183 277.71753 270.32272 283.90598 279.55728 251.39508 259.06467 244.2439 206.62975 182.514 155.61777 138.46722 161.1402 170.4852 122.186874 155.2243 133.04268 94.38764 62.424244 43.375717 35.895584 24.868317 22.177578 31.204554 47.388153 38.296932 17.506224 2.080564 -999999.0 -999999.0 -999999.0 -999999.0 -999999.0 11.775229 1.8684427 -999999.0 -999999.0 -999999.0 -999999.0 -999999.0 -999999.0 -999999.0 -999999.0 -999999.0 -999999.0 -999999.0 -999999.0 -999999.0 -999999.0
66.58441 109.3053 142.91682 167.91933 187.0466 206.84352 251.92105 252.3219 236.42667 237.42122 267.14874 303.91943 300.2138 290.42395 281.5901 273.42844 252.22978 229.71187 223.03827 206.39355 176.28076 160.86473 142.09737 144.43059 142.13509 142.08714 168.17877 174.3006 161.9699 136.97261 100.33914 72.16565 54.646584 37.642826 31.173233 29.247265 27.667284 27.323519 14.088935 -999999.0 -999999.0 -999999.0 -999999.0 -999999.0 -999999.0 12.454151 1.4264059 -999999.0 -999999.0 -999999.0 -999999.0 -999999.0 -999999.0 -999999.0 -999999.0 -999999.0 -999999.0 -999999.0 -999999.0 -999999.0 -999999.0
77.08732 105.322075 128.80801 154.57625 177.29225 209.80414 228.75882 247.09767 226.53822 222.12456 242.8719 267.01834 303.55743 295.0616 280.45612 258.18488 227.34636 221.81157 201.66418 174.14214 154.60017 136.68077 121.97387 139.07292 144.023 157.61913 199.55719 196.50095 183.88945 181.88153 139.35089 96.98337 67.87599 47.423023 28.81947 14.976776 5.3067904 -999999.0 -999999.0 -999999.0 -999999.0 -999999.0 -999999.0 -999999.0 1.2310776 14.325125 -999999.0 -999999.0 -999999.0 -999999.0 -999999.0 -999999.0 -999999.0 -999999.0 -999999.0 -999999.0 -999999.0 -999999.0 -999999.0 -999999.0 -999999.0
76.53645 94.589485 114.37252 149.97452 177.36058 204.50499 214.27832 222.01106 218.23576 228.08969 238.7439 256.54434 296.05698 284.98242 255.72911 229.12573 194.91129 206.15015 173.21501 152.33327 142.75233 115.56914 102.33912 133.9199 151.79951 172.60065 198.43463 174.54306 183.31929 196.3354 171.04498 114.70568 81.034744 51.166874 20.945923 0.80397743 -999999.0 -999999.0 -999999.0 -999999.0 -999999.0 -999999.0 -999999.0 4.568995 11.4686775 22.148842 -999999.0 -999999.0 -999999.0 -999999.0 -999999.0 -999999.0 -999999.0 -999999.0 -999999.0 -999999.0 -999999.0 -999999.0 -999999.0 -999999.0 -999999.0
