data/TNO-HT-ATES/HT-ATES_msz3/msz3__power_P50_basecase_80-45-40.asc
ncols  140
nrows  163
xllcorner  0.0
yllcorner  300000.0
cellsize  2000.0
NODATA_value  -999999.0
[rows 54 to 80 of 163, columns 62 to 123 of 140]
1.2533275 1.6087834 2.2502508 2.7339904 2.9259586 3.1577635 3.2021434 3.3249066 3.6511993 3.995295 4.314928 4.3925443 4.0851054 3.669823 3.4096797 3.28975 2.9645321 2.2544637 1.9657899 2.1504152 2.1189163 1.9277406 2.0531135 2.3864112 2.62517 2.786251 3.2789893 3.5960183 3.497699 2.9985578 1.982458 1.3425995 0.5668491 0.0 -999999.0 -999999.0 -999999.0 -999999.0 -999999.0 -999999.0 0.0 0.0 0.0 0.0 0.0 -999999.0 -999999.0 -999999.0 -999999.0 -999999.0 -999999.0 -999999.0 -999999.0 -999999.0 -999999.0 -999999.0 -999999.0 -999999.0 -999999.0 -999999.0 -999999.0 -999999.0
1.7985269 1.7640712 2.34221 2.7016134 2.7264273 2.9168093 3.177605 3.3216872 3.6780872 3.8483474 4.0210996 4.0766215 3.802274 3.4431412 3.1644645 2.8491473 2.6349564 1.9580084 1.8287847 2.180624 2.2681031 2.1956859 2.218744 2.4725232 2.6292264 3.0671062 3.7871466 3.9429953 3.6413631 3.1599422 2.0007775 1.3060385 0.0 -999999.0 -999999.0 -999999.0 -999999.0 -999999.0 -999999.0 -999999.0 -999999.0 -999999.0 -999999.0 -999999.0 0.0 -999999.0 -999999.0 -999999.0 -999999.0 -999999.0 -999999.0 -999999.0 -999999.0 -999999.0 -999999.0 -999999.0 -999999.0 -999999.0 -999999.0 -999999.0 -999999.0 -999999.0
1.4509084 1.8060822 2.2893832 2.674451 2.6681714 2.7757165 2.9257562 3.1663532 3.680021 3.7871454 3.9664495 3.8197155 3.482568 3.1783786 2.9668934 2.8024354 2.4564757 1.9667134 1.8625576 2.0870361 2.4755495 2.353777 2.391361 2.5647488 2.638188 2.781387 3.5018368 4.1463966 4.240166 3.7451496 1.8285621 1.0075754 0.0 0.0 -999999.0 -999999.0 -999999.0 -999999.0 -999999.0 -999999.0 -999999.0 -999999.0 -999999.0 -999999.0 0.0 -999999.0 -999999.0 -999999.0 -999999.0 -999999.0 -999999.0 -999999.0 -999999.0 -999999.0 -999999.0 -999999.0 -999999.0 -999999.0 -999999.0 -999999.0 -999999.0 -999999.0
1.1762495 1.5470754 1.986465 2.2722528 2.5351472 2.65519 2.642257 2.8290446 3.5091267 3.8337243 3.9893167 3.6437185 3.4121628 3.1554358 2.8748767 2.5649776 2.107327 1.5260875 1.634543 2.131887 2.21665 2.2714803 2.583573 2.6740818 2.7437775 3.0791478 3.3263276 4.8094873 4.953886 4.3220015 1.9198438 0.9770304 0.5212771 0.0 0.0 -999999.0 -999999.0 -999999.0 -999999.0 -999999.0 -999999.0 -999999.0 -999999.0 -999999.0 -999999.0 -999999.0 -999999.0 -999999.0 -999999.0 -999999.0 -999999.0 -999999.0 -999999.0 -999999.0 -999999.0 -999999.0 -999999.0 -999999.0 -999999.0 -999999.0 -999999.0 -999999.0
0.96508276 1.237836 1.53089 1.8950093 2.2761889 2.595762 2.4005375 2.3275108 2.9978242 3.6231182 3.6806805 3.4033556 3.3693268 3.0159795 2.4565823 2.2869487 1.5161602 1.1147888 1.5155152 2.034586 2.2496345 2.325463 2.679548 2.772452 2.9718022 3.3819609 4.677151 5.316359 4.807359 4.094691 2.3755352 1.4332311 0.9791792 0.88748884 0.92242694 0.59574455 0.0 -999999.0 -999999.0 -999999.0 -999999.0 -999999.0 -999999.0 -999999.0 -999999.0 -999999.0 -999999.0 -999999.0 -999999.0 -999999.0 -999999.0 -999999.0 -999999.0 -999999.0 -999999.0 -999999.0 -999999.0 -999999.0 -999999.0 -999999.0 -999999.0 -999999.0
0.8910213 1.1199577 1.2706386 1.7336035 2.0099666 2.5845327 2.3058043 2.1538634 2.51478 3.200816 3.0439374 2.9160857 2.8517346 2.5868022 2.1811597 2.2260597 1.3439362 1.1955241 1.4786608 1.6920229 2.1144636 2.3422399 2.848363 3.0737522 3.2959442 3.555906 5.2145996 5.677039 4.932767 3.9954758 2.7281864 1.7056363 1.8615681 1.5669551 1.6486764 1.6823958 1.1949282 0.7647047 -999999.0 -999999.0 -999999.0 -999999.0 -999999.0 -999999.0 -999999.0 -999999.0 -999999.0 -999999.0 -999999.0 -999999.0 -999999.0 -999999.0 -999999.0 -999999.0 -999999.0 -999999.0 -999999.0 -999999.0 -999999.0 -999999.0 -999999.0 -999999.0
0.93184984 1.1998122 0.90452665 2.1402633 2.058807 2.4119008 2.3520455 2.5431523 2.7020314 2.7767375 2.881262 2.7076745 2.3884969 2.2457159 2.4477158 2.7235155 1.9929955 1.6792861 1.6112514 1.5046268 1.888917 2.2707057 2.878863 3.2920463 3.864047 3.906714 5.2615004 5.837371 5.573764 4.7340164 4.0803194 3.1641116 2.726119 2.4613705 2.3913329 2.3658855 1.8080435 1.1565824 0.599646 0.0 0.5355307 -999999.0 -999999.0 -999999.0 -999999.0 -999999.0 -999999.0 -999999.0 -999999.0 -999999.0 -999999.0 -999999.0 -999999.0 -999999.0 -999999.0 -999999.0 -999999.0 -999999.0 -999999.0 -999999.0 -999999.0 -999999.0
1.0133837 1.2479917 1.4791653 2.2806697 1.9681711 2.2532237 2.3365479 2.6051722 2.641843 2.6521006 2.4862707 2.528238 2.3050303 2.256031 2.2938063 2.0806065 2.1624868 2.0910814 1.8227453 1.5656749 1.8500816 2.304039 2.4543667 3.2555547 3.9066086 4.2818003 5.591397 6.760337 6.219785 5.834126 5.075632 4.536429 3.9689672 3.0782597 2.3349857 2.9237218 2.0476706 1.0931343 1.0955898 1.7462637 2.1062376 0.0 -999999.0 -999999.0 -999999.0 -999999.0 -999999.0 -999999.0 -999999.0 -999999.0 -999999.0 -999999.0 -999999.0 -999999.0 -999999.0 -999999.0 -999999.0 -999999.0 -999999.0 -999999.0 -999999.0 -999999.0
1.1595435 1.2558488 1.3614625 1.435273 1.7601073 1.9607598 2.2289689 2.6010358 2.618766 2.5388439 2.5615633 2.6070457 2.733085 2.549553 1.9329231 1.8075302 1.9000094 2.0877829 1.9735961 1.7876732 1.9653497 2.2434516 2.5882652 2.7276573 2.9861984 4.5277786 5.7067003 7.2331924 7.1007166 6.187319 5.882981 5.019583 4.4636374 3.4396224 2.631074 3.4794328 2.0883312 0.80500025 0.7639462 1.7615353 1.0651063 0.0 -999999.0 -999999.0 -999999.0 -999999.0 -999999.0 -999999.0 -999999.0 -999999.0 -999999.0 -999999.0 -999999.0 -999999.0 -999999.0 -999999.0 -999999.0 -999999.0 -999999.0 -999999.0 -999999.0 -999999.0
1.2967513 1.2250104 1.2082715 1.4172509 1.7319877 1.7517145 1.9642782 2.595553 2.6990469 2.431705 2.651562 2.814645 2.5228984 2.256951 1.8862677 2.0890105 2.1639185 2.2842565 2.2378306 2.0650434 2.0115802 1.9965122 2.3899562 2.4059298 2.5732555 2.7261033 3.1924171 3.3094625 7.1479917 5.9069653 5.490907 3.9948514 4.9053125 3.679534 2.396533 3.0082917 1.3802211 0.9735339 1.2709768 1.3828863 0.0 -999999.0 -999999.0 -999999.0 -999999.0 -999999.0 -999999.0 -999999.0 -999999.0 -999999.0 -999999.0 -999999.0 -999999.0 -999999.0 -999999.0 -999999.0 -999999.0 -999999.0 -999999.0 -999999.0 -999999.0 -999999.0
1.4029545 1.115811 1.0241761 1.3202664 1.7593759 1.7091106 1.9832729 2.5215428 2.7560904 2.5684285 2.574384 2.6798875 2.3451831 1.9807719 2.196601 2.4944577 2.7110593 2.7052405 2.6469522 2.476674 2.2511768 2.1919427 2.0204859 1.9097339 2.0380363 2.0026584 3.3467536 3.3490825 3.507549 4.393867 3.863789 5.0618706 4.5473104 3.840243 3.0373776 2.8679461 1.6532916 1.0405947 1.3669928 0.5867088 0.0 -999999.0 -999999.0 -999999.0 -999999.0 -999999.0 -999999.0 -999999.0 -999999.0 -999999.0 -999999.0 -999999.0 -999999.0 -999999.0 -999999.0 -999999.0 -999999.0 -999999.0 -999999.0 -999999.0 -999999.0 -999999.0
1.4561135 1.0802737 1.0309803 1.2945923 1.7245324 1.8829445 2.1936507 2.5222661 2.8335361 3.162236 3.3592777 2.6799393 2.477203 2.3245692 2.623981 2.990568 3.0295858 3.1545317 3.12725 3.0483139 2.949982 2.6115375 1.9749472 1.6056619 1.6551294 2.5678039 3.8216598 4.1588564 4.246363 4.142845 3.377861 4.4855986 3.4833968 3.1839373 3.8951623 3.932401 2.0281932 0.9892985 0.0 0.0 -999999.0 -999999.0 -999999.0 -999999.0 -999999.0 -999999.0 -999999.0 -999999.0 -999999.0 -999999.0 -999999.0 -999999.0 -999999.0 -999999.0 -999999.0 -999999.0 -999999.0 -999999.0 -999999.0 -999999.0 -999999.0 -999999.0
1.5294771 1.3492856 1.2113291 1.3661362 1.7492526 1.9455863 2.3453674 2.5306554 2.7356977 2.6753893 2.865605 2.885071 3.0664136 3.266499 3.7238238 3.9466581 3.9524765 3.7148862 3.715501 3.8072379 3.692175 3.1646843 2.1949084 1.6130201 1.8504837 3.1006334 5.0557117 4.1659107 4.024769 4.1393166 3.3449094 3.6573236 3.1976407 2.6155493 2.690003 3.1184707 1.8289464 0.0 0.0 -999999.0 -999999.0 0.0 0.0 0.0 -999999.0 -999999.0 -999999.0 -999999.0 -999999.0 -999999.0 -999999.0 -999999.0 -999999.0 -999999.0 -999999.0 -999999.0 -999999.0 -999999.0 -999999.0 -999999.0 -999999.0 -999999.0
1.7861601 1.5993246 1.4876329 1.5775979 1.8254082 1.9147927 2.1070652 2.3129704 2.5431633 2.4636164 2.6882615 3.0823753 3.3886104 3.626694 3.9945574 4.4562407 4.107866 3.3150234 3.381899 3.9569774 3.9596155 3.5245533 2.7215211 2.1679485 2.002671 3.9029582 5.1788955 5.100962 4.4367824 4.3141966 3.0257585 2.4861555 2.9026928 2.4459949 1.4174587 1.1357223 0.818188 -999999.0 -999999.0 -999999.0 -999999.0 0.0 0.0 0.0 0.0 -999999.0 -999999.0 -999999.0 -999999.0 -999999.0 -999999.0 -999999.0 -999999.0 -999999.0 -999999.0 -999999.0 -999999.0 -999999.0 -999999.0 -999999.0 -999999.0 -999999.0
1.8951676 1.7456559 1.6880907 1.7652308 1.7926922 1.7960584 1.9410454 2.146795 2.4194553 2.5493643 2.6863363 3.2180781 3.4801543 3.613695 4.0767074 4.398286 3.7490783 2.661862 2.4963558 2.8989172 2.988496 3.2759242 3.1580245 3.1679015 3.3850055 3.9888113 4.4731474 4.8956156 4.4101105 3.9613664 2.5684886 1.9648906 2.766351 3.4200606 1.3439636 -999999.0 -999999.0 -999999.0 -999999.0 -999999.0 0.0 0.0 0.0 0.0 0.0 -999999.0 -999999.0 -999999.0 -999999.0 -999999.0 -999999.0 -999999.0 -999999.0 -999999.0 -999999.0 -999999.0 -999999.0 -999999.0 -999999.0 -999999.0 -999999.0 -999999.0
1.9388994 1.8298917 1.7760334 1.7150117 1.6156008 1.6304414 1.7870624 2.0155432 2.2655787 2.397944 2.5916646 3.0292575 3.1825209 3.0989678 3.4511943 3.8966205 3.4019375 2.7241514 2.1293163 1.8342391 1.5248393 1.968667 2.81421 3.708795 3.8631642 3.5200727 3.671014 4.1342316 4.053123 3.9779332 3.0606873 2.6005886 3.0248346 3.2824113 1.6167845 0.0 -999999.0 -999999.0 -999999.0 0.0 0.0 0.0 0.0 0.0 0.0 -999999.0 -999999.0 -999999.0 -999999.0 -999999.0 -999999.0 -999999.0 -999999.0 -999999.0 -999999.0 -999999.0 -999999.0 -999999.0 -999999.0 -999999.0 -999999.0 -999999.0
1.9277823 1.8328233 1.7427003 1.6238914 1.5377518 1.6183156 1.6496527 1.7657588 2.124174 2.5059142 2.7040608 2.9289238 2.9265108 2.7377164 2.167535 2.5182948 2.5497844 2.0242975 1.4417574 0.7985443 0.58393836 1.5799279 3.11316 3.6927323 3.6886911 3.3211865 2.9003608 3.804005 4.268376 4.0607185 3.128926 3.0611165 3.246336 2.9229429 2.06982 2.1313732 1.1758096 0.0 -999999.0 0.0 0.55622125 0.0 0.0 0.0 -999999.0 -999999.0 -999999.0 -999999.0 -999999.0 -999999.0 -999999.0 -999999.0 -999999.0 -999999.0 -999999.0 -999999.0 -999999.0 -999999.0 -999999.0 -999999.0 -999999.0 -999999.0
1.9644254 1.8546357 1.7253884 1.7148703 1.6141804 1.4770765 1.6765796 1.8167664 2.1107614 2.4312763 2.179333 2.782679 2.8386388 2.2738564 1.6680957 1.4064146 1.0838342 0.90513927 0.6137906 0.0 0.0 1.5780811 2.7397394 3.5831132 3.2473931 2.8994184 2.2231233 2.5144527 3.1738367 3.570069 3.6188366 3.425399 3.7181604 3.1815166 3.051315 3.1879065 2.2386925 2.0260663 2.561995 1.6431793 0.7610689 0.0 0.0 -999999.0 -999999.0 -999999.0 -999999.0 -999999.0 -999999.0 -999999.0 -999999.0 -999999.0 -999999.0 -999999.0 -999999.0 -999999.0 -999999.0 -999999.0 -999999.0 -999999.0 -999999.0 -999999.0
1.9618666 1.8687928 1.7162763 1.6339446 1.7101067 1.6519529 1.79868 1.9294376 1.4636725 1.0389833 1.9206636 2.5325646 2.945647 2.2964478 1.5841281 0.88307714 0.0 0.0 0.63342774 0.6872248 0.9997375 2.319531 2.7377136 3.1010025 2.9503539 2.1274934 1.9525385 2.4717703 2.7040672 3.302336 3.6443079 3.1986606 3.2235873 3.2683134 3.507056 3.571912 3.012807 3.037857 2.5697896 1.821804 1.352533 1.1641523 0.0 -999999.0 -999999.0 -999999.0 -999999.0 -999999.0 -999999.0 -999999.0 -999999.0 -999999.0 -999999.0 -999999.0 -999999.0 -999999.0 -999999.0 -999999.0 -999999.0 -999999.0 -999999.0 -999999.0
1.9600472 1.8795601 1.8471378 1.6875896 2.2349772 1.8903191 1.1798117 0.8270513 0.0 0.0 1.4418018 1.9710672 2.128675 1.6311004 0.8857184 0.0 0.0 0.6935274 1.0733348 1.3186212 1.0694059 1.4884523 2.373711 2.8340514 2.4632058 1.8116372 1.8343287 2.4095404 2.937218 3.4765747 3.4732046 3.2529104 3.0729454 3.368801 3.1193657 3.486127 3.464766 2.6056573 2.0590348 2.214424 1.7099282 0.8260805 0.0 0.0 -999999.0 -999999.0 -999999.0 -999999.0 -999999.0 -999999.0 -999999.0 -999999.0 -999999.0 -999999.0 -999999.0 -999999.0 -999999.0 -999999.0 -999999.0 -999999.0 -999999.0 -999999.0
1.7170844 1.7791287 1.7200987 1.496029 1.8276168 1.9338357 0.0 0.0 0.0 1.1968596 1.1503458 1.2896547 1.6852255 1.210382 0.0 -999999.0 0.0 1.1391281 1.228782 0.9765422 1.0861362 1.524915 1.9906099 2.4019403 1.8888148 1.1297647 1.4568025 2.203706 2.814695 3.483152 3.4560797 3.502962 3.3688803 3.1274302 2.8238459 3.6148312 3.1039743 2.2184687 1.9035611 2.0543823 1.2667178 0.904486 0.0 0.0 0.0 -999999.0 -999999.0 -999999.0 -999999.0 -999999.0 -999999.0 -999999.0 -999999.0 -999999.0 -999999.0 -999999.0 -999999.0 -999999.0 -999999.0 -999999.0 -999999.0 -999999.0
1.1946872 1.3936276 1.444761 1.0630589 0.0 0.0 0.0 0.68918896 1.3047833 2.0608368 1.9196218 1.6960214 2.0274274 1.8485656 0.0 0.5852511 1.0826249 1.5489239 1.111722 0.73098713 0.90220517 1.0620348 1.5901489 1.6476942 0.8624888 0.0 0.539226 1.6499982 2.5647519 3.0179374 2.8716824 3.149709 3.153167 3.3651862 2.9873161 3.3356276 2.6547804 1.5994235 1.2436035 1.2601117 1.2530667 0.0 0.0 0.0 0.0 0.0 -999999.0 -999999.0 -999999.0 -999999.0 -999999.0 -999999.0 -999999.0 -999999.0 -999999.0 -999999.0 -999999.0 -999999.0 -999999.0 -999999.0 -999999.0 -999999.0
1.0602401 1.2230343 1.2357858 1.1333834 0.9113951 0.0 0.9638009 1.9446254 3.149558 3.318362 1.7697798 1.5413929 1.7171052 1.6715622 1.1263167 0.93269324 1.1456201 1.0384994 0.7416319 0.6233852 0.8868731 1.189491 1.2806973 1.2536082 0.0 -999999.0 0.0 0.9427371 1.8147877 1.9499869 2.533337 2.197697 1.393978 2.3060768 2.702521 2.8672643 1.9815919 0.97924507 0.7419815 0.9765865 1.782047 0.68712413 0.0 0.0 -999999.0 -999999.0 -999999.0 -999999.0 -999999.0 -999999.0 -999999.0 -999999.0 -999999.0 -999999.0 -999999.0 -999999.0 -999999.0 -999999.0 -999999.0 -999999.0 -999999.0 -999999.0
1.1977341 1.3754791 1.4500483 1.5342978 1.3086811 0.63094294 1.1496384 2.2769144 3.1586225 3.3914282 1.7936966 1.5862796 1.4892236 1.5354433 1.2137313 0.74617594 0.7130593 0.7331223 0.6147851 0.0 0.8121611 1.295906 1.5071033 1.6176376 1.0365334 0.0 0.6864511 1.3281268 2.732078 3.5683587 3.2216575 1.9281591 1.0499909 2.6167276 3.80586 1.6967672 0.83094376 1.0397105 0.96087873 1.0512923 1.528699 0.8142795 0.0 -999999.0 -999999.0 -999999.0 -999999.0 -999999.0 -999999.0 -999999.0 -999999.0 -999999.0 -999999.0 -999999.0 -999999.0 -999999.0 -999999.0 -999999.0 -999999.0 -999999.0 -999999.0 -999999.0
1.4046108 1.4723763 1.465313 1.3951782 1.2372606 0.0 0.846034 1.8778319 2.0606544 2.079234 1.3394046 0.8988053 1.0361366 1.335279 1.3252326 0.84058166 0.0 0.0 0.0 0.0 0.68821347 1.1878697 1.7479862 1.9408333 1.8252193 1.5717156 1.5667951 2.2902172 4.0934815 5.854606 4.8617387 3.6536367 3.3973868 3.308192 3.8025568 2.0236924 1.3008305 1.4486232 1.2600085 0.88090783 0.8392538 0.0 0.0 0.0 -999999.0 -999999.0 -999999.0 -999999.0 -999999.0 -999999.0 -999999.0 -999999.0 -999999.0 -999999.0 -999999.0 -999999.0 -999999.0 -999999.0 -999999.0 -999999.0 -999999.0 -999999.0
1.5237958 1.7517439 1.7600012 1.5687205 1.2608672 1.4152325 1.1385392 2.0636601 1.7306244 1.6144564 1.0335339 0.6419992 0.5931844 0.73272425 0.8648194 0.0 -999999.0 -999999.0 -999999.0 0.0 0.68875253 1.016329 1.4534956 1.5231135 1.7353362 1.9240447 1.8629767 3.2423825 5.6474996 7.1929646 4.9957585 4.3007517 4.487357 3.7912197 3.3305266 2.6625893 2.4531903 2.2986214 1.7520139 0.8305952 0.7502468 0.0 0.0 0.0 0.0 -999999.0 -999999.0 -999999.0 -999999.0 -999999.0 -999999.0 -999999.0 -999999.0 -999999.0 -999999.0 -999999.0 -999999.0 -999999.0 -999999.0 -999999.0 -999999.0 -999999.0
1.6173784 1.8678416 2.081696 2.067429 1.2932832 0.9885556 1.653687 2.4436238 1.8884571 1.2069284 0.0 0.0 -999999.0 0.0 0.0 -999999.0 -999999.0 -999999.0 -999999.0 -999999.0 0.71625596 0.71386415 1.0558045 1.2100017 1.371819 1.4845495 1.299621 3.6229854 4.8803797 4.4552994 3.477532 3.2461884 3.2707517 3.1664276 2.7595303 2.3835576 2.28415 2.2787964 2.1348364 1.6373669 0.8466843 0.0 0.0 0.0 0.0 -999999.0 -999999.0 -999999.0 -999999.0 -999999.0 -999999.0 -999999.0 -999999.0 -999999.0 -999999.0 -999999.0 -999999.0 -999999.0 -999999.0 -999999.0 -999999.0 -999999.0
