data/TNO-HT-ATES/HT-ATES_msz3/msz3__flowr_sodm_P50_basecase_80-45-40.asc
ncols  140
nrows  163
xllcorner  0.0
yllcorner  300000.0
cellsize  2000.0
NODATA_value  -999999.0
[rows 27 to 53 of 163, columns 61 to 121 of 140]
451.69473 411.8917 376.65463 364.14288 339.56705 321.59924 312.7013 311.09686 306.7863 299.04074 290.5043 286.69656 308.64062 340.25937 368.75034 384.10504 382.8909 367.92224 423.6475 496.81235 557.59906 561.97314 506.79114 458.8939 424.43713 393.90384 361.8009 326.79883 303.5438 250.45314 203.92007 190.85495 128.54938 78.03158 65.67266 69.683205 37.27989 5.0828505 8.157165 37.764317 33.711987 4.382461 -999999.0 -999999.0 -999999.0 -999999.0 -999999.0 1.9286183 -999999.0 -999999.0 -999999.0 -999999.0 -999999.0 -999999.0 -999999.0 -999999.0 -999999.0 -999999.0 -999999.0 -999999.0 -999999.0
439.3363 393.48904 369.95853 340.711 310.38385 284.769 293.35947 277.8124 278.04446 266.01797 258.86337 279.67862 309.98886 354.27048 371.23068 359.87354 365.3888 368.12744 373.1186 457.3453 554.4657 553.3255 559.93475 539.11096 477.0261 427.57623 403.18246 347.53937 290.97867 237.23651 183.5946 133.58447 93.78835 53.52786 24.91259 10.926979 -999999.0 -999999.0 28.59364 67.03987 47.40748 12.78469 -999999.0 -999999.0 -999999.0 -999999.0 -999999.0 -999999.0 -999999.0 -999999.0 -999999.0 -999999.0 -999999.0 -999999.0 -999999.0 -999999.0 -999999.0 -999999.0 -999999.0 -999999.0 -999999.0
421.69727 372.55374 348.1642 319.22824 288.90436 269.2356 252.13342 244.433 233.12915 226.13452 223.02362 245.67737 330.63797 345.81174 355.6951 359.67297 348.19003 351.93787 301.97638 426.9639 569.75726 607.3773 607.12646 593.3874 541.6937 499.12378 432.50186 347.7499 276.53397 196.58736 97.49381 16.150478 14.914449 2.0589404 -999999.0 -999999.0 -999999.0 -999999.0 60.72214 87.24316 41.068623 12.556678 3.8790417 -999999.0 -999999.0 -999999.0 -999999.0 -999999.0 -999999.0 -999999.0 -999999.0 1.3788413 -999999.0 -999999.0 -999999.0 -999999.0 -999999.0 -999999.0 -999999.0 -999999.0 -999999.0
371.85513 372.10516 323.06683 294.6572 275.33203 240.4077 218.46169 213.24886 202.40428 199.12456 202.99239 244.98738 279.99673 307.3755 320.99792 359.41507 386.5955 357.8071 344.3088 424.51157 566.54956 625.0907 639.18665 629.89404 603.8654 520.53394 407.32492 308.09918 217.19975 132.98822 26.342241 -999999.0 -999999.0 -999999.0 -999999.0 -999999.0 -999999.0 -999999.0 23.455088 45.336143 24.026522 7.764863 4.584431 2.7150753 3.6412468 5.530642 7.7422137 18.86287 -999999.0 -999999.0 -999999.0 -999999.0 -999999.0 -999999.0 -999999.0 -999999.0 -999999.0 -999999.0 -999999.0 -999999.0 -999999.0
357.64844 328.03867 308.26993 279.79547 243.44725 221.23459 190.56572 182.43999 189.50317 190.86249 191.7406 207.73534 245.45927 282.0975 310.4926 358.0342 373.31223 365.75873 364.1064 436.97467 542.9287 665.75385 707.5977 709.9012 660.8792 523.51074 405.66678 295.93433 173.39539 61.154335 -999999.0 -999999.0 -999999.0 -999999.0 -999999.0 -999999.0 -999999.0 -999999.0 -999999.0 11.818048 7.3273416 4.826031 -999999.0 1.8936584 7.9535236 17.080647 34.28259 41.589607 13.366462 -999999.0 14.194021 -999999.0 4.977307 -999999.0 -999999.0 -999999.0 -999999.0 -999999.0 -999999.0 -999999.0 -999999.0
343.29797 297.257 276.30487 258.3782 233.4868 197.51677 166.16403 168.38329 172.26314 170.2928 166.1291 175.30351 217.23068 262.06165 286.176 327.53918 356.32483 362.2483 368.0589 461.52618 518.1633 669.8702 729.772 742.0233 660.9664 512.7881 392.5224 275.07373 129.95427 7.2280984 -999999.0 -999999.0 -999999.0 -999999.0 -999999.0 -999999.0 -999999.0 -999999.0 -999999.0 -999999.0 -999999.0 -999999.0 -999999.0 -999999.0 9.401491 19.097979 29.045479 35.074463 31.02488 -999999.0 -999999.0 -999999.0 -999999.0 -999999.0 -999999.0 -999999.0 -999999.0 -999999.0 -999999.0 -999999.0 -999999.0
337.36127 288.7398 263.75653 239.00203 218.30208 184.89162 158.26875 144.07475 151.9379 144.26146 119.31411 158.36217 199.64375 224.49251 254.30591 300.35376 345.32632 367.65887 406.79877 471.04352 533.9179 643.8172 684.2674 669.2005 605.9567 489.13245 389.41602 240.41443 105.14809 -999999.0 -999999.0 -999999.0 -999999.0 -999999.0 -999999.0 -999999.0 -999999.0 -999999.0 -999999.0 -999999.0 -999999.0 -999999.0 -999999.0 -999999.0 6.111513 15.5412655 16.858358 12.100196 9.591097 -999999.0 -999999.0 -999999.0 -999999.0 -999999.0 -999999.0 -999999.0 -999999.0 -999999.0 -999999.0 -999999.0 -999999.0
318.2139 285.84335 248.54018 216.54614 191.54427 168.93626 149.20845 124.08605 135.78893 146.73715 138.63774 159.2953 199.03723 212.9517 231.07379 266.1305 308.5444 379.5788 425.54898 471.35556 537.6913 612.5206 617.6282 591.8573 540.4189 440.9848 353.382 224.65533 77.97214 -999999.0 -999999.0 -999999.0 -999999.0 -999999.0 -999999.0 -999999.0 -999999.0 -999999.0 -999999.0 -999999.0 -999999.0 -999999.0 -999999.0 -999999.0 -999999.0 13.778354 14.402876 3.4053285 -999999.0 -999999.0 -999999.0 -999999.0 -999999.0 -999999.0 -999999.0 -999999.0 -999999.0 -999999.0 -999999.0 -999999.0 -999999.0
290.39465 265.60458 232.54526 201.83977 158.92876 137.59491 142.45177 121.9372 148.04912 162.2209 156.90285 151.7209 189.59961 206.24643 235.49916 270.75323 323.8502 374.78555 436.0343 492.26462 516.272 556.112 559.0919 509.9095 446.1557 395.2659 283.1877 161.66731 39.025055 -999999.0 -999999.0 -999999.0 -999999.0 -999999.0 -999999.0 -999999.0 -999999.0 -999999.0 -999999.0 -999999.0 -999999.0 -999999.0 -999999.0 -999999.0 -999999.0 12.625502 17.511038 -999999.0 -999999.0 -999999.0 -999999.0 -999999.0 -999999.0 -999999.0 -999999.0 -999999.0 -999999.0 -999999.0 -999999.0 -999999.0 -999999.0
275.2621 249.88425 221.44745 188.75702 156.1969 127.3566 120.77556 124.52514 152.79066 180.10684 171.88068 162.74103 180.95757 229.4016 253.80788 260.20264 299.1807 363.2625 400.34628 458.06015 465.39377 515.22235 531.7712 473.89328 410.36673 317.28146 206.75327 98.08792 4.653699 -999999.0 -999999.0 -999999.0 -999999.0 -999999.0 29.083117 44.734753 20.135994 -999999.0 -999999.0 -999999.0 -999999.0 -999999.0 -999999.0 -999999.0 -999999.0 11.605816 16.630892 -999999.0 -999999.0 -999999.0 -999999.0 -999999.0 -999999.0 -999999.0 -999999.0 -999999.0 -999999.0 -999999.0 -999999.0 -999999.0 -999999.0
259.50412 228.81093 200.94054 169.81245 141.75911 120.65045 108.775475 115.5181 180.40596 221.18227 205.05615 187.47166 205.97626 245.31213 255.29039 252.66658 277.79614 317.20093 351.34793 388.5685 418.6834 427.8533 433.70633 413.83627 321.55795 224.7392 127.52078 43.00476 -999999.0 -999999.0 -999999.0 -999999.0 -999999.0 -999999.0 60.661674 75.29253 27.432726 -999999.0 -999999.0 -999999.0 -999999.0 -999999.0 -999999.0 -999999.0 -999999.0 10.89114 19.548553 -999999.0 -999999.0 -999999.0 -999999.0 -999999.0 8.164426 29.827934 -999999.0 -999999.0 -999999.0 -999999.0 -999999.0 -999999.0 -999999.0
242.29198 223.95265 200.38458 169.85434 136.75368 117.3184 117.47958 120.92537 186.38933 231.81622 234.76163 228.15318 247.37582 279.74463 292.91724 291.7627 290.91415 303.00095 330.7571 353.76587 360.8621 353.2469 358.9846 326.18668 267.47488 163.3946 65.25973 13.737073 -999999.0 -999999.0 -999999.0 -999999.0 -999999.0 -999999.0 44.087784 48.50075 2.9919658 -999999.0 -999999.0 -999999.0 -999999.0 -999999.0 -999999.0 -999999.0 -999999.0 1.559965 -999999.0 -999999.0 -999999.0 -999999.0 -999999.0 -999999.0 27.124668 22.919165 -999999.0 -999999.0 -999999.0 -999999.0 -999999.0 -999999.0 -999999.0
217.59596 220.46858 215.0178 173.00781 140.07823 118.98199 136.58414 147.58861 185.23367 222.50694 256.61548 277.60025 292.58533 323.88947 360.99106 330.0501 286.95807 285.92957 284.42313 301.59964 289.82663 312.28598 264.77774 242.54935 215.52502 133.43178 50.743073 4.533528 -999999.0 -999999.0 -999999.0 -999999.0 -999999.0 -999999.0 -999999.0 -999999.0 -999999.0 -999999.0 -999999.0 -999999.0 -999999.0 -999999.0 -999999.0 -999999.0 -999999.0 -999999.0 -999999.0 -999999.0 -999999.0 -999999.0 -999999.0 -999999.0 -999999.0 -999999.0 -999999.0 -999999.0 -999999.0 -999999.0 -999999.0 -999999.0 -999999.0
186.20276 191.76027 193.32191 169.46922 149.32285 140.34174 150.74297 133.04471 160.06845 198.48521 228.83173 270.63474 300.83774 335.47095 341.96924 317.50803 272.39197 246.94667 251.10298 264.48053 274.10388 306.79242 265.36215 215.8013 182.73242 124.44812 58.39326 11.382267 -999999.0 -999999.0 -999999.0 -999999.0 -999999.0 -999999.0 -999999.0 -999999.0 -999999.0 -999999.0 -999999.0 -999999.0 -999999.0 -999999.0 -999999.0 -999999.0 -999999.0 -999999.0 -999999.0 -999999.0 -999999.0 15.693889 -999999.0 -999999.0 -999999.0 -999999.0 -999999.0 -999999.0 -999999.0 -999999.0 -999999.0 -999999.0 -999999.0
154.48956 161.09135 168.26024 163.57944 162.2944 171.24825 163.18124 153.667 143.69373 178.20335 231.12827 241.64677 284.83124 322.4549 332.82556 305.4279 268.43637 220.27899 230.41 256.4338 297.311 278.51364 252.86983 223.11198 186.95213 116.18653 60.190453 5.8456893 -999999.0 -999999.0 -999999.0 -999999.0 -999999.0 -999999.0 -999999.0 -999999.0 -999999.0 -999999.0 -999999.0 -999999.0 -999999.0 -999999.0 -999999.0 -999999.0 -999999.0 -999999.0 -999999.0 -999999.0 16.977058 -999999.0 -999999.0 -999999.0 -999999.0 -999999.0 -999999.0 -999999.0 -999999.0 -999999.0 -999999.0 -999999.0 -999999.0
133.8841 138.83893 159.85956 176.14876 186.15196 194.72842 177.97868 159.96451 142.77956 180.09709 231.2137 226.86234 262.71875 290.523 321.34198 337.67157 293.64215 219.69292 238.62221 265.35333 306.98483 300.50446 283.74594 249.81549 192.80284 104.258354 62.99356 18.548704 -999999.0 -999999.0 -999999.0 -999999.0 -999999.0 -999999.0 -999999.0 -999999.0 -999999.0 -999999.0 -999999.0 -999999.0 -999999.0 -999999.0 -999999.0 -999999.0 -999999.0 -999999.0 -999999.0 12.62281 49.688293 -999999.0 -999999.0 -999999.0 -999999.0 -999999.0 -999999.0 -999999.0 -999999.0 -999999.0 -999999.0 -999999.0 -999999.0
116.92656 130.43135 161.5353 189.58339 203.41394 200.21861 194.0056 191.9398 170.23093 206.70468 253.5332 239.76001 259.03934 273.06073 313.0282 367.44696 341.5482 296.4988 280.66428 274.74533 302.16916 364.64484 330.79672 256.62454 190.56624 102.42478 60.550915 37.800095 13.007368 -999999.0 -999999.0 -999999.0 -999999.0 -999999.0 -999999.0 -999999.0 -999999.0 -999999.0 -999999.0 -999999.0 -999999.0 -999999.0 -999999.0 -999999.0 1.1785089 4.1308713 2.322389 21.79817 -999999.0 -999999.0 -999999.0 -999999.0 -999999.0 -999999.0 -999999.0 -999999.0 -999999.0 -999999.0 -999999.0 -999999.0 -999999.0
104.763016 130.94896 164.90657 206.04085 219.48993 208.6316 216.20023 238.48674 219.04964 241.29549 289.36957 279.953 286.77515 307.12012 325.4163 358.33475 384.05692 370.53714 330.2838 300.1697 333.91113 414.96292 344.3475 247.33522 189.60565 113.509285 73.131584 52.21049 31.253922 5.370565 -999999.0 -999999.0 -999999.0 -999999.0 -999999.0 -999999.0 -999999.0 -999999.0 -999999.0 -999999.0 -999999.0 -999999.0 -999999.0 7.090128 1.3339119 2.997442 -999999.0 5.984053 -999999.0 -999999.0 -999999.0 -999999.0 -999999.0 -999999.0 -999999.0 -999999.0 -999999.0 -999999.0 -999999.0 -999999.0 -999999.0
98.436874 129.6812 164.05247 200.37206 224.98885 231.59846 230.37827 252.6407 255.97116 288.2755 307.437 339.857 339.602 326.61215 306.84985 294.93362 368.92206 452.03857 387.83417 362.50928 435.89886 382.837 318.2916 271.685 206.3131 137.87576 81.99765 56.805298 41.576107 16.314938 -999999.0 -999999.0 -999999.0 -999999.0 -999999.0 -999999.0 -999999.0 -999999.0 -999999.0 -999999.0 -999999.0 -999999.0 -999999.0 -999999.0 -999999.0 2.4836116 -999999.0 -999999.0 -999999.0 -999999.0 -999999.0 -999999.0 -999999.0 -999999.0 -999999.0 -999999.0 -999999.0 -999999.0 -999999.0 -999999.0 -999999.0
90.95142 123.581375 171.27985 206.7008 226.21031 248.14589 258.26572 271.13187 308.53317 352.7186 380.9647 364.61737 358.4082 305.40616 288.43097 319.79224 344.88626 454.3308 455.13104 439.13297 465.47037 398.07794 337.75034 292.29977 222.21289 151.6393 84.242386 71.86283 41.299805 18.684162 0.0 -999999.0 -999999.0 -999999.0 -999999.0 -999999.0 -999999.0 -999999.0 -999999.0 -999999.0 -999999.0 -999999.0 -999999.0 -999999.0 -999999.0 -999999.0 -999999.0 -999999.0 -999999.0 -999999.0 -999999.0 -999999.0 -999999.0 -999999.0 -999999.0 -999999.0 -999999.0 -999999.0 -999999.0 -999999.0 -999999.0
89.685524 122.39008 165.18932 216.68683 246.82932 267.09662 284.08765 299.51422 332.78598 380.90793 422.81146 385.67157 351.0615 299.58832 327.24152 373.40817 402.07462 500.7837 487.6183 449.96503 417.63794 370.5676 336.8807 301.54904 223.4909 136.53925 83.87545 72.627716 59.2382 28.623587 13.300391 -999999.0 -999999.0 -999999.0 -999999.0 -999999.0 -999999.0 -999999.0 -999999.0 -999999.0 -999999.0 -999999.0 -999999.0 -999999.0 -999999.0 -999999.0 1.8886302 -999999.0 -999999.0 -999999.0 -999999.0 -999999.0 -999999.0 -999999.0 -999999.0 -999999.0 -999999.0 -999999.0 -999999.0 -999999.0 -999999.0
96.12273 137.44945 186.07187 224.73425 258.04822 279.47748 296.76605 328.92197 350.84134 376.51318 394.0892 382.13995 378.65933 363.59662 378.54263 414.672 436.68823 508.95602 498.29504 421.32693 365.12283 326.37308 298.26718 266.73282 217.68698 140.12764 84.57988 94.6132 81.27963 63.206596 33.528854 5.678827 -999999.0 -999999.0 -999999.0 1.4724452 11.510373 16.652012 8.628907 -999999.0 -999999.0 -999999.0 -999999.0 -999999.0 -999999.0 -999999.0 6.5701475 -999999.0 -999999.0 -999999.0 -999999.0 -999999.0 -999999.0 -999999.0 -999999.0 -999999.0 -999999.0 -999999.0 -999999.0 -999999.0 -999999.0
102.398155 153.2686 222.71306 259.75687 285.94092 309.55997 324.32092 359.48868 378.07425 401.45193 429.81894 425.36865 409.1673 398.31122 418.12628 430.30835 429.36673 456.08337 453.50208 400.0052 319.9726 294.46823 250.43056 230.11539 225.24437 170.83356 118.81173 148.55345 135.52023 98.87491 60.822205 28.39549 10.053929 -999999.0 12.936575 25.569292 38.361504 39.533848 19.108496 2.5138035 -999999.0 -999999.0 -999999.0 -999999.0 -999999.0 14.71776 5.207718 -999999.0 -999999.0 -999999.0 -999999.0 -999999.0 -999999.0 -999999.0 -999999.0 -999999.0 -999999.0 -999999.0 -999999.0 -999999.0 -999999.0
98.807396 165.59752 229.8295 281.73492 298.9568 319.2278 333.09692 379.13324 386.01904 410.95193 466.60324 457.0587 424.52063 420.3092 409.15228 429.73157 423.1729 380.57053 392.2063 369.80762 312.89258 276.40146 235.68954 209.72498 244.05756 258.22903 185.11623 235.16919 201.59958 143.0681 94.655365 65.8012 54.47324 37.76411 33.68691 47.375736 71.91995 58.136272 26.606428 3.207029 -999999.0 -999999.0 -999999.0 -999999.0 -999999.0 17.911276 2.8767345 -999999.0 -999999.0 -999999.0 -999999.0 -999999.0 -999999.0 -999999.0 -999999.0 -999999.0 -999999.0 -999999.0 -999999.0 -999999.0 -999999.0
100.84455 165.4401 216.23404 254.04465 282.98712 312.92978 381.1367 381.80707 357.80496 359.34445 404.32648 459.96588 454.36172 439.59262 426.2472 413.91544 381.86252 347.78824 337.68994 312.51877 266.96323 243.63927 215.23601 218.77232 215.30144 215.24464 254.78008 264.08466 245.43512 207.5845 152.10368 109.431244 82.893456 57.128395 47.32505 44.408653 42.016125 41.496246 21.42406 -999999.0 -999999.0 -999999.0 -999999.0 -999999.0 -999999.0 18.942308 2.2051375 -999999.0 -999999.0 -999999.0 -999999.0 -999999.0 -999999.0 -999999.0 -999999.0 -999999.0 -999999.0 -999999.0 -999999.0 -999999.0 -999999.0
116.738106 159.42378 194.92451 233.89601 268.2547 317.42767 346.13235 373.93588 342.87906 336.2297 367.61163 404.16357 459.4422 446.62753 424.55652 390.8796 344.23508 335.8624 305.3631 263.7114 234.15039 207.03679 184.78548 210.67953 218.1765 238.77838 302.31738 297.72055 278.6559 275.64172 211.22707 147.04716 102.94763 71.95522 43.757935 22.7723 8.107172 -999999.0 -999999.0 -999999.0 -999999.0 -999999.0 -999999.0 -999999.0 1.9106492 21.781359 -999999.0 -999999.0 -999999.0 -999999.0 -999999.0 -999999.0 -999999.0 -999999.0 -999999.0 -999999.0 -999999.0 -999999.0 -999999.0 -999999.0 -999999.0
115.9181 143.19577 173.09967 226.94365 268.36636 309.43448 324.24225 335.98935 330.31943 345.2646 361.40588 388.35028 448.1277 431.38455 387.1576 346.92453 295.1573 312.16946 262.3172 230.71315 216.22368 175.08107 155.06297 202.89009 229.96591 261.4733 300.618 264.46146 277.79453 297.5529 259.26242 173.9099 122.892876 77.63143 31.822073 1.2581862 -999999.0 -999999.0 -999999.0 -999999.0 -999999.0 -999999.0 -999999.0 6.981608 17.448162 33.650192 -999999.0 -999999.0 -999999.0 -999999.0 -999999.0 -999999.0 -999999.0 -999999.0 -999999.0 -999999.0 -999999.0 -999999.0 -999999.0 -999999.0 -999999.0
