data/TNO-HT-ATES/HT-ATES_msz3/msz3__temperature_basecase_80-45-40.asc
ncols  140
nrows  163
xllcorner  0.0
yllcorner  300000.0
cellsize  2000.0
NODATA_value  -999999.0
[rows 26 to 51 of 163, columns 60 to 119 of 140]
21.603577 21.966106 22.291628 22.405907 22.469183 22.435297 22.468988 22.526028 22.550737 22.476913 22.446943 22.298573 22.171036 22.385857 22.597813 22.62478 22.573156 22.409182 22.066343 21.785412 21.560667 21.498188 21.386974 21.267437 21.2369 21.384459 21.448442 21.3941 21.200838 21.074137 20.928915 20.79614 20.774023 20.630411 20.30314 20.033077 19.777712 19.552704 19.375795 19.225029 19.114357 19.009922 -999999.0 -999999.0 -999999.0 -999999.0 -999999.0 -999999.0 -999999.0 -999999.0 -999999.0 -999999.0 -999999.0 -999999.0 -999999.0 -999999.0 -999999.0 -999999.0 -999999.0 -999999.0
21.34682 21.62985 21.917622 22.1146 22.222393 22.293186 22.369112 22.349773 22.415749 22.498146 22.404337 22.2276 22.115116 22.350143 22.538074 22.534609 22.469995 22.362589 22.097483 21.927763 21.83303 21.78669 21.697838 21.509464 21.417234 21.453598 21.401423 21.256723 21.115366 21.044594 21.0419 20.911718 20.863607 20.812038 20.397339 19.997223 19.74628 19.601452 19.476826 19.52371 19.403458 19.163383 18.75438 -999999.0 -999999.0 -999999.0 -999999.0 -999999.0 17.853088 -999999.0 -999999.0 -999999.0 -999999.0 -999999.0 -999999.0 -999999.0 -999999.0 -999999.0 -999999.0 -999999.0
20.928827 21.313005 21.632595 21.841858 21.999346 22.156834 22.279165 22.302689 22.325094 22.365444 22.302994 22.141312 22.009235 22.165833 22.2988 22.328144 22.379524 22.232409 22.060467 22.025434 21.922342 21.747778 21.73349 21.689615 21.610535 21.563467 21.403315 21.218353 21.115881 21.12569 21.096096 20.828186 20.587702 20.589815 20.230715 19.848207 19.55614 -999999.0 -999999.0 19.538193 19.440924 19.070955 18.504265 -999999.0 -999999.0 -999999.0 -999999.0 -999999.0 -999999.0 -999999.0 -999999.0 -999999.0 -999999.0 -999999.0 -999999.0 -999999.0 -999999.0 -999999.0 -999999.0 -999999.0
20.577291 20.915085 21.232191 21.407972 21.639526 21.944954 22.166964 22.202375 22.146898 22.17146 22.195137 22.064665 21.939821 21.974598 22.144178 22.133852 22.125406 22.040432 22.027807 22.116877 22.065592 21.666185 21.676044 21.781084 21.814812 21.689709 21.449139 21.219458 21.151608 21.088383 21.064487 20.780296 20.429321 20.275612 19.994883 -999999.0 -999999.0 -999999.0 -999999.0 19.393623 19.241055 18.8244 18.153765 17.801842 -999999.0 -999999.0 -999999.0 -999999.0 -999999.0 -999999.0 -999999.0 -999999.0 15.53376 -999999.0 -999999.0 -999999.0 -999999.0 -999999.0 -999999.0 -999999.0
20.263191 20.517319 20.694864 20.835157 21.26311 21.67825 21.877974 21.955912 21.999344 21.982334 22.086945 22.051834 21.948088 22.039736 22.060913 22.00768 21.957438 21.902401 21.979893 22.20297 22.221888 21.948145 21.74855 21.76922 21.863821 21.719156 21.499582 21.272081 21.096361 20.965672 20.94971 20.717836 -999999.0 -999999.0 -999999.0 -999999.0 -999999.0 -999999.0 -999999.0 19.027042 18.843523 18.448606 17.942635 17.494423 17.07991 16.69371 16.236567 15.809626 15.668391 -999999.0 -999999.0 -999999.0 -999999.0 -999999.0 -999999.0 -999999.0 -999999.0 -999999.0 -999999.0 -999999.0
20.00826 20.1971 20.39378 20.462997 20.81055 21.187807 21.383526 21.51705 21.726173 21.82326 21.941486 21.955587 21.964586 21.933962 21.82384 21.759798 21.757711 21.860523 22.08735 22.28119 22.298307 22.2391 21.937454 21.919596 21.821627 21.70865 21.583416 21.305956 21.00355 20.778835 20.657967 -999999.0 -999999.0 -999999.0 -999999.0 -999999.0 -999999.0 -999999.0 -999999.0 -999999.0 18.607286 18.193888 17.752071 -999999.0 17.022629 16.645697 16.31543 16.048601 16.010086 16.126177 -999999.0 16.32883 -999999.0 15.386459 -999999.0 -999999.0 -999999.0 -999999.0 -999999.0 -999999.0
19.818722 19.933044 20.066519 20.201439 20.388672 20.609861 20.789246 21.035156 21.337715 21.549938 21.693785 21.760004 21.851805 21.817722 21.68701 21.691977 21.75682 21.968994 22.221197 22.269257 22.34399 22.497847 22.167732 21.95197 21.753979 21.68669 21.47994 21.262707 20.874937 20.581617 20.372084 -999999.0 -999999.0 -999999.0 -999999.0 -999999.0 -999999.0 -999999.0 -999999.0 -999999.0 -999999.0 -999999.0 -999999.0 -999999.0 -999999.0 16.579548 16.401337 16.2311 16.018402 15.958268 -999999.0 -999999.0 -999999.0 -999999.0 -999999.0 -999999.0 -999999.0 -999999.0 -999999.0 -999999.0
19.702446 19.764711 19.849792 19.934689 20.050816 20.202417 20.386187 20.606236 20.881378 21.147036 21.277433 21.404512 21.630941 21.725903 21.746138 21.944532 22.07794 22.176662 22.137249 22.13753 22.299173 22.48807 22.174633 21.743938 21.40536 21.350803 21.286999 21.112326 20.780054 20.41838 -999999.0 -999999.0 -999999.0 -999999.0 -999999.0 -999999.0 -999999.0 -999999.0 -999999.0 -999999.0 -999999.0 -999999.0 -999999.0 -999999.0 -999999.0 16.530552 16.330849 16.134253 15.959556 15.864507 -999999.0 -999999.0 -999999.0 -999999.0 -999999.0 -999999.0 -999999.0 -999999.0 -999999.0 -999999.0
19.884659 19.865326 19.806074 19.694818 19.829664 20.026928 20.27346 20.519375 20.762995 20.949371 21.061836 21.17392 21.380125 21.47924 21.650003 21.917692 21.989277 22.061682 22.015137 22.039623 22.251608 22.363617 21.947966 21.413025 21.015402 20.953184 20.970663 20.903734 20.735003 20.45829 -999999.0 -999999.0 -999999.0 -999999.0 -999999.0 -999999.0 -999999.0 -999999.0 -999999.0 -999999.0 -999999.0 -999999.0 -999999.0 -999999.0 -999999.0 -999999.0 16.144506 16.000877 15.837229 -999999.0 -999999.0 -999999.0 -999999.0 -999999.0 -999999.0 -999999.0 -999999.0 -999999.0 -999999.0 -999999.0
19.95771 19.934742 19.843437 19.69955 19.80394 20.050173 20.348053 20.532984 20.778963 20.94523 21.053972 21.152262 21.204676 21.376226 21.594082 21.843845 21.847061 21.870935 21.906229 21.99992 22.142754 22.061293 21.540504 21.12897 20.894678 20.782095 20.675936 20.573212 20.605812 20.484102 -999999.0 -999999.0 -999999.0 -999999.0 -999999.0 -999999.0 -999999.0 -999999.0 -999999.0 -999999.0 -999999.0 -999999.0 -999999.0 -999999.0 -999999.0 -999999.0 15.877842 15.762912 -999999.0 -999999.0 -999999.0 -999999.0 -999999.0 -999999.0 -999999.0 -999999.0 -999999.0 -999999.0 -999999.0 -999999.0
19.870039 19.892387 19.897808 19.846325 19.945269 20.224098 20.462122 20.637295 20.905102 21.051582 21.251905 21.356781 21.28722 21.448395 21.727098 21.959808 21.916285 21.886389 21.804586 21.8235 21.84668 21.45823 21.019047 20.749004 20.69359 20.608633 20.449228 20.264818 20.29334 20.209442 -999999.0 -999999.0 -999999.0 -999999.0 -999999.0 18.39445 18.20033 17.991339 -999999.0 -999999.0 -999999.0 -999999.0 -999999.0 -999999.0 -999999.0 -999999.0 15.6538515 15.6031475 -999999.0 -999999.0 -999999.0 -999999.0 -999999.0 -999999.0 -999999.0 -999999.0 -999999.0 -999999.0 -999999.0 -999999.0
19.719704 19.766983 19.815132 19.922695 20.081568 20.395395 20.744053 20.906664 21.130257 21.25295 21.422243 21.490372 21.303974 21.426756 21.64421 21.809637 21.804192 21.76764 21.60986 21.5704 21.551138 21.254667 20.764252 20.489006 20.448973 20.494583 20.330309 20.131502 20.071432 -999999.0 -999999.0 -999999.0 -999999.0 -999999.0 -999999.0 18.241678 18.090866 17.77358 -999999.0 -999999.0 -999999.0 -999999.0 -999999.0 -999999.0 -999999.0 -999999.0 15.454212 15.362645 -999999.0 -999999.0 -999999.0 -999999.0 -999999.0 14.242629 14.981765 -999999.0 -999999.0 -999999.0 -999999.0 -999999.0
19.585125 19.675518 19.770277 19.986395 20.19553 20.546976 20.92576 21.147854 21.341955 21.455933 21.557076 21.54993 21.38244 21.488014 21.575071 21.701616 21.676456 21.61222 21.398071 21.37895 21.357521 21.181671 20.768423 20.45669 20.236536 20.285002 20.23759 20.0922 19.941544 -999999.0 -999999.0 -999999.0 -999999.0 -999999.0 -999999.0 18.058002 17.807858 17.593258 -999999.0 -999999.0 -999999.0 -999999.0 -999999.0 -999999.0 -999999.0 -999999.0 15.305162 -999999.0 -999999.0 -999999.0 -999999.0 -999999.0 -999999.0 13.90364 13.991929 -999999.0 -999999.0 -999999.0 -999999.0 -999999.0
19.424362 19.60675 19.827099 20.131739 20.319353 20.64373 21.02497 21.276276 21.458172 21.563745 21.54102 21.482908 21.426006 21.462944 21.52623 21.576855 21.592384 21.538109 21.208517 21.082436 21.05394 20.905907 20.722715 20.522442 20.1977 20.078663 20.145952 20.116932 19.970633 -999999.0 -999999.0 -999999.0 -999999.0 -999999.0 -999999.0 -999999.0 -999999.0 -999999.0 -999999.0 -999999.0 -999999.0 -999999.0 -999999.0 -999999.0 -999999.0 -999999.0 -999999.0 -999999.0 -999999.0 -999999.0 -999999.0 -999999.0 -999999.0 -999999.0 -999999.0 -999999.0 -999999.0 -999999.0 -999999.0 -999999.0
19.423168 19.562326 19.837585 20.166452 20.40925 20.635792 20.989323 21.330372 21.605394 21.683722 21.669607 21.58931 21.446198 21.424488 21.367968 21.290558 21.263456 21.273962 20.980146 20.854624 20.841833 20.736212 20.598894 20.541954 20.349276 20.219704 20.216843 20.186317 19.986818 -999999.0 -999999.0 -999999.0 -999999.0 -999999.0 -999999.0 -999999.0 -999999.0 -999999.0 -999999.0 -999999.0 -999999.0 -999999.0 -999999.0 -999999.0 -999999.0 -999999.0 -999999.0 -999999.0 -999999.0 -999999.0 14.370458 -999999.0 -999999.0 -999999.0 -999999.0 -999999.0 -999999.0 -999999.0 -999999.0 -999999.0
19.530203 19.692877 19.902617 20.260029 20.51889 20.77318 21.103704 21.4556 21.71955 21.829687 21.810099 21.71642 21.647472 21.526928 21.348436 21.176575 21.159975 21.071262 20.800676 20.68254 20.65839 20.708086 20.646757 20.540298 20.424599 20.271952 20.210348 20.121769 19.936565 -999999.0 -999999.0 -999999.0 -999999.0 -999999.0 -999999.0 -999999.0 -999999.0 -999999.0 -999999.0 -999999.0 -999999.0 -999999.0 -999999.0 -999999.0 -999999.0 -999999.0 -999999.0 -999999.0 -999999.0 14.790323 -999999.0 -999999.0 -999999.0 -999999.0 -999999.0 -999999.0 -999999.0 -999999.0 -999999.0 -999999.0
19.706947 19.965145 20.282425 20.580322 20.820894 21.097713 21.478691 21.83473 22.002401 22.058403 21.9357 21.80899 21.789799 21.74558 21.564873 21.316467 21.080532 20.9571 20.692009 20.546007 20.614098 20.716192 20.72782 20.462465 20.27076 20.096502 19.989737 19.930426 19.750626 -999999.0 -999999.0 -999999.0 -999999.0 -999999.0 -999999.0 -999999.0 -999999.0 -999999.0 -999999.0 -999999.0 -999999.0 -999999.0 -999999.0 -999999.0 -999999.0 -999999.0 -999999.0 -999999.0 14.619823 14.687736 -999999.0 -999999.0 -999999.0 -999999.0 -999999.0 -999999.0 -999999.0 -999999.0 -999999.0 -999999.0
19.894083 20.148338 20.5206 20.91308 21.18455 21.461119 21.896444 22.169737 22.34358 22.37003 22.108377 21.90727 21.859037 21.783628 21.62351 21.357595 21.11541 20.947645 20.636902 20.526209 20.575987 20.631714 20.568562 20.397074 20.21134 19.940668 19.80122 19.68092 19.382397 19.150213 -999999.0 -999999.0 -999999.0 -999999.0 -999999.0 -999999.0 -999999.0 -999999.0 -999999.0 -999999.0 -999999.0 -999999.0 -999999.0 -999999.0 -999999.0 14.942729 14.371958 13.970746 14.4477825 -999999.0 -999999.0 -999999.0 -999999.0 -999999.0 -999999.0 -999999.0 -999999.0 -999999.0 -999999.0 -999999.0
20.139347 20.379412 20.679003 21.14664 21.509697 21.86736 22.25853 22.465807 22.618935 22.657242 22.338884 21.994198 21.837116 21.69199 21.498384 21.36999 21.129862 20.961124 20.742855 20.581728 20.444666 20.426773 20.358267 20.307734 20.198463 19.879126 19.678299 19.494625 19.197227 18.940735 18.641071 -999999.0 -999999.0 -999999.0 -999999.0 -999999.0 -999999.0 -999999.0 -999999.0 -999999.0 -999999.0 -999999.0 -999999.0 -999999.0 15.261584 14.731471 14.153146 -999999.0 14.106514 -999999.0 -999999.0 -999999.0 -999999.0 -999999.0 -999999.0 -999999.0 -999999.0 -999999.0 -999999.0 -999999.0
20.341621 20.6876 20.973097 21.257788 21.750496 22.241682 22.615227 22.76963 22.833054 22.790234 22.4669 22.054855 21.707237 21.47733 21.375454 21.356077 21.22521 20.909613 20.936842 20.654644 20.33327 20.183495 20.164871 20.16766 20.205515 19.879776 19.55401 19.265533 19.068592 18.837044 18.44236 -999999.0 -999999.0 -999999.0 -999999.0 -999999.0 -999999.0 -999999.0 -999999.0 -999999.0 -999999.0 -999999.0 -999999.0 -999999.0 -999999.0 -999999.0 13.992099 -999999.0 -999999.0 -999999.0 -999999.0 -999999.0 -999999.0 -999999.0 -999999.0 -999999.0 -999999.0 -999999.0 -999999.0 -999999.0
20.45827 20.886719 21.342007 21.616682 22.030987 22.569422 22.863174 22.938902 22.953823 22.70696 22.496626 22.214273 21.698456 21.44466 21.438564 21.419262 21.160784 20.950523 20.804901 20.387691 20.0232 19.92319 19.894213 19.913372 19.96618 19.845856 19.58105 19.237846 18.904902 18.63544 18.268368 17.869478 -999999.0 -999999.0 -999999.0 -999999.0 -999999.0 -999999.0 -999999.0 -999999.0 -999999.0 -999999.0 -999999.0 -999999.0 -999999.0 -999999.0 -999999.0 -999999.0 -999999.0 -999999.0 -999999.0 -999999.0 -999999.0 -999999.0 -999999.0 -999999.0 -999999.0 -999999.0 -999999.0 -999999.0
20.742903 21.163849 21.688498 22.112104 22.454887 22.824741 23.00405 23.106339 23.0106 22.63989 22.464897 22.24939 21.76291 21.495146 21.435825 21.299316 21.026728 20.833296 20.523874 20.164186 19.923252 19.856802 19.847664 19.764406 19.802292 19.78021 19.57826 19.291344 18.857922 18.50454 18.150318 17.739693 -999999.0 -999999.0 -999999.0 -999999.0 -999999.0 -999999.0 -999999.0 -999999.0 -999999.0 -999999.0 -999999.0 -999999.0 -999999.0 -999999.0 -999999.0 13.13288 -999999.0 -999999.0 -999999.0 -999999.0 -999999.0 -999999.0 -999999.0 -999999.0 -999999.0 -999999.0 -999999.0 -999999.0
21.091902 21.589409 22.092276 22.480131 22.766136 22.98868 23.04518 23.043924 22.929655 22.659966 22.34841 22.081127 21.731596 21.503607 21.337486 21.089718 20.84499 20.623411 20.313993 20.083447 19.973398 19.91315 19.90721 19.788742 19.78168 19.75589 19.596756 19.253134 18.87357 18.465277 18.00128 17.587078 17.124708 -999999.0 -999999.0 -999999.0 15.383296 15.1715355 14.946048 14.735535 -999999.0 -999999.0 -999999.0 -999999.0 -999999.0 -999999.0 -999999.0 13.026163 -999999.0 -999999.0 -999999.0 -999999.0 -999999.0 -999999.0 -999999.0 -999999.0 -999999.0 -999999.0 -999999.0 -999999.0
21.426317 21.852041 22.372204 22.859493 22.986578 22.973227 22.95383 22.909178 22.770359 22.38714 21.949123 21.728287 21.545378 21.382496 21.24558 20.97546 20.73182 20.578882 20.388126 20.125105 19.92532 19.857246 19.79235 19.722414 19.681345 19.613081 19.42496 19.130152 18.783218 18.387043 17.942875 17.538284 17.186365 16.683868 -999999.0 15.66256 15.267527 14.88105 14.656364 14.5495615 14.502318 -999999.0 -999999.0 -999999.0 -999999.0 -999999.0 13.363803 12.920784 -999999.0 -999999.0 -999999.0 -999999.0 -999999.0 -999999.0 -999999.0 -999999.0 -999999.0 -999999.0 -999999.0 -999999.0
21.752773 22.036621 22.482155 23.05561 23.08434 22.861069 22.752562 22.52645 22.209576 21.853642 21.545942 21.323751 21.18053 21.160133 20.991116 20.784933 20.586094 20.441988 20.368938 20.122997 19.87743 19.750761 19.627834 19.587292 19.590815 19.45057 19.150093 18.926373 18.539186 18.188128 17.817682 17.521614 17.168196 16.643469 16.137333 15.686524 15.15926 14.692828 14.446289 14.3801365 14.291674 -999999.0 -999999.0 -999999.0 -999999.0 -999999.0 13.349681 12.964672 -999999.0 -999999.0 -999999.0 -999999.0 -999999.0 -999999.0 -999999.0 -999999.0 -999999.0 -999999.0 -999999.0 -999999.0
21.695177 21.976765 22.390635 22.858402 22.78682 22.566668 22.47573 22.126476 21.66761 21.361944 21.081373 20.989 20.882458 20.86407 20.604847 20.470482 20.349546 20.168411 20.142706 20.1025 19.906372 19.667698 19.521833 19.404366 19.334003 19.247461 19.008615 18.638546 18.22585 17.890835 17.674002 17.357344 16.939701 16.49492 16.052055 15.622209 15.141412 14.645595 14.320718 14.203268 -999999.0 -999999.0 -999999.0 -999999.0 -999999.0 -999999.0 13.159231 12.891895 -999999.0 -999999.0 -999999.0 -999999.0 -999999.0 -999999.0 -999999.0 -999999.0 -999999.0 -999999.0 -999999.0 -999999.0
