data/TNO-HT-ATES/HT-ATES_msz3/msz3__temperature_basecase_80-45-40.asc
ncols  140
nrows  163
xllcorner  0.0
yllcorner  300000.0
cellsize  2000.0
NODATA_value  -999999.0
[rows 78 to 103 of 163, columns 60 to 119 of 140]
17.540787 17.66197 17.598984 17.500345 17.341124 17.062523 17.010078 16.91992 16.939838 16.969095 16.970955 16.919546 17.151093 17.282223 17.23017 16.961193 16.68256 16.579657 16.75471 16.877234 16.91895 16.954268 17.052696 17.067743 17.051405 17.114769 17.205166 17.288664 17.360594 17.348093 17.111439 16.836061 16.793324 16.670858 16.418291 16.014015 15.447595 14.9182625 14.586918 14.2285385 13.89472 13.6195545 13.301042 13.145759 12.800264 12.14163 -999999.0 -999999.0 -999999.0 -999999.0 -999999.0 -999999.0 -999999.0 -999999.0 -999999.0 -999999.0 -999999.0 -999999.0 -999999.0 -999999.0
17.666815 17.373241 17.423956 17.402555 17.324083 17.02041 16.90012 16.912807 16.743843 16.703703 16.724073 16.755981 16.946867 16.955193 16.740704 16.450228 16.497694 16.545086 -999999.0 -999999.0 -999999.0 16.814499 16.898146 16.83885 16.80104 16.824217 16.884903 17.014421 17.094568 17.042929 16.89246 16.67695 16.620285 16.439505 16.181377 15.874313 15.426189 14.813173 14.281649 13.924378 13.748333 13.781297 13.51314 13.231088 12.708672 12.033714 11.189053 -999999.0 -999999.0 -999999.0 -999999.0 -999999.0 -999999.0 -999999.0 -999999.0 -999999.0 -999999.0 -999999.0 -999999.0 -999999.0
17.663982 17.92101 17.31609 17.272161 17.192045 16.952208 16.694645 16.433607 16.471727 16.517815 16.46707 16.487968 16.52728 16.43531 -999999.0 16.04004 16.208652 -999999.0 -999999.0 -999999.0 -999999.0 -999999.0 16.538574 16.591036 16.560728 16.572987 16.737848 16.882702 16.8812 16.765118 16.687569 16.659185 16.574305 16.37158 16.014236 15.65437 15.313142 14.82471 14.414924 14.172723 13.8303795 13.615943 13.397656 12.972928 12.43584 11.849173 11.062795 -999999.0 -999999.0 -999999.0 -999999.0 -999999.0 -999999.0 -999999.0 -999999.0 -999999.0 -999999.0 -999999.0 -999999.0 -999999.0
17.662233 17.982378 17.187584 17.167692 16.995152 16.796942 16.534464 16.222475 16.083174 16.346815 16.290106 16.117052 -999999.0 -999999.0 -999999.0 -999999.0 15.702347 -999999.0 -999999.0 -999999.0 -999999.0 16.2718 16.265682 16.334816 16.367205 16.395544 16.598074 16.769924 16.732996 16.657795 16.563284 16.500015 16.264597 16.099205 15.7902565 15.434106 15.108324 14.638385 14.301458 14.1136 13.8669 13.541664 13.193732 12.748305 12.280994 11.735114 11.071836 10.267559 -999999.0 -999999.0 -999999.0 -999999.0 -999999.0 -999999.0 -999999.0 -999999.0 -999999.0 -999999.0 -999999.0 -999999.0
17.92535 18.01748 18.151205 18.115639 16.612768 16.382677 16.2541 16.0318 15.820783 15.640771 15.804563 15.6037855 15.322528 15.216846 14.970217 14.917722 15.149355 15.517775 -999999.0 -999999.0 16.004541 15.907389 15.8637705 15.876801 15.945675 16.0224 16.166412 16.408228 16.471622 16.42255 16.23906 16.17322 16.027388 15.826357 15.575434 15.283433 14.919874 14.57134 14.2198105 13.91008 13.661806 13.423402 13.157955 12.72995 12.24037 11.857725 11.228891 -999999.0 -999999.0 -999999.0 -999999.0 -999999.0 -999999.0 -999999.0 -999999.0 -999999.0 -999999.0 -999999.0 -999999.0 -999999.0
18.157103 18.12111 18.140327 18.090248 18.102076 17.967323 15.839171 15.675159 15.350713 15.050927 14.97529 15.243281 15.028405 14.788564 14.617851 14.726352 14.915531 15.275832 -999999.0 -999999.0 -999999.0 -999999.0 15.478881 15.335272 15.359978 15.586927 15.822359 16.093933 16.185873 16.172852 15.973251 15.906166 15.8244295 15.634499 15.4354925 15.219714 14.84205 14.525035 14.136594 13.764065 13.470075 13.257293 12.987578 12.544243 12.176578 -999999.0 -999999.0 -999999.0 -999999.0 -999999.0 -999999.0 -999999.0 -999999.0 -999999.0 -999999.0 -999999.0 -999999.0 -999999.0 -999999.0 -999999.0
17.99587 17.932938 17.76002 17.950964 18.408695 18.242018 17.719124 17.106586 16.269325 14.517844 14.308157 14.744957 14.665635 14.586452 14.715369 14.726925 14.856485 15.171673 15.432281 15.391064 15.156182 15.217658 15.096742 14.916787 15.009315 15.177636 15.477862 15.699853 15.749994 15.718641 15.623981 15.716803 15.570873 15.310001 15.07595 14.915791 14.795491 14.604257 14.39471 13.996081 13.492713 13.15218 12.837276 12.319618 11.953704 -999999.0 10.525833 -999999.0 -999999.0 -999999.0 -999999.0 -999999.0 -999999.0 -999999.0 -999999.0 -999999.0 -999999.0 -999999.0 -999999.0 -999999.0
17.786068 17.821526 17.287735 17.656982 18.8304 18.830538 17.855753 17.143692 16.61837 16.308262 16.14325 -999999.0 14.021592 14.158446 14.519182 14.752938 14.8673315 14.881323 14.907193 14.704837 14.530659 14.716449 14.6797 14.601757 14.695309 14.805762 14.8924885 15.03458 15.17174 15.299764 15.355515 15.451357 15.294105 15.1283245 14.911125 14.714758 14.60948 14.6043415 14.527334 14.198182 13.637207 13.072218 12.614204 12.15161 11.721167 11.166106 10.591409 10.140037 -999999.0 -999999.0 -999999.0 -999999.0 -999999.0 -999999.0 -999999.0 -999999.0 -999999.0 -999999.0 -999999.0 -999999.0
17.572226 17.776157 17.862738 17.6986 18.221474 18.214067 17.547619 17.015928 16.416273 16.141966 15.626632 -999999.0 -999999.0 13.591181 13.465147 13.671581 14.570443 14.595449 14.504478 14.370258 14.2328205 14.321181 14.306842 14.286855 14.38626 14.47318 14.603492 14.755826 14.990129 15.063339 15.041452 15.033914 14.885781 14.654102 14.547842 14.457601 14.432779 14.424843 14.376689 13.985446 13.476721 12.96473 12.458608 11.980054 11.534469 11.0941 10.664159 10.246725 -999999.0 -999999.0 -999999.0 -999999.0 -999999.0 -999999.0 -999999.0 -999999.0 -999999.0 -999999.0 -999999.0 -999999.0
17.100334 17.260874 17.247858 17.199677 17.648745 17.39753 16.87773 16.476673 16.24864 15.994235 15.762333 15.912301 12.700007 12.6889 13.118534 13.286312 13.429366 14.462839 14.351456 14.213252 14.081414 14.03203 14.0087185 13.970862 14.040525 14.124459 14.343866 14.536128 14.606735 14.605961 14.600778 14.45624 14.315661 14.188122 14.152131 14.134214 14.140794 14.121841 13.893285 13.486715 13.088271 12.815658 12.301765 11.824697 11.453252 11.023251 10.573248 10.147204 -999999.0 -999999.0 -999999.0 -999999.0 -999999.0 -999999.0 -999999.0 -999999.0 -999999.0 -999999.0 -999999.0 -999999.0
16.76788 16.457533 16.379034 16.340618 16.64097 16.96063 16.262272 16.059 16.136665 16.000704 15.999953 16.08718 16.149109 12.498576 13.104485 13.239522 13.339102 13.431856 14.320714 14.095775 13.952069 13.919048 13.916557 13.821695 13.696177 13.741568 13.876604 14.10086 14.172532 14.139737 14.030318 13.799419 13.649065 13.689743 13.687463 13.579206 13.62843 13.748893 13.509092 13.109876 12.8412485 12.543093 11.903445 11.531321 11.198817 10.863733 10.45556 9.933019 9.575531 -999999.0 -999999.0 -999999.0 -999999.0 -999999.0 -999999.0 -999999.0 -999999.0 -999999.0 -999999.0 -999999.0
16.723635 16.653131 15.915289 15.653136 16.368055 16.867262 16.232826 16.160421 16.231852 15.909118 15.980759 16.021366 15.949011 15.926001 12.488408 13.171994 13.211753 13.287748 14.108576 13.955657 13.741733 13.685404 13.595613 13.437579 13.291178 13.314298 13.406743 13.586603 13.754616 13.736337 13.543461 13.254675 12.875069 13.109964 13.079569 12.9914 13.089584 13.275841 13.166082 12.833454 12.4232025 11.930134 11.439268 11.220746 10.980752 -999999.0 -999999.0 -999999.0 -999999.0 -999999.0 -999999.0 -999999.0 -999999.0 -999999.0 -999999.0 -999999.0 -999999.0 -999999.0 -999999.0 -999999.0
16.540552 16.458506 16.366367 15.933302 16.336329 16.688597 16.429655 16.71958 16.407454 16.120323 16.036709 15.985748 15.926777 15.762527 15.1951685 13.221404 13.067069 13.077383 12.904204 13.6784935 13.543615 13.341311 13.203664 13.096722 12.969413 12.910151 12.987553 13.142819 13.254778 13.184891 13.080033 12.883745 12.632201 12.607723 12.681006 12.574381 12.650325 12.803218 12.721097 12.4702425 12.078813 11.629031 11.030113 10.885145 -999999.0 -999999.0 -999999.0 -999999.0 -999999.0 -999999.0 -999999.0 -999999.0 -999999.0 -999999.0 -999999.0 -999999.0 -999999.0 -999999.0 -999999.0 -999999.0
16.242365 15.922894 15.966481 15.498543 16.116442 16.291428 16.16635 15.900197 16.67008 16.305845 16.120667 16.095627 16.033762 15.923339 15.1753025 14.931052 13.326261 12.756823 12.578997 13.390233 13.107279 12.846124 12.759069 12.782763 12.549965 12.549223 12.511689 12.7029705 12.780205 12.667469 12.534967 12.496817 12.44711 12.450152 12.517035 12.588717 -999999.0 12.476067 12.347113 12.121919 11.831398 11.34836 10.88722 10.618374 -999999.0 -999999.0 -999999.0 -999999.0 -999999.0 -999999.0 -999999.0 -999999.0 -999999.0 -999999.0 -999999.0 -999999.0 -999999.0 -999999.0 -999999.0 -999999.0
15.990441 16.090717 15.797924 15.368309 15.256582 15.554396 15.953472 15.875671 15.859346 16.533964 16.182928 16.117987 16.073854 16.023212 15.683469 14.912139 14.841499 12.565675 12.469325 12.138717 12.639179 12.3471155 12.130212 12.003222 12.056017 12.185711 12.360847 12.399264 12.423866 12.371944 12.2649145 12.276558 -999999.0 -999999.0 12.337765 -999999.0 -999999.0 -999999.0 11.879547 11.818677 11.680804 11.043744 -999999.0 -999999.0 -999999.0 -999999.0 -999999.0 -999999.0 -999999.0 -999999.0 -999999.0 -999999.0 -999999.0 -999999.0 -999999.0 -999999.0 -999999.0 -999999.0 -999999.0 -999999.0
15.693165 15.743808 15.608875 15.286816 15.2102785 15.160281 15.099694 14.973939 14.937858 16.627577 16.286167 16.06933 15.931793 15.819882 15.451153 15.237163 14.77773 14.756615 12.487455 12.103672 11.578093 12.014006 11.560981 11.285486 11.589509 11.838759 12.237188 12.209962 12.072563 12.097567 12.055283 12.116977 12.280457 12.213868 12.054772 11.806465 -999999.0 -999999.0 -999999.0 -999999.0 -999999.0 -999999.0 -999999.0 -999999.0 -999999.0 -999999.0 -999999.0 -999999.0 -999999.0 -999999.0 -999999.0 -999999.0 -999999.0 -999999.0 -999999.0 -999999.0 -999999.0 -999999.0 -999999.0 -999999.0
15.533016 15.689924 15.681753 -999999.0 15.139064 15.107888 15.016551 14.997148 14.907111 16.502457 16.392889 16.08563 15.7971735 15.600446 15.10893 14.914452 14.8080635 14.84278 12.484115 12.151934 11.554295 11.022405 11.465269 11.18593 11.021689 11.557099 11.899769 11.868929 11.71939 11.77844 11.86702 12.029833 12.24969 12.238705 11.887524 11.400992 -999999.0 -999999.0 -999999.0 -999999.0 -999999.0 -999999.0 -999999.0 -999999.0 -999999.0 -999999.0 -999999.0 -999999.0 -999999.0 -999999.0 -999999.0 -999999.0 -999999.0 -999999.0 -999999.0 -999999.0 -999999.0 -999999.0 -999999.0 -999999.0
15.401166 15.598546 15.562804 15.413505 -999999.0 14.971734 14.941733 14.975242 14.868515 14.737091 16.28246 16.005049 15.605406 15.3103695 15.169511 14.697888 14.731524 14.791556 14.6897545 12.311865 11.685909 11.156024 10.605987 11.086099 10.885963 10.550743 11.210616 11.130359 11.145501 11.376421 11.617409 11.573687 11.816484 11.598413 11.116494 -999999.0 -999999.0 -999999.0 -999999.0 -999999.0 -999999.0 -999999.0 -999999.0 -999999.0 -999999.0 -999999.0 -999999.0 -999999.0 -999999.0 -999999.0 -999999.0 -999999.0 -999999.0 -999999.0 -999999.0 -999999.0 -999999.0 -999999.0 -999999.0 -999999.0
15.106345 15.34397 15.41433 15.309936 15.300361 14.647987 14.720726 14.873683 14.823765 14.744633 16.087843 15.817602 15.480143 15.180229 15.053822 15.040633 14.030991 14.86321 14.677511 -999999.0 11.758564 11.124999 10.544554 10.139763 10.923424 10.292847 -999999.0 -999999.0 -999999.0 -999999.0 -999999.0 -999999.0 -999999.0 -999999.0 -999999.0 -999999.0 -999999.0 -999999.0 -999999.0 -999999.0 -999999.0 -999999.0 -999999.0 -999999.0 -999999.0 -999999.0 -999999.0 -999999.0 -999999.0 -999999.0 -999999.0 -999999.0 -999999.0 -999999.0 -999999.0 -999999.0 -999999.0 -999999.0 -999999.0 -999999.0
14.975882 15.121324 15.181683 15.163752 15.126323 14.525892 14.459879 14.663025 14.718601 14.679551 15.5722275 15.664753 15.399303 15.117799 14.963108 -999999.0 13.377666 -999999.0 -999999.0 -999999.0 11.597015 11.02018 10.433438 9.773193 -999999.0 10.423689 -999999.0 -999999.0 -999999.0 -999999.0 -999999.0 -999999.0 -999999.0 -999999.0 -999999.0 -999999.0 -999999.0 -999999.0 -999999.0 -999999.0 -999999.0 -999999.0 -999999.0 -999999.0 -999999.0 -999999.0 -999999.0 -999999.0 -999999.0 -999999.0 -999999.0 -999999.0 -999999.0 -999999.0 -999999.0 -999999.0 -999999.0 -999999.0 -999999.0 -999999.0
14.908356 15.014533 14.9633045 14.867406 14.901509 15.027587 14.682578 14.57066 14.615606 14.622399 14.576733 15.511422 15.3715 15.036175 -999999.0 15.017262 14.735708 12.66808 -999999.0 -999999.0 -999999.0 -999999.0 10.297863 -999999.0 -999999.0 -999999.0 -999999.0 -999999.0 -999999.0 -999999.0 -999999.0 -999999.0 -999999.0 -999999.0 -999999.0 -999999.0 -999999.0 -999999.0 -999999.0 -999999.0 -999999.0 -999999.0 -999999.0 -999999.0 -999999.0 -999999.0 -999999.0 -999999.0 -999999.0 -999999.0 -999999.0 -999999.0 -999999.0 -999999.0 -999999.0 -999999.0 -999999.0 -999999.0 -999999.0 -999999.0
14.964801 14.872549 14.911793 14.523338 14.648917 14.926571 15.14383 15.464699 14.596492 -999999.0 -999999.0 -999999.0 15.410737 15.038975 -999999.0 -999999.0 -999999.0 -999999.0 -999999.0 -999999.0 -999999.0 -999999.0 -999999.0 -999999.0 -999999.0 -999999.0 -999999.0 -999999.0 -999999.0 -999999.0 -999999.0 -999999.0 -999999.0 -999999.0 -999999.0 -999999.0 -999999.0 -999999.0 -999999.0 -999999.0 -999999.0 -999999.0 -999999.0 -999999.0 -999999.0 -999999.0 -999999.0 -999999.0 -999999.0 -999999.0 -999999.0 -999999.0 -999999.0 -999999.0 -999999.0 -999999.0 -999999.0 -999999.0 -999999.0 -999999.0
15.067744 15.14167 14.819171 14.642923 14.600081 14.842528 15.1693735 15.634944 15.635595 -999999.0 -999999.0 -999999.0 15.445184 15.286044 15.215828 15.095925 -999999.0 -999999.0 -999999.0 -999999.0 -999999.0 -999999.0 -999999.0 -999999.0 -999999.0 -999999.0 -999999.0 -999999.0 -999999.0 -999999.0 -999999.0 -999999.0 -999999.0 -999999.0 -999999.0 -999999.0 -999999.0 -999999.0 -999999.0 -999999.0 -999999.0 -999999.0 -999999.0 -999999.0 -999999.0 -999999.0 -999999.0 -999999.0 -999999.0 -999999.0 -999999.0 -999999.0 -999999.0 -999999.0 -999999.0 -999999.0 -999999.0 -999999.0 -999999.0 -999999.0
15.094228 15.134287 -999999.0 14.472826 14.421497 14.682877 15.07211 15.412809 15.457531 -999999.0 -999999.0 -999999.0 14.300313 15.682521 15.633075 -999999.0 -999999.0 -999999.0 -999999.0 -999999.0 -999999.0 -999999.0 -999999.0 -999999.0 -999999.0 -999999.0 -999999.0 -999999.0 -999999.0 -999999.0 -999999.0 -999999.0 -999999.0 -999999.0 -999999.0 -999999.0 -999999.0 -999999.0 -999999.0 -999999.0 -999999.0 -999999.0 -999999.0 -999999.0 -999999.0 -999999.0 -999999.0 -999999.0 -999999.0 -999999.0 -999999.0 -999999.0 -999999.0 -999999.0 -999999.0 -999999.0 -999999.0 -999999.0 -999999.0 -999999.0
14.95979 14.973124 14.811613 -999999.0 -999999.0 -999999.0 -999999.0 15.117501 15.267821 15.488609 15.628669 15.647714 -999999.0 -999999.0 -999999.0 -999999.0 -999999.0 -999999.0 -999999.0 -999999.0 -999999.0 -999999.0 -999999.0 -999999.0 -999999.0 -999999.0 -999999.0 -999999.0 -999999.0 -999999.0 -999999.0 -999999.0 -999999.0 -999999.0 -999999.0 -999999.0 -999999.0 -999999.0 -999999.0 -999999.0 -999999.0 -999999.0 -999999.0 -999999.0 -999999.0 -999999.0 -999999.0 -999999.0 -999999.0 -999999.0 -999999.0 -999999.0 -999999.0 -999999.0 -999999.0 -999999.0 -999999.0 -999999.0 -999999.0 -999999.0
14.816774 -999999.0 -999999.0 14.603878 -999999.0 -999999.0 -999999.0 -999999.0 14.996608 15.301861 15.510857 15.614435 15.687356 -999999.0 -999999.0 -999999.0 -999999.0 -999999.0 -999999.0 -999999.0 -999999.0 -999999.0 -999999.0 -999999.0 -999999.0 -999999.0 -999999.0 -999999.0 -999999.0 -999999.0 -999999.0 -999999.0 -999999.0 -999999.0 -999999.0 -999999.0 -999999.0 -999999.0 -999999.0 -999999.0 -999999.0 -999999.0 -999999.0 -999999.0 -999999.0 -999999.0 -999999.0 -999999.0 -999999.0 -999999.0 -999999.0 -999999.0 -999999.0 -999999.0 -999999.0 -999999.0 -999999.0 -999999.0 -999999.0 -999999.0
