data/TNO-HT-ATES/HT-ATES_msz3/msz3__energy_in_P50_basecase_80-45-40.asc
ncols  140
nrows  163
xllcorner  0.0
yllcorner  300000.0
cellsize  2000.0
NODATA_value  -999999.0
[rows 56 to 83 of 163, columns 62 to 123 of 140]
25105.355 30231.186 37139.15 42600.76 42569.523 44163.69 46361.68 49841.973 57096.914 58682.316 61263.97 59254.0 54599.547 50289.746 47296.19 45006.84 40178.42 33185.91 31749.893 35078.195 40653.02 38961.29 39574.95 42075.22 43196.867 45377.32 55847.816 64672.535 70005.48 62908.562 34674.164 21996.691 0.0 0.0 -999999.0 -999999.0 -999999.0 -999999.0 -999999.0 -999999.0 -999999.0 -999999.0 -999999.0 -999999.0 0.0 -999999.0 -999999.0 -999999.0 -999999.0 -999999.0 -999999.0 -999999.0 -999999.0 -999999.0 -999999.0 -999999.0 -999999.0 -999999.0 -999999.0 -999999.0 -999999.0 -999999.0
21037.824 26499.95 32866.04 37002.406 40729.61 42489.78 42347.887 45098.125 54723.082 59394.46 61528.926 56756.848 53540.977 49937.176 45990.332 41626.324 35133.0 26762.396 28395.486 35696.348 37003.727 37802.945 42197.49 43542.93 44653.125 49582.13 53622.293 78271.04 80225.53 71104.87 36163.555 21539.354 13082.864 0.0 0.0 -999999.0 -999999.0 -999999.0 -999999.0 -999999.0 -999999.0 -999999.0 -999999.0 -999999.0 -999999.0 -999999.0 -999999.0 -999999.0 -999999.0 -999999.0 -999999.0 -999999.0 -999999.0 -999999.0 -999999.0 -999999.0 -999999.0 -999999.0 -999999.0 -999999.0 -999999.0 -999999.0
17880.418 21942.434 26270.78 31585.996 37075.99 41665.25 38933.92 37974.297 47553.36 56379.816 57186.637 53357.01 52898.098 47948.043 40043.06 37687.35 26585.33 20701.127 26654.848 34223.36 37403.668 38502.98 46145.133 47673.277 47768.953 53765.367 72112.07 85419.9 78062.55 67909.11 42740.996 28597.732 21243.0 19816.64 20433.262 14844.141 0.0 -999999.0 -999999.0 -999999.0 -999999.0 -999999.0 -999999.0 -999999.0 -999999.0 -999999.0 -999999.0 -999999.0 -999999.0 -999999.0 -999999.0 -999999.0 -999999.0 -999999.0 -999999.0 -999999.0 -999999.0 -999999.0 -999999.0 -999999.0 -999999.0 -999999.0
16782.934 20231.662 22451.168 29268.326 33294.85 41555.79 37609.594 35475.805 40708.344 50462.188 48244.895 46477.234 45572.84 41854.504 36112.027 36789.883 24061.453 21931.062 26104.152 29258.361 35435.26 38770.71 48655.99 52093.52 55416.113 56169.05 83767.164 90223.836 79588.72 66320.75 47928.805 32637.738 35228.035 30708.516 32018.154 32844.598 25428.521 17965.615 -999999.0 -999999.0 -999999.0 -999999.0 -999999.0 -999999.0 -999999.0 -999999.0 -999999.0 -999999.0 -999999.0 -999999.0 -999999.0 -999999.0 -999999.0 -999999.0 -999999.0 -999999.0 -999999.0 -999999.0 -999999.0 -999999.0 -999999.0 -999999.0
17409.709 21448.004 16972.193 35176.305 34041.33 39134.797 38303.438 41062.117 43370.6 44439.676 45918.863 43496.625 38984.758 36997.277 39942.105 43831.266 33501.676 28999.064 28047.416 26519.854 32181.375 37714.445 49092.81 55232.14 63738.887 64510.914 84295.11 92203.0 88360.64 76787.55 67564.6 54538.773 48044.3 44279.082 43409.69 45475.652 34871.14 24585.168 14791.384 0.0 13266.883 -999999.0 -999999.0 -999999.0 -999999.0 -999999.0 -999999.0 -999999.0 -999999.0 -999999.0 -999999.0 -999999.0 -999999.0 -999999.0 -999999.0 -999999.0 -999999.0 -999999.0 -999999.0 -999999.0 -999999.0 -999999.0
18647.574 22209.246 25685.543 37357.383 32747.459 36880.297 38109.965 41975.57 42543.35 42668.715 40330.78 40929.434 37781.883 37122.69 37714.793 34725.125 35954.67 34939.047 31103.56 27408.979 31589.06 38192.914 40393.355 54750.66 64334.984 66165.24 88995.62 105254.836 97709.17 92112.86 81706.05 73960.58 66032.96 53324.67 42628.79 51393.016 38606.56 23658.967 23789.348 34019.152 37000.582 0.0 -999999.0 -999999.0 -999999.0 -999999.0 -999999.0 -999999.0 -999999.0 -999999.0 -999999.0 -999999.0 -999999.0 -999999.0 -999999.0 -999999.0 -999999.0 -999999.0 -999999.0 -999999.0 -999999.0 -999999.0
20899.23 22360.008 23970.13 25070.47 29793.277 32705.988 36566.727 41926.383 42205.14 41050.938 41399.184 42066.008 43845.74 41247.715 32546.426 30803.291 32143.906 34874.93 33254.98 30630.326 33257.855 37305.13 44787.86 46936.52 50851.2 73569.92 90863.68 112110.71 110054.04 97119.64 93019.02 81038.36 73327.98 58752.04 47012.06 59591.66 39272.938 18654.488 17619.418 34147.73 21327.371 0.0 -999999.0 -999999.0 -999999.0 -999999.0 -999999.0 -999999.0 -999999.0 -999999.0 -999999.0 -999999.0 -999999.0 -999999.0 -999999.0 -999999.0 -999999.0 -999999.0 -999999.0 -999999.0 -999999.0 -999999.0
23002.637 21934.117 21694.873 24822.707 29404.871 29678.6 32782.008 41882.324 43343.395 39525.594 42665.406 45003.812 40895.324 37164.27 31850.285 34792.414 35892.277 37652.68 37028.98 34631.688 33917.77 33756.992 41839.65 42116.945 44655.945 47045.137 54093.066 55944.652 110709.88 93448.414 87738.93 66653.37 79757.91 62334.543 43629.438 52742.17 28389.766 21595.955 26458.316 28046.984 0.0 -999999.0 -999999.0 -999999.0 -999999.0 -999999.0 -999999.0 -999999.0 -999999.0 -999999.0 -999999.0 -999999.0 -999999.0 -999999.0 -999999.0 -999999.0 -999999.0 -999999.0 -999999.0 -999999.0 -999999.0 -999999.0
24636.059 20315.025 18947.414 23384.402 29838.799 29086.004 33120.582 40875.594 44229.54 41543.598 41620.234 43160.77 38378.746 33183.164 36309.56 40517.867 43569.004 43553.55 42834.777 40489.375 37326.617 36542.418 34123.016 32579.889 34496.31 34070.594 56341.86 56522.848 59035.277 72031.125 64782.027 81417.88 74518.14 64572.98 53040.23 50662.21 32673.64 23003.057 28100.107 14181.928 0.0 -999999.0 -999999.0 -999999.0 -999999.0 -999999.0 -999999.0 -999999.0 -999999.0 -999999.0 -999999.0 -999999.0 -999999.0 -999999.0 -999999.0 -999999.0 -999999.0 -999999.0 -999999.0 -999999.0 -999999.0 -999999.0
25473.05 19793.025 19068.88 23031.156 29365.92 31692.104 36188.465 40927.375 45401.473 50082.72 52836.062 43170.777 40268.85 38093.457 42345.605 47482.83 48048.16 49856.37 49564.957 48564.215 47245.04 42480.496 33457.008 28201.191 28957.389 44603.348 63177.84 68059.82 69553.16 68523.18 57614.824 73442.3 62236.63 55026.23 65524.605 66212.8 38276.332 22007.129 0.0 0.0 -999999.0 -999999.0 -999999.0 -999999.0 -999999.0 -999999.0 -999999.0 -999999.0 -999999.0 -999999.0 -999999.0 -999999.0 -999999.0 -999999.0 -999999.0 -999999.0 -999999.0 -999999.0 -999999.0 -999999.0 -999999.0 -999999.0
26624.879 23927.021 21838.338 24129.309 29776.693 32643.299 38430.34 41097.223 44036.52 43170.043 45895.78 46150.168 48667.434 51478.324 57836.332 60835.164 60940.695 57685.61 57833.777 59345.438 57739.29 50297.37 36639.58 28286.273 31753.846 52622.082 80812.22 68275.8 66392.11 68209.34 57011.418 61500.13 57864.52 46757.22 47884.652 54340.406 35101.44 0.0 0.0 -999999.0 -999999.0 0.0 0.0 0.0 -999999.0 -999999.0 -999999.0 -999999.0 -999999.0 -999999.0 -999999.0 -999999.0 -999999.0 -999999.0 -999999.0 -999999.0 -999999.0 -999999.0 -999999.0 -999999.0 -999999.0 -999999.0
30488.375 27703.572 26015.096 27317.453 30961.867 32263.336 35043.93 38022.28 41313.773 40201.984 43436.312 49013.473 53305.9 56652.117 61799.88 67978.375 63092.758 52138.875 53292.82 61695.402 61536.504 55212.742 43997.223 38451.895 35925.52 64098.594 82438.67 81159.17 71970.12 70343.87 52179.324 44470.418 50659.2 44173.46 28714.588 24239.23 18804.38 -999999.0 -999999.0 -999999.0 -999999.0 0.0 0.0 0.0 0.0 -999999.0 -999999.0 -999999.0 -999999.0 -999999.0 -999999.0 -999999.0 -999999.0 -999999.0 -999999.0 -999999.0 -999999.0 -999999.0 -999999.0 -999999.0 -999999.0 -999999.0
32196.004 29940.332 29058.98 30144.467 30524.06 30584.064 32694.701 35686.72 39622.93 41487.367 43449.914 51015.812 54676.867 56551.58 63061.836 67518.01 58233.72 42967.83 40770.21 46619.453 47771.277 54686.52 53037.09 53220.9 56430.715 65187.33 72134.04 77997.02 71434.91 68331.7 45453.793 36690.688 48665.805 58321.863 27581.113 -999999.0 -999999.0 -999999.0 -999999.0 -999999.0 0.0 0.0 0.0 0.0 0.0 -999999.0 -999999.0 -999999.0 -999999.0 -999999.0 -999999.0 -999999.0 -999999.0 -999999.0 -999999.0 -999999.0 -999999.0 -999999.0 -999999.0 -999999.0 -999999.0 -999999.0
32908.867 31253.477 30412.45 29454.795 27945.18 28180.201 30503.922 33835.773 37472.875 39383.543 42174.258 48457.98 50615.324 49406.566 54334.156 60607.867 53377.402 43876.11 35532.84 31299.938 26888.559 35330.76 47873.0 60900.06 63240.71 58416.188 60695.918 67291.15 66364.76 68507.03 52549.773 46026.8 52350.88 56237.883 31784.486 0.0 -999999.0 -999999.0 -999999.0 0.0 0.0 0.0 0.0 0.0 0.0 -999999.0 -999999.0 -999999.0 -999999.0 -999999.0 -999999.0 -999999.0 -999999.0 -999999.0 -999999.0 -999999.0 -999999.0 -999999.0 -999999.0 -999999.0 -999999.0 -999999.0
32801.188 31355.822 29982.11 28155.086 26837.646 28077.9 28554.607 30273.898 35501.957 41053.51 43894.37 47127.47 47062.86 44283.176 36065.797 41047.473 41416.348 33961.734 25543.596 15898.679 12644.026 29417.482 52191.734 60523.0 60679.258 55515.84 49569.41 65475.117 72449.02 69705.78 53474.266 52659.11 58338.5 53593.535 38568.473 39610.883 24934.31 0.0 -999999.0 0.0 12970.105 0.0 0.0 0.0 -999999.0 -999999.0 -999999.0 -999999.0 -999999.0 -999999.0 -999999.0 -999999.0 -999999.0 -999999.0 -999999.0 -999999.0 -999999.0 -999999.0 -999999.0 -999999.0 -999999.0 -999999.0
33414.195 31762.516 29805.822 29641.705 28110.965 26053.162 29031.809 31101.592 35402.062 40072.12 36419.52 45062.484 45864.668 37718.113 28867.068 25025.662 20207.004 17626.049 13091.382 0.0 0.0 29473.152 46863.492 59168.99 54414.02 49447.31 39728.13 44119.516 56272.918 62321.9 63316.574 60679.207 65153.316 57446.695 52932.5 55182.383 41262.355 38149.11 46328.844 32219.074 16447.367 0.0 0.0 -999999.0 -999999.0 -999999.0 -999999.0 -999999.0 -999999.0 -999999.0 -999999.0 -999999.0 -999999.0 -999999.0 -999999.0 -999999.0 -999999.0 -999999.0 -999999.0 -999999.0 -999999.0 -999999.0
33439.58 32033.066 29740.217 28493.422 29666.574 28791.969 30952.78 32866.703 25974.32 19513.822 32720.855 41586.355 47385.78 38105.426 27731.22 17304.549 0.0 0.0 13399.103 14310.593 19062.455 40763.316 46962.383 52288.133 50212.87 38168.227 35709.805 43487.434 49247.082 58358.926 63627.785 57258.652 57849.64 58696.25 59494.168 60635.656 52644.75 53296.785 46462.613 32806.5 25773.656 22918.562 0.0 -999999.0 -999999.0 -999999.0 -999999.0 -999999.0 -999999.0 -999999.0 -999999.0 -999999.0 -999999.0 -999999.0 -999999.0 -999999.0 -999999.0 -999999.0 -999999.0 -999999.0 -999999.0 -999999.0
33478.0 32250.906 31751.293 29379.865 37475.004 32425.773 21709.82 16267.709 0.0 0.0 25702.158 33507.57 35791.73 28486.293 17354.225 0.0 0.0 14432.861 20330.658 24069.004 20350.328 28205.908 41705.23 48486.945 43084.82 33525.69 33976.133 44662.28 52780.17 60830.03 60919.84 57917.957 55387.13 60129.79 53870.875 59317.332 59189.73 46731.83 38538.133 38560.887 31232.65 17392.084 0.0 0.0 -999999.0 -999999.0 -999999.0 -999999.0 -999999.0 -999999.0 -999999.0 -999999.0 -999999.0 -999999.0 -999999.0 -999999.0 -999999.0 -999999.0 -999999.0 -999999.0 -999999.0 -999999.0
29879.97 30823.701 29933.281 26546.39 31560.596 33138.76 0.0 0.0 0.0 22150.346 21345.635 23487.896 29367.389 22220.041 0.0 -999999.0 0.0 21391.066 22723.05 19016.393 22018.912 28912.035 35972.113 42234.098 34654.152 23159.143 28386.508 41559.535 50864.67 60969.82 60625.285 61476.414 59795.67 56444.066 49523.05 61313.867 53927.17 40829.074 36127.76 36186.37 24335.332 18624.611 0.0 0.0 0.0 -999999.0 -999999.0 -999999.0 -999999.0 -999999.0 -999999.0 -999999.0 -999999.0 -999999.0 -999999.0 -999999.0 -999999.0 -999999.0 -999999.0 -999999.0 -999999.0 -999999.0
21948.936 25040.924 25835.275 19956.037 0.0 0.0 0.0 14303.217 23814.56 34998.613 32934.73 29614.576 34478.51 31852.062 0.0 12695.351 20536.967 27561.043 21025.572 15125.165 17870.88 20363.43 30107.1 31068.912 18839.463 0.0 13623.683 32980.25 47154.96 54032.324 51943.04 56130.19 56435.715 59944.72 51962.746 57214.74 47274.31 31183.92 25510.195 24159.389 24118.268 0.0 0.0 0.0 0.0 0.0 -999999.0 -999999.0 -999999.0 -999999.0 -999999.0 -999999.0 -999999.0 -999999.0 -999999.0 -999999.0 -999999.0 -999999.0 -999999.0 -999999.0 -999999.0 -999999.0
19981.428 22508.523 22744.914 21213.545 17850.428 0.0 18703.309 33450.324 50839.176 53031.05 30840.78 27399.994 30007.22 29375.926 21221.514 18222.361 21559.893 19969.652 15339.436 13388.144 17685.254 23724.014 25272.062 25054.229 0.0 -999999.0 0.0 21531.709 35694.734 37885.33 46809.9 41772.04 29328.232 43792.41 47713.473 50379.45 37136.23 21246.783 17123.873 19645.023 32273.807 14940.368 0.0 0.0 -999999.0 -999999.0 -999999.0 -999999.0 -999999.0 -999999.0 -999999.0 -999999.0 -999999.0 -999999.0 -999999.0 -999999.0 -999999.0 -999999.0 -999999.0 -999999.0 -999999.0 -999999.0
22249.59 24963.883 26167.33 27423.123 24038.422 13520.354 21637.049 38429.85 51118.953 54153.008 31281.834 28159.28 26708.209 27457.914 22673.643 15399.348 14908.274 15195.533 13366.159 0.0 16536.666 23985.436 28835.842 30698.77 21763.36 0.0 16232.327 26541.984 47462.312 62268.87 57183.523 37526.58 23531.674 46204.95 63892.47 32805.344 18743.451 20675.582 19431.207 20818.145 28371.21 17013.559 0.0 -999999.0 -999999.0 -999999.0 -999999.0 -999999.0 -999999.0 -999999.0 -999999.0 -999999.0 -999999.0 -999999.0 -999999.0 -999999.0 -999999.0 -999999.0 -999999.0 -999999.0 -999999.0 -999999.0
25478.814 26519.635 26446.984 25391.908 23003.771 0.0 16979.818 32688.484 35350.754 35578.785 24559.502 17762.049 19906.117 24574.17 24427.832 16930.818 0.0 0.0 0.0 0.0 14639.169 22421.281 32742.533 35740.895 34009.676 30236.99 30253.299 41031.56 67216.97 91740.88 77865.55 60954.844 57374.574 56358.508 64007.715 37802.844 26398.838 26860.074 24024.338 18118.615 17445.285 0.0 0.0 0.0 -999999.0 -999999.0 -999999.0 -999999.0 -999999.0 -999999.0 -999999.0 -999999.0 -999999.0 -999999.0 -999999.0 -999999.0 -999999.0 -999999.0 -999999.0 -999999.0 -999999.0 -999999.0
27311.742 30738.67 30877.758 28086.984 23477.057 25809.686 21713.26 35421.33 30579.512 28838.857 20062.963 13937.788 13151.057 15338.407 17406.803 0.0 -999999.0 -999999.0 -999999.0 0.0 14640.722 19886.965 28221.984 29282.3 32727.172 35661.402 34768.887 55087.113 89595.17 110701.1 80223.5 70571.01 73301.17 63698.53 57256.242 47640.04 44450.484 39711.59 31596.965 17219.852 15839.748 0.0 0.0 0.0 0.0 -999999.0 -999999.0 -999999.0 -999999.0 -999999.0 -999999.0 -999999.0 -999999.0 -999999.0 -999999.0 -999999.0 -999999.0 -999999.0 -999999.0 -999999.0 -999999.0 -999999.0
28783.295 32489.312 35629.805 35460.215 23985.852 19393.428 29525.643 40990.992 33007.164 22921.973 0.0 0.0 -999999.0 0.0 0.0 -999999.0 -999999.0 -999999.0 -999999.0 -999999.0 15253.922 15249.967 22015.611 24465.441 27072.834 29102.254 26127.723 60921.38 79054.695 72731.055 58867.953 55566.867 56082.156 54703.75 48813.168 40536.94 39315.7 39417.996 37438.434 29941.957 17451.01 0.0 0.0 0.0 0.0 -999999.0 -999999.0 -999999.0 -999999.0 -999999.0 -999999.0 -999999.0 -999999.0 -999999.0 -999999.0 -999999.0 -999999.0 -999999.0 -999999.0 -999999.0 -999999.0 -999999.0
25974.162 36506.63 36931.527 35215.664 26270.814 19350.56 20627.467 42804.9 32369.482 15639.482 -999999.0 -999999.0 -999999.0 -999999.0 0.0 -999999.0 -999999.0 -999999.0 -999999.0 0.0 12872.908 16900.809 23127.822 22741.879 20903.91 18247.715 34232.37 49929.715 53485.91 47785.062 48299.68 50286.96 43554.957 44607.938 43949.316 47644.605 45919.074 44355.75 39128.07 34584.21 26812.273 16811.52 0.0 0.0 0.0 0.0 -999999.0 -999999.0 -999999.0 -999999.0 -999999.0 -999999.0 -999999.0 -999999.0 -999999.0 -999999.0 -999999.0 -999999.0 -999999.0 -999999.0 -999999.0 -999999.0
78814.375 106313.81 41691.098 39359.68 36519.203 31205.54 22805.936 18398.805 40305.62 15645.828 0.0 0.0 0.0 0.0 22264.3 0.0 -999999.0 -999999.0 0.0 0.0 0.0 20912.285 29935.34 30249.72 25919.764 20290.041 23834.393 37875.934 37480.33 32968.26 28205.832 27672.285 38512.594 43367.043 52793.69 45150.82 46164.793 47040.55 40369.203 32406.098 26794.107 0.0 0.0 0.0 0.0 -999999.0 -999999.0 -999999.0 -999999.0 -999999.0 -999999.0 -999999.0 -999999.0 -999999.0 -999999.0 -999999.0 -999999.0 -999999.0 -999999.0 -999999.0 -999999.0 -999999.0
93907.84 109877.836 157688.47 182181.84 50261.543 36107.902 30198.713 32857.207 23363.303 18499.896 30805.842 28526.43 24152.867 22679.244 17990.057 0.0 -999999.0 -999999.0 -999999.0 -999999.0 0.0 22335.385 37513.652 32946.1 35151.51 25182.768 18290.217 22837.457 22876.639 20501.098 0.0 14043.611 29049.31 37060.49 48831.348 49783.277 46086.305 39506.918 36480.12 30727.025 0.0 0.0 0.0 -999999.0 -999999.0 -999999.0 -999999.0 -999999.0 -999999.0 -999999.0 -999999.0 -999999.0 -999999.0 -999999.0 -999999.0 -999999.0 -999999.0 -999999.0 -999999.0 -999999.0 -999999.0 -999999.0
