data/TNO-HT-ATES/HT-ATES_msz3/msz3__energy_out_P50_basecase_80-45-40.asc
ncols  140
nrows  163
xllcorner  0.0
yllcorner  300000.0
cellsize  2000.0
NODATA_value  -999999.0
[rows 54 to 80 of 163, columns 62 to 123 of 140]
12994.499 16679.865 23330.6 28346.014 30336.34 32739.691 33199.824 34472.633 37855.637 41423.22 44737.17 45541.9 42354.375 38048.727 35351.56 34108.13 30736.268 23374.28 20381.309 22295.504 21968.924 19986.814 21286.68 24742.312 27217.764 28887.852 33996.562 37283.52 36264.145 31089.047 20554.125 13920.072 5681.1885 0.0 -999999.0 -999999.0 -999999.0 -999999.0 -999999.0 -999999.0 0.0 0.0 0.0 0.0 0.0 -999999.0 -999999.0 -999999.0 -999999.0 -999999.0 -999999.0 -999999.0 -999999.0 -999999.0 -999999.0 -999999.0 -999999.0 -999999.0 -999999.0 -999999.0 -999999.0 -999999.0
18647.127 18289.89 24284.033 28010.328 28267.598 30241.479 32945.41 34439.254 38134.41 39899.664 41690.76 42266.41 39421.977 35698.49 32809.168 29539.959 27319.229 20300.63 18960.84 22608.71 23515.693 22764.871 23003.938 25635.121 27259.82 31799.758 39265.133 40880.977 37753.652 32762.28 20744.062 13541.007 0.0 -999999.0 -999999.0 -999999.0 -999999.0 -999999.0 -999999.0 -999999.0 -999999.0 -999999.0 -999999.0 -999999.0 0.0 -999999.0 -999999.0 -999999.0 -999999.0 -999999.0 -999999.0 -999999.0 -999999.0 -999999.0 -999999.0 -999999.0 -999999.0 -999999.0 -999999.0 -999999.0 -999999.0 -999999.0
15043.018 18725.46 23736.324 27728.71 27663.602 28778.629 30334.24 32828.75 38154.457 39265.12 41124.15 39602.81 36107.266 32953.43 30760.75 29055.65 25468.738 20390.885 19310.998 21638.39 25666.498 24403.96 24793.63 26591.314 27352.73 28837.422 36307.043 42989.844 43962.043 38829.71 18958.533 10446.542 0.0 0.0 -999999.0 -999999.0 -999999.0 -999999.0 -999999.0 -999999.0 -999999.0 -999999.0 -999999.0 -999999.0 0.0 -999999.0 -999999.0 -999999.0 -999999.0 -999999.0 -999999.0 -999999.0 -999999.0 -999999.0 -999999.0 -999999.0 -999999.0 -999999.0 -999999.0 -999999.0 -999999.0 -999999.0
12195.3545 16040.078 20595.67 23558.717 26284.408 27529.01 27394.922 29331.535 36382.625 39748.05 41361.234 37778.074 35377.305 32715.559 29806.723 26593.688 21848.768 15822.475 16946.941 22103.404 22982.227 23550.709 26786.484 27724.879 28447.486 31924.604 34487.363 49864.76 51361.89 44810.51 19904.941 10129.852 5404.601 0.0 0.0 -999999.0 -999999.0 -999999.0 -999999.0 -999999.0 -999999.0 -999999.0 -999999.0 -999999.0 -999999.0 -999999.0 -999999.0 -999999.0 -999999.0 -999999.0 -999999.0 -999999.0 -999999.0 -999999.0 -999999.0 -999999.0 -999999.0 -999999.0 -999999.0 -999999.0 -999999.0 -999999.0
10005.978 12833.884 15872.268 19647.457 23599.525 26912.861 24888.771 24131.633 31081.44 37564.49 38161.297 35285.992 34933.18 31269.676 25469.844 23711.084 15719.549 11558.131 15712.862 21094.586 23324.21 24110.402 27781.555 28744.783 30811.646 35064.17 48492.703 55120.01 49842.7 42453.754 24629.549 14859.741 10152.13 9201.484 9563.723 5970.79 0.0 -999999.0 -999999.0 -999999.0 -999999.0 -999999.0 -999999.0 -999999.0 -999999.0 -999999.0 -999999.0 -999999.0 -999999.0 -999999.0 -999999.0 -999999.0 -999999.0 -999999.0 -999999.0 -999999.0 -999999.0 -999999.0 -999999.0 -999999.0 -999999.0 -999999.0
9238.108 11611.721 13173.98 17974.002 20839.334 26796.436 23906.578 22331.256 26073.24 33186.06 31559.545 30233.977 29566.783 26819.967 22614.264 23079.787 13933.931 12395.194 15330.756 17542.893 21922.76 24284.344 29531.828 31868.662 34172.35 36867.633 54064.97 58859.543 51142.926 41425.094 28285.836 17684.037 19300.738 16246.19 17093.477 17443.08 12389.016 7928.458 -999999.0 -999999.0 -999999.0 -999999.0 -999999.0 -999999.0 -999999.0 -999999.0 -999999.0 -999999.0 -999999.0 -999999.0 -999999.0 -999999.0 -999999.0 -999999.0 -999999.0 -999999.0 -999999.0 -999999.0 -999999.0 -999999.0 -999999.0 -999999.0
9661.419 12439.652 9378.132 22190.25 21345.71 25006.586 24386.008 26367.404 28014.66 28789.215 29872.926 28073.17 24763.936 23283.582 25377.918 28237.408 20663.377 17410.838 16705.455 15599.97 19584.291 23542.676 29848.053 34131.938 40062.438 40504.812 54551.234 60521.863 57788.78 49082.28 42304.75 32805.508 28264.402 25519.49 24793.34 24529.5 18745.795 11991.446 5854.4634 0.0 5321.0327 -999999.0 -999999.0 -999999.0 -999999.0 -999999.0 -999999.0 -999999.0 -999999.0 -999999.0 -999999.0 -999999.0 -999999.0 -999999.0 -999999.0 -999999.0 -999999.0 -999999.0 -999999.0 -999999.0 -999999.0 -999999.0
10506.763 12939.178 15335.986 23645.982 20405.998 23361.422 24225.328 27010.426 27390.629 27496.979 25777.654 26212.771 23898.555 23390.53 23782.186 21571.727 22420.664 21680.332 18898.225 16232.917 19181.646 23888.275 25446.873 33753.59 40503.715 44393.703 57971.6 70091.17 64486.734 60488.22 52624.156 47033.695 41150.254 31915.396 24209.133 30313.146 21230.25 11333.616 11359.074 18105.264 21837.473 0.0 -999999.0 -999999.0 -999999.0 -999999.0 -999999.0 -999999.0 -999999.0 -999999.0 -999999.0 -999999.0 -999999.0 -999999.0 -999999.0 -999999.0 -999999.0 -999999.0 -999999.0 -999999.0 -999999.0 -999999.0
12022.147 13020.64 14115.644 14880.911 18248.793 20329.158 23109.95 26967.54 27151.367 26322.734 26558.287 27029.85 28336.625 26433.764 20040.547 18740.473 19699.297 21646.133 20462.244 18534.596 20376.746 23260.105 26835.135 28280.35 30960.904 46944.008 59167.066 74993.734 73620.23 64150.12 60994.746 52043.04 46278.99 35662.004 27278.975 36074.758 21651.818 8137.5864 7788.584 18263.598 11043.022 0.0 -999999.0 -999999.0 -999999.0 -999999.0 -999999.0 -999999.0 -999999.0 -999999.0 -999999.0 -999999.0 -999999.0 -999999.0 -999999.0 -999999.0 -999999.0 -999999.0 -999999.0 -999999.0 -999999.0 -999999.0
13444.718 12700.908 12527.359 14694.057 17957.248 18161.775 20365.637 26910.691 27983.717 25211.918 27491.395 29182.24 26157.41 23400.07 19556.824 21658.86 22435.506 23683.17 23201.826 21410.371 20856.062 20699.838 24779.066 24944.68 26679.512 28264.24 33098.98 34312.508 74110.375 61243.414 56929.723 41418.62 50858.28 38149.406 24847.256 31189.967 14310.133 10093.6 13177.487 14337.765 0.0 -999999.0 -999999.0 -999999.0 -999999.0 -999999.0 -999999.0 -999999.0 -999999.0 -999999.0 -999999.0 -999999.0 -999999.0 -999999.0 -999999.0 -999999.0 -999999.0 -999999.0 -999999.0 -999999.0 -999999.0 -999999.0
14545.832 11568.729 10618.658 13688.522 18241.209 17720.059 20562.574 26143.357 28575.146 26629.467 26691.213 27785.074 24314.86 20536.643 22774.357 25862.537 28108.264 28047.934 27443.6 25678.158 23340.201 22726.062 20948.398 19800.121 21130.361 20763.562 34699.14 34723.29 36366.27 45555.61 40059.766 52481.473 47146.516 39815.64 31491.531 29734.867 17141.326 10788.886 14172.982 6082.997 0.0 -999999.0 -999999.0 -999999.0 -999999.0 -999999.0 -999999.0 -999999.0 -999999.0 -999999.0 -999999.0 -999999.0 -999999.0 -999999.0 -999999.0 -999999.0 -999999.0 -999999.0 -999999.0 -999999.0 -999999.0 -999999.0
15096.984 11200.278 10689.204 13422.332 17879.951 19522.367 22743.77 26150.855 29378.102 32786.062 34828.992 27785.611 25683.639 24101.135 27205.436 31006.209 31410.746 32706.186 32423.328 31604.918 30585.412 27076.42 20476.252 16647.502 17160.383 26622.99 39622.97 43119.023 44026.293 42953.016 35021.664 46506.688 36115.855 33011.062 40385.043 40771.133 21028.309 10257.047 0.0 0.0 -999999.0 -999999.0 -999999.0 -999999.0 -999999.0 -999999.0 -999999.0 -999999.0 -999999.0 -999999.0 -999999.0 -999999.0 -999999.0 -999999.0 -999999.0 -999999.0 -999999.0 -999999.0 -999999.0 -999999.0 -999999.0 -999999.0
15857.619 13989.394 12559.061 14164.101 18136.25 20171.838 24316.77 26237.834 28363.715 27738.438 29710.594 29912.416 31792.578 33867.062 38608.605 40918.953 40979.277 38515.94 38522.316 39473.44 38280.47 32811.445 22756.81 16723.793 19185.814 32147.367 52417.617 43192.16 41728.805 42916.434 34680.023 37919.133 33153.137 27118.016 27889.951 32332.305 18962.516 0.0 0.0 -999999.0 -999999.0 0.0 0.0 0.0 -999999.0 -999999.0 -999999.0 -999999.0 -999999.0 -999999.0 -999999.0 -999999.0 -999999.0 -999999.0 -999999.0 -999999.0 -999999.0 -999999.0 -999999.0 -999999.0 -999999.0 -999999.0
18518.908 16581.797 15423.777 16356.535 18925.832 19852.57 21846.053 23980.877 26367.518 25542.775 27871.896 31958.066 35133.113 37601.562 41415.57 46202.305 42590.35 34370.164 35063.53 41025.94 41053.293 36542.566 28216.732 22477.291 20763.693 40465.87 53694.785 52886.777 46000.56 44729.59 31371.064 25776.46 30095.12 25360.074 14696.211 11775.169 8482.974 -999999.0 -999999.0 -999999.0 -999999.0 0.0 0.0 0.0 0.0 -999999.0 -999999.0 -999999.0 -999999.0 -999999.0 -999999.0 -999999.0 -999999.0 -999999.0 -999999.0 -999999.0 -999999.0 -999999.0 -999999.0 -999999.0 -999999.0 -999999.0
19649.098 18098.96 17502.125 18301.912 18586.633 18621.533 20124.758 22257.97 25084.912 26431.81 27851.934 33365.035 36082.24 37466.79 42267.3 45601.426 38870.445 27598.184 25882.215 30055.973 30984.727 33964.78 32742.4 32844.8 35095.734 41355.996 46377.594 50757.742 45724.027 41071.445 26630.09 20371.984 28681.527 35459.188 13934.215 -999999.0 -999999.0 -999999.0 -999999.0 -999999.0 0.0 0.0 0.0 0.0 0.0 -999999.0 -999999.0 -999999.0 -999999.0 -999999.0 -999999.0 -999999.0 -999999.0 -999999.0 -999999.0 -999999.0 -999999.0 -999999.0 -999999.0 -999999.0 -999999.0 -999999.0
20102.508 18972.316 18413.914 17781.24 16750.549 16904.416 18528.264 20897.152 23489.52 24861.883 26870.379 31407.342 32996.38 32130.098 35781.98 40400.16 35271.285 28244.002 22076.752 19017.39 15809.534 20411.139 29177.73 38452.785 40053.285 36496.113 38061.074 42863.715 42022.78 41243.21 31733.207 26962.902 31361.486 34032.043 16762.82 0.0 -999999.0 -999999.0 -999999.0 0.0 0.0 0.0 0.0 0.0 0.0 -999999.0 -999999.0 -999999.0 -999999.0 -999999.0 -999999.0 -999999.0 -999999.0 -999999.0 -999999.0 -999999.0 -999999.0 -999999.0 -999999.0 -999999.0 -999999.0 -999999.0
19987.248 19002.71 18068.316 16836.506 15943.411 16778.695 17103.6 18307.387 22023.438 25981.318 28035.701 30367.084 30342.062 28384.645 22473.004 26109.68 26436.166 20987.916 14948.142 8279.307 6054.273 16380.692 32277.242 38286.25 38244.348 34434.062 30070.941 39439.92 44254.523 42101.53 32440.705 31737.656 33658.01 30305.072 21459.895 22098.076 12190.794 0.0 -999999.0 0.0 5382.442 0.0 0.0 0.0 -999999.0 -999999.0 -999999.0 -999999.0 -999999.0 -999999.0 -999999.0 -999999.0 -999999.0 -999999.0 -999999.0 -999999.0 -999999.0 -999999.0 -999999.0 -999999.0 -999999.0 -999999.0
20367.162 19228.863 17888.826 17779.775 16735.822 15314.33 17382.777 18836.234 21884.373 25207.473 22595.324 28850.818 29431.006 23575.342 17294.816 14581.706 11237.193 9384.483 6363.7803 0.0 0.0 16361.545 28405.617 37149.72 33668.973 30061.17 23049.344 26069.846 32906.34 37014.477 37520.098 35514.54 38549.887 32985.965 31636.033 33052.215 23210.764 21006.254 26562.764 17036.482 7890.7617 0.0 0.0 -999999.0 -999999.0 -999999.0 -999999.0 -999999.0 -999999.0 -999999.0 -999999.0 -999999.0 -999999.0 -999999.0 -999999.0 -999999.0 -999999.0 -999999.0 -999999.0 -999999.0 -999999.0 -999999.0
20340.633 19375.643 17794.354 16940.738 17730.387 17127.447 18648.715 20004.41 15175.356 10772.179 19913.441 26257.63 30540.469 23809.57 16424.24 9155.744 0.0 0.0 6567.3784 7125.1465 10365.278 24048.898 28384.615 32151.193 30589.268 22057.852 20243.918 25627.314 28035.768 34238.617 37784.184 33163.715 33422.152 33885.875 36361.156 37033.586 31236.783 31496.502 26643.578 18888.465 14023.062 12069.931 0.0 -999999.0 -999999.0 -999999.0 -999999.0 -999999.0 -999999.0 -999999.0 -999999.0 -999999.0 -999999.0 -999999.0 -999999.0 -999999.0 -999999.0 -999999.0 -999999.0 -999999.0 -999999.0 -999999.0
20321.77 19487.28 19151.125 17496.93 23172.244 19598.828 12232.288 8574.867 0.0 0.0 14948.602 20436.023 22070.102 16911.25 9183.129 0.0 0.0 7190.492 11128.336 13671.464 11087.601 15432.273 24610.637 29383.445 25538.52 18783.055 19018.32 24982.113 30453.074 36045.125 36010.184 33726.176 31860.297 34927.73 32341.584 36144.164 35922.695 27015.457 21348.072 22959.146 17728.535 8564.803 0.0 0.0 -999999.0 -999999.0 -999999.0 -999999.0 -999999.0 -999999.0 -999999.0 -999999.0 -999999.0 -999999.0 -999999.0 -999999.0 -999999.0 -999999.0 -999999.0 -999999.0 -999999.0 -999999.0
17802.73 18446.006 17833.984 15510.829 18948.73 20050.01 0.0 0.0 0.0 12409.04 11926.785 13371.14 17472.418 12549.24 0.0 -999999.0 0.0 11810.48 12740.012 10124.79 11261.061 15810.318 20638.643 24903.316 19583.232 11713.4 15104.129 22848.025 29182.756 36113.32 35832.633 36318.71 34928.55 32425.197 29277.635 37478.57 32182.006 23001.082 19736.121 21299.836 13133.33 9377.711 0.0 0.0 0.0 -999999.0 -999999.0 -999999.0 -999999.0 -999999.0 -999999.0 -999999.0 -999999.0 -999999.0 -999999.0 -999999.0 -999999.0 -999999.0 -999999.0 -999999.0 -999999.0 -999999.0
12386.518 14449.132 14979.283 11021.795 0.0 0.0 0.0 7145.511 13527.994 21366.756 19902.639 17584.35 21020.37 19165.928 0.0 6067.8833 11224.655 16059.242 11526.334 7578.8745 9354.063 11011.178 16486.664 17083.293 8942.283 0.0 5590.695 17107.182 26591.348 31289.975 29773.604 32656.184 32692.035 34890.25 30972.494 34583.79 27524.762 16582.822 12893.681 13064.839 12991.795 0.0 0.0 0.0 0.0 0.0 -999999.0 -999999.0 -999999.0 -999999.0 -999999.0 -999999.0 -999999.0 -999999.0 -999999.0 -999999.0 -999999.0 -999999.0 -999999.0 -999999.0 -999999.0 -999999.0
10992.57 12680.42 12812.628 11750.919 9449.344 0.0 9992.6875 20161.875 32654.617 34404.777 18349.076 15981.162 17802.945 17330.756 11677.65 9670.164 11877.789 10767.161 7689.2397 6463.258 9195.101 12332.644 13278.2705 12997.41 0.0 -999999.0 0.0 9774.299 18815.719 20217.465 26265.639 22785.723 14452.764 23909.404 28019.738 29727.797 20545.145 10152.813 7692.864 10125.249 18476.264 7124.1035 0.0 0.0 -999999.0 -999999.0 -999999.0 -999999.0 -999999.0 -999999.0 -999999.0 -999999.0 -999999.0 -999999.0 -999999.0 -999999.0 -999999.0 -999999.0 -999999.0 -999999.0 -999999.0 -999999.0
12418.107 14260.967 15034.101 15907.6 13568.406 6541.6167 11919.451 23607.049 32748.598 35162.33 18597.047 16446.547 15440.2705 15919.476 12583.966 7736.352 7392.999 7601.0117 6374.0913 0.0 8420.486 13435.953 15625.646 16771.666 10746.778 0.0 7117.125 13770.019 28326.188 36996.742 33402.145 19991.152 10886.306 27130.23 39459.156 17592.082 8615.226 10779.719 9962.391 10899.799 15849.551 8442.449 0.0 -999999.0 -999999.0 -999999.0 -999999.0 -999999.0 -999999.0 -999999.0 -999999.0 -999999.0 -999999.0 -999999.0 -999999.0 -999999.0 -999999.0 -999999.0 -999999.0 -999999.0 -999999.0 -999999.0
14563.004 15265.598 15192.365 14465.208 12827.918 0.0 8771.68 19469.361 21364.865 21557.496 13886.946 9318.813 10742.665 13844.173 13740.012 8715.15 0.0 0.0 0.0 0.0 7135.397 12315.832 18123.121 20122.56 18923.873 16295.547 16244.532 23744.97 42441.215 60700.56 50406.504 37880.906 35224.105 34299.336 39424.91 20981.643 13487.011 15019.325 13063.768 9133.252 8701.383 0.0 0.0 0.0 -999999.0 -999999.0 -999999.0 -999999.0 -999999.0 -999999.0 -999999.0 -999999.0 -999999.0 -999999.0 -999999.0 -999999.0 -999999.0 -999999.0 -999999.0 -999999.0 -999999.0 -999999.0
15798.716 18162.082 18247.693 16264.494 13072.671 14673.131 11804.374 21396.03 17943.115 16738.684 10715.68 6656.2476 6150.1357 7596.885 8966.448 0.0 -999999.0 -999999.0 -999999.0 0.0 7140.9863 10537.299 15069.843 15791.641 17991.967 19948.496 19315.342 33617.023 58553.273 74576.66 51796.023 44590.195 46524.92 39307.367 34530.9 27605.725 25434.678 23832.107 18164.88 8611.611 7778.559 0.0 0.0 0.0 0.0 -999999.0 -999999.0 -999999.0 -999999.0 -999999.0 -999999.0 -999999.0 -999999.0 -999999.0 -999999.0 -999999.0 -999999.0 -999999.0 -999999.0 -999999.0 -999999.0 -999999.0
16768.979 19365.781 21583.025 21435.105 13408.761 10249.345 17145.426 25335.49 19579.521 12513.434 0.0 0.0 -999999.0 0.0 0.0 -999999.0 -999999.0 -999999.0 -999999.0 -999999.0 7426.142 7401.3433 10946.581 12545.298 14223.0205 15391.809 13474.47 37563.113 50599.773 46192.547 36055.05 33656.48 33911.156 32829.523 28610.809 24712.725 23682.064 23626.56 22133.984 16976.22 8778.423 0.0 0.0 0.0 0.0 -999999.0 -999999.0 -999999.0 -999999.0 -999999.0 -999999.0 -999999.0 -999999.0 -999999.0 -999999.0 -999999.0 -999999.0 -999999.0 -999999.0 -999999.0 -999999.0 -999999.0
