data/TNO-HT-ATES/HT-ATES_msz3/msz3__flowr_P50_basecase_80-45-40.asc
ncols  140
nrows  163
xllcorner  0.0
yllcorner  300000.0
cellsize  2000.0
NODATA_value  -999999.0
[rows 54 to 80 of 163, columns 61 to 121 of 140]
44.97284 45.867374 56.70085 76.966705 91.90404 97.47284 104.793015 106.10266 110.03008 120.76021 131.71552 141.97342 144.7549 135.28474 122.36497 114.49288 111.109024 101.06586 79.030426 69.85628 75.71026 76.16788 70.19184 73.936356 85.046074 92.600945 97.73289 113.90647 124.037766 121.21703 105.38626 73.632965 54.177094 27.025879 2.5860367 -999999.0 -999999.0 -999999.0 -999999.0 -999999.0 -999999.0 3.017105 2.830899 1.0919876 6.9369054 15.195675 -999999.0 -999999.0 -999999.0 -999999.0 -999999.0 -999999.0 -999999.0 -999999.0 -999999.0 -999999.0 -999999.0 -999999.0 -999999.0 -999999.0 -999999.0
57.842888 63.08016 61.57265 79.70442 90.662735 91.314926 97.37319 105.2938 109.63871 121.239685 126.48685 132.45558 134.67099 126.80562 115.68851 106.89119 97.49311 91.03846 69.90859 65.831184 76.81559 80.925865 78.532745 79.112785 87.7539 92.61069 106.4492 129.49573 134.40204 125.831566 111.0715 75.0504 53.595856 20.853872 -999999.0 -999999.0 -999999.0 -999999.0 -999999.0 -999999.0 -999999.0 -999999.0 -999999.0 -999999.0 -999999.0 9.399708 -999999.0 -999999.0 -999999.0 -999999.0 -999999.0 -999999.0 -999999.0 -999999.0 -999999.0 -999999.0 -999999.0 -999999.0 -999999.0 -999999.0 -999999.0
48.641056 51.743397 62.777523 77.85179 89.87869 89.460846 92.776054 97.49272 104.779976 121.534065 124.86343 130.66966 126.81704 116.83047 107.31275 100.682755 96.006424 85.21802 70.13696 66.95861 73.72727 87.500275 83.679756 85.17242 90.95219 93.01549 97.11387 119.75379 142.14056 144.8884 130.80559 72.21516 44.775337 17.067225 3.7315717 -999999.0 -999999.0 -999999.0 -999999.0 -999999.0 -999999.0 -999999.0 -999999.0 -999999.0 -999999.0 6.068952 -999999.0 -999999.0 -999999.0 -999999.0 -999999.0 -999999.0 -999999.0 -999999.0 -999999.0 -999999.0 -999999.0 -999999.0 -999999.0 -999999.0 -999999.0
36.122982 42.935425 54.52173 68.31296 77.11896 85.27633 88.90249 88.65437 94.60801 116.19404 126.38638 131.949 121.40644 114.74842 106.559135 97.782 88.287056 74.612114 56.07183 59.542206 75.20513 78.17962 80.59527 91.81891 94.76039 96.70346 106.609566 112.496574 161.919 168.64108 150.38086 76.23202 43.866676 25.522985 19.840363 18.553913 -999999.0 -999999.0 -999999.0 -999999.0 -999999.0 -999999.0 -999999.0 -999999.0 -999999.0 -999999.0 -999999.0 -999999.0 -999999.0 -999999.0 -999999.0 -999999.0 -999999.0 -999999.0 -999999.0 -999999.0 -999999.0 -999999.0 -999999.0 -999999.0 -999999.0
29.17594 36.176308 44.629322 53.841267 65.47488 77.29845 87.061844 81.309074 79.1516 100.38649 119.82595 122.539375 113.97777 113.42076 102.21569 84.437645 79.65335 56.17457 43.110466 55.94537 72.40896 79.52842 82.37403 94.23472 97.388145 104.48303 116.724365 158.15445 178.56477 164.32559 142.50354 88.4987 58.622124 42.799683 39.481346 40.782352 29.381176 8.485908 -999999.0 -999999.0 -999999.0 -999999.0 -999999.0 -999999.0 -999999.0 -999999.0 -999999.0 -999999.0 -999999.0 -999999.0 -999999.0 -999999.0 -999999.0 -999999.0 -999999.0 -999999.0 -999999.0 -999999.0 -999999.0 -999999.0 -999999.0
26.220314 33.970097 41.159447 45.936924 60.448467 69.198456 86.752266 78.462616 73.88378 85.150894 106.98491 102.1423 98.22718 96.70544 88.737045 75.703026 77.51194 50.492783 45.914482 54.918392 61.556427 75.199425 83.06224 99.95875 107.155014 113.747246 122.80479 174.4451 191.51038 169.30048 139.5467 99.04032 66.605064 73.113335 62.650784 65.80341 68.65051 52.34803 35.668327 -999999.0 -999999.0 -999999.0 -999999.0 -999999.0 -999999.0 -999999.0 -999999.0 -999999.0 -999999.0 -999999.0 -999999.0 -999999.0 -999999.0 -999999.0 -999999.0 -999999.0 -999999.0 -999999.0 -999999.0 -999999.0 -999999.0
24.460287 35.00087 43.600163 34.312843 73.010254 70.706406 81.54044 79.763016 85.94103 90.70986 93.58861 97.46766 91.859474 82.377144 78.35678 84.77099 93.61053 71.01723 61.114197 59.19898 55.746063 67.974396 80.78436 101.08146 113.91446 131.56447 132.64183 176.92676 197.38911 190.52988 163.77586 143.26411 115.53943 101.50486 92.9236 92.072754 92.27088 72.73346 49.50602 28.819956 19.934826 25.242542 -999999.0 -999999.0 -999999.0 -999999.0 -999999.0 -999999.0 -999999.0 -999999.0 -999999.0 -999999.0 -999999.0 -999999.0 -999999.0 -999999.0 -999999.0 -999999.0 -999999.0 -999999.0 -999999.0
25.104437 37.507557 45.16778 52.213505 77.110756 67.64206 76.63104 79.25384 87.548096 88.737366 89.87191 84.77941 86.275505 79.52832 78.7916 80.59225 74.08201 76.558876 74.41063 65.97582 57.71817 66.78565 81.98535 86.95646 112.766495 132.69986 146.02777 187.30345 227.26183 210.365 199.66368 175.21371 160.0585 142.04779 113.317055 89.506615 109.13115 80.56698 47.574665 47.92116 68.53858 78.31996 15.361256 -999999.0 -999999.0 -999999.0 -999999.0 -999999.0 -999999.0 -999999.0 -999999.0 -999999.0 -999999.0 -999999.0 -999999.0 -999999.0 -999999.0 -999999.0 -999999.0 -999999.0 -999999.0
33.77678 42.063515 45.37657 48.569225 51.00206 61.442802 67.41962 75.76295 87.23564 87.90098 86.25179 86.909386 88.50429 93.17075 88.36183 69.14963 65.6506 68.37159 74.3143 70.853775 65.09266 70.606346 80.499725 92.0786 96.37144 104.47273 151.86734 190.60854 241.9851 239.65422 211.05193 201.2864 174.01297 156.18791 124.01673 98.53974 125.99202 82.192276 36.755943 33.90971 68.105576 43.7632 12.441355 -999999.0 -999999.0 -999999.0 -999999.0 -999999.0 -999999.0 -999999.0 -999999.0 -999999.0 -999999.0 -999999.0 -999999.0 -999999.0 -999999.0 -999999.0 -999999.0 -999999.0 -999999.0
44.128796 46.450615 44.32323 43.782017 50.525845 60.395878 60.797195 67.11497 87.08505 90.79745 82.90339 90.28327 95.17155 85.957 78.63381 67.20668 74.63873 76.970436 80.80831 79.46372 74.09279 72.11054 71.94217 86.2352 86.45953 91.676575 96.656494 113.006165 119.19996 240.83438 200.93471 187.65346 137.86531 169.76617 131.28006 90.288376 110.69055 58.426216 43.21432 52.71111 55.226048 12.453082 -999999.0 -999999.0 -999999.0 -999999.0 -999999.0 -999999.0 -999999.0 -999999.0 -999999.0 -999999.0 -999999.0 -999999.0 -999999.0 -999999.0 -999999.0 -999999.0 -999999.0 -999999.0 -999999.0
51.562504 49.982006 41.02329 38.25898 47.563198 61.411304 59.537388 67.953735 84.9663 92.590935 86.92696 87.43604 90.6385 80.93418 69.643936 77.005745 86.74001 94.05518 93.872345 92.19514 86.9314 79.88152 78.56137 73.700066 69.97835 74.00145 73.51749 118.6642 120.93367 125.49313 153.36687 135.95885 175.95354 160.096 137.68855 112.12017 107.32719 67.92567 46.53253 56.716774 27.240187 7.1322656 -999999.0 -999999.0 -999999.0 -999999.0 -999999.0 -999999.0 -999999.0 -999999.0 -999999.0 -999999.0 -999999.0 -999999.0 -999999.0 -999999.0 -999999.0 -999999.0 -999999.0 -999999.0 -999999.0
53.426537 51.77026 39.69268 38.446617 46.77351 60.302383 65.08272 75.06962 85.320854 95.06678 105.137344 111.42902 90.68742 85.22483 80.4866 90.20241 102.06456 103.5636 107.99446 107.08273 104.615685 101.81839 91.649475 71.64941 60.134853 61.634586 90.81891 133.49239 145.80818 148.29692 145.03732 120.18863 159.10461 127.56925 117.28153 139.6216 141.78906 79.69597 44.160545 17.167967 6.3890715 -999999.0 -999999.0 -999999.0 -999999.0 -999999.0 -999999.0 -999999.0 -999999.0 -999999.0 -999999.0 -999999.0 -999999.0 -999999.0 -999999.0 -999999.0 -999999.0 -999999.0 -999999.0 -999999.0 -999999.0
58.14139 54.06936 48.354202 44.179363 49.0787 61.0738 67.10479 79.937126 85.57565 92.35501 90.48422 96.305885 97.148254 103.338 109.52882 124.25186 131.77704 132.1109 124.88395 125.12743 127.76945 124.68339 108.99822 78.6619 60.371143 67.869446 107.79428 171.52563 144.62952 140.99777 145.05269 119.81656 132.55127 118.19361 99.483055 101.37405 115.09369 71.83961 20.217495 1.1028583 -999999.0 -999999.0 2.3912575 0.0 0.0 -999999.0 -999999.0 -999999.0 -999999.0 -999999.0 -999999.0 -999999.0 -999999.0 -999999.0 -999999.0 -999999.0 -999999.0 -999999.0 -999999.0 -999999.0 -999999.0
65.215 62.20291 56.494877 52.96911 55.70446 63.613075 66.421394 72.42573 78.82757 86.46913 83.662415 90.59469 103.04124 112.828606 120.21839 131.82388 147.21191 136.67351 112.08568 113.972046 131.56383 133.04579 120.8934 95.95928 78.49827 72.76779 134.36786 175.15047 175.37712 155.48509 153.25429 111.637955 93.87658 108.11946 93.737724 59.14672 49.208862 37.321114 -999999.0 -999999.0 -999999.0 -999999.0 12.9433565 0.0 0.0 0.0 -999999.0 -999999.0 -999999.0 -999999.0 -999999.0 -999999.0 -999999.0 -999999.0 -999999.0 -999999.0 -999999.0 -999999.0 -999999.0 -999999.0 -999999.0
68.19465 65.64139 61.094444 59.301647 61.55408 62.41842 62.740906 67.205284 73.78652 82.316895 86.153786 90.225555 107.27935 115.53777 119.54362 134.04187 143.74277 123.60936 90.4872 85.59696 98.42278 102.99977 113.41365 110.32399 111.05458 117.80604 138.43333 155.59982 170.37216 155.55873 141.46332 96.49511 77.14618 103.03953 125.1569 56.83704 -999999.0 -999999.0 -999999.0 -999999.0 -999999.0 10.885688 0.0 0.0 0.0 0.0 -999999.0 -999999.0 -999999.0 -999999.0 -999999.0 -999999.0 -999999.0 -999999.0 -999999.0 -999999.0 -999999.0 -999999.0 -999999.0 -999999.0 -999999.0
69.65104 67.05989 63.63574 61.97348 59.764977 56.49713 57.50191 62.30259 69.55515 77.3462 81.008736 87.08312 100.85626 105.94596 103.116714 114.24056 127.48207 112.207855 92.69785 74.553894 65.6066 57.06776 72.30988 98.92582 127.872314 134.02487 124.765884 129.94876 146.1789 144.0444 141.79793 113.105194 97.96963 111.58841 120.52089 66.184456 3.6962397 -999999.0 -999999.0 -999999.0 3.1787035 12.136428 0.0 0.0 0.0 0.0 -999999.0 -999999.0 -999999.0 -999999.0 -999999.0 -999999.0 -999999.0 -999999.0 -999999.0 -999999.0 -999999.0 -999999.0 -999999.0 -999999.0 -999999.0
69.6981 66.54271 63.661224 60.905098 56.838818 54.139137 57.010555 58.157265 61.780987 72.910095 84.92615 90.96114 98.09383 98.14282 92.744995 74.31271 85.80132 87.53004 71.43931 53.146523 32.488983 25.912819 59.74826 108.46354 125.40257 128.01855 119.0597 105.979965 135.77568 151.05489 144.0831 114.56654 112.98738 119.72265 109.189064 81.37525 82.61669 50.736313 17.860077 -999999.0 20.521639 26.039219 0.0 0.0 0.0 -999999.0 -999999.0 -999999.0 -999999.0 -999999.0 -999999.0 -999999.0 -999999.0 -999999.0 -999999.0 -999999.0 -999999.0 -999999.0 -999999.0 -999999.0 -999999.0
64.721466 67.47797 64.441055 60.373672 60.25507 56.83096 52.699703 59.24203 63.60481 72.84938 83.017204 75.28009 94.396835 95.99104 78.485535 59.917194 52.041157 41.58488 36.43766 26.626509 13.435736 24.570711 59.88049 97.174934 124.49461 115.294136 104.98685 83.77364 94.70524 116.14624 129.47054 130.62907 125.045715 135.28847 117.3969 112.96631 116.84794 86.085945 78.27429 95.2981 63.7261 32.994442 15.589764 0.0 -999999.0 -999999.0 -999999.0 -999999.0 -999999.0 -999999.0 -999999.0 -999999.0 -999999.0 -999999.0 -999999.0 -999999.0 -999999.0 -999999.0 -999999.0 -999999.0 -999999.0
70.492065 67.59908 64.780205 60.26702 57.618984 60.19958 58.392265 63.20817 67.5235 53.023235 39.42605 67.246704 86.58945 100.36093 79.577995 57.56773 35.55871 15.555564 13.531982 27.176544 29.127703 39.266438 83.77645 97.71108 109.64395 105.937836 79.993385 74.78933 93.10407 101.15518 121.155075 131.7084 118.2965 119.86349 120.35327 127.99439 128.68553 110.90448 111.40989 94.86783 67.91014 52.788002 46.86471 0.0 -999999.0 -999999.0 -999999.0 -999999.0 -999999.0 -999999.0 -999999.0 -999999.0 -999999.0 -999999.0 -999999.0 -999999.0 -999999.0 -999999.0 -999999.0 -999999.0 -999999.0
74.632195 67.61732 65.290245 64.722946 59.328724 77.627426 65.83575 43.590748 32.637833 22.436182 20.259928 52.51658 69.7133 74.92717 58.67326 35.37494 14.068884 16.887934 29.562206 42.41475 51.061275 42.852596 56.739063 86.09815 101.749535 90.51557 70.19308 71.46118 91.42722 108.84713 126.83721 126.45324 119.47522 113.97365 124.348625 114.70145 126.0422 124.789505 96.65936 77.222565 81.1736 63.820057 34.07394 0.0 0.0 -999999.0 -999999.0 -999999.0 -999999.0 -999999.0 -999999.0 -999999.0 -999999.0 -999999.0 -999999.0 -999999.0 -999999.0 -999999.0 -999999.0 -999999.0 -999999.0
65.84586 60.150017 62.515995 60.72982 53.41353 64.70605 68.055916 12.525464 0.0 14.152002 45.581814 43.199448 48.12145 60.834316 45.095787 8.249161 -999999.0 21.334423 44.487015 47.226807 39.838802 44.032234 58.337414 73.42536 88.01097 72.23538 47.56852 59.337364 84.97451 104.77627 127.68644 126.33096 127.2681 123.53035 115.676506 105.478455 129.20085 111.26846 83.5793 72.69349 75.9909 49.19059 36.63627 0.0 0.0 0.0 -999999.0 -999999.0 -999999.0 -999999.0 -999999.0 -999999.0 -999999.0 -999999.0 -999999.0 -999999.0 -999999.0 -999999.0 -999999.0 -999999.0 -999999.0
51.68547 43.776215 50.421467 51.924408 39.68223 23.77355 9.739058 19.343578 28.509687 48.672844 74.152336 68.162415 60.681477 71.44333 65.770676 19.04616 25.362385 42.195652 57.762856 43.508896 30.72118 36.976395 42.699665 61.51451 64.32666 38.240097 6.1543 27.181808 66.803444 97.74189 112.62541 107.77427 116.08118 116.50891 123.299446 110.96882 120.75584 97.96355 62.587944 50.190372 49.73856 48.85562 17.291374 0.0 0.0 0.0 0.0 -999999.0 -999999.0 -999999.0 -999999.0 -999999.0 -999999.0 -999999.0 -999999.0 -999999.0 -999999.0 -999999.0 -999999.0 -999999.0 -999999.0
39.880222 40.094177 45.283295 45.881012 42.68967 35.92936 19.06178 37.84143 69.79512 108.02667 114.20689 63.651913 56.09918 61.76984 60.737392 43.27554 36.749622 44.072086 41.137897 31.098991 26.838318 36.462254 47.298042 50.967583 51.167 22.614632 -999999.0 7.4313607 42.77685 72.83384 77.68875 96.624306 85.77231 59.087807 89.03397 101.09309 105.18609 75.813156 41.923134 33.110497 39.2941 65.57638 28.986155 0.0 0.0 -999999.0 -999999.0 -999999.0 -999999.0 -999999.0 -999999.0 -999999.0 -999999.0 -999999.0 -999999.0 -999999.0 -999999.0 -999999.0 -999999.0 -999999.0 -999999.0
48.11878 45.500168 51.343445 54.25611 56.82772 49.20202 27.054817 44.07306 80.65327 108.39775 117.345924 64.829384 57.658478 54.598858 56.789402 46.506527 30.777468 29.900694 30.426172 26.845873 22.743805 33.89458 50.784714 58.039738 62.743168 44.191055 24.142355 32.804695 55.12474 102.16865 128.76988 117.93124 76.42006 46.854637 98.63508 134.8703 67.23261 36.68154 42.690704 39.58782 41.71865 56.90002 33.207485 21.378319 -999999.0 -999999.0 -999999.0 -999999.0 -999999.0 -999999.0 -999999.0 -999999.0 -999999.0 -999999.0 -999999.0 -999999.0 -999999.0 -999999.0 -999999.0 -999999.0 -999999.0
62.26531 52.581364 55.041367 54.845367 52.107582 47.00506 24.940943 34.113808 67.51914 73.63853 75.61344 50.20884 35.69007 40.182426 50.747276 50.247055 33.923717 19.295332 14.410308 19.673906 21.075472 29.706604 46.91147 66.24629 73.11102 69.86723 62.467884 62.95574 86.53692 143.78188 201.73486 170.52322 131.37268 123.875854 119.47783 134.18256 77.29146 52.307762 55.514225 48.95081 36.242165 34.448746 17.374481 5.1723223 0.0 -999999.0 -999999.0 -999999.0 -999999.0 -999999.0 -999999.0 -999999.0 -999999.0 -999999.0 -999999.0 -999999.0 -999999.0 -999999.0 -999999.0 -999999.0 -999999.0
67.61718 56.49438 64.915306 65.230034 58.70297 48.16041 53.48764 44.748596 75.432594 64.316055 60.671707 41.239304 28.113243 26.424149 30.770685 35.091553 17.41398 -999999.0 -999999.0 -999999.0 11.022006 29.610182 41.19084 56.639984 58.634983 66.58222 73.61816 72.29066 116.643196 193.0332 243.61812 173.62679 151.07161 157.69052 134.3171 118.68437 96.37753 89.28407 82.43483 64.636024 34.057777 30.86483 17.366894 5.746466 0.0 0.0 -999999.0 -999999.0 -999999.0 -999999.0 -999999.0 -999999.0 -999999.0 -999999.0 -999999.0 -999999.0 -999999.0 -999999.0 -999999.0 -999999.0 -999999.0
136.41113 59.333015 68.74083 75.86844 75.32853 48.98112 39.443096 61.587654 88.32005 70.5052 48.133137 23.317303 8.982561 -999999.0 1.9017847 11.031105 -999999.0 -999999.0 -999999.0 -999999.0 -999999.0 30.973715 31.135305 43.598263 48.667736 54.205357 59.62769 53.24961 127.46983 167.52098 155.78423 123.37092 116.0785 116.487465 113.21897 99.607735 86.72155 82.570496 81.5895 76.527954 59.967026 33.99788 24.008562 15.520785 0.0 0.0 -999999.0 -999999.0 -999999.0 -999999.0 -999999.0 -999999.0 -999999.0 -999999.0 -999999.0 -999999.0 -999999.0 -999999.0 -999999.0 -999999.0 -999999.0
