data/TNO-HT-ATES/HT-ATES_msz3/msz3__top_depth_basecase_80-45-40.asc
ncols  140
nrows  163
xllcorner  0.0
yllcorner  300000.0
cellsize  2000.0
NODATA_value  -999999.0
[rows 54 to 80 of 163, columns 61 to 121 of 140]
335.91998 341.1875 344.4075 343.8775 341.22247 337.65503 332.7 326.65997 321.27 315.62 309.35498 302.83496 299.635 296.09497 292.2675 288.705 285.33002 281.2425 277.70752 271.38498 264.355 262.77002 259.715 253.7775 246.465 238.29999 230.565 220.9125 212.79248 204.36249 197.2875 193.8725 190.48 187.6375 184.06999 -999999.0 -999999.0 -999999.0 -999999.0 -999999.0 -999999.0 139.29 137.7175 135.555 130.025 122.14 -999999.0 -999999.0 -999999.0 -999999.0 -999999.0 -999999.0 -999999.0 -999999.0 -999999.0 -999999.0 -999999.0 -999999.0 -999999.0 -999999.0 -999999.0
331.7525 336.49 339.4575 339.88 338.595 335.88 330.85248 325.01 319.81497 314.2775 308.0075 303.62 299.8975 296.8825 293.73752 290.62 287.9575 283.4425 279.81 273.04498 264.76248 262.63498 258.505 252.9325 246.41498 238.865 228.83 216.60251 209.5675 202.40251 195.1175 192.785 189.7275 188.195 -999999.0 -999999.0 -999999.0 -999999.0 -999999.0 -999999.0 -999999.0 139.64333 -999999.0 -999999.0 -999999.0 120.235 -999999.0 -999999.0 -999999.0 -999999.0 -999999.0 -999999.0 -999999.0 -999999.0 -999999.0 -999999.0 -999999.0 -999999.0 -999999.0 -999999.0 -999999.0
327.01 332.8675 335.3025 336.41748 336.0575 333.8675 329.9375 324.965 318.94 313.25 308.40747 303.3325 301.03998 298.055 295.02002 292.365 289.1025 285.72 281.63998 275.5075 268.70996 262.7175 258.535 253.47249 247.09 239.8325 231.1825 217.49 208.07 199.85501 193.06 192.885 188.8375 186.92001 183.7025 -999999.0 -999999.0 -999999.0 -999999.0 -999999.0 -999999.0 -999999.0 -999999.0 -999999.0 -999999.0 118.17999 -999999.0 -999999.0 -999999.0 -999999.0 -999999.0 -999999.0 -999999.0 -999999.0 -999999.0 -999999.0 -999999.0 -999999.0 -999999.0 -999999.0 -999999.0
323.6775 328.73 331.27002 332.33496 332.74 332.09247 329.32 324.66998 318.62 313.22498 308.8275 304.9225 302.3475 299.32248 296.775 294.8175 291.5025 287.7125 283.82498 278.115 270.5975 264.24997 259.7725 254.6525 248.2775 240.75247 230.8725 215.88748 207.1075 199.755 192.9975 193.14249 188.66998 185.80998 182.3425 177.66501 172.29 -999999.0 -999999.0 -999999.0 -999999.0 -999999.0 -999999.0 -999999.0 -999999.0 -999999.0 -999999.0 -999999.0 -999999.0 -999999.0 -999999.0 -999999.0 -999999.0 -999999.0 -999999.0 -999999.0 -999999.0 -999999.0 -999999.0 -999999.0 -999999.0
319.97 324.3525 327.25 328.9675 330.34 330.3675 327.625 323.87497 319.06 313.825 309.5 306.7375 303.93 300.66498 298.54 297.0125 293.9075 290.5 285.855 280.0975 273.59 267.085 261.83002 256.275 249.70248 241.7375 231.27249 215.89 208.37999 202.87248 195.6725 192.7575 188.9475 185.155 181.25249 176.54 170.915 164.7575 -999999.0 -999999.0 -999999.0 -999999.0 -999999.0 -999999.0 -999999.0 107.8 -999999.0 -999999.0 -999999.0 -999999.0 -999999.0 -999999.0 -999999.0 -999999.0 -999999.0 -999999.0 -999999.0 -999999.0 -999999.0 -999999.0 -999999.0
315.185 319.3075 323.62 327.19 328.6325 327.6475 324.3175 322.06 318.815 314.25 310.06747 308.0825 305.1025 302.52496 300.45502 298.1825 295.01248 291.85748 286.5 281.6775 277.305 270.60248 264.31 258.36996 250.945 242.465 233.02 218.96748 212.6375 207.1875 199.79251 194.02 189.48248 184.2225 179.5725 174.505 168.91501 161.2775 153.7825 146.78 -999999.0 -999999.0 -999999.0 -999999.0 -999999.0 -999999.0 -999999.0 -999999.0 -999999.0 -999999.0 -999999.0 -999999.0 -999999.0 -999999.0 -999999.0 -999999.0 -999999.0 -999999.0 -999999.0 -999999.0 -999999.0
310.8325 313.755 321.21252 323.86 324.50497 323.50748 321.335 319.07748 316.66998 313.59 310.615 308.44998 305.5975 304.51498 302.68 298.685 294.7625 288.9175 286.07 283.13998 278.7 273.1225 267.0125 260.3 251.8725 241.585 233.51999 222.27249 216.38998 209.68 201.78749 194.22 189.0575 183.62498 177.12 170.685 164.415 155.86499 147.045 138.395 129.2125 123.455 -999999.0 -999999.0 -999999.0 -999999.0 -999999.0 -999999.0 -999999.0 -999999.0 -999999.0 -999999.0 -999999.0 -999999.0 -999999.0 -999999.0 -999999.0 -999999.0 -999999.0 -999999.0 -999999.0
306.985 313.00247 316.52 312.5475 313.885 321.3975 320.0325 317.97748 315.45752 312.79498 310.66748 308.995 306.81998 305.40747 303.15 298.72247 292.4675 289.6975 287.02753 283.9325 279.94 274.435 267.975 261.0825 252.47499 242.71251 231.62 221.54749 214.05751 207.77249 201.45499 194.72 188.51 181.935 173.97499 165.39 157.91498 148.64499 141.04749 131.11499 120.905 110.134995 114.832504 -999999.0 -999999.0 -999999.0 -999999.0 -999999.0 -999999.0 -999999.0 -999999.0 -999999.0 -999999.0 -999999.0 -999999.0 -999999.0 -999999.0 -999999.0 -999999.0 -999999.0 -999999.0
305.735 309.025 311.6725 307.28 309.35748 318.0775 318.25748 317.64752 315.585 313.495 311.65997 309.00998 307.18 305.64252 302.8625 298.5625 294.85498 291.97998 289.14502 285.945 281.37497 274.84998 269.45248 263.2025 256.6025 251.17749 231.80249 220.18 211.495 206.13998 201.34 194.91998 187.94751 179.4025 169.83499 161.0825 152.83 143.92499 134.765 128.58 122.619995 115.61499 114.31749 -999999.0 -999999.0 -999999.0 -999999.0 -999999.0 -999999.0 -999999.0 -999999.0 -999999.0 -999999.0 -999999.0 -999999.0 -999999.0 -999999.0 -999999.0 -999999.0 -999999.0 -999999.0
302.86252 305.29248 307.025 305.0025 308.175 315.54498 316.1125 315.99 314.4875 313.1875 311.9075 309.1525 306.3925 304.97998 302.82 299.5925 297.29498 293.9825 290.3675 287.04498 282.4375 275.71 271.085 266.10498 260.9225 255.56499 247.57748 236.62999 224.5475 205.67749 201.73 197.35 190.83249 178.63998 166.945 158.36499 150.87001 144.29999 133.88 122.8875 123.955 124.23 -999999.0 -999999.0 -999999.0 -999999.0 -999999.0 -999999.0 -999999.0 -999999.0 -999999.0 -999999.0 -999999.0 -999999.0 -999999.0 -999999.0 -999999.0 -999999.0 -999999.0 -999999.0 -999999.0
298.97 302.10498 302.31998 301.88998 306.5575 313.2375 313.025 312.7 311.665 310.37 309.53497 308.175 305.1975 304.64 303.57248 301.19498 298.71 294.96997 290.6125 286.28998 281.87 275.7825 271.745 268.085 263.3675 256.965 248.4025 237.55249 224.9825 210.60999 196.8125 185.995 189.9075 177.10748 165.2075 156.5925 150.6375 146.10498 139.62749 130.0725 130.09 127.3875 -999999.0 -999999.0 -999999.0 -999999.0 -999999.0 -999999.0 -999999.0 -999999.0 -999999.0 -999999.0 -999999.0 -999999.0 -999999.0 -999999.0 -999999.0 -999999.0 -999999.0 -999999.0 -999999.0
295.745 298.4875 297.61496 299.41748 304.53497 309.425 308.505 308.85498 308.02252 306.1825 304.0925 303.735 305.0825 305.31 304.41248 302.5175 299.5475 296.34 291.3825 285.28748 278.98248 273.0775 271.13748 268.4975 264.59497 258.235 248.73 237.7725 226.61499 213.74748 199.915 188.10999 175.27748 172.61249 166.15 155.69748 148.6725 146.765 144.38 140.66501 132.89 -999999.0 -999999.0 -999999.0 -999999.0 -999999.0 -999999.0 -999999.0 -999999.0 -999999.0 -999999.0 -999999.0 -999999.0 -999999.0 -999999.0 -999999.0 -999999.0 -999999.0 -999999.0 -999999.0 -999999.0
289.3125 293.11 294.255 297.22998 301.8225 304.8825 304.55997 303.9625 302.35248 300.8275 300.40747 300.68 301.47998 302.41748 302.555 302.15247 301.775 298.74 293.20752 284.5625 274.6625 269.63998 269.055 268.03 265.9975 261.1175 250.45999 238.2525 228.465 218.25 205.1775 195.165 184.6775 177.28 170.85 162.1025 152.2475 147.89499 147.18 141.195 -999999.0 -999999.0 107.99 96.28 88.8125 -999999.0 -999999.0 -999999.0 -999999.0 -999999.0 -999999.0 -999999.0 -999999.0 -999999.0 -999999.0 -999999.0 -999999.0 -999999.0 -999999.0 -999999.0 -999999.0
282.615 287.33 290.455 293.825 297.41748 299.6225 299.35 298.85 297.435 296.445 296.4275 296.56 296.79498 297.37997 298.44 300.28 302.21997 302.3925 296.195 285.0875 271.79498 268.2975 269.57 269.34247 268.58002 265.5875 253.185 242.9 235.02748 223.25 211.60248 203.61249 194.665 183.1 174.23749 168.50499 160.62251 153.14 -999999.0 -999999.0 -999999.0 -999999.0 100.46 88.3475 83.2975 81.42 -999999.0 -999999.0 -999999.0 -999999.0 -999999.0 -999999.0 -999999.0 -999999.0 -999999.0 -999999.0 -999999.0 -999999.0 -999999.0 -999999.0 -999999.0
275.775 280.935 285.22 289.0825 292.73 294.48502 294.35498 293.89752 293.0725 292.0975 291.46 291.44998 291.48502 292.0725 293.74 296.15247 301.5025 307.9125 299.6225 287.2725 277.41248 273.8925 273.9 273.1725 270.5675 264.1475 255.65 248.15 239.20499 228.46999 217.99501 209.5825 200.59999 186.20251 173.84999 172.31499 -999999.0 -999999.0 -999999.0 -999999.0 -999999.0 113.8425 94.137505 81.16499 79.995 79.81 -999999.0 -999999.0 -999999.0 -999999.0 -999999.0 -999999.0 -999999.0 -999999.0 -999999.0 -999999.0 -999999.0 -999999.0 -999999.0 -999999.0 -999999.0
268.645 273.78748 278.9275 283.0625 286.185 287.91248 288.835 288.6325 287.92 286.71747 285.5 285.345 285.41498 286.42 288.63 291.72 297.7825 308.70245 298.13498 287.9875 281.34998 278.90997 278.7325 278.2975 275.0225 267.58002 259.85498 252.94751 244.2575 233.7625 223.37 213.6675 203.19751 189.98248 178.62 174.31749 169.95251 -999999.0 -999999.0 -999999.0 144.965 115.4675 93.270004 84.002495 80.81 77.884995 -999999.0 -999999.0 -999999.0 -999999.0 -999999.0 -999999.0 -999999.0 -999999.0 -999999.0 -999999.0 -999999.0 -999999.0 -999999.0 -999999.0 -999999.0
260.52997 266.89502 272.0275 276.1525 278.52002 279.9275 281.9275 281.6425 281.555 280.5725 278.72 278.8975 278.6475 280.09998 283.09998 285.9675 290.785 293.68 289.44998 284.18997 281.5425 280.3775 280.4975 281.1925 279.50497 270.355 263.375 257.5475 248.9425 238.76 228.0375 218.56499 207.67499 196.045 185.92 178.0325 165.8475 158.8375 151.76749 -999999.0 135.6875 113.06 97.792496 88.56999 85.104996 -999999.0 -999999.0 -999999.0 -999999.0 -999999.0 -999999.0 -999999.0 -999999.0 -999999.0 -999999.0 -999999.0 -999999.0 -999999.0 -999999.0 -999999.0 -999999.0
252.3525 259.2125 265.055 269.07 271.0525 272.21 274.01248 273.875 274.35 274.38998 273.31998 271.845 272.16248 273.9175 276.875 279.8475 281.0675 280.68 279.155 276.48752 276.14252 277.9375 277.91 277.2475 274.63 268.84003 263.6075 258.9625 252.12 243.7 234.4475 223.35501 212.85748 201.10251 190.54 180.47498 168.38249 160.45 148.07 138.95499 124.09499 114.545 100.0175 90.439995 -999999.0 -999999.0 -999999.0 -999999.0 -999999.0 -999999.0 -999999.0 -999999.0 -999999.0 -999999.0 -999999.0 -999999.0 -999999.0 -999999.0 -999999.0 -999999.0 -999999.0
247.0875 253.2175 258.21747 261.97998 263.53 263.7975 264.70502 265.4975 266.47498 267.2375 266.7975 265.28247 265.585 267.0525 269.1475 270.885 271.18747 270.8375 269.43997 268.5225 269.3525 271.58 270.90747 270.84747 269.735 266.865 264.42 259.56497 253.18748 246.66249 238.8675 228.7275 218.2075 206.79749 195.14749 183.735 173.22 164.1975 151.345 137.0625 117.10999 108.425 102.0575 90.1375 -999999.0 -999999.0 -999999.0 -999999.0 -999999.0 -999999.0 -999999.0 -999999.0 -999999.0 -999999.0 -999999.0 -999999.0 -999999.0 -999999.0 -999999.0 -999999.0 -999999.0
243.98999 248.51 252.25749 255.1575 255.85248 255.2 255.6925 257.20248 258.765 259.8675 260.00998 258.9675 259.4 260.785 261.64752 261.755 261.72748 260.69498 259.98 260.1325 261.5875 263.4425 262.50748 263.6425 264.87 264.66498 264.205 259.465 253.415 247.52998 241.27 232.895 222.82751 211.38249 199.27249 187.315 178.02998 170.0875 158.00998 140.76999 119.72499 108.30249 101.057495 97.215 87.465 71.09666 -999999.0 -999999.0 -999999.0 -999999.0 -999999.0 -999999.0 -999999.0 -999999.0 -999999.0 -999999.0 -999999.0 -999999.0 -999999.0 -999999.0 -999999.0
242.925 246.0975 248.35248 249.22751 249.035 247.71999 247.16 248.94 250.71748 252.0 252.09 251.62248 252.88998 254.98999 255.53 252.685 251.48999 250.25499 249.65 251.13249 253.76 255.01999 255.3525 257.09247 260.0475 263.175 264.2025 259.7275 253.77249 248.0475 242.7 236.6575 227.1275 215.78 201.9025 188.7325 178.8275 173.845 161.88 144.675 125.8625 114.909996 104.33 98.59499 81.682495 61.5925 54.28 -999999.0 -999999.0 -999999.0 -999999.0 -999999.0 -999999.0 -999999.0 -999999.0 -999999.0 -999999.0 -999999.0 -999999.0 -999999.0 -999999.0
243.8275 246.98499 245.7075 244.29248 243.31 242.04999 238.2525 239.62498 240.62 240.91998 241.27 242.3925 244.48999 246.69499 246.1575 241.57251 240.06999 239.6575 239.93498 242.245 245.54999 247.06999 249.785 252.055 256.1925 262.555 266.46 261.44498 254.10498 248.495 244.5225 240.985 233.84999 222.33499 203.915 186.33249 175.06 170.88 163.15251 150.51498 136.5425 121.134995 109.4825 93.5275 82.45 69.78999 59.387497 -999999.0 -999999.0 -999999.0 -999999.0 -999999.0 -999999.0 -999999.0 -999999.0 -999999.0 -999999.0 -999999.0 -999999.0 -999999.0 -999999.0
245.3075 244.59 241.2125 238.0925 235.94748 233.92499 231.44249 230.1025 229.26999 227.9 228.37999 232.935 235.73999 236.3075 234.18 230.4575 227.56 227.11751 230.00749 233.845 237.04248 238.9175 241.465 244.7275 249.73 257.5775 -999999.0 260.02 252.70749 247.6725 245.285 242.6225 242.76999 235.48999 210.56 188.29001 175.10999 169.5125 163.6975 152.88 135.4725 115.0425 109.21999 99.305 91.2475 -999999.0 -999999.0 -999999.0 -999999.0 -999999.0 -999999.0 -999999.0 -999999.0 -999999.0 -999999.0 -999999.0 -999999.0 -999999.0 -999999.0 -999999.0 -999999.0
240.43999 238.4025 234.41498 230.85501 228.2975 226.845 225.42001 222.16 219.07501 217.55249 218.9625 224.5325 227.12749 226.76498 223.97249 220.2825 216.3225 216.755 219.89249 223.6875 227.2525 229.3125 231.355 233.97 238.3075 244.87999 249.88751 248.39249 244.33499 238.875 234.125 236.125 241.1625 236.7675 210.44 186.225 174.7475 166.345 157.86249 147.67499 135.7225 117.5025 115.0825 111.612495 -999999.0 -999999.0 -999999.0 -999999.0 -999999.0 -999999.0 -999999.0 -999999.0 -999999.0 -999999.0 -999999.0 -999999.0 -999999.0 -999999.0 -999999.0 -999999.0 -999999.0
230.3725 229.625 226.765 223.5575 221.0 219.52 218.3925 214.41998 209.35999 209.87 213.89749 218.5325 218.7125 217.3125 214.775 212.21999 210.76001 211.18248 212.27998 213.98248 216.4675 218.69499 220.45749 222.46 225.7275 230.09749 233.905 234.5875 232.75998 224.90498 218.60251 222.4175 222.6075 215.67499 200.19998 180.16751 169.7275 160.2325 150.005 142.65 135.80249 127.1925 121.9425 113.76 98.0375 -999999.0 -999999.0 -999999.0 -999999.0 -999999.0 -999999.0 -999999.0 -999999.0 -999999.0 -999999.0 -999999.0 -999999.0 -999999.0 -999999.0 -999999.0 -999999.0
221.9 220.98999 218.9025 215.905 213.23 211.5025 209.6375 204.4625 200.5375 202.57498 206.14001 209.31499 208.65 207.18 205.39749 204.69 205.94249 207.89499 -999999.0 207.245 206.84749 208.07 210.32751 212.405 214.66998 217.70999 220.88748 223.98749 219.9025 211.93748 207.16501 211.3125 207.06248 198.265 187.3475 174.625 161.9575 152.155 140.93251 136.93 137.01 129.0625 123.0025 111.604996 94.295 75.31 -999999.0 -999999.0 -999999.0 -999999.0 -999999.0 -999999.0 -999999.0 -999999.0 -999999.0 -999999.0 -999999.0 -999999.0 -999999.0 -999999.0 -999999.0
225.1725 212.0325 210.3075 206.7625 204.015 204.0875 200.37 193.32748 191.92499 193.685 196.48999 197.825 196.20999 -999999.0 195.48248 195.385 -999999.0 -999999.0 -999999.0 -999999.0 199.84999 197.1025 201.1525 203.325 205.11249 207.27 210.1025 213.755 206.66998 202.0575 204.9925 204.545 199.59749 190.3175 180.4325 170.0 158.815 148.92252 140.08 132.8775 128.44 127.065 118.8375 105.3775 89.85 71.0825 53.993332 -999999.0 -999999.0 -999999.0 -999999.0 -999999.0 -999999.0 -999999.0 -999999.0 -999999.0 -999999.0 -999999.0 -999999.0 -999999.0 -999999.0
