data/TNO-HT-ATES/HT-ATES_msz3/msz3__flowr_prodnorm_P50_basecase_80-45-40.asc
ncols  140
nrows  163
xllcorner  0.0
yllcorner  300000.0
cellsize  2000.0
NODATA_value  -999999.0
[rows 27 to 53 of 163, columns 61 to 121 of 140]
155.24403 142.13927 129.2921 123.476494 115.1778 109.09435 105.416695 104.3856 104.56391 102.22639 97.56636 97.757 105.19371 115.22636 124.87319 129.3726 129.12389 126.21876 143.96884 171.36975 190.27252 192.5345 175.74173 157.89319 148.27417 137.01042 123.84102 113.21374 104.469826 86.32032 71.22343 66.026596 45.01989 28.223265 24.02299 25.933842 14.189996 2.0600233 3.223621 14.373856 12.951075 1.9074115 -999999.0 -999999.0 -999999.0 -999999.0 -999999.0 0.87147605 -999999.0 -999999.0 -999999.0 -999999.0 -999999.0 -999999.0 -999999.0 -999999.0 -999999.0 -999999.0 -999999.0 -999999.0 -999999.0
150.82745 135.56525 125.30792 115.31254 104.836945 96.84671 98.90866 94.059204 93.0458 90.39812 87.24568 95.316475 105.78096 120.41051 126.14582 123.08726 123.450615 126.11684 126.24196 154.27582 189.00839 190.5592 192.99664 186.00023 164.5593 148.21362 138.99792 119.044075 100.07896 81.977646 63.811928 47.1116 33.52566 19.897867 9.780311 4.296362 -999999.0 -999999.0 11.119439 24.431898 17.776585 4.930285 -999999.0 -999999.0 -999999.0 -999999.0 -999999.0 -999999.0 -999999.0 -999999.0 -999999.0 -999999.0 -999999.0 -999999.0 -999999.0 -999999.0 -999999.0 -999999.0 -999999.0 -999999.0 -999999.0
144.01964 128.40373 118.4845 109.12689 97.48017 91.35122 85.98619 82.583145 78.81068 76.6377 76.11298 83.05236 112.130936 117.793785 120.33765 123.33517 119.74388 119.92606 101.8227 146.15833 195.22719 208.03082 205.70836 201.98079 187.08762 169.73927 148.65616 119.66482 95.54268 68.3452 35.23766 6.337834 5.9390864 0.7616869 -999999.0 -999999.0 -999999.0 -999999.0 22.782194 31.888945 15.77528 5.111873 1.5223271 -999999.0 -999999.0 -999999.0 -999999.0 -999999.0 -999999.0 -999999.0 -999999.0 0.7019482 -999999.0 -999999.0 -999999.0 -999999.0 -999999.0 -999999.0 -999999.0 -999999.0 -999999.0
131.33208 129.44151 111.50804 102.10829 93.878174 82.74701 74.5778 72.475426 69.16755 67.421104 68.61898 83.64916 95.025055 104.016685 108.9872 123.10283 130.43524 120.62079 117.76349 143.70906 193.36122 214.64433 217.75891 219.8104 206.51823 179.38385 139.6672 105.4044 74.816666 46.808964 10.213881 -999999.0 -999999.0 -999999.0 -999999.0 -999999.0 -999999.0 -999999.0 9.325828 17.174765 9.224447 3.3514783 2.013953 1.159127 1.6530265 2.3457477 3.2660763 7.630703 -999999.0 -999999.0 -999999.0 -999999.0 -999999.0 -999999.0 -999999.0 -999999.0 -999999.0 -999999.0 -999999.0 -999999.0 -999999.0
125.328384 114.038025 106.94631 95.97498 84.30667 75.67931 65.00255 61.79946 64.47838 64.38394 65.26171 71.06582 83.31269 95.134445 106.605644 122.3978 127.34367 125.15155 124.0703 147.88173 184.9871 231.21307 242.36244 243.928 226.77434 178.63507 142.84377 101.75481 60.377277 22.153917 -999999.0 -999999.0 -999999.0 -999999.0 -999999.0 -999999.0 -999999.0 -999999.0 -999999.0 4.8363023 3.1378746 2.0144322 -999999.0 1.0566926 3.276434 7.137024 13.29845 16.10246 5.4172263 -999999.0 5.617892 -999999.0 2.1219893 -999999.0 -999999.0 -999999.0 -999999.0 -999999.0 -999999.0 -999999.0 -999999.0
120.45273 103.842705 96.83485 89.82972 80.47081 68.12576 56.94602 57.83077 59.689156 58.626583 56.581825 60.300507 74.25807 88.762344 97.31778 112.42045 119.5113 122.38037 126.368576 154.92114 176.562 226.96808 250.11623 256.3872 225.19197 176.16766 132.8887 95.68572 45.74331 2.932264 -999999.0 -999999.0 -999999.0 -999999.0 -999999.0 -999999.0 -999999.0 -999999.0 -999999.0 -999999.0 -999999.0 -999999.0 -999999.0 -999999.0 3.9816737 7.448879 11.203496 13.750526 12.16133 -999999.0 -999999.0 -999999.0 -999999.0 -999999.0 -999999.0 -999999.0 -999999.0 -999999.0 -999999.0 -999999.0 -999999.0
118.30194 102.13845 91.38684 83.179306 75.98424 63.706142 54.803303 49.96916 52.342022 49.098694 41.497295 54.757328 67.74248 76.17638 86.537674 101.48892 116.622025 125.089355 138.45174 160.80367 181.04741 217.21783 232.84383 230.51431 209.61382 168.2499 133.49648 84.26368 37.285683 -999999.0 -999999.0 -999999.0 -999999.0 -999999.0 -999999.0 -999999.0 -999999.0 -999999.0 -999999.0 -999999.0 -999999.0 -999999.0 -999999.0 -999999.0 2.676341 6.3665905 6.839514 4.842877 4.0292773 -999999.0 -999999.0 -999999.0 -999999.0 -999999.0 -999999.0 -999999.0 -999999.0 -999999.0 -999999.0 -999999.0 -999999.0
110.99842 98.64119 86.16014 75.81255 67.074524 58.87956 51.804707 42.99688 46.62329 50.38684 48.0378 55.29208 67.701965 72.3458 79.19299 90.305565 105.16049 129.43646 144.93176 162.99315 183.23401 209.424 213.64838 203.32474 185.99211 151.88303 122.713715 78.11529 28.56141 -999999.0 -999999.0 -999999.0 -999999.0 -999999.0 -999999.0 -999999.0 -999999.0 -999999.0 -999999.0 -999999.0 -999999.0 -999999.0 -999999.0 -999999.0 -999999.0 5.6932297 5.799897 1.3722022 -999999.0 -999999.0 -999999.0 -999999.0 -999999.0 -999999.0 -999999.0 -999999.0 -999999.0 -999999.0 -999999.0 -999999.0 -999999.0
102.11739 92.696655 81.702545 70.91755 56.628105 48.17188 49.5226 42.717846 51.066784 56.09232 53.742493 53.070045 64.75825 71.30421 79.75843 92.00011 110.01573 127.825165 148.38992 167.35107 177.19133 191.78166 191.94101 176.61407 153.90454 138.8377 98.83674 57.037144 14.50923 -999999.0 -999999.0 -999999.0 -999999.0 -999999.0 -999999.0 -999999.0 -999999.0 -999999.0 -999999.0 -999999.0 -999999.0 -999999.0 -999999.0 -999999.0 -999999.0 5.2478366 7.1528535 -999999.0 -999999.0 -999999.0 -999999.0 -999999.0 -999999.0 -999999.0 -999999.0 -999999.0 -999999.0 -999999.0 -999999.0 -999999.0 -999999.0
96.976 86.54393 76.20678 65.4407 54.442104 44.437634 42.455128 43.03122 53.01348 61.69637 58.895836 55.93655 61.833187 78.25647 86.186455 88.69581 101.95546 122.366295 137.16396 157.10771 159.39957 177.59169 184.70724 163.98592 142.91663 109.06405 72.06867 35.2106 2.1456091 -999999.0 -999999.0 -999999.0 -999999.0 -999999.0 11.276444 17.046719 7.861239 -999999.0 -999999.0 -999999.0 -999999.0 -999999.0 -999999.0 -999999.0 -999999.0 4.759751 6.847107 -999999.0 -999999.0 -999999.0 -999999.0 -999999.0 -999999.0 -999999.0 -999999.0 -999999.0 -999999.0 -999999.0 -999999.0 -999999.0 -999999.0
90.14466 80.152596 70.38182 59.58326 49.6689 42.453293 38.078865 40.18513 61.41837 75.27569 71.10469 65.24266 70.84178 82.39334 86.21551 86.72669 95.37726 108.10922 120.98633 134.56377 145.45862 147.0799 150.1178 143.53291 111.2293 78.76025 45.347355 16.192095 -999999.0 -999999.0 -999999.0 -999999.0 -999999.0 -999999.0 22.441002 27.903225 10.769352 -999999.0 -999999.0 -999999.0 -999999.0 -999999.0 -999999.0 -999999.0 -999999.0 4.474883 8.004115 -999999.0 -999999.0 -999999.0 -999999.0 -999999.0 3.6086087 12.051222 -999999.0 -999999.0 -999999.0 -999999.0 -999999.0 -999999.0 -999999.0
85.45869 78.31962 70.18103 59.236122 48.269524 40.917187 41.45028 42.599644 63.054813 78.84273 80.670395 79.239525 84.427155 95.62922 100.70034 99.79483 99.218315 104.296776 112.406654 120.98891 123.935196 121.65865 122.63836 113.6142 92.7669 56.952335 23.6416 5.5388 -999999.0 -999999.0 -999999.0 -999999.0 -999999.0 -999999.0 16.612343 18.519152 1.4182532 -999999.0 -999999.0 -999999.0 -999999.0 -999999.0 -999999.0 -999999.0 -999999.0 0.6457756 -999999.0 -999999.0 -999999.0 -999999.0 -999999.0 -999999.0 10.900427 9.626464 -999999.0 -999999.0 -999999.0 -999999.0 -999999.0 -999999.0 -999999.0
77.12451 76.503746 74.93629 60.3055 48.734253 41.7583 47.214684 50.823456 63.31913 76.4168 86.45599 95.43486 100.44608 110.14211 123.20188 112.81909 99.12877 96.92791 97.6349 102.9179 100.522156 107.98291 91.28376 84.52987 75.54166 47.521877 18.806139 1.9163109 -999999.0 -999999.0 -999999.0 -999999.0 -999999.0 -999999.0 -999999.0 -999999.0 -999999.0 -999999.0 -999999.0 -999999.0 -999999.0 -999999.0 -999999.0 -999999.0 -999999.0 -999999.0 -999999.0 -999999.0 -999999.0 -999999.0 -999999.0 -999999.0 -999999.0 -999999.0 -999999.0 -999999.0 -999999.0 -999999.0 -999999.0 -999999.0 -999999.0
65.65941 66.47537 67.37524 59.30736 52.034576 49.249996 52.320072 46.742577 55.094593 68.037994 78.97292 92.125145 103.495636 115.287704 118.82414 108.938255 93.96243 84.899605 86.73532 92.219925 95.87851 107.14371 91.006996 75.8376 63.87982 43.76221 21.132471 4.3175197 -999999.0 -999999.0 -999999.0 -999999.0 -999999.0 -999999.0 -999999.0 -999999.0 -999999.0 -999999.0 -999999.0 -999999.0 -999999.0 -999999.0 -999999.0 -999999.0 -999999.0 -999999.0 -999999.0 -999999.0 -999999.0 6.458662 -999999.0 -999999.0 -999999.0 -999999.0 -999999.0 -999999.0 -999999.0 -999999.0 -999999.0 -999999.0 -999999.0
54.355465 56.7981 58.921707 56.961193 56.59211 59.0376 56.378628 52.389015 49.919746 61.53514 79.2507 83.00813 96.757904 109.765816 113.53784 104.70174 92.25953 76.76117 79.70284 89.04487 102.44995 97.10874 87.65204 78.36784 64.77226 41.324932 22.288202 2.4693575 -999999.0 -999999.0 -999999.0 -999999.0 -999999.0 -999999.0 -999999.0 -999999.0 -999999.0 -999999.0 -999999.0 -999999.0 -999999.0 -999999.0 -999999.0 -999999.0 -999999.0 -999999.0 -999999.0 -999999.0 7.067057 -999999.0 -999999.0 -999999.0 -999999.0 -999999.0 -999999.0 -999999.0 -999999.0 -999999.0 -999999.0 -999999.0 -999999.0
47.440334 48.817657 56.45039 60.92679 64.55341 66.761566 61.094635 54.667496 48.851326 61.45258 78.90282 78.159775 89.83773 99.47218 109.80051 114.895485 101.21433 76.74916 82.360794 92.15818 106.99858 104.653366 99.335396 87.88808 68.24959 38.055405 23.03951 7.4023232 -999999.0 -999999.0 -999999.0 -999999.0 -999999.0 -999999.0 -999999.0 -999999.0 -999999.0 -999999.0 -999999.0 -999999.0 -999999.0 -999999.0 -999999.0 -999999.0 -999999.0 -999999.0 -999999.0 5.232571 19.136759 -999999.0 -999999.0 -999999.0 -999999.0 -999999.0 -999999.0 -999999.0 -999999.0 -999999.0 -999999.0 -999999.0 -999999.0
41.038677 45.666767 55.970333 66.15251 69.48507 68.10485 66.11264 64.98661 57.902073 69.70332 87.3533 82.52951 88.55433 94.28969 107.80466 126.34068 117.08113 103.47349 96.81898 94.68248 104.98002 124.92758 115.29466 90.382164 66.85504 36.57038 22.54189 14.636955 5.2708645 -999999.0 -999999.0 -999999.0 -999999.0 -999999.0 -999999.0 -999999.0 -999999.0 -999999.0 -999999.0 -999999.0 -999999.0 -999999.0 -999999.0 -999999.0 0.60157126 1.8064522 1.0743507 8.921516 -999999.0 -999999.0 -999999.0 -999999.0 -999999.0 -999999.0 -999999.0 -999999.0 -999999.0 -999999.0 -999999.0 -999999.0 -999999.0
36.86928 45.53192 56.079895 70.508675 74.75041 70.59735 73.124435 79.982285 74.41401 81.57697 98.815575 94.90953 97.800285 105.70444 112.87985 123.44466 132.85919 129.08882 113.6403 104.07087 116.52531 144.16342 121.52094 86.73867 66.2527 40.28155 26.483715 19.628447 12.021106 2.1248271 -999999.0 -999999.0 -999999.0 -999999.0 -999999.0 -999999.0 -999999.0 -999999.0 -999999.0 -999999.0 -999999.0 -999999.0 -999999.0 3.0845268 0.70977265 1.2653327 -999999.0 2.610528 -999999.0 -999999.0 -999999.0 -999999.0 -999999.0 -999999.0 -999999.0 -999999.0 -999999.0 -999999.0 -999999.0 -999999.0 -999999.0
34.513115 46.001423 57.040203 69.22964 75.606346 79.15689 77.965706 85.60908 86.74345 97.404305 104.77356 115.092896 117.102 111.61029 104.59926 101.169975 127.87945 156.15495 133.54556 126.18746 153.69136 133.0633 112.60953 95.28795 72.2509 49.19101 29.522963 21.335018 15.738742 6.4539423 -999999.0 -999999.0 -999999.0 -999999.0 -999999.0 -999999.0 -999999.0 -999999.0 -999999.0 -999999.0 -999999.0 -999999.0 -999999.0 -999999.0 -999999.0 1.1349313 -999999.0 -999999.0 -999999.0 -999999.0 -999999.0 -999999.0 -999999.0 -999999.0 -999999.0 -999999.0 -999999.0 -999999.0 -999999.0 -999999.0 -999999.0
32.17406 42.67273 58.52486 70.19935 77.221115 84.47472 87.551834 90.90087 103.41076 119.31137 129.49805 124.873665 123.14641 105.11586 98.372116 110.13714 120.52291 155.81895 157.89145 153.01389 162.27756 140.96161 118.60263 102.80625 77.33163 53.557777 30.643549 26.52641 15.878671 7.5381346 0.0 -999999.0 -999999.0 -999999.0 -999999.0 -999999.0 -999999.0 -999999.0 -999999.0 -999999.0 -999999.0 -999999.0 -999999.0 -999999.0 -999999.0 -999999.0 -999999.0 -999999.0 -999999.0 -999999.0 -999999.0 -999999.0 -999999.0 -999999.0 -999999.0 -999999.0 -999999.0 -999999.0 -999999.0 -999999.0 -999999.0
31.563297 42.49292 56.622486 73.557106 83.489914 90.543205 95.04486 100.06405 113.4949 127.43494 140.87343 131.45367 118.67701 103.041504 112.0828 129.90453 137.70695 174.19936 170.9018 155.53905 145.63786 128.52495 116.900085 106.344086 78.76505 48.91581 30.228317 26.890747 22.0312 11.338037 5.3915534 -999999.0 -999999.0 -999999.0 -999999.0 -999999.0 -999999.0 -999999.0 -999999.0 -999999.0 -999999.0 -999999.0 -999999.0 -999999.0 -999999.0 -999999.0 0.9061917 -999999.0 -999999.0 -999999.0 -999999.0 -999999.0 -999999.0 -999999.0 -999999.0 -999999.0 -999999.0 -999999.0 -999999.0 -999999.0 -999999.0
33.856365 47.19495 63.375557 75.40329 87.28843 94.55798 99.43946 109.97636 118.83627 127.35186 132.48877 130.50172 128.9157 123.26358 130.76418 144.89388 150.05399 176.90424 174.01967 148.22461 127.78263 113.70047 104.181465 93.93908 76.669395 50.044277 31.073038 35.151764 30.180344 24.117977 13.077572 2.4357738 -999999.0 -999999.0 -999999.0 0.598049 4.973056 6.850878 3.6405466 -999999.0 -999999.0 -999999.0 -999999.0 -999999.0 -999999.0 -999999.0 2.8130937 -999999.0 -999999.0 -999999.0 -999999.0 -999999.0 -999999.0 -999999.0 -999999.0 -999999.0 -999999.0 -999999.0 -999999.0 -999999.0 -999999.0
35.596523 52.260803 74.35714 87.29043 96.56925 104.9245 110.35792 122.088234 127.920105 136.63786 143.97418 145.7493 140.13623 137.56361 143.66948 148.49063 148.64252 157.20493 157.14252 140.2947 112.6642 102.70464 86.78627 81.39432 79.1493 60.42843 42.790165 53.336315 49.61115 36.26568 23.109982 11.420792 4.1348743 -999999.0 5.325344 10.576287 15.321864 15.814757 7.9050984 1.0750436 -999999.0 -999999.0 -999999.0 -999999.0 -999999.0 6.2579355 2.268998 -999999.0 -999999.0 -999999.0 -999999.0 -999999.0 -999999.0 -999999.0 -999999.0 -999999.0 -999999.0 -999999.0 -999999.0 -999999.0 -999999.0
34.310402 56.39569 76.77705 94.81124 100.334175 107.38797 112.37351 128.43285 131.62491 141.91179 158.36789 156.4123 146.28006 143.43242 141.20537 148.74239 146.68803 132.41977 135.86577 128.83958 110.85203 97.14308 82.7943 73.81669 85.64417 91.23062 66.14024 83.481544 73.07579 52.288197 35.146652 24.728247 20.898163 15.0691595 13.390341 19.121527 28.043207 23.131334 10.972062 1.3913473 -999999.0 -999999.0 -999999.0 -999999.0 -999999.0 7.5701957 1.2703775 -999999.0 -999999.0 -999999.0 -999999.0 -999999.0 -999999.0 -999999.0 -999999.0 -999999.0 -999999.0 -999999.0 -999999.0 -999999.0 -999999.0
35.474167 55.901756 72.764915 86.06055 96.65762 106.67716 127.91361 129.86185 121.65544 123.80306 139.07361 159.2244 156.50897 151.23302 145.87784 144.37608 132.05357 121.70101 118.58026 109.77995 94.14214 85.46102 76.23401 77.463486 76.86352 76.91736 90.21962 94.65736 87.979706 75.01028 56.01288 40.553074 31.61399 21.877758 18.782276 17.570465 16.91379 16.774302 8.978161 -999999.0 -999999.0 -999999.0 -999999.0 -999999.0 -999999.0 7.9690666 0.97699356 -999999.0 -999999.0 -999999.0 -999999.0 -999999.0 -999999.0 -999999.0 -999999.0 -999999.0 -999999.0 -999999.0 -999999.0 -999999.0 -999999.0
40.148964 54.167103 65.71721 78.84797 91.0679 108.23297 117.83869 127.10518 116.70367 116.04531 125.74483 139.92006 158.694 155.94044 147.39232 135.52554 119.310074 117.749725 106.47179 92.13998 82.92355 72.79428 66.07528 75.50344 76.99961 84.95242 109.4846 105.4249 99.19908 100.92172 77.66498 54.031364 38.767193 27.857616 17.29179 9.62401 3.3594036 -999999.0 -999999.0 -999999.0 -999999.0 -999999.0 -999999.0 -999999.0 0.91725814 9.178829 -999999.0 -999999.0 -999999.0 -999999.0 -999999.0 -999999.0 -999999.0 -999999.0 -999999.0 -999999.0 -999999.0 -999999.0 -999999.0 -999999.0 -999999.0
39.982273 48.8821 59.449226 76.976776 89.83333 104.611 110.51966 114.16573 112.99565 119.614044 125.5746 133.74846 155.72217 149.58572 134.37001 120.82158 103.57975 109.17495 92.0642 80.86205 77.163536 62.054855 55.575027 72.16553 81.25768 93.38409 106.77324 95.66527 100.75404 108.28813 93.99002 64.190765 45.527702 30.499401 12.999331 0.56734127 -999999.0 -999999.0 -999999.0 -999999.0 -999999.0 -999999.0 -999999.0 2.9778173 7.310506 13.68108 -999999.0 -999999.0 -999999.0 -999999.0 -999999.0 -999999.0 -999999.0 -999999.0 -999999.0 -999999.0 -999999.0 -999999.0 -999999.0 -999999.0 -999999.0
