data/TNO-HT-ATES/HT-ATES_msz3/msz3__welld_P50_basecase_80-45-40.asc
ncols  140
nrows  163
xllcorner  0.0
yllcorner  300000.0
cellsize  2000.0
NODATA_value  -999999.0
[rows 27 to 53 of 163, columns 61 to 121 of 140]
142.91902 140.89261 140.36427 144.13492 144.10107 141.47235 138.9798 141.18506 145.03403 145.93733 143.61159 142.4615 142.03809 141.46092 141.00587 141.61427 145.2488 144.98035 146.78453 149.97696 152.5137 154.78616 154.42957 153.80946 157.72452 162.03473 164.05502 168.45987 174.2249 173.73538 178.31073 172.97429 170.28288 168.26321 171.84883 167.95871 165.27815 160.85475 156.58255 155.13524 153.62187 153.16382 -999999.0 -999999.0 -999999.0 -999999.0 -999999.0 141.8207 -999999.0 -999999.0 -999999.0 -999999.0 -999999.0 -999999.0 -999999.0 -999999.0 -999999.0 -999999.0 -999999.0 -999999.0 -999999.0
142.92854 140.87654 141.0417 142.18475 142.29707 139.99196 142.43793 143.16592 146.37889 146.16148 143.79126 146.27634 141.86545 141.04024 140.80449 140.7479 144.22952 147.82875 147.3005 150.02057 152.48666 152.91634 155.79915 159.5148 159.99454 163.48895 169.96585 170.92949 176.18085 175.15645 177.33745 175.18185 172.53935 168.769 169.21243 167.05331 -999999.0 -999999.0 167.9155 162.656 156.46858 149.47823 -999999.0 -999999.0 -999999.0 -999999.0 -999999.0 -999999.0 -999999.0 -999999.0 -999999.0 -999999.0 -999999.0 -999999.0 -999999.0 -999999.0 -999999.0 -999999.0 -999999.0 -999999.0 -999999.0
143.15463 141.29391 140.64839 141.83125 142.1171 144.56795 142.84462 144.11966 144.54547 144.61317 142.40462 141.85393 144.75603 143.09593 143.35751 144.30426 144.46791 147.42938 145.83087 153.49837 155.31631 156.42683 156.42363 159.49754 163.48335 168.11935 174.16537 177.31842 181.09079 182.06116 180.0868 175.73064 170.51572 168.37486 -999999.0 -999999.0 -999999.0 -999999.0 176.97903 170.5197 156.48361 147.37537 139.19426 -999999.0 -999999.0 -999999.0 -999999.0 -999999.0 -999999.0 -999999.0 -999999.0 125.543846 -999999.0 -999999.0 -999999.0 -999999.0 -999999.0 -999999.0 -999999.0 -999999.0 -999999.0
143.31302 143.25536 140.66154 141.59831 144.19783 144.63055 145.2176 145.11722 144.84512 144.77386 142.4953 141.20074 143.14949 143.92595 143.03642 147.8012 147.94203 148.34492 148.66629 151.02628 156.02524 155.97209 157.21767 160.7478 164.85048 168.02637 171.1294 175.46008 181.26018 187.61427 190.17812 -999999.0 -999999.0 -999999.0 -999999.0 -999999.0 -999999.0 -999999.0 167.23189 159.91402 151.55943 150.12994 137.9771 138.7223 140.0403 136.60185 136.2211 136.75175 -999999.0 -999999.0 -999999.0 -999999.0 -999999.0 -999999.0 -999999.0 -999999.0 -999999.0 -999999.0 -999999.0 -999999.0 -999999.0
143.04665 143.03644 142.15817 142.60666 142.83757 144.80882 145.41649 147.45724 147.16078 143.96915 141.9484 141.46167 145.73813 144.03528 143.0307 147.34392 147.84618 148.39067 148.77466 155.68726 157.966 160.48212 160.81819 161.38484 165.31366 165.54608 171.11455 175.18527 178.96031 186.34045 -999999.0 -999999.0 -999999.0 -999999.0 -999999.0 -999999.0 -999999.0 -999999.0 -999999.0 155.26874 149.34348 145.88457 -999999.0 141.08337 139.41953 134.9659 135.39716 135.58923 137.71494 -999999.0 140.55978 -999999.0 129.78592 -999999.0 -999999.0 -999999.0 -999999.0 -999999.0 -999999.0 -999999.0 -999999.0
143.2757 140.82501 142.91362 143.2022 143.40417 143.85236 143.83206 147.09065 146.64165 146.20479 148.60442 146.11505 147.73967 147.08163 143.40344 147.4848 147.98871 148.30566 148.94861 164.13272 163.50949 161.72328 161.2316 162.20332 166.24081 166.42018 168.83595 177.78941 177.16647 189.56561 -999999.0 -999999.0 -999999.0 -999999.0 -999999.0 -999999.0 -999999.0 -999999.0 -999999.0 -999999.0 -999999.0 -999999.0 -999999.0 -999999.0 138.42862 129.21045 132.36815 133.37917 128.59529 -999999.0 -999999.0 -999999.0 -999999.0 -999999.0 -999999.0 -999999.0 -999999.0 -999999.0 -999999.0 -999999.0 -999999.0
145.4075 143.67978 144.81595 143.28882 143.4096 143.85086 146.3178 145.4574 146.56052 146.34758 148.55444 150.87187 147.54857 143.85844 143.44363 146.66367 151.11646 151.60045 155.80605 164.56972 163.19746 162.15147 162.06541 162.73831 166.71437 167.90019 176.3683 179.40305 184.72171 -999999.0 -999999.0 -999999.0 -999999.0 -999999.0 -999999.0 -999999.0 -999999.0 -999999.0 -999999.0 -999999.0 -999999.0 -999999.0 -999999.0 -999999.0 142.64691 135.50252 134.78027 130.53548 127.55687 -999999.0 -999999.0 -999999.0 -999999.0 -999999.0 -999999.0 -999999.0 -999999.0 -999999.0 -999999.0 -999999.0 -999999.0
145.2082 145.76974 144.84225 143.38289 143.44685 143.8469 146.17267 148.093 146.72249 148.69164 151.24683 150.44502 149.86653 146.32463 143.5056 142.59227 147.38043 155.60904 161.05722 165.44817 164.31262 163.07443 162.45161 163.43347 167.41847 169.65932 180.77261 187.68939 184.32608 -999999.0 -999999.0 -999999.0 -999999.0 -999999.0 -999999.0 -999999.0 -999999.0 -999999.0 -999999.0 -999999.0 -999999.0 -999999.0 -999999.0 -999999.0 -999999.0 137.88135 135.12607 131.18939 -999999.0 -999999.0 -999999.0 -999999.0 -999999.0 -999999.0 -999999.0 -999999.0 -999999.0 -999999.0 -999999.0 -999999.0 -999999.0
145.1226 145.5302 147.05034 147.91985 144.26653 144.20451 145.31912 147.09206 148.4602 148.2993 151.05173 150.55998 149.62973 149.66199 149.4789 149.46172 157.53969 159.6889 166.04236 170.82587 166.93216 165.7959 164.06642 164.36806 166.10725 177.82195 181.62117 183.0554 180.08282 -999999.0 -999999.0 -999999.0 -999999.0 -999999.0 -999999.0 -999999.0 -999999.0 -999999.0 -999999.0 -999999.0 -999999.0 -999999.0 -999999.0 -999999.0 -999999.0 136.40753 134.70644 -999999.0 -999999.0 -999999.0 -999999.0 -999999.0 -999999.0 -999999.0 -999999.0 -999999.0 -999999.0 -999999.0 -999999.0 -999999.0 -999999.0
148.01053 148.65733 150.26442 151.01122 151.75229 149.00356 147.72925 147.14456 147.10335 148.8437 151.05203 150.96593 150.38351 155.75443 154.08086 150.47487 155.83539 162.93047 165.83977 173.39986 169.32787 171.82314 169.77513 170.56798 176.84213 176.8442 178.95296 181.03835 183.5962 -999999.0 -999999.0 -999999.0 -999999.0 -999999.0 167.40245 162.02452 161.81825 -999999.0 -999999.0 -999999.0 -999999.0 -999999.0 -999999.0 -999999.0 -999999.0 133.8944 131.7339 -999999.0 -999999.0 -999999.0 -999999.0 -999999.0 -999999.0 -999999.0 -999999.0 -999999.0 -999999.0 -999999.0 -999999.0 -999999.0 -999999.0
147.01923 148.32149 150.36177 150.60478 150.96973 152.06215 151.08704 153.24525 153.91216 153.21538 153.41634 153.49983 153.0915 152.27759 150.18303 151.22 156.02408 157.76566 160.15536 165.87065 170.77715 168.32932 166.34065 173.47658 172.23085 171.18953 171.95187 180.94942 -999999.0 -999999.0 -999999.0 -999999.0 -999999.0 -999999.0 159.27669 153.22949 159.14674 -999999.0 -999999.0 -999999.0 -999999.0 -999999.0 -999999.0 -999999.0 -999999.0 132.53409 128.19058 -999999.0 -999999.0 -999999.0 -999999.0 -999999.0 126.783104 134.11241 -999999.0 -999999.0 -999999.0 -999999.0 -999999.0 -999999.0 -999999.0
148.66776 151.59702 154.04858 152.60803 151.46812 152.3857 156.88997 154.19547 154.29233 153.4098 153.48354 152.92993 152.78722 152.54716 152.40968 154.77563 156.79309 157.36894 158.97626 163.51157 167.48404 167.76033 170.43082 173.02657 173.05464 171.72795 171.38065 178.45108 -999999.0 -999999.0 -999999.0 -999999.0 -999999.0 -999999.0 165.50908 158.7533 160.04173 -999999.0 -999999.0 -999999.0 -999999.0 -999999.0 -999999.0 -999999.0 -999999.0 132.18112 -999999.0 -999999.0 -999999.0 -999999.0 -999999.0 -999999.0 123.215515 123.964294 -999999.0 -999999.0 -999999.0 -999999.0 -999999.0 -999999.0 -999999.0
150.51338 157.50816 163.60913 155.31047 152.53217 152.8515 157.32066 157.85199 158.82979 157.2267 155.87314 154.16864 154.93903 155.63786 160.27513 155.91286 153.0159 155.83086 156.93886 161.57811 162.25305 172.03368 168.0428 167.21628 169.81805 171.45782 173.78105 178.62946 -999999.0 -999999.0 -999999.0 -999999.0 -999999.0 -999999.0 -999999.0 -999999.0 -999999.0 -999999.0 -999999.0 -999999.0 -999999.0 -999999.0 -999999.0 -999999.0 -999999.0 -999999.0 -999999.0 -999999.0 -999999.0 -999999.0 -999999.0 -999999.0 -999999.0 -999999.0 -999999.0 -999999.0 -999999.0 -999999.0 -999999.0 -999999.0 -999999.0
150.9568 156.1558 161.58533 158.43651 155.82663 155.29948 155.25806 159.80426 159.48676 157.22528 154.39227 147.2216 154.26659 159.08385 159.74515 156.0609 153.58577 156.04982 160.59012 165.34087 169.9151 171.7202 170.57991 167.27539 169.44395 171.65587 174.01938 177.74612 -999999.0 -999999.0 -999999.0 -999999.0 -999999.0 -999999.0 -999999.0 -999999.0 -999999.0 -999999.0 -999999.0 -999999.0 -999999.0 -999999.0 -999999.0 -999999.0 -999999.0 -999999.0 -999999.0 -999999.0 -999999.0 121.384155 -999999.0 -999999.0 -999999.0 -999999.0 -999999.0 -999999.0 -999999.0 -999999.0 -999999.0 -999999.0 -999999.0
150.42766 155.56505 156.40352 156.22197 155.18712 155.20004 158.53667 162.3675 163.62375 160.44005 157.76308 157.38042 158.54652 159.31027 159.65204 159.90395 156.38228 156.16615 161.60982 162.65451 166.94833 169.15993 168.32556 167.24327 168.19328 170.68468 172.69008 176.9782 -999999.0 -999999.0 -999999.0 -999999.0 -999999.0 -999999.0 -999999.0 -999999.0 -999999.0 -999999.0 -999999.0 -999999.0 -999999.0 -999999.0 -999999.0 -999999.0 -999999.0 -999999.0 -999999.0 -999999.0 127.44951 -999999.0 -999999.0 -999999.0 -999999.0 -999999.0 -999999.0 -999999.0 -999999.0 -999999.0 -999999.0 -999999.0 -999999.0
154.054 155.00272 159.05104 159.95839 159.41077 159.4552 158.52086 162.50632 162.97566 161.37141 158.73491 158.83426 160.41728 160.33612 161.38608 160.95972 156.9254 146.87428 159.71834 162.20288 165.64458 166.31401 166.3963 165.40048 166.46901 167.25636 170.85237 178.63615 -999999.0 -999999.0 -999999.0 -999999.0 -999999.0 -999999.0 -999999.0 -999999.0 -999999.0 -999999.0 -999999.0 -999999.0 -999999.0 -999999.0 -999999.0 -999999.0 -999999.0 -999999.0 -999999.0 129.71007 128.75502 -999999.0 -999999.0 -999999.0 -999999.0 -999999.0 -999999.0 -999999.0 -999999.0 -999999.0 -999999.0 -999999.0 -999999.0
155.27747 155.60878 158.9294 160.11664 159.69708 159.11494 158.00339 161.36316 161.94597 161.34799 159.15756 159.61047 160.17314 159.61082 158.6176 159.95792 156.08194 154.88188 158.51697 160.62462 160.84082 163.47989 162.54315 159.1166 161.34024 164.68648 166.85287 174.39641 168.87482 -999999.0 -999999.0 -999999.0 -999999.0 -999999.0 -999999.0 -999999.0 -999999.0 -999999.0 -999999.0 -999999.0 -999999.0 -999999.0 -999999.0 -999999.0 125.351 119.77925 120.63632 125.017494 -999999.0 -999999.0 -999999.0 -999999.0 -999999.0 -999999.0 -999999.0 -999999.0 -999999.0 -999999.0 -999999.0 -999999.0 -999999.0
156.22679 155.87877 155.7668 159.2434 159.64995 159.12709 158.00404 158.63785 160.15504 160.4224 158.91164 160.42337 160.14835 161.64507 160.75798 158.19754 157.46786 156.44356 155.98135 155.94609 158.71555 158.58675 158.40031 152.11734 157.79485 162.71898 161.49547 167.51013 164.74731 159.82726 -999999.0 -999999.0 -999999.0 -999999.0 -999999.0 -999999.0 -999999.0 -999999.0 -999999.0 -999999.0 -999999.0 -999999.0 -999999.0 130.59929 121.50428 118.95592 -999999.0 121.73878 -999999.0 -999999.0 -999999.0 -999999.0 -999999.0 -999999.0 -999999.0 -999999.0 -999999.0 -999999.0 -999999.0 -999999.0 -999999.0
157.36691 156.88463 155.19711 158.76283 158.81357 158.06212 157.04663 154.81772 153.70071 158.89082 159.13376 158.72203 158.2588 159.18478 159.06786 155.99901 155.9565 155.23225 155.99225 154.36565 152.95508 153.54689 152.97115 156.49277 157.15952 162.37589 163.01135 165.15701 159.45477 155.3687 -999999.0 -999999.0 -999999.0 -999999.0 -999999.0 -999999.0 -999999.0 -999999.0 -999999.0 -999999.0 -999999.0 -999999.0 -999999.0 -999999.0 -999999.0 121.09433 -999999.0 -999999.0 -999999.0 -999999.0 -999999.0 -999999.0 -999999.0 -999999.0 -999999.0 -999999.0 -999999.0 -999999.0 -999999.0 -999999.0 -999999.0
157.97795 155.30408 157.3005 161.1833 160.16377 159.53853 157.95508 155.38972 153.26541 155.87357 159.44243 154.8698 154.05771 155.405 155.5596 155.29152 155.80473 153.13936 153.52191 152.05547 152.06676 151.90015 152.05846 157.00137 157.62048 161.46979 159.7491 177.77953 162.05809 155.21133 0.0 -999999.0 -999999.0 -999999.0 -999999.0 -999999.0 -999999.0 -999999.0 -999999.0 -999999.0 -999999.0 -999999.0 -999999.0 -999999.0 -999999.0 -999999.0 -999999.0 -999999.0 -999999.0 -999999.0 -999999.0 -999999.0 -999999.0 -999999.0 -999999.0 -999999.0 -999999.0 -999999.0 -999999.0 -999999.0 -999999.0
155.21707 156.5352 159.06726 162.91827 161.42082 160.25313 158.29803 156.74138 155.41724 154.91481 159.02914 154.3164 152.00186 149.14117 151.99284 154.16716 155.06122 151.46715 149.67613 150.78093 151.25471 150.98006 151.01268 158.98613 160.17188 157.13956 159.2394 175.48917 174.94109 154.62744 149.35643 -999999.0 -999999.0 -999999.0 -999999.0 -999999.0 -999999.0 -999999.0 -999999.0 -999999.0 -999999.0 -999999.0 -999999.0 -999999.0 -999999.0 -999999.0 115.84529 -999999.0 -999999.0 -999999.0 -999999.0 -999999.0 -999999.0 -999999.0 -999999.0 -999999.0 -999999.0 -999999.0 -999999.0 -999999.0 -999999.0
155.04309 157.11426 159.8097 157.05359 156.55731 154.87944 153.40515 154.38951 153.09737 152.45547 151.40213 149.83954 152.82225 151.73595 151.2104 153.31343 154.23906 151.18153 149.86826 148.51305 149.09456 150.57353 152.17776 155.09503 159.42635 162.41776 159.495 169.39838 173.17697 169.88582 164.87352 164.74411 -999999.0 -999999.0 -999999.0 159.14706 153.64316 139.90668 125.75929 -999999.0 -999999.0 -999999.0 -999999.0 -999999.0 -999999.0 -999999.0 113.11818 -999999.0 -999999.0 -999999.0 -999999.0 -999999.0 -999999.0 -999999.0 -999999.0 -999999.0 -999999.0 -999999.0 -999999.0 -999999.0 -999999.0
154.50423 153.51425 156.91771 157.96458 157.63779 156.01854 154.49117 152.93933 151.43585 152.50732 152.54427 151.6831 150.38219 150.88687 152.97029 153.28337 154.03465 153.87874 149.88258 146.29472 144.13571 149.56496 153.51573 154.41945 158.74493 158.56187 156.73383 168.12833 168.48763 167.70328 163.06422 160.02449 169.37904 -999999.0 167.09271 165.96674 151.36273 145.4651 139.78008 143.07274 -999999.0 -999999.0 -999999.0 -999999.0 -999999.0 123.51875 113.0173 -999999.0 -999999.0 -999999.0 -999999.0 -999999.0 -999999.0 -999999.0 -999999.0 -999999.0 -999999.0 -999999.0 -999999.0 -999999.0 -999999.0
152.24348 153.78369 152.18654 158.07729 157.49828 156.47383 153.97276 151.77522 151.10446 152.07355 152.24901 150.66454 150.59819 151.26823 150.45084 154.57658 153.2894 153.80952 150.93193 148.23 149.35347 155.34868 156.62918 157.51035 166.71042 164.8632 163.69867 164.64806 164.44603 163.83524 164.68828 161.61678 172.13081 171.42879 168.84303 169.29059 160.18936 152.4333 143.76491 144.38115 -999999.0 -999999.0 -999999.0 -999999.0 -999999.0 114.212074 111.27337 -999999.0 -999999.0 -999999.0 -999999.0 -999999.0 -999999.0 -999999.0 -999999.0 -999999.0 -999999.0 -999999.0 -999999.0 -999999.0 -999999.0
151.62845 152.52296 150.2005 151.44986 152.9777 152.03099 155.17403 152.91264 148.2248 146.37556 147.25284 151.39372 150.66617 151.4469 150.85321 151.82907 152.76552 153.54213 151.44493 149.46118 151.14584 156.02327 156.90808 166.09673 167.47984 165.96323 165.50584 166.06319 164.50313 167.73712 172.9586 170.43977 175.53604 171.25684 172.70648 163.925 158.83102 164.79446 162.4129 -999999.0 -999999.0 -999999.0 -999999.0 -999999.0 -999999.0 127.62595 120.689644 -999999.0 -999999.0 -999999.0 -999999.0 -999999.0 -999999.0 -999999.0 -999999.0 -999999.0 -999999.0 -999999.0 -999999.0 -999999.0 -999999.0
150.67412 151.3027 148.39484 149.52388 148.95273 150.20767 148.6987 152.62411 148.04689 146.55072 147.49068 149.24142 151.21341 151.8526 153.1096 151.7602 148.34352 153.96725 154.12737 150.81114 151.49802 156.38979 158.4067 167.54518 168.84491 166.95583 165.78665 169.66698 171.03291 176.51059 174.09248 176.60995 178.65169 173.52272 173.89568 170.05891 170.01868 -999999.0 -999999.0 -999999.0 -999999.0 -999999.0 -999999.0 -999999.0 135.13097 130.60246 -999999.0 -999999.0 -999999.0 -999999.0 -999999.0 -999999.0 -999999.0 -999999.0 -999999.0 -999999.0 -999999.0 -999999.0 -999999.0 -999999.0 -999999.0
149.82468 150.60298 146.38107 148.91856 146.6564 147.34875 145.75146 146.77771 146.87703 150.23517 149.77454 149.28517 154.0193 152.99629 151.82458 149.80685 142.66356 153.231 155.077 154.35214 153.60075 155.49956 157.3593 167.16846 168.06873 168.02333 165.49298 170.28065 171.48091 164.35257 172.18599 175.89722 179.66647 177.29555 176.13464 172.07835 -999999.0 -999999.0 -999999.0 -999999.0 -999999.0 -999999.0 -999999.0 148.67023 132.69681 129.67574 -999999.0 -999999.0 -999999.0 -999999.0 -999999.0 -999999.0 -999999.0 -999999.0 -999999.0 -999999.0 -999999.0 -999999.0 -999999.0 -999999.0 -999999.0
