data/TNO-HT-ATES/HT-ATES_msz3/msz3__top_depth_basecase_80-45-40.asc
ncols  140
nrows  163
xllcorner  0.0
yllcorner  300000.0
cellsize  2000.0
NODATA_value  -999999.0
[rows 27 to 53 of 163, columns 61 to 121 of 140]
311.37 312.81998 314.4675 316.26752 317.055 316.33002 315.29498 315.66748 316.16498 316.33 316.1625 315.5525 315.0 312.3425 308.8275 307.2725 308.1525 307.76498 303.1275 297.8075 294.79248 294.8075 296.3 296.60498 295.3075 293.03998 290.5675 288.00748 285.2175 280.8025 276.225 271.2625 266.53998 261.235 256.16748 251.3925 245.60748 240.125 237.1025 230.4675 224.59999 218.87999 -999999.0 -999999.0 -999999.0 -999999.0 -999999.0 216.6025 -999999.0 -999999.0 174.325 -999999.0 -999999.0 -999999.0 -999999.0 -999999.0 -999999.0 -999999.0 -999999.0 -999999.0 -999999.0
307.4275 309.4325 310.8 312.73752 314.32248 314.355 313.79498 314.0 314.1825 313.9075 313.3225 312.095 309.3075 305.6275 303.83 304.4075 305.39502 305.2725 304.19748 299.6175 294.09998 294.255 294.0925 294.21747 293.6125 292.0225 289.92252 287.5475 285.39502 281.3275 276.98248 271.7575 266.60498 260.94 255.52249 250.185 -999999.0 -999999.0 233.97998 228.0725 222.14499 215.98999 -999999.0 -999999.0 -999999.0 -999999.0 -999999.0 -999999.0 -999999.0 -999999.0 -999999.0 -999999.0 -999999.0 -999999.0 -999999.0 -999999.0 -999999.0 -999999.0 -999999.0 -999999.0 -999999.0
304.2775 306.2075 307.43246 309.40247 311.4775 312.75998 312.39 312.1875 311.9375 311.45 310.2975 308.315 303.4725 302.505 302.56 302.66748 303.7425 304.24997 306.96747 302.225 294.54 293.6625 293.85748 292.90747 292.24 290.95502 289.57498 287.8175 285.1925 281.84497 277.775 272.45248 266.1775 259.86746 -999999.0 -999999.0 -999999.0 -999999.0 231.2175 225.2275 219.44249 213.1725 206.4 -999999.0 -999999.0 -999999.0 -999999.0 -999999.0 -999999.0 -999999.0 -999999.0 164.365 -999999.0 -999999.0 -999999.0 -999999.0 -999999.0 -999999.0 -999999.0 -999999.0 -999999.0
303.40747 302.455 304.865 306.62 308.56497 310.1975 310.78998 309.845 309.145 308.31998 306.74747 302.4575 302.51 302.31497 302.0625 301.69 301.03497 304.365 306.27 303.3525 297.1375 294.2275 294.65497 292.7675 291.315 290.18 289.21997 287.575 285.54498 282.47498 278.5 -999999.0 -999999.0 -999999.0 -999999.0 -999999.0 -999999.0 -999999.0 229.01498 222.8775 217.03 210.6525 203.73999 196.35 188.54999 180.7425 173.51999 167.975 -999999.0 -999999.0 -999999.0 163.91 -999999.0 -999999.0 -999999.0 -999999.0 -999999.0 -999999.0 -999999.0 -999999.0 -999999.0
300.1375 302.0625 302.2125 303.96 305.9225 307.4775 308.5675 307.84753 305.28 303.1325 301.84998 301.69247 301.95248 300.9 299.91998 299.86 301.16998 304.1175 306.81747 306.815 302.3125 296.09747 295.4675 292.5575 289.94498 289.8475 288.76996 287.13 285.38748 282.665 -999999.0 -999999.0 -999999.0 -999999.0 -999999.0 -999999.0 -999999.0 -999999.0 -999999.0 220.44249 214.49998 208.2425 201.555 194.13751 186.5475 179.18 173.01501 170.22 174.185 -999999.0 177.16501 -999999.0 155.76749 -999999.0 -999999.0 -999999.0 -999999.0 -999999.0 -999999.0 -999999.0 -999999.0
297.68 300.1225 301.73248 302.465 303.7725 305.70496 306.705 305.05 302.255 300.13 299.895 300.71 301.005 300.63998 300.53497 301.32498 302.90747 305.32748 307.635 310.3025 308.32498 299.145 296.145 293.74 291.465 289.995 288.6475 286.8125 284.71497 281.8875 -999999.0 -999999.0 -999999.0 -999999.0 -999999.0 -999999.0 -999999.0 -999999.0 -999999.0 -999999.0 -999999.0 -999999.0 -999999.0 -999999.0 185.155 178.42249 173.29752 169.62999 167.2 -999999.0 -999999.0 -999999.0 161.81 -999999.0 -999999.0 -999999.0 -999999.0 -999999.0 -999999.0 -999999.0 -999999.0
295.84497 298.57498 300.8775 301.6425 302.4125 304.19998 305.255 304.3125 301.64996 299.65997 299.1 300.1925 300.5775 301.1175 301.96246 303.055 304.61002 306.3225 308.3 309.99 307.59998 300.76498 297.29498 294.50998 291.945 289.885 288.095 286.1975 283.46747 -999999.0 -999999.0 -999999.0 -999999.0 -999999.0 -999999.0 -999999.0 -999999.0 -999999.0 -999999.0 -999999.0 -999999.0 -999999.0 -999999.0 -999999.0 183.80249 177.25 172.53249 168.875 165.59999 -999999.0 -999999.0 -999999.0 -999999.0 -999999.0 -999999.0 -999999.0 -999999.0 -999999.0 -999999.0 -999999.0 -999999.0
294.76498 297.495 299.6875 301.2525 302.5975 303.535 304.33496 305.21 302.275 299.7975 300.04752 300.5225 301.0375 301.76248 302.65 303.905 305.63998 306.8 309.125 310.10748 307.09497 300.9925 297.51248 294.9725 292.1825 289.6125 287.455 285.1125 281.595 -999999.0 -999999.0 -999999.0 -999999.0 -999999.0 -999999.0 -999999.0 -999999.0 -999999.0 -999999.0 -999999.0 -999999.0 -999999.0 -999999.0 -999999.0 181.58499 175.0575 169.965 166.5275 -999999.0 -999999.0 -999999.0 -999999.0 -999999.0 -999999.0 -999999.0 -999999.0 -999999.0 -999999.0 -999999.0 -999999.0 -999999.0
294.7175 296.755 299.5075 301.95248 304.1 305.29 304.00497 304.8525 301.8 299.655 300.66498 301.485 301.95248 302.75998 303.46747 304.66998 306.95502 307.8425 309.7 311.25748 308.76248 302.92502 298.04 295.025 292.25 289.5725 287.3175 284.1275 280.13748 -999999.0 -999999.0 -999999.0 -999999.0 -999999.0 -999999.0 229.62 -999999.0 -999999.0 -999999.0 -999999.0 -999999.0 -999999.0 -999999.0 -999999.0 -999999.0 171.88 166.1975 -999999.0 -999999.0 -999999.0 -999999.0 -999999.0 -999999.0 -999999.0 -999999.0 -999999.0 -999999.0 -999999.0 -999999.0 -999999.0 -999999.0
295.25 297.715 300.31998 302.81 305.185 306.5575 306.1825 305.265 302.09497 300.03998 301.3025 302.165 303.12 303.9325 304.02002 304.2725 306.72998 308.195 310.2025 312.8975 310.40997 304.11002 296.9025 294.4825 292.28748 289.595 287.055 283.25497 278.725 -999999.0 -999999.0 -999999.0 -999999.0 -999999.0 232.9 225.105 219.135 -999999.0 -999999.0 -999999.0 -999999.0 -999999.0 -999999.0 -999999.0 -999999.0 168.37 162.9225 -999999.0 -999999.0 -999999.0 -999999.0 -999999.0 -999999.0 -999999.0 -999999.0 -999999.0 -999999.0 -999999.0 -999999.0 -999999.0 -999999.0
295.41998 298.03497 300.85 303.52 306.05 307.95248 308.71 307.9625 302.81998 299.68 300.805 301.8375 302.37997 302.3975 302.1525 303.0075 305.75748 307.2025 308.255 309.24 307.7225 302.91248 296.7125 293.5425 291.365 288.80753 285.975 281.9225 -999999.0 -999999.0 -999999.0 -999999.0 -999999.0 -999999.0 228.2875 220.0275 214.6925 -999999.0 -999999.0 -999999.0 -999999.0 -999999.0 -999999.0 -999999.0 -999999.0 165.0275 159.1025 -999999.0 -999999.0 -999999.0 -999999.0 -999999.0 132.495 146.35498 -999999.0 -999999.0 -999999.0 -999999.0 -999999.0 -999999.0 -999999.0
296.39252 298.5025 301.18 304.03748 306.9925 309.435 310.13748 309.4975 304.945 301.1475 300.435 300.49 301.03998 300.875 300.76752 302.16498 305.02 305.245 305.3175 305.4325 304.465 301.56 297.2225 293.1975 289.59747 287.755 285.01248 279.16748 -999999.0 -999999.0 -999999.0 -999999.0 -999999.0 -999999.0 224.84749 216.835 210.97499 -999999.0 -999999.0 -999999.0 -999999.0 -999999.0 -999999.0 -999999.0 -999999.0 162.35751 -999999.0 -999999.0 -999999.0 -999999.0 -999999.0 128.48 122.247505 121.56 -999999.0 -999999.0 -999999.0 -999999.0 -999999.0 -999999.0 -999999.0
298.94 300.03748 301.84998 304.96997 308.275 310.72998 310.77 310.60248 308.2675 304.62 301.365 299.2875 300.0375 300.64752 300.6275 301.775 304.64 303.5575 303.22748 303.15 301.81 299.27997 296.9275 291.94 286.8025 284.41748 281.0925 275.48248 -999999.0 -999999.0 -999999.0 -999999.0 -999999.0 -999999.0 221.81 -999999.0 -999999.0 -999999.0 -999999.0 -999999.0 -999999.0 -999999.0 -999999.0 -999999.0 -999999.0 -999999.0 -999999.0 -999999.0 -999999.0 -999999.0 -999999.0 -999999.0 -999999.0 -999999.0 -999999.0 -999999.0 -999999.0 -999999.0 -999999.0 -999999.0 -999999.0
302.7825 303.47247 305.03 307.7775 310.2525 311.59 311.675 314.3175 311.65 307.7475 304.6875 299.365 299.99 300.41 300.26752 300.675 303.16998 302.87 301.91498 300.8975 298.78247 293.37747 292.10498 288.28 283.66498 279.815 275.965 270.575 -999999.0 -999999.0 -999999.0 -999999.0 -999999.0 -999999.0 -999999.0 -999999.0 -999999.0 -999999.0 -999999.0 -999999.0 -999999.0 -999999.0 -999999.0 -999999.0 -999999.0 -999999.0 -999999.0 -999999.0 -999999.0 133.15 -999999.0 -999999.0 -999999.0 -999999.0 -999999.0 -999999.0 -999999.0 -999999.0 -999999.0 -999999.0 -999999.0
307.235 308.18 309.65747 311.63498 313.05 313.635 314.2575 315.08246 315.075 311.5975 306.835 305.44995 303.4075 301.13748 300.2675 301.7425 301.7575 300.3375 298.935 296.01248 291.715 289.4875 287.10498 282.6775 278.2275 275.28998 271.0 266.41 -999999.0 -999999.0 -999999.0 -999999.0 -999999.0 -999999.0 -999999.0 -999999.0 -999999.0 -999999.0 -999999.0 -999999.0 -999999.0 -999999.0 -999999.0 -999999.0 -999999.0 -999999.0 -999999.0 -999999.0 144.5325 -999999.0 -999999.0 -999999.0 -999999.0 -999999.0 -999999.0 -999999.0 -999999.0 -999999.0 -999999.0 -999999.0 -999999.0
311.70746 312.995 314.49 315.4775 316.09 316.63748 316.945 317.09 317.35748 313.8675 308.54498 307.7375 305.8925 303.1125 300.5275 298.74 298.0675 296.27 294.47498 290.48 285.72247 283.76498 280.01248 275.7125 272.7675 271.22247 266.17 261.04498 -999999.0 -999999.0 -999999.0 -999999.0 -999999.0 -999999.0 -999999.0 -999999.0 -999999.0 -999999.0 -999999.0 -999999.0 -999999.0 -999999.0 -999999.0 -999999.0 -999999.0 -999999.0 -999999.0 147.245 143.725 -999999.0 -999999.0 -999999.0 -999999.0 -999999.0 -999999.0 -999999.0 -999999.0 -999999.0 -999999.0 -999999.0 -999999.0
316.08252 317.63 319.13 319.48248 319.635 319.9875 319.76498 319.33502 318.82248 314.29498 308.47003 307.91998 306.57748 303.8075 298.68 293.815 292.52 290.99496 288.21 284.72748 280.2575 275.2275 271.64746 269.38498 267.90747 267.06998 262.075 255.67749 248.95999 -999999.0 -999999.0 -999999.0 -999999.0 -999999.0 -999999.0 -999999.0 -999999.0 -999999.0 -999999.0 -999999.0 -999999.0 -999999.0 -999999.0 -999999.0 157.035 146.6825 138.8025 146.44 -999999.0 -999999.0 -999999.0 -999999.0 -999999.0 -999999.0 -999999.0 -999999.0 -999999.0 -999999.0 -999999.0 -999999.0 -999999.0
320.3175 322.3675 323.8025 323.7625 323.335 323.3075 322.635 321.21 319.81747 314.7275 307.7975 306.7025 305.195 301.7875 296.9625 291.2075 287.59 285.2775 281.62 277.97498 274.09247 265.82248 264.96997 264.49 263.51 262.49 257.64 250.7125 243.71 237.0625 -999999.0 -999999.0 -999999.0 -999999.0 -999999.0 -999999.0 -999999.0 -999999.0 -999999.0 -999999.0 -999999.0 -999999.0 172.4 167.0625 156.2 145.05249 -999999.0 142.5825 -999999.0 -999999.0 -999999.0 -999999.0 -999999.0 -999999.0 -999999.0 -999999.0 -999999.0 -999999.0 -999999.0 -999999.0 -999999.0
324.3725 327.255 328.98248 328.3875 327.14 326.4675 326.46997 323.0125 320.4075 315.5825 309.1125 304.0575 301.28 300.0125 298.1625 294.33752 284.8225 279.27753 276.0375 270.72748 263.3175 262.7175 261.5775 260.3475 259.0825 257.83002 253.88 247.17249 239.105 232.52249 -999999.0 -999999.0 -999999.0 -999999.0 -999999.0 -999999.0 -999999.0 -999999.0 -999999.0 -999999.0 -999999.0 -999999.0 -999999.0 -999999.0 -999999.0 142.47499 -999999.0 -999999.0 -999999.0 -999999.0 -999999.0 -999999.0 -999999.0 -999999.0 -999999.0 -999999.0 -999999.0 -999999.0 -999999.0 -999999.0 -999999.0
327.555 331.8975 334.13498 333.9975 332.6225 331.19 329.07748 325.71747 319.755 313.9675 309.5625 304.07748 300.215 301.87247 299.63998 291.59 284.865 275.555 267.77753 261.7075 257.6175 257.6225 257.24 256.435 255.4475 253.8875 250.5975 244.11499 236.5575 229.365 222.42749 -999999.0 -999999.0 -999999.0 -999999.0 -999999.0 -999999.0 -999999.0 -999999.0 -999999.0 -999999.0 -999999.0 -999999.0 -999999.0 -999999.0 137.33499 126.54 -999999.0 -999999.0 -999999.0 -999999.0 -999999.0 -999999.0 -999999.0 -999999.0 -999999.0 -999999.0 -999999.0 -999999.0 -999999.0 -999999.0
330.82 336.60498 339.82748 339.83 338.095 335.48248 332.0 327.6725 321.02002 314.5575 309.15497 303.87997 301.49246 301.65747 297.2425 288.8325 282.4625 269.0525 262.29498 260.44998 259.1525 257.94 254.89749 253.6025 253.03749 251.64499 248.04749 241.68999 233.825 226.5425 219.2175 -999999.0 -999999.0 -999999.0 -999999.0 -999999.0 -999999.0 -999999.0 -999999.0 -999999.0 -999999.0 -999999.0 -999999.0 -999999.0 -999999.0 -999999.0 120.1425 -999999.0 -999999.0 -999999.0 -999999.0 -999999.0 -999999.0 -999999.0 -999999.0 -999999.0 -999999.0 -999999.0 -999999.0 -999999.0 -999999.0
334.8925 341.4975 345.3725 345.3475 342.71997 338.81998 333.995 328.19247 321.7725 315.3325 308.76498 302.99 300.36 298.51 293.0675 286.165 281.3825 269.3125 262.6275 261.14752 260.605 259.055 255.7175 252.44751 250.66501 249.9075 245.94498 238.2225 231.38998 223.94998 216.82501 209.1725 -999999.0 -999999.0 175.4 170.405 165.23999 161.64499 159.58249 158.23 -999999.0 -999999.0 -999999.0 -999999.0 -999999.0 -999999.0 115.89 -999999.0 -999999.0 -999999.0 -999999.0 -999999.0 -999999.0 -999999.0 -999999.0 -999999.0 -999999.0 -999999.0 -999999.0 -999999.0 -999999.0
340.1775 346.91498 351.54248 351.28748 346.8625 341.2775 335.185 327.45502 320.995 314.7125 307.74 301.16748 297.63748 294.9725 290.1125 284.60498 282.235 276.12 266.20502 260.13498 259.705 258.6375 257.485 252.7625 247.83249 245.19998 241.725 233.86499 227.28 221.18 213.98999 206.62 197.8075 187.125 175.475 167.19 159.915 155.48749 153.8075 152.88249 -999999.0 -999999.0 -999999.0 -999999.0 -999999.0 125.9625 114.675 -999999.0 -999999.0 -999999.0 -999999.0 -999999.0 -999999.0 -999999.0 -999999.0 -999999.0 -999999.0 -999999.0 -999999.0 -999999.0 -999999.0
344.6275 351.215 358.1675 356.74 350.005 343.0675 335.87997 326.82 320.48248 313.97998 306.00998 298.9575 296.5325 293.4925 289.5825 285.43 281.8225 280.0375 268.215 260.085 259.9175 258.62 257.0525 253.4575 246.625 238.51999 237.38501 226.975 221.165 216.59999 210.82999 203.4725 194.52501 184.99251 175.31749 165.6325 156.0925 150.67499 149.32999 148.5625 -999999.0 -999999.0 -999999.0 -999999.0 -999999.0 125.00749 116.86 -999999.0 -999999.0 -999999.0 -999999.0 -999999.0 -999999.0 -999999.0 -999999.0 -999999.0 -999999.0 -999999.0 -999999.0 -999999.0 -999999.0
345.89 350.47 355.7375 355.3125 349.8675 342.66998 333.7075 326.99252 321.14746 314.8375 307.48502 299.92 295.6875 292.4525 289.175 286.1675 283.175 280.51498 270.7475 262.865 261.565 260.07498 257.215 253.0025 247.33249 241.13748 232.08 224.2225 217.41748 211.965 207.36249 200.87 192.91 184.485 175.4875 166.51 157.54999 150.455 147.015 145.51332 -999999.0 -999999.0 -999999.0 -999999.0 -999999.0 125.09499 118.32749 -999999.0 -999999.0 -999999.0 -999999.0 -999999.0 -999999.0 -999999.0 -999999.0 -999999.0 -999999.0 -999999.0 -999999.0 -999999.0 -999999.0
342.25 347.47498 351.8275 351.94498 347.7 340.7575 333.7125 327.6875 322.3975 316.455 309.26 301.78748 296.78497 293.1975 290.3025 287.17752 283.235 280.03497 274.6625 268.02997 263.27252 261.965 258.72998 253.04 247.4675 239.65 227.8425 222.475 216.2025 208.64499 203.4375 198.64749 192.2525 184.57498 177.38748 169.325 160.89499 -999999.0 146.97667 -999999.0 -999999.0 -999999.0 -999999.0 -999999.0 131.595 125.03249 -999999.0 -999999.0 -999999.0 -999999.0 -999999.0 -999999.0 -999999.0 -999999.0 -999999.0 -999999.0 -999999.0 -999999.0 -999999.0 -999999.0 -999999.0
338.64496 344.43 348.3675 348.205 344.485 339.07248 333.64246 327.8675 322.40497 316.825 309.965 302.87 298.455 294.86 291.38248 287.84497 283.67502 280.18 276.91 270.7775 264.5525 263.6825 260.4675 253.85 246.82 238.29498 228.1875 224.25249 215.6725 204.51749 199.63 196.295 191.34 185.535 180.1275 172.825 -999999.0 -999999.0 -999999.0 -999999.0 -999999.0 -999999.0 -999999.0 135.8 130.64499 123.9975 -999999.0 -999999.0 -999999.0 -999999.0 -999999.0 -999999.0 -999999.0 -999999.0 -999999.0 -999999.0 -999999.0 -999999.0 -999999.0 -999999.0 -999999.0
