data/TNO-HT-ATES/HT-ATES_msz3/msz3__flowr_sodm_P50_basecase_80-45-40.asc
ncols  140
nrows  163
xllcorner  0.0
yllcorner  300000.0
cellsize  2000.0
NODATA_value  -999999.0
[rows 54 to 80 of 163, columns 61 to 121 of 140]
128.86974 133.17899 167.79578 226.42668 273.07196 284.9239 306.52548 314.8136 318.47818 346.9098 379.08466 410.3131 419.03098 384.0188 347.7142 328.177 320.6267 285.78027 225.30823 197.13713 214.2708 213.61514 197.0282 208.02008 240.33354 260.66556 273.06058 318.92532 343.14948 333.86115 288.40738 198.9372 143.34123 68.683365 5.844228 -999999.0 -999999.0 -999999.0 -999999.0 -999999.0 -999999.0 7.326181 6.4824038 2.8032506 16.957651 37.337154 -999999.0 -999999.0 -999999.0 -999999.0 -999999.0 -999999.0 -999999.0 -999999.0 -999999.0 -999999.0 -999999.0 -999999.0 -999999.0 -999999.0 -999999.0
167.33427 185.22707 181.30536 235.62543 266.8659 269.1025 283.42606 303.7909 320.68546 352.8317 368.6344 382.8533 387.3462 359.80594 331.60965 307.30438 277.70477 258.42056 198.43489 186.10928 217.47261 229.49457 217.80884 224.76819 246.59607 258.38248 299.86337 359.17108 371.95966 343.32736 304.48978 203.13719 141.65118 52.415268 -999999.0 -999999.0 -999999.0 -999999.0 -999999.0 -999999.0 -999999.0 -999999.0 -999999.0 -999999.0 -999999.0 23.470188 -999999.0 -999999.0 -999999.0 -999999.0 -999999.0 -999999.0 -999999.0 -999999.0 -999999.0 -999999.0 -999999.0 -999999.0 -999999.0 -999999.0 -999999.0
140.1964 150.57358 184.34238 230.20412 262.1672 262.40344 268.0462 285.34222 303.27972 354.40466 361.24036 375.9834 357.48526 330.20844 305.1285 284.92096 276.72656 247.809 199.34363 191.41199 211.27565 245.99286 236.4573 240.15344 259.06387 260.4545 271.72263 331.94745 394.26593 396.29156 359.07593 194.22633 116.18406 41.691887 8.8669615 -999999.0 -999999.0 -999999.0 -999999.0 -999999.0 -999999.0 -999999.0 -999999.0 -999999.0 -999999.0 14.168804 -999999.0 -999999.0 -999999.0 -999999.0 -999999.0 -999999.0 -999999.0 -999999.0 -999999.0 -999999.0 -999999.0 -999999.0 -999999.0 -999999.0 -999999.0
104.23033 123.54069 158.07062 196.78957 223.4234 253.53789 260.81445 259.02298 272.69168 335.49478 366.09143 378.8417 347.26685 327.65387 303.64822 280.4145 252.78499 213.79599 159.27245 170.30301 215.54228 220.78926 231.55122 259.27643 263.85248 273.44278 300.95047 311.41525 445.96182 465.2738 409.06665 207.5713 115.58113 65.02707 49.312965 45.937637 -999999.0 -999999.0 -999999.0 -999999.0 -999999.0 -999999.0 -999999.0 -999999.0 -999999.0 -999999.0 -999999.0 -999999.0 -999999.0 -999999.0 -999999.0 -999999.0 -999999.0 -999999.0 -999999.0 -999999.0 -999999.0 -999999.0 -999999.0 -999999.0 -999999.0
82.68693 104.03845 130.98068 156.25179 193.0106 227.45412 253.34987 234.91203 231.27167 291.38678 348.15463 351.3729 327.74808 324.05283 292.85065 240.74243 227.75208 159.6183 121.45262 160.44388 206.46614 226.40787 233.37195 268.36768 273.91376 293.86234 327.51816 434.74457 494.95273 452.64917 388.32947 240.42166 157.06056 112.09016 103.75371 105.79606 74.09175 20.189976 -999999.0 -999999.0 -999999.0 -999999.0 -999999.0 -999999.0 -999999.0 -999999.0 -999999.0 -999999.0 -999999.0 -999999.0 -999999.0 -999999.0 -999999.0 -999999.0 -999999.0 -999999.0 -999999.0 -999999.0 -999999.0 -999999.0 -999999.0
74.58106 97.69216 119.273735 131.4982 176.21184 202.0148 249.95575 229.41125 212.4754 247.30814 311.04654 294.47363 287.63138 275.93848 256.70786 218.93451 223.71304 143.48782 129.99303 155.18431 174.04164 212.47128 234.14304 283.688 301.07104 318.55417 344.68967 487.99335 528.95514 468.1614 387.97705 270.69568 180.74231 199.08624 166.58897 175.43198 180.13615 136.42668 92.53219 -999999.0 -999999.0 -999999.0 -999999.0 -999999.0 -999999.0 -999999.0 -999999.0 -999999.0 -999999.0 -999999.0 -999999.0 -999999.0 -999999.0 -999999.0 -999999.0 -999999.0 -999999.0 -999999.0 -999999.0 -999999.0 -999999.0
68.8681 99.89356 125.77785 98.40536 213.3344 206.28102 234.18202 231.17609 252.38202 262.30405 269.10556 281.7432 265.95697 237.53441 227.15161 240.68132 264.97595 202.60562 172.4621 166.70445 156.94968 192.19739 227.0619 285.12985 321.05118 365.67963 370.5231 494.52817 548.9092 528.71967 451.4203 397.71765 316.88904 273.62384 252.04266 247.37152 246.24164 190.43129 128.53548 71.99749 48.609097 61.23591 -999999.0 -999999.0 -999999.0 -999999.0 -999999.0 -999999.0 -999999.0 -999999.0 -999999.0 -999999.0 -999999.0 -999999.0 -999999.0 -999999.0 -999999.0 -999999.0 -999999.0 -999999.0 -999999.0
71.33342 106.74946 128.98749 151.74445 223.26094 194.62103 223.52766 227.90398 253.35168 255.16347 262.29984 243.7889 249.32304 227.77106 226.43642 230.33334 209.18553 215.83078 211.35997 184.08253 163.37755 187.90144 230.09923 244.72997 317.03467 368.34857 409.10834 514.12366 625.71375 590.1431 549.58417 483.4368 440.0863 377.5642 304.2746 236.64032 291.75305 212.8567 121.90721 121.96248 176.75604 199.13078 37.13318 -999999.0 -999999.0 -999999.0 -999999.0 -999999.0 -999999.0 -999999.0 -999999.0 -999999.0 -999999.0 -999999.0 -999999.0 -999999.0 -999999.0 -999999.0 -999999.0 -999999.0 -999999.0
97.02499 121.965775 129.92606 138.31665 147.78633 178.20271 194.39471 221.15413 252.8453 254.08032 249.10118 250.68939 254.0585 272.79776 252.6188 197.72446 185.5818 193.25214 209.74791 203.40771 184.8683 198.5242 222.52937 259.44077 267.41968 292.66974 421.66718 533.4652 666.51135 664.86005 586.23346 555.849 474.35385 421.47412 337.30173 262.33258 334.3047 215.07137 92.824524 86.38109 175.03558 110.72934 29.146902 -999999.0 -999999.0 -999999.0 -999999.0 -999999.0 -999999.0 -999999.0 -999999.0 -999999.0 -999999.0 -999999.0 -999999.0 -999999.0 -999999.0 -999999.0 -999999.0 -999999.0 -999999.0
127.786415 133.13737 124.95571 125.7481 144.24086 173.19743 174.138 193.27318 252.39282 261.57974 238.5602 262.63406 277.8134 248.2507 224.02501 190.80882 213.05205 218.04793 232.91277 223.38661 211.435 203.67798 202.98557 242.85748 246.48555 258.17963 270.31775 312.11017 329.97153 663.5108 544.9919 522.3028 377.59503 463.71753 352.63345 239.34798 292.4052 150.01712 109.77386 134.32686 142.27805 30.0459 -999999.0 -999999.0 -999999.0 -999999.0 -999999.0 -999999.0 -999999.0 -999999.0 -999999.0 -999999.0 -999999.0 -999999.0 -999999.0 -999999.0 -999999.0 -999999.0 -999999.0 -999999.0 -999999.0
148.47253 142.46684 116.56858 108.22251 135.60321 175.96927 172.3057 193.93842 242.77153 268.07693 250.41492 252.14185 259.44727 231.85928 201.60109 219.70447 250.24458 272.73682 268.71713 260.59216 248.40746 226.08388 222.73018 208.20601 196.24152 207.50203 205.42732 330.62335 330.34827 341.77002 419.57602 369.926 479.15158 431.26602 368.94647 295.23917 288.37033 177.13217 118.04511 145.31284 68.39395 16.91171 -999999.0 -999999.0 -999999.0 -999999.0 -999999.0 -999999.0 -999999.0 -999999.0 -999999.0 -999999.0 -999999.0 -999999.0 -999999.0 -999999.0 -999999.0 -999999.0 -999999.0 -999999.0 -999999.0
151.41653 148.15036 114.34721 109.54703 135.35052 172.50398 186.54744 217.32234 242.82106 271.48022 300.80988 319.7546 261.12152 242.28291 230.40698 258.3302 298.32455 294.07263 310.0967 303.78876 300.46054 290.2432 257.23053 199.92833 170.20488 170.98103 250.61618 372.78894 405.9487 407.05533 395.85037 326.73386 429.21146 344.19208 313.78088 368.41724 373.4499 205.84956 113.3662 41.930172 14.93776 -999999.0 -999999.0 -999999.0 -999999.0 -999999.0 -999999.0 -999999.0 -999999.0 -999999.0 -999999.0 -999999.0 -999999.0 -999999.0 -999999.0 -999999.0 -999999.0 -999999.0 -999999.0 -999999.0 -999999.0
167.09146 153.987 135.8747 124.8488 140.8733 174.34714 193.12308 231.66573 245.44354 262.08527 259.47318 276.1548 278.08267 297.0133 316.70273 355.0258 376.98325 382.86328 361.12332 359.44943 365.62903 356.5356 305.4458 222.5894 167.41615 191.63606 303.96317 476.59366 403.9824 386.54575 397.483 326.63788 359.49863 318.08588 268.9551 270.964 303.3901 186.6837 49.921356 2.4694703 -999999.0 -999999.0 5.56385 0.0 0.0 -999999.0 -999999.0 -999999.0 -999999.0 -999999.0 -999999.0 -999999.0 -999999.0 -999999.0 -999999.0 -999999.0 -999999.0 -999999.0 -999999.0 -999999.0 -999999.0
183.0252 177.12485 161.65997 151.63121 156.97992 182.36057 189.67923 206.39413 223.58391 245.28638 239.48186 257.30637 292.3501 324.17422 347.34875 381.427 423.84448 389.85666 318.6775 325.80054 371.08548 376.71826 345.8535 274.01074 223.38876 205.16644 375.22388 491.97046 486.2172 428.63187 422.94507 305.75885 252.94405 288.73935 251.49132 153.48967 126.38229 94.083496 -999999.0 -999999.0 -999999.0 -999999.0 30.32398 0.0 0.0 0.0 -999999.0 -999999.0 -999999.0 -999999.0 -999999.0 -999999.0 -999999.0 -999999.0 -999999.0 -999999.0 -999999.0 -999999.0 -999999.0 -999999.0 -999999.0
192.44658 185.37842 172.71439 167.62866 174.05392 177.5074 180.01877 193.03299 212.16982 233.62949 247.15662 258.81055 306.97217 330.83096 347.416 388.18063 415.24634 358.69785 258.4876 243.20482 281.03598 288.4172 319.9488 315.92917 316.02798 334.2331 385.6861 434.5415 476.72272 432.14737 394.4448 261.1791 206.91481 273.59656 333.303 148.23955 -999999.0 -999999.0 -999999.0 -999999.0 -999999.0 24.66358 0.0 0.0 0.0 0.0 -999999.0 -999999.0 -999999.0 -999999.0 -999999.0 -999999.0 -999999.0 -999999.0 -999999.0 -999999.0 -999999.0 -999999.0 -999999.0 -999999.0 -999999.0
196.58105 190.53096 179.67871 176.93062 168.15182 157.49438 162.0486 175.10161 198.89842 222.41817 233.1725 248.34482 290.2008 300.0607 294.9835 328.02588 365.31717 325.98288 266.65973 212.83437 183.81285 161.45181 204.54808 280.59726 363.14987 376.5632 350.97766 360.17664 410.23212 396.2062 386.44516 307.37247 263.47247 296.247 317.7956 171.65288 8.534928 -999999.0 -999999.0 -999999.0 7.525423 29.25331 0.0 0.0 0.0 0.0 -999999.0 -999999.0 -999999.0 -999999.0 -999999.0 -999999.0 -999999.0 -999999.0 -999999.0 -999999.0 -999999.0 -999999.0 -999999.0 -999999.0 -999999.0
194.75348 184.87224 178.35208 170.31865 161.00162 154.62042 161.51796 165.66447 175.8676 209.00385 241.53915 259.32187 280.60605 280.91864 265.30078 212.55457 241.72632 250.32095 202.61105 149.57475 89.28053 70.02003 166.59814 311.4292 356.3944 364.63644 335.32806 294.76834 378.82617 418.89355 394.05267 314.62958 304.76068 321.99716 292.81488 212.66026 218.89978 129.18365 43.001045 -999999.0 50.25189 63.718376 0.0 0.0 0.0 -999999.0 -999999.0 -999999.0 -999999.0 -999999.0 -999999.0 -999999.0 -999999.0 -999999.0 -999999.0 -999999.0 -999999.0 -999999.0 -999999.0 -999999.0 -999999.0
181.54051 189.80571 178.15306 169.53197 167.01683 158.97655 147.03055 166.65906 178.98772 205.19926 234.71997 216.54277 270.47998 272.94476 219.5493 168.53958 147.16261 116.82328 100.63545 72.78014 34.60945 65.030754 167.75076 274.17938 353.116 324.90878 296.4523 232.38461 260.15207 320.6651 350.72372 354.3898 337.7956 365.99362 313.8241 297.78516 308.12546 225.02808 203.67471 247.85315 164.19206 82.86897 37.251995 0.0 -999999.0 -999999.0 -999999.0 -999999.0 -999999.0 -999999.0 -999999.0 -999999.0 -999999.0 -999999.0 -999999.0 -999999.0 -999999.0 -999999.0 -999999.0 -999999.0 -999999.0
194.23016 190.88266 182.91942 168.61278 159.95422 168.44116 161.22238 178.06384 187.62555 147.6939 110.4346 189.70557 244.51309 283.21753 224.9649 162.2337 98.3523 41.090256 35.267067 73.50461 78.55285 109.36013 235.15134 271.62814 307.6169 295.47833 222.11876 206.50375 257.854 276.56143 332.36807 360.42465 324.70526 321.12402 321.7269 342.78354 342.16266 291.1152 290.02673 246.0289 174.54182 133.34074 118.4574 0.0 -999999.0 -999999.0 -999999.0 -999999.0 -999999.0 -999999.0 -999999.0 -999999.0 -999999.0 -999999.0 -999999.0 -999999.0 -999999.0 -999999.0 -999999.0 -999999.0 -999999.0
207.92662 189.3266 181.783 181.88388 163.06844 218.21793 181.95975 120.33304 89.684685 60.788612 54.408745 146.90726 198.51456 212.08386 164.98141 98.83257 36.1663 43.98484 80.10265 117.250984 141.67831 116.85564 157.43492 240.08028 282.00845 252.73846 193.74037 197.3083 253.11305 298.40143 349.55505 342.52798 324.66653 304.64676 333.22937 308.31738 332.32565 329.30353 252.5396 201.2805 207.63945 161.84735 85.70382 0.0 0.0 -999999.0 -999999.0 -999999.0 -999999.0 -999999.0 -999999.0 -999999.0 -999999.0 -999999.0 -999999.0 -999999.0 -999999.0 -999999.0 -999999.0 -999999.0 -999999.0
183.70306 168.4565 173.89993 169.71118 147.65886 179.45114 187.11954 32.176987 0.0 37.52288 124.871315 119.80803 132.9346 170.8461 125.970184 21.645298 -999999.0 57.699444 122.76855 129.19089 107.52923 119.2362 160.22511 204.13936 244.61638 201.66856 128.72421 162.67984 233.89583 284.90366 349.84473 345.79892 343.34033 336.5284 309.38165 280.23975 343.84714 293.83252 220.65715 188.64595 196.48102 125.76478 92.61288 0.0 0.0 0.0 -999999.0 -999999.0 -999999.0 -999999.0 -999999.0 -999999.0 -999999.0 -999999.0 -999999.0 -999999.0 -999999.0 -999999.0 -999999.0 -999999.0 -999999.0
143.23924 122.719826 142.08109 145.20021 109.290115 63.276295 24.664434 51.090427 75.72781 133.86713 205.84216 189.64607 169.36261 199.1251 184.7139 50.948544 67.721985 114.77933 160.53862 119.11054 83.34525 99.961205 116.54695 169.55363 176.71266 100.94937 15.527776 70.627464 181.48894 265.47623 308.863 292.6607 313.8918 315.24805 332.24045 297.54636 319.442 259.1243 165.15921 129.1138 125.69195 124.42788 42.365593 0.0 0.0 0.0 0.0 -999999.0 -999999.0 -999999.0 -999999.0 -999999.0 -999999.0 -999999.0 -999999.0 -999999.0 -999999.0 -999999.0 -999999.0 -999999.0 -999999.0
109.94459 111.07129 125.97632 126.466545 117.92986 97.46241 50.456577 103.5136 191.63116 299.29865 315.1465 175.17256 153.41412 171.34012 167.97925 117.872185 100.33732 121.28255 111.56274 84.81491 71.98046 97.417725 129.59537 139.15146 138.97626 59.362766 -999999.0 17.53445 112.82196 195.88184 209.57167 264.10706 231.2499 157.15889 239.41217 271.12708 275.88083 198.29475 107.05003 84.07458 100.81164 168.68692 72.78754 0.0 0.0 -999999.0 -999999.0 -999999.0 -999999.0 -999999.0 -999999.0 -999999.0 -999999.0 -999999.0 -999999.0 -999999.0 -999999.0 -999999.0 -999999.0 -999999.0 -999999.0
132.23454 124.96991 141.16283 148.92728 156.84116 135.07214 72.791695 118.27557 220.23682 301.78693 323.10208 176.85072 157.55627 151.93315 156.2536 126.270775 82.6243 80.188194 82.40397 71.211655 59.935284 91.5754 137.71805 156.77582 169.60449 118.34457 62.289013 84.595566 147.99403 280.449 357.79523 321.1578 205.29266 121.50801 264.88342 360.94754 176.24802 94.81933 109.64057 102.31456 107.08899 147.1056 83.925125 54.48594 -999999.0 -999999.0 -999999.0 -999999.0 -999999.0 -999999.0 -999999.0 -999999.0 -999999.0 -999999.0 -999999.0 -999999.0 -999999.0 -999999.0 -999999.0 -999999.0 -999999.0
173.04211 145.53268 151.08421 150.53201 141.15446 126.68304 65.20123 91.74598 184.082 204.69965 207.92995 136.35994 97.191154 109.77629 137.16704 137.27048 90.99466 49.803066 37.162834 51.363716 54.566273 78.56124 127.22396 180.29584 197.24925 189.9642 169.01671 170.85033 238.85872 395.55347 548.85406 466.7331 359.60168 337.20486 323.06696 354.1553 202.12129 136.99431 144.73495 125.39943 92.59302 88.073654 43.253204 12.013146 0.0 -999999.0 -999999.0 -999999.0 -999999.0 -999999.0 -999999.0 -999999.0 -999999.0 -999999.0 -999999.0 -999999.0 -999999.0 -999999.0 -999999.0 -999999.0 -999999.0
185.30972 154.42006 179.23656 177.64552 159.93561 129.60323 144.98524 121.97987 206.66112 175.52429 167.00652 110.37005 75.348625 69.81875 83.12737 93.965485 44.96966 -999999.0 -999999.0 -999999.0 28.421188 80.6853 111.261154 152.53949 160.61456 180.78888 200.37704 196.89052 318.90628 532.0888 656.7144 472.00183 409.16235 426.12442 361.32135 321.02414 257.18506 233.59651 216.16762 167.80237 87.18532 79.423805 43.590015 13.622885 0.0 0.0 -999999.0 -999999.0 -999999.0 -999999.0 -999999.0 -999999.0 -999999.0 -999999.0 -999999.0 -999999.0 -999999.0 -999999.0 -999999.0 -999999.0 -999999.0
381.44275 162.45296 187.79077 207.67308 206.34311 133.12823 105.13679 166.09947 241.29366 190.01173 130.6035 59.7007 22.05445 -999999.0 4.4149003 26.943314 -999999.0 -999999.0 -999999.0 -999999.0 -999999.0 82.14766 81.78081 115.835014 128.25874 147.33061 160.76079 141.40955 340.54227 458.9874 427.36035 332.76465 314.2273 317.1136 301.24445 265.55273 230.38551 217.4196 214.20888 200.27513 155.9667 86.88443 61.451996 38.81063 0.0 0.0 -999999.0 -999999.0 -999999.0 -999999.0 -999999.0 -999999.0 -999999.0 -999999.0 -999999.0 -999999.0 -999999.0 -999999.0 -999999.0 -999999.0 -999999.0
