data/TNO-HT-ATES/HT-ATES_msz3/msz3__h_sampled_lod_basecase_80-45-40.asc
ncols  140
nrows  163
xllcorner  0.0
yllcorner  300000.0
cellsize  2000.0
NODATA_value  -999999.0
[rows 28 to 55 of 163, columns 63 to 125 of 140]
35.067497 31.749998 28.8175 27.505001 27.135 25.5425 24.17 23.5525 23.4875 24.7975 29.262499 33.707497 35.435 34.6025 33.0475 32.137497 32.4025 38.184998 45.295 45.409996 44.305 40.7325 35.822502 30.902498 26.817501 22.712502 17.974998 14.9 11.3175 8.565 6.285 3.8999996 1.9074999 0.86 -999999.0 -999999.0 2.205 5.165 4.0625 1.2349999 -999999.0 -999999.0 -999999.0 -999999.0 -999999.0 -999999.0 -999999.0 -999999.0 -999999.0 -999999.0 -999999.0 -999999.0 -999999.0 -999999.0 -999999.0 -999999.0 -999999.0 -999999.0 -999999.0 -999999.0 -999999.0 -999999.0 -999999.0
33.35 30.202501 26.8675 24.33 23.457499 22.1325 20.997498 20.4 20.895 22.98 29.802498 32.04 32.6125 32.9875 31.9525 30.727499 26.659998 34.55 45.094997 47.375 46.847496 44.245 39.010002 33.47 27.315 21.214998 16.2425 11.497499 6.06 1.145 1.14 0.15 -999999.0 -999999.0 -999999.0 -999999.0 4.0675 6.135 3.6049998 1.3175 0.44 -999999.0 -999999.0 -999999.0 -999999.0 -999999.0 -999999.0 -999999.0 -999999.0 0.25 -999999.0 -999999.0 -999999.0 -999999.0 -999999.0 -999999.0 -999999.0 -999999.0 -999999.0 -999999.0 -999999.0 -999999.0 -999999.0
31.384998 28.3575 25.1375 22.0225 19.687498 19.16 18.355 17.909998 18.817501 23.3675 25.827497 27.967499 29.669998 31.3875 33.195 30.525 29.669998 35.09 44.2525 49.165 49.09 47.405 42.3525 35.4125 26.582499 19.085 12.695 7.415 1.575 -999999.0 -999999.0 -999999.0 -999999.0 -999999.0 -999999.0 -999999.0 1.865 3.7574997 2.2475 0.8325 0.5925 0.3375 0.47249997 0.70500004 0.9875 2.29 -999999.0 -999999.0 -999999.0 -999999.0 -999999.0 -999999.0 -999999.0 -999999.0 -999999.0 -999999.0 -999999.0 -999999.0 -999999.0 -999999.0 -999999.0 -999999.0 -999999.0
29.475 26.282501 23.009998 20.095 17.115 15.825001 16.579998 17.3 18.04 19.779999 21.8475 25.5425 29.027498 31.404999 32.449997 31.6525 31.2125 33.9725 41.289997 50.02 52.215 52.192497 46.25 36.329998 27.1925 18.482498 10.51 3.5575 -999999.0 -999999.0 -999999.0 -999999.0 -999999.0 -999999.0 -999999.0 -999999.0 -999999.0 1.1225 0.78749996 0.53 -999999.0 0.29749998 0.94499993 2.1975 4.0699997 4.915 1.6025 -999999.0 1.5949999 -999999.0 0.7075 -999999.0 -999999.0 -999999.0 -999999.0 -999999.0 -999999.0 -999999.0 -999999.0 -999999.0 -999999.0 -999999.0 -999999.0
26.4075 24.397501 21.7925 18.332499 15.327499 14.884999 15.459999 15.277499 14.272499 15.732499 18.949999 22.855 26.36 28.7875 30.3925 30.984997 31.715 32.015 36.77 48.3425 53.6075 54.3025 45.4125 35.4525 25.985 16.875 8.125 0.45499998 -999999.0 -999999.0 -999999.0 -999999.0 -999999.0 -999999.0 -999999.0 -999999.0 -999999.0 -999999.0 -999999.0 -999999.0 -999999.0 -999999.0 1.165 2.5025 3.5875 4.3374996 4.1275 -999999.0 -999999.0 -999999.0 -999999.0 -999999.0 -999999.0 -999999.0 -999999.0 -999999.0 -999999.0 -999999.0 -999999.0 -999999.0 -999999.0 -999999.0 -999999.0
24.2725 22.565 20.577497 17.145 14.254999 13.152499 13.572499 12.7699995 10.475 13.4 17.3325 20.502499 23.425 26.2775 28.439999 30.307499 31.754997 33.054996 37.85 46.017498 49.39 48.5 42.03 33.265 23.922499 14.594999 6.0925 -999999.0 -999999.0 -999999.0 -999999.0 -999999.0 -999999.0 -999999.0 -999999.0 -999999.0 -999999.0 -999999.0 -999999.0 -999999.0 -999999.0 -999999.0 0.7375 1.9449999 2.1125 1.595 1.3900001 -999999.0 -999999.0 -999999.0 -999999.0 -999999.0 -999999.0 -999999.0 -999999.0 -999999.0 -999999.0 -999999.0 -999999.0 -999999.0 -999999.0 -999999.0 -999999.0
22.8775 20.539997 18.154999 15.8475 13.5025 10.9175 12.0625 12.695001 11.6975 13.6075 16.79 18.82 21.4175 24.735 26.96 29.765 31.1075 33.149998 37.79 43.864998 45.1025 42.414997 36.979996 29.41 20.932499 12.362499 4.6875 -999999.0 -999999.0 -999999.0 -999999.0 -999999.0 -999999.0 -999999.0 -999999.0 -999999.0 -999999.0 -999999.0 -999999.0 -999999.0 -999999.0 -999999.0 -999999.0 1.68 1.7824999 0.4475 -999999.0 -999999.0 -999999.0 -999999.0 -999999.0 -999999.0 -999999.0 -999999.0 -999999.0 -999999.0 -999999.0 -999999.0 -999999.0 -999999.0 -999999.0 -999999.0 -999999.0
21.0475 18.0525 15.152499 12.9 13.059999 10.994999 12.905 14.2074995 13.12 13.039999 16.11 17.73 19.880001 22.935 24.6825 27.91 29.964998 31.925 35.4025 38.8575 39.725 36.425 31.085 24.472498 16.7025 9.49 2.495 -999999.0 -999999.0 -999999.0 -999999.0 -999999.0 -999999.0 -999999.0 -999999.0 -999999.0 -999999.0 -999999.0 -999999.0 -999999.0 -999999.0 -999999.0 -999999.0 1.5825 2.2125 -999999.0 -999999.0 -999999.0 -999999.0 -999999.0 -999999.0 -999999.0 -999999.0 -999999.0 -999999.0 -999999.0 -999999.0 -999999.0 -999999.0 -999999.0 -999999.0 -999999.0 -999999.0
18.8 15.9825 13.165 11.1449995 10.8325 11.067499 13.645 15.512499 14.377501 13.67 15.227499 17.965 20.2175 21.814999 23.377499 25.665 27.765 29.085 30.949999 33.5 35.7025 31.4075 25.467499 19.4375 12.544999 5.99 0.35500002 -999999.0 -999999.0 -999999.0 -999999.0 -999999.0 2.25 3.6325 1.68 -999999.0 -999999.0 -999999.0 -999999.0 -999999.0 -999999.0 -999999.0 -999999.0 1.4899999 2.215 -999999.0 -999999.0 -999999.0 -999999.0 -999999.0 -999999.0 -999999.0 -999999.0 -999999.0 -999999.0 -999999.0 -999999.0 -999999.0 -999999.0 -999999.0 -999999.0 -999999.0 -999999.0
17.34 14.63 12.135 10.2225 9.2875 9.5275 14.44 17.8625 16.8275 15.4225 16.835 19.79 21.29 21.122498 21.8175 24.184998 26.262499 27.23 27.77 28.91 30.227499 26.577497 20.8975 14.9800005 8.549999 2.7575 -999999.0 -999999.0 -999999.0 -999999.0 -999999.0 -999999.0 4.9474998 6.65 2.38 -999999.0 -999999.0 -999999.0 -999999.0 -999999.0 -999999.0 -999999.0 -999999.0 1.43 2.735 -999999.0 -999999.0 -999999.0 -999999.0 -999999.0 1.2625 3.7649999 -999999.0 -999999.0 -999999.0 -999999.0 -999999.0 -999999.0 -999999.0 -999999.0 -999999.0 -999999.0 -999999.0
16.4725 14.164999 11.715 9.809999 9.375 9.974998 14.75 18.66 19.074999 18.8725 20.144999 22.89 24.1475 23.2025 22.474998 23.452501 24.767498 25.199999 24.605 24.0775 23.5225 21.147501 17.265 10.764999 4.4874997 0.9699999 -999999.0 -999999.0 -999999.0 -999999.0 -999999.0 -999999.0 3.3925 4.1125 0.31 -999999.0 -999999.0 -999999.0 -999999.0 -999999.0 -999999.0 -999999.0 -999999.0 0.2075 -999999.0 -999999.0 -999999.0 -999999.0 -999999.0 -999999.0 4.04 3.525 -999999.0 -999999.0 -999999.0 -999999.0 -999999.0 -999999.0 -999999.0 -999999.0 -999999.0 -999999.0 -999999.0
15.592499 13.9225 11.662499 9.95 10.619999 11.355 13.974999 17.214998 19.82 22.3675 23.307499 25.3275 26.714998 25.849998 23.577497 22.23 22.0775 21.955 21.2675 20.324999 18.009998 16.8475 14.6025 9.0125 3.4724998 0.33499998 -999999.0 -999999.0 -999999.0 -999999.0 -999999.0 -999999.0 -999999.0 -999999.0 -999999.0 -999999.0 -999999.0 -999999.0 -999999.0 -999999.0 -999999.0 -999999.0 -999999.0 -999999.0 -999999.0 -999999.0 -999999.0 -999999.0 -999999.0 -999999.0 -999999.0 -999999.0 -999999.0 -999999.0 -999999.0 -999999.0 -999999.0 -999999.0 -999999.0 -999999.0 -999999.0 -999999.0 -999999.0
14.37 13.155 11.93 11.3675 12.0825 10.1875 12.057499 15.325 18.449999 23.6775 24.224998 25.375 25.9375 24.914999 22.185 19.4175 18.732502 18.79 18.5 20.2475 17.43 15.1075 12.405 8.282499 3.8925 0.7625 -999999.0 -999999.0 -999999.0 -999999.0 -999999.0 -999999.0 -999999.0 -999999.0 -999999.0 -999999.0 -999999.0 -999999.0 -999999.0 -999999.0 -999999.0 -999999.0 -999999.0 -999999.0 -999999.0 -999999.0 -999999.0 2.465 -999999.0 -999999.0 -999999.0 -999999.0 -999999.0 -999999.0 -999999.0 -999999.0 -999999.0 -999999.0 -999999.0 -999999.0 -999999.0 -999999.0 -999999.0
13.41 12.992499 13.08 13.6425 12.485 11.059999 10.377501 13.307499 17.730001 18.6625 21.4375 24.089998 24.8125 22.807499 21.0125 17.5325 16.999998 18.752499 20.485 18.914999 17.244999 15.6225 12.7699995 7.9125004 4.17 0.44 -999999.0 -999999.0 -999999.0 -999999.0 -999999.0 -999999.0 -999999.0 -999999.0 -999999.0 -999999.0 -999999.0 -999999.0 -999999.0 -999999.0 -999999.0 -999999.0 -999999.0 -999999.0 -999999.0 -999999.0 2.445 -999999.0 -999999.0 -999999.0 -999999.0 -999999.0 -999999.0 -999999.0 -999999.0 -999999.0 -999999.0 -999999.0 -999999.0 -999999.0 -999999.0 -999999.0 -999999.0
12.42 13.252501 14.1375 14.612499 13.53 11.5199995 10.235 13.134998 17.435001 17.25 19.439999 21.55 23.482498 24.704998 22.8975 19.822498 17.99 19.5225 21.739998 21.095 20.0075 17.92 13.74 7.59 4.4049997 1.295 -999999.0 -999999.0 -999999.0 -999999.0 -999999.0 -999999.0 -999999.0 -999999.0 -999999.0 -999999.0 -999999.0 -999999.0 -999999.0 -999999.0 -999999.0 -999999.0 -999999.0 -999999.0 -999999.0 1.7475001 6.4874997 -999999.0 -999999.0 -999999.0 -999999.0 -999999.0 -999999.0 -999999.0 -999999.0 -999999.0 -999999.0 -999999.0 -999999.0 -999999.0 -999999.0 -999999.0 -999999.0
12.329999 14.3575 15.16 14.967499 14.735 13.8875 12.285 14.9025 19.199999 18.0375 19.22 20.6125 23.869999 27.515 26.7825 24.04 21.477499 20.46 22.63 26.074999 24.3475 19.920002 14.3325 7.5249996 4.52 2.6875 1.0325 -999999.0 -999999.0 -999999.0 -999999.0 -999999.0 -999999.0 -999999.0 -999999.0 -999999.0 -999999.0 -999999.0 -999999.0 -999999.0 -999999.0 -999999.0 0.215 0.7075 0.415 3.2075 -999999.0 -999999.0 -999999.0 -999999.0 -999999.0 -999999.0 -999999.0 -999999.0 -999999.0 -999999.0 -999999.0 -999999.0 -999999.0 -999999.0 -999999.0 -999999.0 -999999.0
12.857499 15.4675 16.315 15.509999 16.295 17.682499 16.1425 17.6425 21.787498 20.535 21.235 22.532501 24.335 27.49 29.867498 29.404999 26.045 23.867498 25.805 31.9925 27.032501 20.9225 14.852499 8.4925 5.67 3.9075 2.4750001 0.465 -999999.0 -999999.0 -999999.0 -999999.0 -999999.0 -999999.0 -999999.0 -999999.0 -999999.0 -999999.0 -999999.0 -999999.0 -999999.0 1.015 0.26999998 0.5025 -999999.0 0.98999995 -999999.0 -999999.0 -999999.0 -999999.0 -999999.0 -999999.0 -999999.0 -999999.0 -999999.0 -999999.0 -999999.0 -999999.0 -999999.0 -999999.0 -999999.0 -999999.0 -999999.0
13.17 15.275 16.672499 17.6225 17.5825 19.87 20.429998 21.4725 23.035 25.442501 26.0425 24.535 23.029999 23.164999 29.3125 36.14 30.6125 29.547499 36.67 31.505001 26.865 21.7225 16.3325 10.4175 6.205 4.37 3.46 1.4949999 -999999.0 -999999.0 -999999.0 -999999.0 -999999.0 -999999.0 -999999.0 -999999.0 -999999.0 -999999.0 -999999.0 -999999.0 -999999.0 -999999.0 -999999.0 0.435 -999999.0 -999999.0 -999999.0 -999999.0 -999999.0 -999999.0 -999999.0 -999999.0 -999999.0 -999999.0 -999999.0 -999999.0 -999999.0 -999999.0 -999999.0 -999999.0 -999999.0 -999999.0 -999999.0
13.15 15.022499 16.7375 18.455 19.515 20.939999 24.494999 27.3325 28.36 28.994999 28.9025 24.2425 22.644999 25.4525 27.679998 37.0625 37.385 36.945 39.184998 34.1125 28.6425 23.29 17.3825 11.4725 6.7074995 4.6899996 3.3799999 1.75 0.0925 -999999.0 -999999.0 -999999.0 -999999.0 -999999.0 -999999.0 -999999.0 -999999.0 -999999.0 -999999.0 -999999.0 -999999.0 -999999.0 -999999.0 -999999.0 -999999.0 -999999.0 -999999.0 -999999.0 -999999.0 -999999.0 -999999.0 -999999.0 -999999.0 -999999.0 -999999.0 -999999.0 -999999.0 -999999.0 -999999.0 -999999.0 -999999.0 -999999.0 -999999.0
12.4375 15.402499 17.81 19.6 21.09 22.6525 26.1425 29.554998 31.012499 30.7425 28.61 25.8025 27.029999 30.464998 31.935001 42.37 42.585 38.195 35.5425 31.482498 28.6275 23.497498 17.1475 11.064999 6.66 4.88 4.0249996 2.6525 1.3525001 -999999.0 -999999.0 -999999.0 -999999.0 -999999.0 -999999.0 -999999.0 -999999.0 -999999.0 -999999.0 -999999.0 -999999.0 -999999.0 -999999.0 -999999.0 0.37999997 -999999.0 -999999.0 -999999.0 -999999.0 -999999.0 -999999.0 -999999.0 -999999.0 -999999.0 -999999.0 -999999.0 -999999.0 -999999.0 -999999.0 -999999.0 -999999.0 -999999.0 -999999.0
13.787499 16.985 19.789999 21.91 23.4925 25.66 28.207499 30.494999 32.18 32.372498 30.747498 29.825 31.869999 34.365 35.1725 43.19 43.25 37.5175 32.092503 28.0 25.1225 21.812498 16.85 10.5975 6.825 6.8475 5.6275 4.6749997 2.6924999 0.5025 -999999.0 -999999.0 -999999.0 0.1325 1.1824999 1.9649999 1.2925 -999999.0 -999999.0 -999999.0 -999999.0 -999999.0 -999999.0 -999999.0 1.2375 -999999.0 -999999.0 -999999.0 -999999.0 -999999.0 -999999.0 -999999.0 -999999.0 -999999.0 -999999.0 -999999.0 -999999.0 -999999.0 -999999.0 -999999.0 -999999.0 -999999.0 -999999.0
16.7725 19.43 21.59 23.955 25.705 29.029999 31.035 32.697502 34.45 35.285 34.5225 33.667496 34.219997 35.234997 34.9325 37.0325 39.04 36.5975 30.2775 25.635 20.5625 19.064999 17.5475 13.43 9.734999 10.55 9.775 7.2149997 4.865 2.4975 0.80749995 -999999.0 1.0699999 2.155 3.755 4.1974998 2.2725 0.29500002 -999999.0 -999999.0 -999999.0 -999999.0 -999999.0 2.3075 1.0 -999999.0 -999999.0 -999999.0 -999999.0 -999999.0 -999999.0 -999999.0 -999999.0 -999999.0 -999999.0 -999999.0 -999999.0 -999999.0 -999999.0 -999999.0 -999999.0 -999999.0 -999999.0
18.404999 21.067501 22.467499 24.3725 26.349998 31.009998 32.074997 34.155 38.045 38.384995 35.935 34.929996 34.769997 34.705 34.809998 31.215 33.2825 32.737495 27.744999 22.474998 18.845 16.617498 17.2175 18.7625 13.7975 17.225 15.119999 10.9025 7.255 5.3025 3.9524996 2.875 2.635 3.745 6.1375 5.5925 2.9824998 0.375 -999999.0 -999999.0 -999999.0 -999999.0 -999999.0 3.265 0.5775 -999999.0 -999999.0 -999999.0 -999999.0 -999999.0 -999999.0 -999999.0 -999999.0 -999999.0 -999999.0 -999999.0 -999999.0 -999999.0 -999999.0 -999999.0 -999999.0 -999999.0 -999999.0
17.91 20.835001 22.9425 25.6475 29.534998 30.89 30.807499 32.159996 35.712498 38.697502 38.414997 36.745 35.73 34.914997 31.55 28.787498 28.8475 27.4325 23.005001 19.599998 17.289999 15.6825 15.309999 15.6075 18.4175 19.2025 18.195 14.924999 10.485001 7.8199997 5.75 4.1825004 3.5325 3.6699998 3.7649999 3.4699998 1.9125 -999999.0 -999999.0 -999999.0 -999999.0 -999999.0 -999999.0 2.7525 0.3775 -999999.0 -999999.0 -999999.0 -999999.0 -999999.0 -999999.0 -999999.0 -999999.0 -999999.0 -999999.0 -999999.0 -999999.0 -999999.0 -999999.0 -999999.0 -999999.0 -999999.0 -999999.0
16.575 19.5875 22.8025 26.66 29.630001 30.3475 29.622501 30.07 32.1825 34.99 38.6675 37.684998 35.042496 32.8025 30.23 27.699999 25.0025 22.6075 20.1675 16.614998 14.702499 15.022499 15.09 17.035 22.28 20.490002 18.98 18.1375 14.352499 9.704999 6.8075 5.1875 3.2075 1.8675 0.6525 -999999.0 -999999.0 -999999.0 -999999.0 -999999.0 -999999.0 -999999.0 0.28249997 3.0275 -999999.0 -999999.0 -999999.0 -999999.0 -999999.0 -999999.0 -999999.0 -999999.0 -999999.0 -999999.0 -999999.0 -999999.0 -999999.0 -999999.0 -999999.0 -999999.0 -999999.0 -999999.0 -999999.0
15.412499 19.282497 23.2075 26.779999 28.925 29.4725 29.14 29.492498 31.164999 33.425003 36.57 35.6075 32.4875 30.009998 28.374998 25.929998 21.352499 18.9375 18.255 14.325 12.53 14.4225 16.072498 18.489998 21.804998 18.4575 19.1775 22.4525 17.759998 11.625 7.9049997 5.4399996 2.35 0.1075 -999999.0 -999999.0 -999999.0 -999999.0 -999999.0 -999999.0 -999999.0 0.7575 2.3349998 4.5775 -999999.0 -999999.0 -999999.0 -999999.0 -999999.0 -999999.0 -999999.0 -999999.0 -999999.0 -999999.0 -999999.0 -999999.0 -999999.0 -999999.0 -999999.0 -999999.0 -999999.0 -999999.0 -999999.0
15.617499 20.035 23.875 26.255001 28.02 29.015 29.362501 30.4475 32.5625 34.344997 33.969997 32.01 29.355 27.252499 25.579998 23.21 18.095001 16.2425 17.802498 15.3125 14.022499 15.0824995 16.779999 18.717499 19.42 21.6675 21.547499 20.9575 18.6075 12.9175 8.3 4.2675 0.435 -999999.0 -999999.0 -999999.0 -999999.0 -999999.0 -999999.0 0.635 0.66249996 0.28499997 2.24 5.08 -999999.0 -999999.0 -999999.0 -999999.0 -999999.0 -999999.0 -999999.0 -999999.0 -999999.0 -999999.0 -999999.0 -999999.0 -999999.0 -999999.0 -999999.0 -999999.0 -999999.0 -999999.0 -999999.0
17.1725 21.064999 24.0625 25.1475 26.480001 29.0525 30.352499 31.73 33.3275 33.032497 32.752502 29.6725 26.825 25.067501 22.385 20.439999 15.78 14.977501 17.985 16.259998 15.9 16.359999 17.335 18.7 21.4375 25.89 24.2975 21.675 18.782501 12.057499 7.65 2.9950001 -999999.0 -999999.0 -999999.0 -999999.0 -999999.0 -999999.0 -999999.0 -999999.0 -999999.0 -999999.0 -999999.0 4.2850003 -999999.0 -999999.0 -999999.0 -999999.0 -999999.0 -999999.0 -999999.0 -999999.0 -999999.0 -999999.0 -999999.0 -999999.0 -999999.0 -999999.0 -999999.0 -999999.0 -999999.0 -999999.0 -999999.0
