data/TNO-HT-ATES/HT-ATES_msz3/msz3__temp_start_prod_P50_basecase_80-45-40.asc
ncols  140
nrows  163
xllcorner  0.0
yllcorner  300000.0
cellsize  2000.0
NODATA_value  -999999.0
[rows 56 to 83 of 163, columns 62 to 123 of 140]
78.006874 78.50145 78.8907 79.071556 79.10755 79.15393 79.22682 79.308846 79.370605 79.40288 79.38641 79.314926 79.18641 79.098465 79.02703 78.876724 78.688065 78.18831 78.079605 78.392456 78.44435 78.3534 78.34756 78.412094 78.53891 78.702576 79.064445 79.06062 79.0001 78.66749 76.14878 73.089966 0.0 0.0 -999999.0 -999999.0 -999999.0 -999999.0 -999999.0 -999999.0 -999999.0 -999999.0 -999999.0 -999999.0 0.0 -999999.0 -999999.0 -999999.0 -999999.0 -999999.0 -999999.0 -999999.0 -999999.0 -999999.0 -999999.0 -999999.0 -999999.0 -999999.0 -999999.0 -999999.0 -999999.0 -999999.0
77.576775 78.2285 78.70265 78.912346 79.05069 79.11039 79.09762 79.19102 79.33217 79.37801 79.358444 79.260025 79.14854 79.08596 78.97857 78.788994 78.317276 77.58458 77.78686 78.42943 78.45236 78.36397 78.374306 78.440575 78.54305 78.826385 79.22149 79.19235 79.07734 78.7434 75.975044 72.72462 69.725685 0.0 0.0 -999999.0 -999999.0 -999999.0 -999999.0 -999999.0 -999999.0 -999999.0 -999999.0 -999999.0 -999999.0 -999999.0 -999999.0 -999999.0 -999999.0 -999999.0 -999999.0 -999999.0 -999999.0 -999999.0 -999999.0 -999999.0 -999999.0 -999999.0 -999999.0 -999999.0 -999999.0 -999999.0
77.01118 77.80826 78.27729 78.633415 78.889915 79.09558 78.955765 78.918976 79.19344 79.358734 79.27404 79.178444 79.11976 79.01684 78.82215 78.59952 77.41323 76.43969 77.487144 78.27116 78.42637 78.39996 78.43029 78.49519 78.61233 78.90513 79.256645 79.21208 78.9765 78.74824 77.45972 75.33317 73.610916 73.294975 73.48507 70.086006 0.0 -999999.0 -999999.0 -999999.0 -999999.0 -999999.0 -999999.0 -999999.0 -999999.0 -999999.0 -999999.0 -999999.0 -999999.0 -999999.0 -999999.0 -999999.0 -999999.0 -999999.0 -999999.0 -999999.0 -999999.0 -999999.0 -999999.0 -999999.0 -999999.0 -999999.0
76.75606 77.47 77.82489 78.45908 78.69544 79.094604 78.893105 78.77557 79.00198 79.222374 79.14234 79.09569 79.03074 78.83125 78.643875 78.59444 77.06648 76.658005 77.41914 77.82578 78.30677 78.39337 78.46365 78.586174 78.75606 78.87636 79.24696 79.17324 78.93062 78.64048 77.99515 76.42561 76.282234 75.91436 76.02267 75.40222 73.690254 71.94714 -999999.0 -999999.0 -999999.0 -999999.0 -999999.0 -999999.0 -999999.0 -999999.0 -999999.0 -999999.0 -999999.0 -999999.0 -999999.0 -999999.0 -999999.0 -999999.0 -999999.0 -999999.0 -999999.0 -999999.0 -999999.0 -999999.0 -999999.0 -999999.0
77.04523 77.68498 76.76575 78.84854 78.75119 78.9948 78.94035 79.02325 79.11756 79.06893 79.04247 78.98873 78.74642 78.56195 78.70445 78.82715 78.23615 77.83912 77.61639 77.48012 78.05747 78.32269 78.4692 78.67871 78.96829 79.0289 79.17165 79.141655 79.00297 78.81138 78.59644 77.94961 77.50646 77.21513 76.80682 76.45069 75.83144 74.43055 70.88724 0.0 71.60251 -999999.0 -999999.0 -999999.0 -999999.0 -999999.0 -999999.0 -999999.0 -999999.0 -999999.0 -999999.0 -999999.0 -999999.0 -999999.0 -999999.0 -999999.0 -999999.0 -999999.0 -999999.0 -999999.0 -999999.0 -999999.0
77.3658 77.82884 78.24735 78.99961 78.725876 78.89188 78.96002 79.09929 79.12301 79.015015 78.921936 78.889824 78.73271 78.547714 78.4558 78.202065 78.32532 78.26973 77.941666 77.54632 78.00124 78.30667 78.4146 78.69616 78.99985 79.11602 79.249756 79.2518 79.16818 79.03581 78.871864 78.5536 78.31173 77.75599 76.92141 77.52892 76.40166 73.978745 73.99852 76.6249 77.87654 0.0 -999999.0 -999999.0 -999999.0 -999999.0 -999999.0 -999999.0 -999999.0 -999999.0 -999999.0 -999999.0 -999999.0 -999999.0 -999999.0 -999999.0 -999999.0 -999999.0 -999999.0 -999999.0 -999999.0 -999999.0
77.75389 77.87302 78.09712 78.16686 78.496666 78.72197 78.938416 79.13202 79.11968 78.96365 78.968 78.97984 78.94088 78.67419 78.10077 77.8418 78.01646 78.231804 78.05924 77.80093 78.11237 78.192375 78.21627 78.34251 78.529564 79.202324 79.27332 79.32846 79.233215 79.085556 79.03939 78.823166 78.686424 78.20385 77.48757 78.17792 76.377464 72.81205 73.71576 76.99967 75.703545 0.0 -999999.0 -999999.0 -999999.0 -999999.0 -999999.0 -999999.0 -999999.0 -999999.0 -999999.0 -999999.0 -999999.0 -999999.0 -999999.0 -999999.0 -999999.0 -999999.0 -999999.0 -999999.0 -999999.0 -999999.0
78.01969 77.82081 77.809654 78.13638 78.507065 78.58762 78.80837 79.13209 79.116325 78.90974 78.94038 79.04085 78.928246 78.57875 78.17334 78.15863 78.24509 78.34536 78.29442 78.11308 78.14714 78.05607 77.924446 78.006676 78.198 78.3187 78.36866 78.06345 79.25276 79.08841 79.02188 78.891045 78.85927 78.39344 77.35021 77.88124 74.6339 73.508896 75.4283 76.370766 0.0 -999999.0 -999999.0 -999999.0 -999999.0 -999999.0 -999999.0 -999999.0 -999999.0 -999999.0 -999999.0 -999999.0 -999999.0 -999999.0 -999999.0 -999999.0 -999999.0 -999999.0 -999999.0 -999999.0 -999999.0 -999999.0
78.137375 77.57625 77.25136 77.9579 78.51184 78.5367 78.78359 79.07796 79.12815 79.02749 78.986824 79.03516 78.736084 78.401886 78.48919 78.64272 78.68725 78.67352 78.639656 78.524574 78.33053 78.18436 77.81031 77.734795 77.953384 77.73843 78.336914 78.02465 78.24719 78.6907 78.58561 78.79725 78.598434 78.3227 77.77964 77.51249 75.346664 73.27523 75.288445 71.67143 0.0 -999999.0 -999999.0 -999999.0 -999999.0 -999999.0 -999999.0 -999999.0 -999999.0 -999999.0 -999999.0 -999999.0 -999999.0 -999999.0 -999999.0 -999999.0 -999999.0 -999999.0 -999999.0 -999999.0 -999999.0 -999999.0
78.217575 77.54476 77.2788 77.87991 78.482834 78.6673 78.86201 79.02389 79.168175 79.29206 79.32011 79.03731 78.801994 78.70175 78.799355 78.92348 78.90601 78.90388 78.91349 78.889175 78.82125 78.54014 77.93329 77.22999 77.39594 78.35413 78.57342 78.56531 78.65292 78.64296 78.389626 78.476364 77.78052 77.78851 78.32961 78.27702 76.480545 73.31159 0.0 0.0 -999999.0 -999999.0 -999999.0 -999999.0 -999999.0 -999999.0 -999999.0 -999999.0 -999999.0 -999999.0 -999999.0 -999999.0 -999999.0 -999999.0 -999999.0 -999999.0 -999999.0 -999999.0 -999999.0 -999999.0 -999999.0 -999999.0
78.3411 78.04278 77.74627 78.022606 78.49956 78.710976 78.91492 79.02819 79.07998 79.070526 79.153595 79.12956 79.12794 79.19416 79.24452 79.25271 79.228836 79.183716 79.17111 79.220955 79.15172 78.85814 78.181206 77.25863 77.71867 78.70246 79.047806 78.70293 78.57855 78.60837 78.23864 78.053345 77.59771 77.06809 77.326324 77.82335 76.479935 0.0 0.0 -999999.0 -999999.0 0.0 0.0 0.0 -999999.0 -999999.0 -999999.0 -999999.0 -999999.0 -999999.0 -999999.0 -999999.0 -999999.0 -999999.0 -999999.0 -999999.0 -999999.0 -999999.0 -999999.0 -999999.0 -999999.0 -999999.0
78.58826 78.37172 78.21988 78.34447 78.57761 78.65465 78.809326 78.93266 78.98576 78.98839 79.1057 79.22571 79.28397 79.36156 79.39144 79.396996 79.297356 79.072815 79.128456 79.341484 79.224014 78.91657 78.47954 77.841415 77.78268 78.77157 79.087364 78.87663 78.573044 78.39125 77.651794 77.18171 77.5102 76.929054 74.898766 74.03725 72.612686 -999999.0 -999999.0 -999999.0 -999999.0 0.0 0.0 0.0 0.0 -999999.0 -999999.0 -999999.0 -999999.0 -999999.0 -999999.0 -999999.0 -999999.0 -999999.0 -999999.0 -999999.0 -999999.0 -999999.0 -999999.0 -999999.0 -999999.0 -999999.0
78.66583 78.51435 78.448944 78.56977 78.59173 78.53574 78.67708 78.81084 78.950066 79.058784 79.15308 79.28922 79.335365 79.37724 79.433 79.507805 79.4073 78.975784 78.88375 79.04183 78.8314 78.66371 78.4949 78.44175 78.59231 78.66062 78.64299 78.69324 78.49856 78.16701 77.245865 76.26204 77.507126 77.92109 74.53613 -999999.0 -999999.0 -999999.0 -999999.0 -999999.0 0.0 0.0 0.0 0.0 0.0 -999999.0 -999999.0 -999999.0 -999999.0 -999999.0 -999999.0 -999999.0 -999999.0 -999999.0 -999999.0 -999999.0 -999999.0 -999999.0 -999999.0 -999999.0 -999999.0 -999999.0
78.73328 78.61537 78.58081 78.570946 78.49573 78.409004 78.56032 78.74167 78.92526 79.07171 79.163216 79.27505 79.28762 79.28058 79.37158 79.49441 79.3869 78.99066 78.51649 78.143715 77.24445 77.49294 78.38128 78.71209 78.61887 78.29837 78.35788 78.389465 78.33833 78.17477 77.593094 77.216606 77.71029 77.82942 75.359436 0.0 -999999.0 -999999.0 -999999.0 0.0 0.0 0.0 0.0 0.0 0.0 -999999.0 -999999.0 -999999.0 -999999.0 -999999.0 -999999.0 -999999.0 -999999.0 -999999.0 -999999.0 -999999.0 -999999.0 -999999.0 -999999.0 -999999.0 -999999.0 -999999.0
78.781136 78.66324 78.5753 78.52487 78.45228 78.41662 78.41345 78.5471 78.85248 79.05731 79.15914 79.21592 79.20599 79.078995 78.855316 78.964935 78.86372 78.40809 77.50796 75.22993 72.71089 76.9052 78.54192 78.93329 78.60994 78.082985 77.70661 78.06261 78.241776 78.27152 77.786194 77.64203 77.59592 77.35851 76.31241 76.695 74.18395 0.0 -999999.0 0.0 71.90786 0.0 0.0 0.0 -999999.0 -999999.0 -999999.0 -999999.0 -999999.0 -999999.0 -999999.0 -999999.0 -999999.0 -999999.0 -999999.0 -999999.0 -999999.0 -999999.0 -999999.0 -999999.0 -999999.0 -999999.0
78.85157 78.68048 78.55275 78.50839 78.43862 78.2426 78.42467 78.562935 78.79736 78.9667 78.76832 79.07474 79.09791 78.79202 78.10481 77.52794 76.66227 75.51258 73.61517 0.0 0.0 76.80045 78.22931 78.60898 78.23479 77.86245 77.00867 77.05539 77.590996 77.79585 77.94191 77.739105 77.81792 77.612885 77.66788 77.91088 76.88659 76.89838 77.72801 76.99106 74.502205 0.0 0.0 -999999.0 -999999.0 -999999.0 -999999.0 -999999.0 -999999.0 -999999.0 -999999.0 -999999.0 -999999.0 -999999.0 -999999.0 -999999.0 -999999.0 -999999.0 -999999.0 -999999.0 -999999.0 -999999.0
78.85083 78.72002 78.54108 78.462524 78.473526 78.41523 78.53242 78.58527 77.93525 77.04579 78.57089 78.950714 79.00304 78.74404 77.887596 75.51997 0.0 0.0 73.98038 74.17567 76.11753 77.91252 78.1085 78.30645 78.036674 77.03948 76.58319 77.03037 77.088196 77.532555 77.90656 77.42267 77.364914 77.61946 77.95199 78.22797 77.80004 77.927505 77.858505 77.82286 76.97169 76.2814 0.0 -999999.0 -999999.0 -999999.0 -999999.0 -999999.0 -999999.0 -999999.0 -999999.0 -999999.0 -999999.0 -999999.0 -999999.0 -999999.0 -999999.0 -999999.0 -999999.0 -999999.0 -999999.0 -999999.0
78.80177 78.707405 78.59432 78.49679 78.759315 78.66952 77.62734 76.27667 0.0 0.0 77.89157 78.44162 78.491455 78.11192 75.75828 0.0 0.0 73.93084 76.07134 76.51967 75.68406 76.79686 77.84178 78.02213 77.52444 76.339165 76.20649 76.74639 77.34671 77.632965 77.73997 77.57894 77.41179 77.56659 77.782585 78.14466 78.222015 77.70636 77.57756 78.16431 77.86263 75.85906 0.0 0.0 -999999.0 -999999.0 -999999.0 -999999.0 -999999.0 -999999.0 -999999.0 -999999.0 -999999.0 -999999.0 -999999.0 -999999.0 -999999.0 -999999.0 -999999.0 -999999.0 -999999.0 -999999.0
78.58847 78.52844 78.45291 78.301186 78.4641 78.5557 0.0 0.0 0.0 76.99041 77.297035 77.44189 78.082306 77.46155 0.0 -999999.0 0.0 76.38154 76.725 75.266045 75.40856 76.699486 77.54455 77.63459 76.61565 74.198044 75.05281 76.37201 77.20652 77.53251 77.64761 77.79837 77.59964 77.538086 77.44735 78.329475 78.3389 77.38064 77.21221 77.93473 77.08849 76.29639 0.0 0.0 0.0 -999999.0 -999999.0 -999999.0 -999999.0 -999999.0 -999999.0 -999999.0 -999999.0 -999999.0 -999999.0 -999999.0 -999999.0 -999999.0 -999999.0 -999999.0 -999999.0 -999999.0
77.83577 78.06031 78.14595 77.51725 0.0 0.0 0.0 75.04172 77.499695 78.16964 78.405464 78.234406 78.536285 78.36025 0.0 73.91192 76.50328 77.40891 76.33331 74.5454 75.18296 75.59172 76.40594 76.21802 72.83245 0.0 69.05644 75.20306 76.65087 77.13902 77.037895 77.47219 77.45739 77.7166 77.553055 78.11515 77.761856 76.58295 76.03392 76.598694 76.927795 0.0 0.0 0.0 0.0 0.0 -999999.0 -999999.0 -999999.0 -999999.0 -999999.0 -999999.0 -999999.0 -999999.0 -999999.0 -999999.0 -999999.0 -999999.0 -999999.0 -999999.0 -999999.0 -999999.0
77.18664 77.614494 77.59599 77.28048 76.26515 0.0 76.43079 78.24788 78.99161 78.955734 78.19439 77.98326 78.16444 77.97075 76.88627 76.36185 76.83713 76.17827 74.72541 74.00157 75.142204 75.913895 75.85597 75.1346 0.0 -999999.0 0.0 72.23656 75.46197 75.63115 76.641846 76.110916 74.095276 76.563614 77.43667 77.88557 76.9967 74.48004 73.589745 76.24472 78.11899 75.452126 0.0 0.0 -999999.0 -999999.0 -999999.0 -999999.0 -999999.0 -999999.0 -999999.0 -999999.0 -999999.0 -999999.0 -999999.0 -999999.0 -999999.0 -999999.0 -999999.0 -999999.0 -999999.0 -999999.0
77.040215 77.44426 77.40982 77.620895 77.34797 74.31701 76.98622 78.50924 79.00313 78.91695 78.13509 77.98775 77.83656 77.72348 76.98534 75.24863 74.87228 75.05247 73.7335 0.0 74.905685 76.37527 76.66469 76.44244 74.00886 0.0 70.74576 74.691536 77.25968 77.90777 77.587234 75.794136 72.72342 77.17599 78.48251 76.17599 73.667145 75.5045 75.55243 76.515465 77.893845 76.183945 0.0 -999999.0 -999999.0 -999999.0 -999999.0 -999999.0 -999999.0 -999999.0 -999999.0 -999999.0 -999999.0 -999999.0 -999999.0 -999999.0 -999999.0 -999999.0 -999999.0 -999999.0 -999999.0 -999999.0
77.39821 77.45616 77.44562 77.4997 77.189354 0.0 75.85668 78.24898 78.365074 78.05999 77.416595 76.1748 76.72764 77.20136 77.19597 75.79432 0.0 0.0 0.0 0.0 74.08776 76.20115 77.05925 77.14607 76.76527 75.83987 75.58431 77.06487 78.54731 78.9414 78.622215 78.122314 77.87958 78.10766 78.53628 77.0361 75.99269 77.169075 76.96849 75.72281 75.81221 0.0 0.0 0.0 -999999.0 -999999.0 -999999.0 -999999.0 -999999.0 -999999.0 -999999.0 -999999.0 -999999.0 -999999.0 -999999.0 -999999.0 -999999.0 -999999.0 -999999.0 -999999.0 -999999.0 -999999.0
77.67945 77.64118 77.62802 77.451675 77.03347 77.26889 76.450165 77.9713 77.627625 77.37897 76.09754 73.749435 73.35121 74.80245 75.66016 0.0 -999999.0 -999999.0 -999999.0 0.0 73.98836 75.5941 76.54069 76.83506 76.76871 76.799644 76.4454 78.120804 79.01896 79.23346 78.79413 78.61181 78.56916 78.49088 78.397675 78.25394 78.147545 78.48645 77.998955 75.85657 75.96182 0.0 0.0 0.0 0.0 -999999.0 -999999.0 -999999.0 -999999.0 -999999.0 -999999.0 -999999.0 -999999.0 -999999.0 -999999.0 -999999.0 -999999.0 -999999.0 -999999.0 -999999.0 -999999.0 -999999.0
77.86483 77.796074 77.99774 78.02265 77.27314 76.110504 77.64662 78.21243 77.5646 76.07809 0.0 0.0 -999999.0 0.0 0.0 -999999.0 -999999.0 -999999.0 -999999.0 -999999.0 74.11858 73.852005 75.195694 75.85998 76.206764 75.70152 75.25112 78.55222 78.96352 78.66457 78.418495 78.28758 78.38107 78.337204 78.19708 78.19275 78.290245 78.53432 78.5339 78.194305 76.406784 0.0 0.0 0.0 0.0 -999999.0 -999999.0 -999999.0 -999999.0 -999999.0 -999999.0 -999999.0 -999999.0 -999999.0 -999999.0 -999999.0 -999999.0 -999999.0 -999999.0 -999999.0 -999999.0 -999999.0
77.98861 78.20072 78.15624 78.14986 77.40845 75.80901 74.55156 78.021614 76.99433 72.81441 -999999.0 -999999.0 -999999.0 -999999.0 0.0 -999999.0 -999999.0 -999999.0 -999999.0 0.0 72.767525 74.72344 75.561516 75.550224 74.870186 73.42666 76.98258 78.23068 78.33998 77.92493 78.01331 78.073715 77.67397 77.811005 77.99276 78.630005 78.732254 78.789604 78.73088 78.62684 78.230484 77.40959 0.0 0.0 0.0 0.0 -999999.0 -999999.0 -999999.0 -999999.0 -999999.0 -999999.0 -999999.0 -999999.0 -999999.0 -999999.0 -999999.0 -999999.0 -999999.0 -999999.0 -999999.0 -999999.0
79.36973 79.50003 78.2861 78.21035 77.913086 76.63346 74.47123 73.37589 77.78422 72.68642 0.0 0.0 0.0 0.0 77.36067 0.0 -999999.0 -999999.0 0.0 0.0 0.0 75.70565 76.83011 76.89597 76.237236 74.78655 75.6661 77.50897 77.39442 76.83429 76.06548 75.833984 77.270676 77.84312 78.548706 78.816696 78.87431 78.924614 78.86804 78.80982 78.693054 0.0 0.0 0.0 0.0 -999999.0 -999999.0 -999999.0 -999999.0 -999999.0 -999999.0 -999999.0 -999999.0 -999999.0 -999999.0 -999999.0 -999999.0 -999999.0 -999999.0 -999999.0 -999999.0 -999999.0
79.26292 79.43648 79.611015 79.68894 78.11828 77.16459 76.16455 76.46893 75.05233 73.43328 76.96595 76.38424 76.88735 76.88812 76.25326 0.0 -999999.0 -999999.0 -999999.0 -999999.0 0.0 76.0842 77.49206 77.54297 77.4377 75.86545 73.94185 74.6865 75.167076 74.36056 0.0 71.41064 76.40599 78.080185 78.855415 78.98804 79.01107 78.8758 78.80231 78.903694 0.0 0.0 0.0 -999999.0 -999999.0 -999999.0 -999999.0 -999999.0 -999999.0 -999999.0 -999999.0 -999999.0 -999999.0 -999999.0 -999999.0 -999999.0 -999999.0 -999999.0 -999999.0 -999999.0 -999999.0 -999999.0
