data/TNO-HT-ATES/HT-ATES_msz3/msz3__flowr_injnorm_P50_basecase_80-45-40.asc
ncols  140
nrows  163
xllcorner  0.0
yllcorner  300000.0
cellsize  2000.0
NODATA_value  -999999.0
[rows 27 to 53 of 163, columns 61 to 121 of 140]
309.1403 285.49023 259.63864 241.91699 225.35986 216.9253 213.03816 208.16493 203.88657 198.27817 191.74904 193.59038 209.03644 230.90466 252.61159 261.61417 255.42719 250.24121 285.2388 337.33798 371.8442 371.82745 338.98343 305.34692 281.78485 256.0173 230.30696 207.23691 187.25424 156.54521 127.77501 122.7076 85.63044 54.861427 46.46386 51.67261 29.046164 4.368581 7.0387435 32.167126 29.670748 4.4492116 -999999.0 -999999.0 -999999.0 -999999.0 -999999.0 2.1755817 -999999.0 -999999.0 -999999.0 -999999.0 -999999.0 -999999.0 -999999.0 -999999.0 -999999.0 -999999.0 -999999.0 -999999.0 -999999.0
302.66147 274.1167 252.46194 229.95926 208.2962 194.93906 196.5624 186.09035 180.78194 175.94012 172.23508 186.04901 212.75035 245.0808 258.02026 251.5551 246.92764 247.39536 248.8833 302.50394 369.95358 372.0315 371.3266 351.09036 310.26056 275.5599 251.61623 215.59586 177.72186 147.53665 114.79037 86.57534 63.09037 38.61187 19.181185 8.622608 -999999.0 -999999.0 23.144161 52.977833 40.399864 11.821301 -999999.0 -999999.0 -999999.0 -999999.0 -999999.0 -999999.0 -999999.0 -999999.0 -999999.0 -999999.0 -999999.0 -999999.0 -999999.0 -999999.0 -999999.0 -999999.0 -999999.0 -999999.0 -999999.0
290.44498 260.67453 240.83572 219.48128 194.94861 179.76048 170.95709 163.09221 155.35062 151.15413 152.32133 167.37473 224.49167 238.47694 243.24455 247.94077 239.9861 236.2415 201.24768 279.90497 376.2049 399.3215 394.71094 382.3217 347.68753 309.29413 264.08826 210.3305 166.04745 119.12296 62.50473 11.599726 11.293445 1.4845223 -999999.0 -999999.0 -999999.0 -999999.0 45.7943 67.092285 36.115314 12.495254 3.9718747 -999999.0 -999999.0 -999999.0 -999999.0 -999999.0 -999999.0 -999999.0 -999999.0 2.2824903 -999999.0 -999999.0 -999999.0 -999999.0 -999999.0 -999999.0 -999999.0 -999999.0 -999999.0
265.0838 261.85114 227.79465 206.76593 186.63588 163.58766 146.79025 142.9952 136.86153 133.67502 138.21597 171.18225 192.32132 209.69252 220.91728 243.25537 257.88812 236.38191 229.51245 278.18314 369.28168 412.49588 415.46075 413.59985 381.98337 327.5425 251.82191 186.92911 129.83234 79.540695 17.316776 -999999.0 -999999.0 -999999.0 -999999.0 -999999.0 -999999.0 -999999.0 19.72882 38.281578 21.810606 8.13001 5.3332834 3.1253963 4.5332346 6.731995 9.628451 22.86976 -999999.0 -999999.0 -999999.0 -999999.0 -999999.0 -999999.0 -999999.0 -999999.0 -999999.0 -999999.0 -999999.0 -999999.0 -999999.0
255.01392 231.15532 217.78555 194.27063 169.76668 150.26886 128.36137 120.854385 126.94007 129.55106 133.15286 145.43997 166.40245 192.21631 217.03223 243.35936 251.8377 245.32149 241.40128 277.46567 346.1662 432.65286 453.34305 457.72958 419.70795 330.30865 257.81058 180.85295 105.8863 37.83559 -999999.0 -999999.0 -999999.0 -999999.0 -999999.0 -999999.0 -999999.0 -999999.0 -999999.0 11.110687 7.560677 5.0349574 -999999.0 2.8303087 9.075601 20.78948 39.464226 48.20298 15.794811 -999999.0 15.949864 -999999.0 6.9404225 -999999.0 -999999.0 -999999.0 -999999.0 -999999.0 -999999.0 -999999.0 -999999.0
246.0037 213.96445 196.54959 181.76932 162.22295 136.46759 113.85957 113.94829 118.558426 117.22696 111.727516 120.49206 146.98775 176.45631 197.46584 222.69125 235.3431 239.42175 245.24681 276.74014 317.58945 419.4855 466.23856 477.99506 413.60477 324.27664 242.49162 168.18314 80.986984 4.9478483 -999999.0 -999999.0 -999999.0 -999999.0 -999999.0 -999999.0 -999999.0 -999999.0 -999999.0 -999999.0 -999999.0 -999999.0 -999999.0 -999999.0 11.142534 22.525265 33.821198 41.79471 38.39346 -999999.0 -999999.0 -999999.0 -999999.0 -999999.0 -999999.0 -999999.0 -999999.0 -999999.0 -999999.0 -999999.0 -999999.0
239.67055 207.75163 183.85594 168.50908 153.59135 127.99817 108.394875 99.48742 104.13764 98.19211 82.09546 106.75859 134.34538 153.99577 175.04861 201.23682 225.07599 239.98296 258.85425 286.81332 326.622 399.3058 431.23837 427.9479 383.73425 307.58698 235.51498 147.23189 64.014305 -999999.0 -999999.0 -999999.0 -999999.0 -999999.0 -999999.0 -999999.0 -999999.0 -999999.0 -999999.0 -999999.0 -999999.0 -999999.0 -999999.0 -999999.0 7.3443666 18.60783 20.40548 15.016289 12.877796 -999999.0 -999999.0 -999999.0 -999999.0 -999999.0 -999999.0 -999999.0 -999999.0 -999999.0 -999999.0 -999999.0 -999999.0
225.62108 198.77002 173.73271 153.62502 135.50313 118.46042 102.73338 84.23405 92.5616 99.4677 93.499344 107.9738 132.47813 144.08945 159.91554 182.8295 206.63739 242.96216 263.4506 289.4164 329.0988 383.0586 394.75934 375.82742 339.17703 275.51718 212.54842 131.95015 49.31793 -999999.0 -999999.0 -999999.0 -999999.0 -999999.0 -999999.0 -999999.0 -999999.0 -999999.0 -999999.0 -999999.0 -999999.0 -999999.0 -999999.0 -999999.0 -999999.0 16.533545 17.425442 4.2737784 -999999.0 -999999.0 -999999.0 -999999.0 -999999.0 -999999.0 -999999.0 -999999.0 -999999.0 -999999.0 -999999.0 -999999.0 -999999.0
207.68726 187.32002 162.82176 139.97147 113.5373 96.38734 98.733925 84.20257 100.52875 110.99711 104.58033 103.37054 126.64487 139.19672 155.63266 179.10602 204.41803 234.5374 262.9415 288.99683 313.21304 344.83282 351.47705 324.93405 282.39304 242.58105 170.60112 98.49828 25.605165 -999999.0 -999999.0 -999999.0 -999999.0 -999999.0 -999999.0 -999999.0 -999999.0 -999999.0 -999999.0 -999999.0 -999999.0 -999999.0 -999999.0 -999999.0 -999999.0 15.542682 21.83744 -999999.0 -999999.0 -999999.0 -999999.0 -999999.0 -999999.0 -999999.0 -999999.0 -999999.0 -999999.0 -999999.0 -999999.0 -999999.0 -999999.0
193.93338 171.6007 149.0199 126.823586 104.59884 86.39944 83.17577 84.7265 105.06803 121.63442 114.46111 108.57099 120.15757 147.62239 163.96402 171.8786 191.18211 220.78712 243.04762 267.22702 277.67108 309.5912 329.86557 293.22235 249.39833 191.39297 125.94838 61.461586 3.7398283 -999999.0 -999999.0 -999999.0 -999999.0 -999999.0 23.594463 37.374134 17.535847 -999999.0 -999999.0 -999999.0 -999999.0 -999999.0 -999999.0 -999999.0 -999999.0 14.487776 21.537764 -999999.0 -999999.0 -999999.0 -999999.0 -999999.0 -999999.0 -999999.0 -999999.0 -999999.0 -999999.0 -999999.0 -999999.0 -999999.0 -999999.0
181.18045 159.11192 137.41098 115.55677 95.659195 80.98693 72.907974 76.18467 117.2278 145.11443 136.61905 125.041016 135.9135 158.74577 168.04333 167.82368 179.01859 200.54724 221.29195 238.85484 252.99619 261.27414 272.61777 253.69354 198.62885 142.08864 82.00801 28.356047 -999999.0 -999999.0 -999999.0 -999999.0 -999999.0 -999999.0 49.456783 64.859055 24.648466 -999999.0 -999999.0 -999999.0 -999999.0 -999999.0 -999999.0 -999999.0 -999999.0 13.899691 26.10359 -999999.0 -999999.0 -999999.0 -999999.0 -999999.0 13.259045 39.867188 -999999.0 -999999.0 -999999.0 -999999.0 -999999.0 -999999.0 -999999.0
169.89763 152.6347 134.29984 113.55802 92.54641 77.69711 76.79057 80.12166 119.60527 151.38734 155.0599 152.73352 162.67363 184.55104 194.52005 189.87498 185.7691 194.6187 208.02356 218.87386 220.36327 217.29094 218.20045 201.37358 165.63841 102.715096 42.956123 9.866762 -999999.0 -999999.0 -999999.0 -999999.0 -999999.0 -999999.0 35.83184 42.21559 3.2658322 -999999.0 -999999.0 -999999.0 -999999.0 -999999.0 -999999.0 -999999.0 -999999.0 2.0300572 -999999.0 -999999.0 -999999.0 -999999.0 -999999.0 -999999.0 43.01403 37.93192 -999999.0 -999999.0 -999999.0 -999999.0 -999999.0 -999999.0 -999999.0
151.0364 144.15305 136.47163 113.78429 92.68079 78.900635 87.17021 93.61079 116.58443 142.8751 163.83185 183.21184 191.77335 209.27141 228.66028 213.56955 189.40099 182.9094 183.32318 188.82039 184.30579 189.89526 164.35648 154.37595 137.74268 86.424324 34.0771 3.43856 -999999.0 -999999.0 -999999.0 -999999.0 -999999.0 -999999.0 -999999.0 -999999.0 -999999.0 -999999.0 -999999.0 -999999.0 -999999.0 -999999.0 -999999.0 -999999.0 -999999.0 -999999.0 -999999.0 -999999.0 -999999.0 -999999.0 -999999.0 -999999.0 -999999.0 -999999.0 -999999.0 -999999.0 -999999.0 -999999.0 -999999.0 -999999.0 -999999.0
127.291145 125.25575 123.14389 109.52036 96.903114 91.72656 97.44915 84.6387 100.43926 126.424095 149.79874 183.47469 198.3034 215.34712 221.2812 206.5236 179.523 160.25163 160.31 166.85912 170.46056 190.98885 163.52191 139.52582 117.46513 80.30397 38.679844 7.8632016 -999999.0 -999999.0 -999999.0 -999999.0 -999999.0 -999999.0 -999999.0 -999999.0 -999999.0 -999999.0 -999999.0 -999999.0 -999999.0 -999999.0 -999999.0 -999999.0 -999999.0 -999999.0 -999999.0 -999999.0 -999999.0 24.498703 -999999.0 -999999.0 -999999.0 -999999.0 -999999.0 -999999.0 -999999.0 -999999.0 -999999.0 -999999.0 -999999.0
104.74096 106.34819 109.53256 105.57773 105.16323 109.576035 102.75151 93.52488 88.570206 111.658455 147.1221 154.82169 180.13629 204.49919 211.53542 194.2482 174.23624 145.5433 147.45288 164.8688 187.43112 176.61807 160.85463 145.9297 121.228645 76.93324 41.500504 4.5555058 -999999.0 -999999.0 -999999.0 -999999.0 -999999.0 -999999.0 -999999.0 -999999.0 -999999.0 -999999.0 -999999.0 -999999.0 -999999.0 -999999.0 -999999.0 -999999.0 -999999.0 -999999.0 -999999.0 -999999.0 24.536402 -999999.0 -999999.0 -999999.0 -999999.0 -999999.0 -999999.0 -999999.0 -999999.0 -999999.0 -999999.0 -999999.0 -999999.0
88.90678 90.81221 102.56996 109.991356 116.72117 120.560165 110.78121 97.15037 86.569954 110.50547 145.26758 144.0565 164.8724 183.64246 202.70538 213.3316 192.04683 154.10986 155.22127 172.98174 199.48004 195.29178 186.79645 167.63118 130.35109 72.65853 43.74237 13.722556 -999999.0 -999999.0 -999999.0 -999999.0 -999999.0 -999999.0 -999999.0 -999999.0 -999999.0 -999999.0 -999999.0 -999999.0 -999999.0 -999999.0 -999999.0 -999999.0 -999999.0 -999999.0 -999999.0 17.713612 66.12536 -999999.0 -999999.0 -999999.0 -999999.0 -999999.0 -999999.0 -999999.0 -999999.0 -999999.0 -999999.0 -999999.0 -999999.0
75.780426 83.93357 100.85905 118.420425 124.611305 122.4115 119.549484 115.64624 102.84251 125.25318 160.50766 151.4638 162.49446 174.46455 202.5514 238.14685 225.67049 201.31468 185.98582 181.30171 202.73976 240.77151 225.00873 180.33368 132.35913 71.35768 44.028076 28.011078 10.518235 -999999.0 -999999.0 -999999.0 -999999.0 -999999.0 -999999.0 -999999.0 -999999.0 -999999.0 -999999.0 -999999.0 -999999.0 -999999.0 -999999.0 -999999.0 2.0131922 6.532734 3.9939625 31.20826 -999999.0 -999999.0 -999999.0 -999999.0 -999999.0 -999999.0 -999999.0 -999999.0 -999999.0 -999999.0 -999999.0 -999999.0 -999999.0
67.2049 82.82182 101.79215 125.75149 133.15175 126.09091 131.51276 143.77249 133.09917 147.14288 182.03488 173.8957 179.97577 194.39919 210.56052 236.03003 256.9128 252.16026 224.25728 207.0391 230.53185 290.74536 245.78912 181.41077 134.86497 80.19472 53.647327 39.257355 24.786102 4.564499 -999999.0 -999999.0 -999999.0 -999999.0 -999999.0 -999999.0 -999999.0 -999999.0 -999999.0 -999999.0 -999999.0 -999999.0 -999999.0 9.622937 2.443115 4.6323104 -999999.0 9.47953 -999999.0 -999999.0 -999999.0 -999999.0 -999999.0 -999999.0 -999999.0 -999999.0 -999999.0 -999999.0 -999999.0 -999999.0 -999999.0
62.069218 82.489044 102.84301 122.707535 134.28593 141.30313 139.89558 156.38495 160.16338 176.75336 192.29672 213.80363 219.2628 208.53975 196.2901 194.35335 250.6643 310.91568 266.74228 257.17816 320.89407 277.35043 236.04514 196.69357 149.07324 99.16816 59.889553 43.52951 33.697273 14.348551 -999999.0 -999999.0 -999999.0 -999999.0 -999999.0 -999999.0 -999999.0 -999999.0 -999999.0 -999999.0 -999999.0 -999999.0 -999999.0 -999999.0 -999999.0 4.1406617 -999999.0 -999999.0 -999999.0 -999999.0 -999999.0 -999999.0 -999999.0 -999999.0 -999999.0 -999999.0 -999999.0 -999999.0 -999999.0 -999999.0 -999999.0
57.342434 76.48517 103.408646 121.670784 134.85976 148.37845 155.61919 164.72607 191.60881 220.53906 237.09747 236.56837 236.10396 199.46803 187.3647 213.5622 236.40695 316.19617 325.36072 322.18594 344.94772 299.89633 252.34422 213.61346 160.55124 109.473114 63.6762 51.410877 33.777588 16.911913 0.0 -999999.0 -999999.0 -999999.0 -999999.0 -999999.0 -999999.0 -999999.0 -999999.0 -999999.0 -999999.0 -999999.0 -999999.0 -999999.0 -999999.0 -999999.0 -999999.0 -999999.0 -999999.0 -999999.0 -999999.0 -999999.0 -999999.0 -999999.0 -999999.0 -999999.0 -999999.0 -999999.0 -999999.0 -999999.0 -999999.0
56.710266 75.03846 98.14473 125.080536 143.46906 157.2351 167.74147 179.42577 207.4631 236.45088 258.6675 249.84666 229.40175 202.16179 218.5399 254.8255 272.5457 361.81335 363.9252 330.6794 309.789 274.5645 251.48868 220.2318 162.36972 102.73363 63.36547 52.979755 44.394604 25.705767 12.820166 -999999.0 -999999.0 -999999.0 -999999.0 -999999.0 -999999.0 -999999.0 -999999.0 -999999.0 -999999.0 -999999.0 -999999.0 -999999.0 -999999.0 -999999.0 3.7963214 -999999.0 -999999.0 -999999.0 -999999.0 -999999.0 -999999.0 -999999.0 -999999.0 -999999.0 -999999.0 -999999.0 -999999.0 -999999.0 -999999.0
60.43397 82.37054 108.37026 130.75012 152.44885 167.73743 179.30751 199.40707 219.54391 238.98404 253.22148 254.40097 248.6896 240.0453 258.2266 287.10593 298.94208 367.77127 369.90042 318.4562 274.02512 242.78445 222.32005 198.98611 159.5484 102.792625 65.3889 71.86657 61.70061 51.069553 28.923338 5.5089564 -999999.0 -999999.0 -999999.0 1.5738904 13.713896 20.634356 12.034181 -999999.0 -999999.0 -999999.0 -999999.0 -999999.0 -999999.0 -999999.0 12.275424 -999999.0 -999999.0 -999999.0 -999999.0 -999999.0 -999999.0 -999999.0 -999999.0 -999999.0 -999999.0 -999999.0 -999999.0 -999999.0 -999999.0
63.114063 92.0347 127.63845 149.11008 166.51198 184.22795 197.44853 223.35085 238.74843 256.64664 274.0764 282.3908 275.35568 271.05228 282.83057 295.25626 295.90115 317.3874 331.2729 305.7888 248.75217 220.70287 183.1409 172.8857 166.41592 127.9966 92.27483 110.93565 104.80766 78.17718 51.97713 26.634958 9.460721 -999999.0 13.242453 27.22627 43.614704 47.266346 24.552456 3.2893138 -999999.0 -999999.0 -999999.0 -999999.0 -999999.0 24.205053 9.971367 -999999.0 -999999.0 -999999.0 -999999.0 -999999.0 -999999.0 -999999.0 -999999.0 -999999.0 -999999.0 -999999.0 -999999.0 -999999.0 -999999.0
61.071045 98.43737 133.53557 160.35611 172.1798 187.51721 201.34259 236.67734 246.3329 267.539 302.97964 306.05322 287.74664 282.90793 282.01013 293.2604 293.40567 265.16904 283.5294 277.91632 237.76846 202.51874 172.10802 154.06763 173.66808 190.46768 139.27179 179.79047 160.02597 116.30358 79.13369 57.748447 47.683025 35.559166 33.03905 48.72394 77.41043 67.86934 33.91973 4.299954 -999999.0 -999999.0 -999999.0 -999999.0 -999999.0 31.317812 5.588773 -999999.0 -999999.0 -999999.0 -999999.0 -999999.0 -999999.0 -999999.0 -999999.0 -999999.0 -999999.0 -999999.0 -999999.0 -999999.0 -999999.0
63.206684 98.3468 128.42488 150.99727 169.82095 190.75272 228.66556 237.80933 230.91615 240.24196 272.46835 309.74988 308.2901 298.65482 290.9684 288.3137 264.09027 243.79228 245.38474 233.73074 199.24483 176.94554 158.18488 155.12613 155.02046 158.6809 190.90869 203.96878 194.61179 165.88808 122.48911 91.471 71.37028 51.75293 45.485146 45.793907 46.744984 46.28177 25.413912 -999999.0 -999999.0 -999999.0 -999999.0 -999999.0 -999999.0 30.152752 3.9974763 -999999.0 -999999.0 -999999.0 -999999.0 -999999.0 -999999.0 -999999.0 -999999.0 -999999.0 -999999.0 -999999.0 -999999.0 -999999.0 -999999.0
72.362114 96.41109 117.90345 140.57773 164.06836 196.07762 217.96033 232.81271 221.20752 224.27365 245.17897 274.29654 310.98904 306.81882 289.83307 270.1598 244.2468 235.60037 215.37236 192.48433 174.48566 149.77798 135.58365 150.14087 154.23872 175.07791 233.95511 224.36208 213.42345 216.32788 170.91612 119.25357 86.47408 65.19006 41.376366 24.111305 8.681594 -999999.0 -999999.0 -999999.0 -999999.0 -999999.0 -999999.0 -999999.0 3.215838 34.105762 -999999.0 -999999.0 -999999.0 -999999.0 -999999.0 -999999.0 -999999.0 -999999.0 -999999.0 -999999.0 -999999.0 -999999.0 -999999.0 -999999.0 -999999.0
72.85566 87.79606 108.48005 138.58481 164.79619 193.03258 207.74939 215.67744 215.53972 226.46326 241.52151 261.56738 299.68738 291.55243 265.41495 243.01518 218.56575 219.21387 184.40227 164.79494 160.11366 127.75857 114.18041 143.48393 163.62863 192.13435 228.276 202.02953 216.63713 248.74342 211.06985 143.16296 101.386055 69.93496 30.504734 1.390726 -999999.0 -999999.0 -999999.0 -999999.0 -999999.0 -999999.0 -999999.0 9.490465 26.11939 51.382034 -999999.0 -999999.0 -999999.0 -999999.0 -999999.0 -999999.0 -999999.0 -999999.0 -999999.0 -999999.0 -999999.0 -999999.0 -999999.0 -999999.0 -999999.0
