data/TNO-HT-ATES/HT-ATES_msz3/msz3__flowr_prodnorm_P50_basecase_80-45-40.asc
ncols  140
nrows  163
xllcorner  0.0
yllcorner  300000.0
cellsize  2000.0
NODATA_value  -999999.0
[rows 54 to 80 of 163, columns 61 to 121 of 140]
44.940376 45.855736 56.709194 76.91856 91.830986 97.51204 104.72907 106.00762 110.083084 120.771454 131.70856 141.99396 144.77994 135.25653 122.35375 114.51946 111.164154 101.101524 79.06755 69.95207 75.76679 76.08637 70.12362 73.99984 85.020935 92.51688 97.7851 113.99619 123.980415 121.18051 105.461624 73.647835 54.147686 27.082266 2.5717537 -999999.0 -999999.0 -999999.0 -999999.0 -999999.0 -999999.0 3.0129976 2.7842317 1.0656619 7.0256066 15.151961 -999999.0 -999999.0 -999999.0 -999999.0 -999999.0 -999999.0 -999999.0 -999999.0 -999999.0 -999999.0 -999999.0 -999999.0 -999999.0 -999999.0 -999999.0
57.847706 62.9882 61.50906 79.67929 90.7571 91.2697 97.32522 105.19712 109.693054 121.16627 126.40669 132.53163 134.6663 126.70791 115.71209 106.91676 97.42748 91.04434 69.81594 65.74844 76.73723 80.91137 78.577644 79.135574 87.71503 92.57678 106.54138 129.51088 134.34375 125.83091 111.152824 74.99931 53.519527 20.84591 -999999.0 -999999.0 -999999.0 -999999.0 -999999.0 -999999.0 -999999.0 -999999.0 -999999.0 -999999.0 -999999.0 9.408284 -999999.0 -999999.0 -999999.0 -999999.0 -999999.0 -999999.0 -999999.0 -999999.0 -999999.0 -999999.0 -999999.0 -999999.0 -999999.0 -999999.0 -999999.0
48.678715 51.799664 62.7873 77.761955 89.79057 89.42844 92.820854 97.41552 104.86933 121.509705 124.844826 130.76715 126.794014 116.8411 107.35607 100.66942 96.02183 85.24184 70.19931 66.952965 73.82555 87.4919 83.62894 85.096756 90.99949 93.03344 97.09176 119.67725 142.20335 144.91553 130.77487 72.20014 44.826965 17.140999 3.7041304 -999999.0 -999999.0 -999999.0 -999999.0 -999999.0 -999999.0 -999999.0 -999999.0 -999999.0 -999999.0 6.130671 -999999.0 -999999.0 -999999.0 -999999.0 -999999.0 -999999.0 -999999.0 -999999.0 -999999.0 -999999.0 -999999.0 -999999.0 -999999.0 -999999.0 -999999.0
36.1155 42.950798 54.58184 68.26866 77.103714 85.33459 88.96969 88.74011 94.5395 116.22501 126.38408 131.90924 121.419556 114.68634 106.64252 97.824524 88.27972 74.65674 56.123497 59.5693 75.231125 78.22455 80.62966 91.823555 94.80258 96.71872 106.70087 112.461845 161.93684 168.60313 150.29369 76.255875 43.93497 25.556164 19.839302 18.461874 -999999.0 -999999.0 -999999.0 -999999.0 -999999.0 -999999.0 -999999.0 -999999.0 -999999.0 -999999.0 -999999.0 -999999.0 -999999.0 -999999.0 -999999.0 -999999.0 -999999.0 -999999.0 -999999.0 -999999.0 -999999.0 -999999.0 -999999.0 -999999.0 -999999.0
29.274467 36.22878 44.70423 53.901394 65.43175 77.36455 87.09741 81.35031 79.1368 100.29089 119.83155 122.444626 114.04118 113.42446 102.30485 84.39563 79.68715 56.111244 43.121326 56.018612 72.364006 79.47549 82.35626 94.21539 97.33572 104.40612 116.64027 158.16344 178.56018 164.29266 142.4822 88.50445 58.640335 42.76096 39.522697 40.798145 29.311958 8.449016 -999999.0 -999999.0 -999999.0 -999999.0 -999999.0 -999999.0 -999999.0 -999999.0 -999999.0 -999999.0 -999999.0 -999999.0 -999999.0 -999999.0 -999999.0 -999999.0 -999999.0 -999999.0 -999999.0 -999999.0 -999999.0 -999999.0 -999999.0
26.205038 33.878506 41.159824 45.864365 60.49652 69.178375 86.76986 78.475426 73.89811 85.10942 106.97536 102.23027 98.32508 96.64424 88.73735 75.74631 77.53363 50.547295 45.84197 54.821552 61.56146 75.13378 83.00265 99.914406 107.15727 113.74881 122.87671 174.39667 191.44337 169.21074 139.57436 99.10886 66.70344 73.20154 62.739567 65.7251 68.70163 52.26736 35.715195 -999999.0 -999999.0 -999999.0 -999999.0 -999999.0 -999999.0 -999999.0 -999999.0 -999999.0 -999999.0 -999999.0 -999999.0 -999999.0 -999999.0 -999999.0 -999999.0 -999999.0 -999999.0 -999999.0 -999999.0 -999999.0 -999999.0
24.529562 35.032555 43.661163 34.33649 72.98069 70.67008 81.55453 79.84389 85.89183 90.80799 93.68173 97.48802 91.90066 82.38901 78.34114 84.73224 93.568085 70.929344 61.03164 59.201294 55.651962 68.025826 80.72705 100.98471 114.0129 131.57774 132.61096 176.8462 197.41461 190.5446 163.84111 143.3427 115.61442 101.50587 92.97644 92.02334 92.264854 72.77894 49.509434 28.812824 19.934748 25.231766 -999999.0 -999999.0 -999999.0 -999999.0 -999999.0 -999999.0 -999999.0 -999999.0 -999999.0 -999999.0 -999999.0 -999999.0 -999999.0 -999999.0 -999999.0 -999999.0 -999999.0 -999999.0 -999999.0
25.191292 37.524628 45.115784 52.302273 77.061905 67.70811 76.688065 79.2271 87.5586 88.670685 89.783905 84.72464 86.331345 79.50295 78.72927 80.565605 74.16137 76.64248 74.35975 65.91681 57.736164 66.789764 82.03599 86.96546 112.82983 132.77588 145.98111 187.27501 227.2906 210.38287 199.6428 175.27316 160.06915 142.03261 113.404274 89.5177 109.173706 80.54847 47.657093 47.83618 68.6093 78.343025 15.43052 -999999.0 -999999.0 -999999.0 -999999.0 -999999.0 -999999.0 -999999.0 -999999.0 -999999.0 -999999.0 -999999.0 -999999.0 -999999.0 -999999.0 -999999.0 -999999.0 -999999.0 -999999.0
33.738 42.14957 45.33281 48.599354 51.00604 61.357296 67.43281 75.702805 87.2253 87.90443 86.21359 86.9914 88.50842 93.07242 88.33776 69.19674 65.618454 68.352325 74.36964 70.951 65.12003 70.56275 80.40963 92.11514 96.4523 104.52862 151.93546 190.54205 241.89456 239.58617 210.963 201.35858 174.05821 156.19945 124.01741 98.55323 125.9359 82.17984 36.67627 33.978157 68.03319 43.783295 12.394399 -999999.0 -999999.0 -999999.0 -999999.0 -999999.0 -999999.0 -999999.0 -999999.0 -999999.0 -999999.0 -999999.0 -999999.0 -999999.0 -999999.0 -999999.0 -999999.0 -999999.0 -999999.0
44.213013 46.512684 44.383892 43.8328 50.48775 60.38645 60.78777 67.11831 87.0766 90.7309 82.89183 90.22779 95.25514 85.951256 78.670105 67.223274 74.601654 76.969696 80.854416 79.497604 74.10491 72.102875 71.95032 86.254326 86.54545 91.68326 96.628555 112.917755 119.24354 240.77884 200.95988 187.6105 137.78986 169.78308 131.32838 90.28187 110.654945 58.43145 43.15536 52.66034 55.221725 12.386725 -999999.0 -999999.0 -999999.0 -999999.0 -999999.0 -999999.0 -999999.0 -999999.0 -999999.0 -999999.0 -999999.0 -999999.0 -999999.0 -999999.0 -999999.0 -999999.0 -999999.0 -999999.0 -999999.0
51.53161 49.999367 40.972088 38.20754 47.556404 61.340424 59.52635 67.925476 84.94246 92.6551 86.92047 87.3686 90.689674 80.946266 69.689705 76.9426 86.64688 94.0569 93.943405 92.24126 86.88287 79.928314 78.527084 73.72676 69.98373 73.9514 73.51527 118.64184 120.922485 125.508095 153.34273 135.89165 175.98682 160.16711 137.60323 112.09304 107.356735 68.01998 46.50926 56.77456 27.313381 7.2021904 -999999.0 -999999.0 -999999.0 -999999.0 -999999.0 -999999.0 -999999.0 -999999.0 -999999.0 -999999.0 -999999.0 -999999.0 -999999.0 -999999.0 -999999.0 -999999.0 -999999.0 -999999.0 -999999.0
53.346176 51.701584 39.77926 38.429787 46.770008 60.294785 65.10241 74.97363 85.313896 95.06307 105.152016 111.50701 90.70592 85.22969 80.40748 90.21923 102.06715 103.49771 107.98156 107.02984 104.522316 101.728615 91.708206 71.65415 60.194477 61.636925 90.80493 133.50407 145.8347 148.32399 145.0633 120.232635 159.10577 127.51813 117.21533 139.70563 141.7497 79.61045 44.20821 17.09496 6.4375024 -999999.0 -999999.0 -999999.0 -999999.0 -999999.0 -999999.0 -999999.0 -999999.0 -999999.0 -999999.0 -999999.0 -999999.0 -999999.0 -999999.0 -999999.0 -999999.0 -999999.0 -999999.0 -999999.0 -999999.0
58.153374 53.99112 48.431282 44.15509 49.02514 61.105774 67.09545 79.95988 85.63138 92.38571 90.40298 96.31131 97.1039 103.33443 109.52562 124.25325 131.69531 132.20511 124.78626 125.06629 127.774734 124.63919 108.99316 78.680954 60.37168 67.86881 107.74811 171.60593 144.65689 140.98022 145.11293 119.906265 132.54643 118.1528 99.5344 101.382034 115.016525 71.83918 20.300322 1.1918913 -999999.0 -999999.0 2.4808934 0.0 0.0 -999999.0 -999999.0 -999999.0 -999999.0 -999999.0 -999999.0 -999999.0 -999999.0 -999999.0 -999999.0 -999999.0 -999999.0 -999999.0 -999999.0 -999999.0 -999999.0
65.121445 62.24316 56.44714 52.941544 55.70658 63.549274 66.32834 72.37114 78.81576 86.41523 83.624916 90.55754 103.08788 112.84573 120.139565 131.82486 147.17564 136.69395 112.05763 114.04276 131.56712 132.96834 120.884 96.05805 78.53589 72.86408 134.39865 175.16367 175.35576 155.53822 153.23586 111.600044 93.87225 108.1356 93.6983 59.17436 49.190063 37.339622 -999999.0 -999999.0 -999999.0 -999999.0 12.992877 0.0 0.0 0.0 -999999.0 -999999.0 -999999.0 -999999.0 -999999.0 -999999.0 -999999.0 -999999.0 -999999.0 -999999.0 -999999.0 -999999.0 -999999.0 -999999.0 -999999.0
68.171585 65.70442 61.064137 59.239265 61.58235 62.416725 62.737484 67.29596 73.76035 82.39248 86.18337 90.20984 107.23977 115.549065 119.58165 134.03993 143.66273 123.61298 90.543655 85.5611 98.49885 103.004585 113.375755 110.40573 111.150314 117.75384 138.47665 155.62654 170.3556 155.57178 141.43861 96.48487 77.11242 103.02707 125.05823 56.870007 -999999.0 -999999.0 -999999.0 -999999.0 -999999.0 10.971116 0.0 0.0 0.0 0.0 -999999.0 -999999.0 -999999.0 -999999.0 -999999.0 -999999.0 -999999.0 -999999.0 -999999.0 -999999.0 -999999.0 -999999.0 -999999.0 -999999.0 -999999.0
69.67395 67.00643 63.675514 61.922413 59.787453 56.568516 57.43402 62.400528 69.614914 77.351845 81.05592 87.03781 100.944534 105.96016 103.211624 114.24403 127.46389 112.21346 92.62459 74.630135 65.67953 57.086597 72.37077 98.93553 127.85817 134.05594 124.81248 129.87666 146.0906 144.05168 141.77802 113.04983 97.929535 111.489845 120.47863 66.14831 3.754455 -999999.0 -999999.0 -999999.0 3.225127 12.169005 0.0 0.0 0.0 0.0 -999999.0 -999999.0 -999999.0 -999999.0 -999999.0 -999999.0 -999999.0 -999999.0 -999999.0 -999999.0 -999999.0 -999999.0 -999999.0 -999999.0 -999999.0
69.64699 66.4939 63.6772 60.839775 56.839455 54.04958 57.008087 58.097557 61.682632 72.940765 84.90315 90.88718 98.132614 98.078285 92.66289 74.35188 85.781494 87.43358 71.35647 53.23661 32.502613 25.912474 59.654167 108.423355 125.3695 128.05841 119.02028 105.91254 135.84671 151.04314 144.05673 114.546295 112.94967 119.63543 109.16163 81.29917 82.63268 50.674118 17.885067 -999999.0 20.594622 25.954313 0.0 0.0 0.0 -999999.0 -999999.0 -999999.0 -999999.0 -999999.0 -999999.0 -999999.0 -999999.0 -999999.0 -999999.0 -999999.0 -999999.0 -999999.0 -999999.0 -999999.0 -999999.0
64.69984 67.51723 64.42283 60.38998 60.183586 56.87411 52.644024 59.151234 63.544865 72.85666 82.97356 75.33628 94.3377 96.08417 78.424225 59.85763 51.941933 41.623646 36.411526 26.598518 13.527715 24.628225 59.88529 97.14669 124.40235 115.213104 105.05227 83.77458 94.66217 116.24106 129.45981 130.5902 125.10579 135.27849 117.3934 112.99921 116.81504 86.110054 78.22002 95.281006 63.712868 32.950447 15.535631 0.0 -999999.0 -999999.0 -999999.0 -999999.0 -999999.0 -999999.0 -999999.0 -999999.0 -999999.0 -999999.0 -999999.0 -999999.0 -999999.0 -999999.0 -999999.0 -999999.0 -999999.0
70.52963 67.50203 64.81887 60.17831 57.565334 60.220097 58.385 63.14393 67.5642 53.098347 39.400368 67.2973 86.575424 100.43354 79.59869 57.566574 35.57983 15.629422 13.546584 27.14009 29.195263 39.334396 83.78447 97.7843 109.57554 105.97117 79.98694 74.85857 93.19157 101.11413 121.1869 131.74342 118.39226 119.801056 120.41509 127.924736 128.59167 110.962906 111.460785 94.93812 67.938446 52.69364 46.8113 0.0 -999999.0 -999999.0 -999999.0 -999999.0 -999999.0 -999999.0 -999999.0 -999999.0 -999999.0 -999999.0 -999999.0 -999999.0 -999999.0 -999999.0 -999999.0 -999999.0 -999999.0
74.57387 67.69277 65.279366 64.70661 59.406128 77.53789 65.85696 43.608704 32.542 22.475414 20.237457 52.49681 69.65645 74.93761 58.677372 35.44131 14.013257 16.887196 29.591623 42.357708 51.027214 42.8174 56.76496 86.07072 101.76498 90.57431 70.14858 71.44665 91.43778 108.83037 126.85753 126.39456 119.3832 114.01201 124.28725 114.7666 126.087616 124.81469 96.656204 77.23488 81.15928 63.831024 34.119667 0.0 0.0 -999999.0 -999999.0 -999999.0 -999999.0 -999999.0 -999999.0 -999999.0 -999999.0 -999999.0 -999999.0 -999999.0 -999999.0 -999999.0 -999999.0 -999999.0 -999999.0
65.905235 60.16891 62.522987 60.716095 53.353344 64.66172 68.044395 12.509521 0.0 14.207684 45.56048 43.193703 48.083096 60.784634 45.068523 8.341999 -999999.0 21.387976 44.490005 47.29467 39.803528 44.01057 58.40486 73.3606 88.00459 72.335144 47.617878 59.378174 84.97615 104.81569 127.67803 126.24659 127.28053 123.62858 115.58406 105.48793 129.26909 111.21917 83.545364 72.6438 76.04457 49.15928 36.614925 0.0 0.0 0.0 -999999.0 -999999.0 -999999.0 -999999.0 -999999.0 -999999.0 -999999.0 -999999.0 -999999.0 -999999.0 -999999.0 -999999.0 -999999.0 -999999.0 -999999.0
51.595863 43.77254 50.391453 52.017967 39.655037 23.788082 9.755301 19.250751 28.605001 48.61473 74.11351 68.14447 60.757954 71.35564 65.73505 19.077747 25.366573 42.176826 57.847412 43.578167 30.784542 36.998806 42.792664 61.612946 64.25397 38.216995 6.2411094 27.206686 66.81006 97.67756 112.57061 107.69379 116.08131 116.577034 123.21606 111.03333 120.68075 97.933174 62.582226 50.177044 49.747417 48.93209 17.273317 0.0 0.0 0.0 0.0 -999999.0 -999999.0 -999999.0 -999999.0 -999999.0 -999999.0 -999999.0 -999999.0 -999999.0 -999999.0 -999999.0 -999999.0 -999999.0 -999999.0
39.87531 40.087048 45.334946 45.881336 42.743645 35.97408 19.15303 37.78847 69.79264 108.01559 114.20629 63.66022 56.054092 61.848633 60.796825 43.270393 36.697147 44.100475 41.0706 31.110395 26.910442 36.476196 47.335606 50.9502 51.200977 22.588543 -999999.0 7.4464865 42.750362 72.75547 77.66301 96.68383 85.839134 59.173477 89.07063 101.080246 105.19554 75.87715 41.967983 33.11684 39.288788 65.583176 28.928528 0.0 0.0 -999999.0 -999999.0 -999999.0 -999999.0 -999999.0 -999999.0 -999999.0 -999999.0 -999999.0 -999999.0 -999999.0 -999999.0 -999999.0 -999999.0 -999999.0 -999999.0
48.081055 45.589756 51.414127 54.312115 56.868893 49.237656 27.019238 44.0324 80.63836 108.32729 117.2516 64.80885 57.75656 54.657658 56.704334 46.467262 30.851292 29.902353 30.50439 26.867323 22.753742 33.810898 50.69941 58.056606 62.781548 44.23466 24.1311 32.7515 55.105785 102.11865 128.7676 117.97459 76.39018 46.84844 98.645035 134.93997 67.26059 36.776066 42.75336 39.60308 41.772602 56.99476 33.154476 21.37083 -999999.0 -999999.0 -999999.0 -999999.0 -999999.0 -999999.0 -999999.0 -999999.0 -999999.0 -999999.0 -999999.0 -999999.0 -999999.0 -999999.0 -999999.0 -999999.0 -999999.0
62.317703 52.665863 55.059162 54.8496 52.13798 46.94799 24.936981 34.10716 67.58291 73.62771 75.5227 50.289856 35.716293 40.18888 50.656193 50.29788 34.003376 19.212584 14.496328 19.708157 21.056343 29.660635 46.921894 66.24365 73.18605 69.94421 62.47332 62.9 86.46177 143.79977 201.66257 170.51595 131.35225 123.848495 119.50772 134.2574 77.3061 52.365753 55.56095 48.88458 36.23461 34.525078 17.35712 5.1607876 0.0 -999999.0 -999999.0 -999999.0 -999999.0 -999999.0 -999999.0 -999999.0 -999999.0 -999999.0 -999999.0 -999999.0 -999999.0 -999999.0 -999999.0 -999999.0 -999999.0
67.61022 56.404423 64.98249 65.32232 58.701977 48.214397 53.473637 44.710915 75.42702 64.33332 60.687183 41.165447 28.09897 26.403425 30.851744 35.170822 17.402046 -999999.0 -999999.0 -999999.0 11.07016 29.706678 41.253365 56.569866 58.537613 66.63242 73.6218 72.32192 116.68941 193.01132 243.70341 173.57945 151.06104 157.72203 134.26845 118.74342 96.3917 89.25769 82.36341 64.61399 34.052124 30.790718 17.280197 5.8297586 0.0 0.0 -999999.0 -999999.0 -999999.0 -999999.0 -999999.0 -999999.0 -999999.0 -999999.0 -999999.0 -999999.0 -999999.0 -999999.0 -999999.0 -999999.0 -999999.0
136.50911 59.34709 68.781075 75.91002 75.350586 48.982105 39.45569 61.501816 88.29315 70.49082 48.082 23.29713 9.059659 -999999.0 1.9097556 10.949855 -999999.0 -999999.0 -999999.0 -999999.0 -999999.0 30.949173 31.090181 43.624077 48.63008 54.250652 59.642437 53.199455 127.395035 167.44383 155.73904 123.37246 116.11088 116.52062 113.243645 99.56747 86.65799 82.59443 81.504906 76.446396 59.87991 34.0395 24.05569 15.582507 0.0 0.0 -999999.0 -999999.0 -999999.0 -999999.0 -999999.0 -999999.0 -999999.0 -999999.0 -999999.0 -999999.0 -999999.0 -999999.0 -999999.0 -999999.0 -999999.0
