data/TNO-HT-ATES/HT-ATES_msz3/msz3__h_sampled_lod_basecase_80-45-40.asc
ncols  140
nrows  163
xllcorner  0.0
yllcorner  300000.0
cellsize  2000.0
NODATA_value  -999999.0
[rows 56 to 83 of 163, columns 63 to 125 of 140]
17.727499 21.5875 24.265001 24.899998 25.8 27.345 29.349998 31.2025 32.165 32.8475 30.6675 27.525002 25.1925 23.869999 21.9025 19.625 15.605 14.935 17.1375 17.467499 16.795 16.8125 17.415 18.3775 20.315 25.769999 26.137499 23.954998 19.89 8.9375 5.355 2.3975 0.5525 -999999.0 -999999.0 -999999.0 -999999.0 -999999.0 -999999.0 -999999.0 -999999.0 -999999.0 -999999.0 1.8475 -999999.0 -999999.0 -999999.0 -999999.0 -999999.0 -999999.0 -999999.0 -999999.0 -999999.0 -999999.0 -999999.0 -999999.0 -999999.0 -999999.0 -999999.0 -999999.0 -999999.0 -999999.0 -999999.0
16.07 19.707497 22.287498 23.98 25.4175 24.912498 26.6475 30.0225 32.582504 31.875 29.167498 26.704998 24.9525 23.1875 20.822498 16.36 12.595 13.492499 17.385 17.6625 16.91 16.932499 17.45 18.515 21.8725 28.657501 28.072498 25.225 20.579998 8.592501 5.09 3.3174999 2.795 2.5324998 -999999.0 -999999.0 -999999.0 -999999.0 -999999.0 -999999.0 -999999.0 -999999.0 -999999.0 -999999.0 -999999.0 -999999.0 -999999.0 -999999.0 -999999.0 -999999.0 -999999.0 -999999.0 -999999.0 -999999.0 -999999.0 -999999.0 -999999.0 -999999.0 -999999.0 -999999.0 -999999.0 -999999.0 -999999.0
13.8475 16.48 19.095 21.962502 25.0775 22.852499 22.432499 26.715 30.83 29.4225 27.23 26.157501 23.94 20.97 18.730001 11.965 9.3825 12.245 16.1525 17.32 17.035 17.125 17.6875 19.082499 23.0025 30.467499 28.822498 24.192501 20.5 12.384999 7.64 5.81 5.6099997 5.7725 3.6799998 1.0925 -999999.0 -999999.0 -999999.0 -999999.0 -999999.0 -999999.0 -999999.0 -999999.0 -999999.0 -999999.0 -999999.0 -999999.0 -999999.0 -999999.0 -999999.0 -999999.0 -999999.0 -999999.0 -999999.0 -999999.0 -999999.0 -999999.0 -999999.0 -999999.0 -999999.0 -999999.0 -999999.0
12.424999 13.835 17.557499 19.7375 25.125 22.035 20.5975 23.6675 27.365 25.852499 24.885 23.7075 21.227499 19.089998 18.71 10.8525 9.8675 11.995 13.6875 16.45 17.0925 17.345 18.485 20.275 23.06 29.515 27.625 23.1525 19.6075 14.5824995 9.522499 9.205 8.639999 8.7675 7.7025 5.925 4.705 -999999.0 -999999.0 -999999.0 -999999.0 -999999.0 -999999.0 -999999.0 -999999.0 -999999.0 -999999.0 -999999.0 -999999.0 -999999.0 -999999.0 -999999.0 -999999.0 -999999.0 -999999.0 -999999.0 -999999.0 -999999.0 -999999.0 -999999.0 -999999.0 -999999.0 -999999.0
13.3125 10.33 21.534998 20.359999 23.515 22.705 23.970001 25.359999 24.455 23.895 23.1575 19.97 18.2775 19.807499 21.1975 15.797501 13.6275 12.69 12.264999 14.85 16.545 17.324999 19.3925 23.054998 24.15 27.97 26.73 24.115 21.4875 18.8525 14.317499 12.395 11.505 10.42 9.64 8.4275 6.7000003 4.12 2.8649998 4.485 -999999.0 -999999.0 -999999.0 -999999.0 -999999.0 -999999.0 -999999.0 -999999.0 -999999.0 -999999.0 -999999.0 -999999.0 -999999.0 -999999.0 -999999.0 -999999.0 -999999.0 -999999.0 -999999.0 -999999.0 -999999.0 -999999.0 -999999.0
14.1725 16.759998 24.357498 20.092499 22.164999 23.11 25.3275 25.8575 23.5775 22.1475 21.749998 19.94 18.162498 17.415 15.574999 16.4475 15.99 14.127501 12.4575 14.5075 16.427498 17.23 19.3825 23.4025 26.8375 29.1675 29.63 27.449999 24.4 22.277498 18.539999 16.579998 13.45 10.764999 12.6675005 9.6475 6.2324996 6.3199997 10.219999 14.825 2.9175 -999999.0 -999999.0 -999999.0 -999999.0 -999999.0 -999999.0 -999999.0 -999999.0 -999999.0 -999999.0 -999999.0 -999999.0 -999999.0 -999999.0 -999999.0 -999999.0 -999999.0 -999999.0 -999999.0 -999999.0 -999999.0 -999999.0
14.485 15.8225 16.230001 18.27 20.5175 22.82 25.949999 25.799997 22.86 22.904999 23.0625 22.5 19.3475 14.9075 13.599999 14.5275 15.757499 14.702499 13.4675 15.117499 15.57 15.404999 16.322498 17.965 27.314999 30.7225 32.117496 29.4975 25.67 24.735 21.7025 20.0475 15.8825 12.362501 15.7625 9.639999 5.3525 6.1674995 11.45 8.65 2.5549998 -999999.0 -999999.0 -999999.0 -999999.0 -999999.0 -999999.0 -999999.0 -999999.0 -999999.0 -999999.0 -999999.0 -999999.0 -999999.0 -999999.0 -999999.0 -999999.0 -999999.0 -999999.0 -999999.0 -999999.0 -999999.0 -999999.0
14.275 14.2375 15.985 18.4025 19.22 22.242498 26.0 25.3475 22.0 22.505 23.849998 22.355 18.422499 15.3949995 15.264999 15.814999 16.5725 16.18 15.1025 15.3025 14.822499 13.835 14.277499 15.43 16.255001 16.712502 14.8075 29.9675 26.0025 24.869999 22.414999 22.3825 17.289999 12.232499 14.12 6.855 5.85 8.06 9.799999 2.4075003 -999999.0 -999999.0 -999999.0 -999999.0 -999999.0 -999999.0 -999999.0 -999999.0 -999999.0 -999999.0 -999999.0 -999999.0 -999999.0 -999999.0 -999999.0 -999999.0 -999999.0 -999999.0 -999999.0 -999999.0 -999999.0 -999999.0 -999999.0
13.179999 11.9225 14.665 18.4625 18.744999 21.892498 25.122501 25.657501 23.8925 23.185 24.0025 19.8925 16.992498 17.705 18.997498 19.41 19.42 19.0875 18.102499 16.457499 15.534999 13.63 13.2775 14.4025 13.4325 16.462502 14.625 15.862499 19.99 19.07 21.0925 19.32 16.804998 13.647499 12.57 7.7149997 5.67 7.7825 4.3275 1.3275 -999999.0 -999999.0 -999999.0 -999999.0 -999999.0 -999999.0 -999999.0 -999999.0 -999999.0 -999999.0 -999999.0 -999999.0 -999999.0 -999999.0 -999999.0 -999999.0 -999999.0 -999999.0 -999999.0 -999999.0 -999999.0 -999999.0 -999999.0
13.12 12.05 14.540001 18.1475 20.025 21.9025 24.217499 26.485 29.244999 29.887499 23.997501 20.535 19.547499 20.765 22.4425 22.392502 22.4125 22.567501 22.3525 21.3825 18.275002 14.117499 11.4574995 12.0325 16.5325 18.5975 18.3675 19.2675 19.5 17.1025 18.127499 13.6675 13.7525 16.8925 16.5475 9.759999 5.6775 2.4175 1.06 -999999.0 -999999.0 -999999.0 -999999.0 -999999.0 -999999.0 -999999.0 -999999.0 -999999.0 -999999.0 -999999.0 -999999.0 -999999.0 -999999.0 -999999.0 -999999.0 -999999.0 -999999.0 -999999.0 -999999.0 -999999.0 -999999.0 -999999.0 -999999.0
15.574999 13.93 15.327499 18.4575 20.585 22.525002 24.2825 24.81 24.5875 26.125 25.7025 25.4725 26.894999 28.899998 29.107498 28.6575 27.2025 27.075 28.5 26.9075 22.0475 15.5825 11.539999 13.262499 19.529999 24.5075 19.93 18.752502 18.904999 16.085 15.0375 12.809999 11.16 11.860001 13.872499 9.8175 2.905 0.16 -999999.0 -999999.0 0.48749998 1.155 0.4975 -999999.0 -999999.0 -999999.0 -999999.0 -999999.0 -999999.0 -999999.0 -999999.0 -999999.0 -999999.0 -999999.0 -999999.0 -999999.0 -999999.0 -999999.0 -999999.0 -999999.0 -999999.0 -999999.0 -999999.0
17.539999 16.397501 17.275 19.1975 19.984999 21.307499 22.855 23.34 23.7575 25.747501 27.71 29.185 31.08 33.085 33.325 30.265 25.1175 26.3325 31.9825 28.8925 23.212498 17.7225 13.567499 13.22 20.502499 25.1675 21.8925 18.637499 17.0725 12.934999 11.335001 12.384999 10.637499 7.1075 6.2325 5.1225 -999999.0 -999999.0 -999999.0 -999999.0 2.67 2.605 0.7725 0.089999996 -999999.0 -999999.0 -999999.0 -999999.0 -999999.0 -999999.0 -999999.0 -999999.0 -999999.0 -999999.0 -999999.0 -999999.0 -999999.0 -999999.0 -999999.0 -999999.0 -999999.0 -999999.0 -999999.0
19.127499 18.5725 19.195 19.435 18.805 19.859999 21.42 23.202501 24.939999 26.7025 29.1475 30.4175 31.6425 34.8425 37.872498 32.345 23.0525 21.8875 24.2875 21.495 18.9075 17.515 17.035 18.359999 19.035 19.302498 19.585 17.6775 15.1025 11.4275 9.0775 12.432499 14.309999 6.6875 -999999.0 -999999.0 -999999.0 -999999.0 -999999.0 1.9074999 4.6575 3.6525002 1.2225 0.35999998 -999999.0 -999999.0 -999999.0 -999999.0 -999999.0 -999999.0 -999999.0 -999999.0 -999999.0 -999999.0 -999999.0 -999999.0 -999999.0 -999999.0 -999999.0 -999999.0 -999999.0 -999999.0 -999999.0
20.275 19.8125 19.815 19.105 17.8525 19.0975 20.71 22.9725 25.395 27.059998 29.5025 29.78 29.529999 31.5425 36.59 31.72 23.2475 18.13 15.339999 11.3675 11.995 16.485 19.55 18.83 15.9225 16.447498 16.955002 16.4925 15.245 12.6975 11.3575 13.190001 13.789999 7.68 0.44749996 -999999.0 -999999.0 -999999.0 0.28250003 2.0625 3.2124999 3.4399998 2.13 0.092499994 -999999.0 -999999.0 -999999.0 -999999.0 -999999.0 -999999.0 -999999.0 -999999.0 -999999.0 -999999.0 -999999.0 -999999.0 -999999.0 -999999.0 -999999.0 -999999.0 -999999.0 -999999.0 -999999.0
20.8575 19.9125 19.5625 18.9175 18.28 18.265 19.502499 22.130001 25.099998 27.219997 28.2075 27.99 24.94 22.0325 23.0925 21.482498 17.115 12.412498 7.5525 5.06 10.377501 17.69 22.142498 18.57 14.6625 12.8949995 14.5725 15.7675 15.8324995 13.424999 12.897499 12.777499 11.919999 9.2725 10.215 6.3775 2.23 -999999.0 2.8075 4.8525 3.0349998 2.0874999 0.39749998 -999999.0 -999999.0 -999999.0 -999999.0 -999999.0 -999999.0 -999999.0 -999999.0 -999999.0 -999999.0 -999999.0 -999999.0 -999999.0 -999999.0 -999999.0 -999999.0 -999999.0 -999999.0 -999999.0 -999999.0
21.2025 19.779999 19.23 18.654999 17.0625 18.085001 19.3175 21.36 23.7075 21.03 25.01 25.4675 21.175001 15.235 12.4675 9.952499 7.91 5.8599997 3.0125 4.4525 10.122499 15.522499 18.560001 15.697499 13.444999 10.5975 10.6825 12.327499 13.272499 14.0875 13.157499 13.555 12.785 13.02 14.315 10.7 10.7975 13.51 11.327499 7.16 3.3774998 1.015 -999999.0 -999999.0 -999999.0 -999999.0 -999999.0 -999999.0 -999999.0 -999999.0 -999999.0 -999999.0 -999999.0 -999999.0 -999999.0 -999999.0 -999999.0 -999999.0 -999999.0 -999999.0 -999999.0 -999999.0 -999999.0
21.78 19.739998 18.9775 18.955002 18.419998 19.1125 19.199999 14.744999 11.285 19.017498 23.434998 23.894999 20.3475 14.08 7.9475 3.5074997 3.0675 6.2225 6.3725 8.8575 13.787499 14.827499 16.1475 14.4425 10.639999 9.625 10.574999 10.9175005 12.285 13.8324995 12.0475 11.849999 12.83 14.535 16.044998 13.847499 14.597499 14.25 14.69 11.5475 9.807499 1.7 -999999.0 -999999.0 -999999.0 -999999.0 -999999.0 -999999.0 -999999.0 -999999.0 -999999.0 -999999.0 -999999.0 -999999.0 -999999.0 -999999.0 -999999.0 -999999.0 -999999.0 -999999.0 -999999.0 -999999.0 -999999.0
21.657501 19.6925 19.300001 21.0925 20.9925 13.605 9.4775 6.5925 5.5975 14.485 17.615 18.1325 15.445 8.3875 3.17 3.495 6.0774994 8.7425 9.622499 8.0725 10.2175 13.53 14.372499 12.197499 9.015 8.77 9.947499 11.5475 12.615 12.9725 12.62 11.84 12.54 13.5575 15.4225 16.114998 13.392499 13.117499 16.419998 15.022499 9.312499 8.112499 10.804999 -999999.0 -999999.0 -999999.0 -999999.0 -999999.0 -999999.0 -999999.0 -999999.0 -999999.0 -999999.0 -999999.0 -999999.0 -999999.0 -999999.0 -999999.0 -999999.0 -999999.0 -999999.0 -999999.0 -999999.0
19.665 18.9125 17.744999 18.175 18.9925 4.005 0.12249999 4.3 10.925 12.155 12.3875 15.235 12.6525 2.165 -999999.0 4.985 9.397499 10.1675005 7.4975 7.6150002 10.029999 12.305 12.639999 9.615 6.12 7.0325 9.1275 11.075 12.264999 12.605 13.24 12.705 12.4775 12.205 16.97 16.81 12.2525 11.742499 15.244999 11.857499 10.169999 6.3475 13.2475 0.6825 -999999.0 -999999.0 -999999.0 -999999.0 -999999.0 -999999.0 -999999.0 -999999.0 -999999.0 -999999.0 -999999.0 -999999.0 -999999.0 -999999.0 -999999.0 -999999.0 -999999.0 -999999.0 -999999.0
15.984999 16.535 13.345 6.7325 2.7549999 5.0924997 7.5249996 12.704999 15.73 17.515 16.449999 18.705 17.2225 5.5449996 6.285 9.754999 12.2074995 9.34 6.8175 7.465 7.9774995 9.2625 8.844999 5.0475 0.7675 3.1975 7.1825 9.622499 10.929999 10.7074995 11.9675 11.97 13.137499 12.705 15.422499 13.669999 10.067501 9.052501 10.334999 11.375 5.9825 11.584999 7.68 1.2775 0.0325 -999999.0 -999999.0 -999999.0 -999999.0 -999999.0 -999999.0 -999999.0 -999999.0 -999999.0 -999999.0 -999999.0 -999999.0 -999999.0 -999999.0 -999999.0 -999999.0 -999999.0 -999999.0
13.4725 13.36 12.190001 9.487499 4.955 9.8175 16.330002 24.51 23.59 16.11 14.967499 15.84 14.8 10.759999 9.74 10.61 9.1025 7.0724998 6.3399997 7.505 8.4225 8.305 7.1799994 3.02 -999999.0 0.8274999 4.635 7.505 7.7174997 9.6325 8.625 6.035 9.565001 12.03 14.0825 11.0225 6.765 6.005 9.8225 16.5375 8.699999 8.2725 3.375 -999999.0 -999999.0 -999999.0 -999999.0 -999999.0 -999999.0 -999999.0 -999999.0 -999999.0 -999999.0 -999999.0 -999999.0 -999999.0 -999999.0 -999999.0 -999999.0 -999999.0 -999999.0 -999999.0 -999999.0
12.382501 12.259999 13.1275 12.1725 6.7 11.08 18.49 24.869999 23.1475 15.724999 14.9675 14.189999 13.5625 11.067499 7.83 7.3599997 7.575 6.1249995 5.655 7.2525 9.425 9.934999 9.349999 6.0275 2.8875 3.8874998 6.6375 11.400001 13.727499 12.554999 8.0475 4.9674997 11.219999 17.86 9.110001 6.015 8.205 8.327499 10.362499 15.304999 9.967499 7.4775 -999999.0 -999999.0 -999999.0 -999999.0 -999999.0 -999999.0 -999999.0 -999999.0 -999999.0 -999999.0 -999999.0 -999999.0 -999999.0 -999999.0 -999999.0 -999999.0 -999999.0 -999999.0 -999999.0 -999999.0 -999999.0
12.42 12.412499 12.719999 11.697499 6.2524996 8.7925 16.5775 17.4 15.312499 12.414999 9.367499 10.565 11.67 11.6425 8.7074995 4.8199997 3.7325 4.305 4.6675 6.4275 9.1425 11.032501 11.1725 10.12 8.282499 7.8525 10.762499 18.1875 22.63 18.965 15.315001 13.965 15.0625 18.6575 11.23 8.8875 11.782499 11.382499 8.7775 9.0225 5.82 2.2350001 0.8125 -999999.0 -999999.0 -999999.0 -999999.0 -999999.0 -999999.0 -999999.0 -999999.0 -999999.0 -999999.0 -999999.0 -999999.0 -999999.0 -999999.0 -999999.0 -999999.0 -999999.0 -999999.0 -999999.0 -999999.0
13.0525 13.0475 12.514999 11.24 11.9 9.764999 14.7125 13.18 12.2275 9.054999 6.145 5.8224998 7.2899995 8.445 4.37 -999999.0 -999999.0 -999999.0 2.4775 6.305 8.1325 9.69 10.524999 10.279999 10.3025 9.407499 15.007501 24.59 27.91 20.865002 18.9025 19.1 18.064999 17.44 16.5325 15.929999 19.197498 15.7 9.09 9.5075 6.1674995 2.665 1.6325 0.1525 -999999.0 -999999.0 -999999.0 -999999.0 -999999.0 -999999.0 -999999.0 -999999.0 -999999.0 -999999.0 -999999.0 -999999.0 -999999.0 -999999.0 -999999.0 -999999.0 -999999.0 -999999.0 -999999.0
13.8075 14.87 15.0 12.0525 9.1725 13.389998 16.3475 13.035 8.9725 4.265 1.9775 -999999.0 0.4525 2.5025 -999999.0 -999999.0 -999999.0 -999999.0 -999999.0 6.4974995 6.2099996 7.515 8.490001 9.054999 8.134999 7.42 18.485 23.367498 19.6475 17.342499 16.337502 17.092499 16.82 16.119999 16.387499 17.48 19.467499 19.86 17.519999 10.497499 8.6525 6.85 4.1125 2.1899998 -999999.0 -999999.0 -999999.0 -999999.0 -999999.0 -999999.0 -999999.0 -999999.0 -999999.0 -999999.0 -999999.0 -999999.0 -999999.0 -999999.0 -999999.0 -999999.0 -999999.0 -999999.0 -999999.0
16.2825 15.809999 15.915001 12.49 8.579999 6.7949996 15.022499 11.122499 5.2475 -999999.0 -999999.0 -999999.0 -999999.0 5.4174995 -999999.0 -999999.0 -999999.0 -999999.0 2.4299998 5.3824997 7.12 8.077499 8.084999 7.14 5.7299995 10.932501 15.915 16.624998 14.162499 14.7125 15.039999 13.190001 13.82 14.684999 20.3025 21.66 22.942501 22.627499 21.7975 18.637499 14.117499 10.3675 7.03 3.54 0.29500002 -999999.0 -999999.0 -999999.0 -999999.0 -999999.0 -999999.0 -999999.0 -999999.0 -999999.0 -999999.0 -999999.0 -999999.0 -999999.0 -999999.0 -999999.0 -999999.0 -999999.0 -999999.0
39.875 16.83 16.37 14.65 10.075 6.6524997 5.7299995 13.785 5.2149997 2.0849998 1.3274999 1.8149998 5.5625 13.0725 4.6674995 -999999.0 -999999.0 0.38 4.8975 4.91 8.4575 10.6449995 10.9025 9.34 7.0724998 8.222499 12.477499 12.055 10.507499 8.9025 8.5075 11.87 14.039999 18.985 23.099998 23.9725 25.1125 25.387499 25.019999 23.499998 20.115 13.299999 6.685 1.0699999 -999999.0 -999999.0 -999999.0 -999999.0 -999999.0 -999999.0 -999999.0 -999999.0 -999999.0 -999999.0 -999999.0 -999999.0 -999999.0 -999999.0 -999999.0 -999999.0 -999999.0 -999999.0 -999999.0
36.469997 46.635002 54.3125 15.374999 11.6575 9.145 9.712501 7.4224997 5.8025 11.105 9.7175 11.0199995 11.0275 9.78 5.7349997 -999999.0 -999999.0 -999999.0 -999999.0 3.25 9.11 12.647499 12.9725 12.4925 8.549999 6.22 6.915 7.495 6.5824995 4.15 4.3975 9.5975 15.684999 23.352499 25.995 27.2475 25.595 24.55 26.7575 25.3 23.512499 13.432501 -999999.0 -999999.0 -999999.0 -999999.0 -999999.0 -999999.0 -999999.0 -999999.0 -999999.0 -999999.0 -999999.0 -999999.0 -999999.0 -999999.0 -999999.0 -999999.0 -999999.0 -999999.0 -999999.0 -999999.0 -999999.0
