data/TNO-HT-ATES/HT-ATES_msz3/msz3__kh_P50_basecase_80-45-40.asc
ncols  140
nrows  163
xllcorner  0.0
yllcorner  300000.0
cellsize  2000.0
NODATA_value  -999999.0
[rows 54 to 80 of 163, columns 60 to 119 of 140]
65.68768 59.50394 60.208057 74.85009 101.07266 123.17508 130.34697 142.55994 149.71088 154.47275 171.59935 191.7773 212.94853 219.84071 203.59026 186.9494 179.10469 177.05743 159.9979 127.703835 114.416306 127.94124 128.45616 120.096565 130.15857 154.91327 173.8358 188.41405 230.74663 259.089 263.6682 236.82492 166.70863 122.60686 59.880894 5.325149 -999999.0 -999999.0 -999999.0 -999999.0 -999999.0 -999999.0 8.923113 8.012861 3.6040983 22.046488 51.65935 -999999.0 -999999.0 -999999.0 -999999.0 -999999.0 -999999.0 -999999.0 -999999.0 -999999.0 -999999.0 -999999.0 -999999.0 -999999.0
81.807076 78.20738 84.98568 82.232445 106.66379 121.37724 123.919945 132.8146 145.2944 156.24727 175.04489 186.73578 197.5812 203.60806 191.13995 177.50897 166.18703 151.79514 143.50569 111.620476 107.448616 129.86652 138.19392 133.45976 141.08932 159.05096 172.1061 209.10307 266.02994 285.67874 273.78006 252.77098 171.04546 121.61275 45.53495 -999999.0 -999999.0 -999999.0 -999999.0 -999999.0 -999999.0 -999999.0 -999999.0 -999999.0 -999999.0 -999999.0 33.084053 -999999.0 -999999.0 -999999.0 -999999.0 -999999.0 -999999.0 -999999.0 -999999.0 -999999.0 -999999.0 -999999.0 -999999.0 -999999.0
64.99732 66.595474 69.90679 84.752304 105.6077 120.438286 121.61736 126.086296 136.52719 148.32231 176.95068 183.28598 194.07391 187.16202 175.07307 163.20688 153.3476 150.52328 136.15654 111.33781 109.61157 124.35369 148.22789 144.74088 150.14249 166.4579 172.7322 187.65254 244.9876 305.2461 320.49734 301.24686 163.239 100.125595 36.430393 7.9831176 -999999.0 -999999.0 -999999.0 -999999.0 -999999.0 -999999.0 -999999.0 -999999.0 -999999.0 -999999.0 20.401993 -999999.0 -999999.0 -999999.0 -999999.0 -999999.0 -999999.0 -999999.0 -999999.0 -999999.0 -999999.0 -999999.0 -999999.0 -999999.0
41.635036 50.134766 58.206036 73.6762 91.60998 104.13367 118.5218 122.947296 124.07158 133.57758 167.75235 186.07857 195.06764 180.83403 172.73637 161.57655 149.79803 136.11664 116.4926 88.05173 96.34451 125.75451 132.11768 140.63144 160.58275 168.13661 180.53412 208.02908 231.37318 346.38666 375.90323 342.9353 173.86908 99.336876 56.901905 44.02342 42.123375 -999999.0 -999999.0 -999999.0 -999999.0 -999999.0 -999999.0 -999999.0 -999999.0 -999999.0 -999999.0 -999999.0 -999999.0 -999999.0 -999999.0 -999999.0 -999999.0 -999999.0 -999999.0 -999999.0 -999999.0 -999999.0 -999999.0 -999999.0
25.632717 40.305557 49.85149 61.968 73.53139 90.72156 107.0479 120.37219 113.09907 113.29391 145.31004 176.42876 179.88895 169.70665 169.65045 154.47318 127.4218 121.702286 86.107605 66.45761 89.74342 118.46069 133.39279 140.34554 165.21301 173.61313 193.39848 226.12297 322.77335 381.21198 358.9621 319.75543 201.25793 134.5717 98.17849 93.01396 97.50959 70.67567 20.126461 -999999.0 -999999.0 -999999.0 -999999.0 -999999.0 -999999.0 -999999.0 -999999.0 -999999.0 -999999.0 -999999.0 -999999.0 -999999.0 -999999.0 -999999.0 -999999.0 -999999.0 -999999.0 -999999.0 -999999.0 -999999.0
17.802984 36.983765 47.720387 57.30764 62.313446 83.21433 95.951004 120.19384 111.21354 104.126625 123.233086 157.26381 149.95532 148.05731 143.40872 134.39793 115.452644 119.2931 77.39011 71.355194 86.463394 98.76862 123.819214 139.76106 173.63898 190.48215 209.35173 236.07335 356.64755 398.48868 362.5493 312.22403 224.79195 154.1169 175.09882 150.77844 163.6272 173.87955 138.30763 98.74502 -999999.0 -999999.0 -999999.0 -999999.0 -999999.0 -999999.0 -999999.0 -999999.0 -999999.0 -999999.0 -999999.0 -999999.0 -999999.0 -999999.0 -999999.0 -999999.0 -999999.0 -999999.0 -999999.0 -999999.0
13.343068 34.687275 49.799282 61.101624 47.38301 102.26248 99.37707 113.74962 113.21271 124.49843 130.96405 135.84003 143.1959 136.3807 122.31503 117.781364 126.77977 141.5273 110.65821 95.27164 92.94652 88.99482 111.35426 134.68385 173.71019 202.88997 241.85725 253.51854 355.94592 406.37482 404.98175 359.9061 330.11026 270.5449 240.93472 231.03787 236.16212 244.69637 200.24234 143.86842 86.35029 63.03334 83.48973 -999999.0 -999999.0 -999999.0 -999999.0 -999999.0 -999999.0 -999999.0 -999999.0 -999999.0 -999999.0 -999999.0 -999999.0 -999999.0 -999999.0 -999999.0 -999999.0 -999999.0
13.007635 36.397884 53.296062 63.7279 76.012985 111.27433 94.54179 109.085 112.10461 125.58423 127.685005 132.28812 123.65395 127.25171 116.783875 117.09478 121.242165 112.620865 117.575775 116.46184 102.53236 92.22222 108.5137 136.44418 149.08488 200.22397 242.73387 282.88376 371.9229 469.906 457.9239 440.00027 400.77814 377.51245 336.9184 284.99988 234.07784 302.76703 235.70543 143.01073 155.10901 245.70233 306.09296 54.920773 -999999.0 -999999.0 -999999.0 -999999.0 -999999.0 -999999.0 -999999.0 -999999.0 -999999.0 -999999.0 -999999.0 -999999.0 -999999.0 -999999.0 -999999.0 -999999.0
25.612045 49.707268 61.795666 65.30704 70.65969 74.97185 87.67133 95.67839 109.085144 125.39169 126.8086 125.11514 127.06714 129.5759 139.9114 130.82332 104.02224 98.88551 104.19077 114.52965 112.47302 103.900375 114.67997 131.4445 156.82967 165.8881 185.67337 291.54065 388.96127 507.99854 521.25305 470.65353 460.76642 407.72714 382.00848 325.32883 267.9393 359.93622 246.8686 114.64264 112.298965 239.36583 161.62315 43.27945 -999999.0 -999999.0 -999999.0 -999999.0 -999999.0 -999999.0 -999999.0 -999999.0 -999999.0 -999999.0 -999999.0 -999999.0 -999999.0 -999999.0 -999999.0 -999999.0
54.05474 65.939064 68.37928 63.94131 64.86782 73.574265 86.14633 86.50849 96.02638 125.85138 130.95854 119.951294 133.17801 142.12646 127.639656 116.07087 99.8773 112.23721 116.38782 126.34828 123.00278 118.50789 117.44978 119.15855 144.61122 149.62206 160.5862 173.9819 210.75337 235.76865 521.2803 436.4217 427.37082 319.35428 421.32935 345.9458 249.1906 320.4212 172.28036 136.81015 183.17464 192.1924 40.682716 -999999.0 -999999.0 -999999.0 -999999.0 -999999.0 -999999.0 -999999.0 -999999.0 -999999.0 -999999.0 -999999.0 -999999.0 -999999.0 -999999.0 -999999.0 -999999.0 -999999.0
76.92864 77.706406 73.92825 60.561802 56.462673 69.57993 88.22034 86.59198 97.58051 122.52792 135.88483 127.26119 128.6376 133.71425 119.717705 104.35746 114.34533 131.00606 144.7886 145.26607 143.45432 139.1446 129.89255 130.09737 123.085884 118.211716 128.49924 131.92749 222.72427 235.94742 262.08505 345.39194 323.0992 408.30875 396.37314 365.90784 310.495 316.82327 201.19334 140.79196 186.68776 88.0305 22.405249 -999999.0 -999999.0 -999999.0 -999999.0 -999999.0 -999999.0 -999999.0 -999999.0 -999999.0 -999999.0 -999999.0 -999999.0 -999999.0 -999999.0 -999999.0 -999999.0 -999999.0
82.87284 80.60006 78.123795 60.510437 57.652466 69.922646 87.6894 95.25334 110.846825 124.15495 139.7522 155.9218 165.78355 134.79073 125.05992 119.324745 134.33624 156.16954 155.43059 167.0823 167.72537 170.11191 168.39189 150.5056 118.201836 102.1913 105.38658 160.90773 251.26778 288.12213 307.4595 321.05902 282.56506 400.05643 326.1986 310.11765 390.14752 415.97003 232.84816 130.61809 49.735527 18.926027 -999999.0 -999999.0 -999999.0 -999999.0 -999999.0 -999999.0 -999999.0 -999999.0 -999999.0 -999999.0 -999999.0 -999999.0 -999999.0 -999999.0 -999999.0 -999999.0 -999999.0 -999999.0
89.421104 91.348885 83.055664 73.020546 66.41362 73.60545 90.05239 99.85937 120.04074 127.78585 137.25992 136.17284 144.58752 145.21844 154.74533 165.03166 185.02377 196.40356 201.45914 193.57538 199.00967 210.64735 209.59843 179.98 131.78761 99.877594 116.547745 193.61993 320.52313 284.15723 285.16968 313.41022 271.8109 317.33987 293.52377 258.5672 275.79108 329.77383 209.35213 56.45525 3.0495093 -999999.0 -999999.0 8.85969 19.751696 7.554861 -999999.0 -999999.0 -999999.0 -999999.0 -999999.0 -999999.0 -999999.0 -999999.0 -999999.0 -999999.0 -999999.0 -999999.0 -999999.0 -999999.0
100.86653 102.63051 97.61502 88.19761 81.7798 83.56889 96.22869 100.052826 108.98567 118.47829 130.28102 127.173164 136.64078 155.26212 171.78525 183.4481 200.20044 220.85689 202.94939 169.62245 180.69737 216.7128 222.8102 203.30415 161.22644 131.86026 122.529205 236.21669 324.2032 331.89944 309.04834 323.13742 243.38469 211.1835 257.66333 237.13179 150.2832 129.94112 101.6911 -999999.0 -999999.0 -999999.0 -999999.0 51.39067 57.38354 13.817058 1.6662253 -999999.0 -999999.0 -999999.0 -999999.0 -999999.0 -999999.0 -999999.0 -999999.0 -999999.0 -999999.0 -999999.0 -999999.0 -999999.0
109.287964 111.02518 104.814224 96.15517 92.03165 94.32841 95.551254 96.802155 103.828156 114.33404 126.117516 133.39609 139.69394 165.90434 178.46565 186.34546 206.59178 216.82693 183.0875 136.12161 134.15282 160.63551 166.90034 185.12862 183.16208 184.95142 200.81815 240.32663 280.1628 320.02518 304.86215 292.63727 201.91393 167.46571 240.22287 315.7659 142.0916 -999999.0 -999999.0 -999999.0 -999999.0 -999999.0 36.68727 97.14215 91.43753 24.039083 6.271702 -999999.0 -999999.0 -999999.0 -999999.0 -999999.0 -999999.0 -999999.0 -999999.0 -999999.0 -999999.0 -999999.0 -999999.0 -999999.0
119.97241 116.839966 110.92119 102.49377 99.38849 93.37065 86.83247 89.01042 96.17014 109.31719 122.58922 128.84367 137.14557 160.25443 165.22159 161.29797 177.38335 193.01576 165.6778 141.26022 117.248924 103.64881 91.61499 115.94652 159.37157 208.78778 223.29369 215.26071 227.87961 269.84866 273.51944 279.6904 233.27261 210.96542 255.11594 293.2552 162.8729 8.455487 -999999.0 -999999.0 -999999.0 8.772882 42.88981 61.49047 63.371395 35.768177 1.3867385 -999999.0 -999999.0 -999999.0 -999999.0 -999999.0 -999999.0 -999999.0 -999999.0 -999999.0 -999999.0 -999999.0 -999999.0 -999999.0
132.44797 119.6219 110.619774 104.61721 98.36558 92.06404 87.876785 91.11526 93.47835 99.20982 118.20609 137.20505 146.92816 159.12796 158.50658 148.16144 117.63718 131.28711 134.30267 110.85454 83.7137 50.494366 39.693176 93.86776 174.51904 201.18935 214.20303 203.28934 183.41629 244.7677 283.64355 280.25485 234.47365 239.68234 268.8941 259.1057 197.42354 219.37053 135.51512 47.36611 -999999.0 62.05625 95.39588 50.398262 32.87831 4.6982226 -999999.0 -999999.0 -999999.0 -999999.0 -999999.0 -999999.0 -999999.0 -999999.0 -999999.0 -999999.0 -999999.0 -999999.0 -999999.0 -999999.0
145.21477 115.38922 117.20061 107.58123 100.80808 98.607475 93.45964 85.83126 97.050964 104.018196 119.24635 136.7727 126.54319 157.56517 157.92744 125.596886 95.4198 82.99241 65.95197 57.22757 42.029026 20.106533 37.33918 95.95518 156.85332 204.03653 192.51492 179.84488 143.91595 165.98412 212.60185 242.91982 258.93347 260.05463 298.78732 271.18384 272.73782 303.54007 233.48787 230.42955 299.52917 223.08646 122.465164 63.559406 14.691631 -999999.0 -999999.0 -999999.0 -999999.0 -999999.0 -999999.0 -999999.0 -999999.0 -999999.0 -999999.0 -999999.0 -999999.0 -999999.0 -999999.0 -999999.0
146.33134 126.12677 120.72664 113.513756 103.177345 97.45137 102.74527 97.991776 107.614494 112.73158 88.467705 66.267265 114.02528 146.28845 168.38611 132.67769 95.07636 57.60317 24.183865 20.897552 43.70215 46.737934 64.38697 138.45483 159.93683 181.75082 176.74231 134.3244 127.54334 163.87833 181.17204 225.70895 256.59775 243.45717 254.81374 271.43942 308.2351 327.07056 294.44366 320.3579 301.7369 252.628 209.38411 197.99193 28.207573 -999999.0 -999999.0 -999999.0 -999999.0 -999999.0 -999999.0 -999999.0 -999999.0 -999999.0 -999999.0 -999999.0 -999999.0 -999999.0 -999999.0 -999999.0
148.56439 136.68002 122.101105 115.51094 114.183586 102.33421 137.6935 114.73285 75.26533 55.651894 37.46407 33.555847 90.68536 121.91608 129.3028 100.310074 60.10429 22.087925 26.969856 49.17952 72.00519 86.81033 71.132545 96.12547 145.90126 169.91493 152.1963 116.86 121.37829 160.09686 194.14502 234.27563 238.74323 237.58939 235.99628 274.98364 271.88885 309.05133 321.08926 266.34534 240.03859 293.81223 254.76488 145.26736 117.22543 124.35086 -999999.0 -999999.0 -999999.0 -999999.0 -999999.0 -999999.0 -999999.0 -999999.0 -999999.0 -999999.0 -999999.0 -999999.0 -999999.0 -999999.0
133.23518 121.29979 109.77218 112.243576 109.09882 95.239426 116.760155 122.17794 20.919052 0.7954936 23.91776 79.143166 76.13178 83.95186 106.84869 78.52895 13.769997 -999999.0 36.946693 78.79739 82.46408 67.93116 74.97026 100.751144 127.56933 150.8132 122.42261 77.70094 100.06725 147.67062 184.73413 232.85619 237.01796 246.41608 255.26888 251.89601 245.16562 318.41684 279.94342 226.7527 218.56454 263.93134 186.08801 151.5857 81.390175 138.55052 5.791915 -999999.0 -999999.0 -999999.0 -999999.0 -999999.0 -999999.0 -999999.0 -999999.0 -999999.0 -999999.0 -999999.0 -999999.0 -999999.0
111.93985 94.30544 79.63885 92.62583 95.38619 72.39489 42.378788 16.877172 34.48822 50.681118 89.15086 136.63365 125.17371 110.74979 128.93166 119.80053 33.843422 45.2906 76.900925 107.50318 79.05832 54.51413 64.872826 74.73672 107.79865 110.70598 61.624443 9.4158125 43.27549 114.67591 171.81572 203.84837 196.82932 218.54414 231.52057 267.50098 263.7017 302.55997 251.61093 168.28476 143.38344 154.92647 174.11584 65.939285 151.22568 72.99028 8.852649 0.44260553 -999999.0 -999999.0 -999999.0 -999999.0 -999999.0 -999999.0 -999999.0 -999999.0 -999999.0 -999999.0 -999999.0 -999999.0
106.52633 71.87353 72.73542 83.815445 85.44006 80.62955 67.45463 35.384342 72.80334 134.80194 211.43925 222.10675 120.889206 104.43076 116.16038 114.984146 82.344185 71.21295 86.251 78.28298 58.46614 48.98284 65.61496 86.16269 91.2614 89.346115 36.992657 -999999.0 10.90511 71.663216 127.155556 137.69946 176.10358 154.47322 108.52004 186.23729 237.45372 261.17734 194.24878 108.71624 91.903015 125.36928 248.90942 113.41604 84.58522 35.49951 -999999.0 -999999.0 -999999.0 -999999.0 -999999.0 -999999.0 -999999.0 -999999.0 -999999.0 -999999.0 -999999.0 -999999.0 -999999.0 -999999.0
128.15186 88.14867 84.06505 96.72787 103.934685 110.896545 96.29117 52.350845 86.231 162.47482 223.9155 238.27786 127.08703 111.71666 107.74597 112.41375 92.82012 62.004253 59.946156 60.669106 51.514053 42.748695 64.56207 96.03015 108.13264 114.80289 77.84837 40.15792 54.789917 97.33975 189.06853 246.79674 219.99686 137.89511 83.51651 206.20691 319.15958 167.03314 94.809296 115.91246 116.14599 132.84325 212.15178 123.63211 82.81762 -999999.0 -999999.0 -999999.0 -999999.0 -999999.0 -999999.0 -999999.0 -999999.0 -999999.0 -999999.0 -999999.0 -999999.0 -999999.0 -999999.0 -999999.0
137.08722 120.724915 101.940765 107.26489 108.58121 103.36925 93.43957 48.40436 69.29288 142.33084 157.90862 157.50807 100.8256 71.66859 81.515945 103.39728 105.08973 70.23513 38.30308 28.4178 38.904884 40.84644 58.11065 93.327896 131.13435 141.33969 133.42503 116.67783 117.48354 165.5764 284.74243 408.09982 341.18054 262.89844 255.0443 264.24496 323.87772 197.17325 142.01457 160.9658 147.23381 114.53654 116.76347 59.94459 18.01264 6.4339128 -999999.0 -999999.0 -999999.0 -999999.0 -999999.0 -999999.0 -999999.0 -999999.0 -999999.0 -999999.0 -999999.0 -999999.0 -999999.0 -999999.0
264.684 134.60612 112.53114 131.83308 132.56569 121.30819 99.24405 111.96145 96.714294 167.15294 140.51186 131.3672 85.297386 58.411 54.667118 65.89897 74.690384 35.551823 -999999.0 -999999.0 -999999.0 22.329884 62.75972 85.696335 116.42696 121.310585 134.56306 146.78616 142.11546 234.70865 407.56766 516.2646 363.64447 322.19012 351.31137 316.1228 302.6959 263.25726 256.12827 257.0067 205.65088 106.67001 103.489296 59.82525 20.822817 12.021394 1.1240586 -999999.0 -999999.0 -999999.0 -999999.0 -999999.0 -999999.0 -999999.0 -999999.0 -999999.0 -999999.0 -999999.0 -999999.0 -999999.0
277.1101 271.9791 123.43655 143.87451 161.96031 163.57448 105.85375 85.39198 139.67361 204.29623 159.4759 107.989815 49.036453 18.361069 -999999.0 3.8156326 22.568062 -999999.0 -999999.0 -999999.0 -999999.0 -999999.0 67.684044 66.01294 92.541595 101.58955 115.24399 123.817276 107.1095 267.4195 369.2187 338.85132 264.58908 256.54703 272.63388 274.19434 257.39856 240.35204 243.06631 255.29085 252.70312 204.05122 115.16439 87.56319 62.787712 32.945683 22.188078 -999999.0 -999999.0 -999999.0 -999999.0 -999999.0 -999999.0 -999999.0 -999999.0 -999999.0 -999999.0 -999999.0 -999999.0 -999999.0
