data/TNO-HT-ATES/HT-ATES_msz3/msz3__top_depth_basecase_80-45-40.asc
ncols  140
nrows  163
xllcorner  0.0
yllcorner  300000.0
cellsize  2000.0
NODATA_value  -999999.0
[rows 81 to 107 of 163, columns 0 to 60 of 140]
-999999.0 -999999.0 -999999.0 -999999.0 -999999.0 -999999.0 -999999.0 -999999.0 -999999.0 -999999.0 -999999.0 -999999.0 -999999.0 -999999.0 -999999.0 -999999.0 -999999.0 -999999.0 -999999.0 -999999.0 -999999.0 -999999.0 -999999.0 -999999.0 -999999.0 -999999.0 -999999.0 -999999.0 -999999.0 -999999.0 -999999.0 -999999.0 -999999.0 -999999.0 -999999.0 -999999.0 -999999.0 -999999.0 -999999.0 -999999.0 -999999.0 155.375 158.94249 161.0175 161.7475 160.04 158.7375 159.7775 161.5475 165.01999 169.2775 171.3625 170.805 170.41 171.315 204.73999 208.8375 213.7825 216.72 217.9425 218.75
-999999.0 -999999.0 -999999.0 -999999.0 -999999.0 -999999.0 -999999.0 -999999.0 -999999.0 -999999.0 -999999.0 -999999.0 -999999.0 -999999.0 -999999.0 -999999.0 -999999.0 -999999.0 -999999.0 -999999.0 -999999.0 -999999.0 -999999.0 -999999.0 -999999.0 -999999.0 -999999.0 -999999.0 -999999.0 -999999.0 -999999.0 -999999.0 -999999.0 -999999.0 -999999.0 -999999.0 -999999.0 -999999.0 -999999.0 -999999.0 147.27 142.475 152.735 155.28749 155.92749 154.89749 154.1675 155.6075 157.86 162.39249 166.73749 169.16751 170.38498 171.34999 173.475 196.625 207.44499 212.98248 214.48 213.90999 213.565
-999999.0 -999999.0 -999999.0 -999999.0 -999999.0 -999999.0 -999999.0 -999999.0 -999999.0 -999999.0 -999999.0 -999999.0 -999999.0 -999999.0 -999999.0 -999999.0 -999999.0 -999999.0 -999999.0 -999999.0 -999999.0 -999999.0 -999999.0 -999999.0 -999999.0 -999999.0 -999999.0 -999999.0 -999999.0 -999999.0 -999999.0 -999999.0 -999999.0 -999999.0 -999999.0 -999999.0 -999999.0 -999999.0 -999999.0 152.37 147.44751 148.8375 150.345 150.94 149.98999 147.73 146.66751 149.2825 154.19 159.89499 164.6475 168.30249 171.025 173.0625 175.93748 177.3625 204.53749 208.325 209.465 208.87498 208.0875
-999999.0 -999999.0 -999999.0 -999999.0 -999999.0 -999999.0 -999999.0 -999999.0 -999999.0 -999999.0 -999999.0 -999999.0 -999999.0 -999999.0 -999999.0 -999999.0 -999999.0 -999999.0 -999999.0 -999999.0 -999999.0 -999999.0 -999999.0 -999999.0 -999999.0 -999999.0 -999999.0 -999999.0 -999999.0 -999999.0 -999999.0 -999999.0 -999999.0 -999999.0 -999999.0 -999999.0 -999999.0 -999999.0 -999999.0 154.40999 149.19499 145.3225 146.315 147.655 145.355 140.435 136.775 140.75 149.84 157.76999 163.6575 168.16 171.69 174.4225 177.0325 178.0125 176.98999 201.54251 202.5625 202.85999 202.8075
-999999.0 -999999.0 -999999.0 -999999.0 -999999.0 -999999.0 -999999.0 -999999.0 -999999.0 -999999.0 -999999.0 -999999.0 -999999.0 -999999.0 -999999.0 -999999.0 -999999.0 -999999.0 -999999.0 -999999.0 -999999.0 -999999.0 -999999.0 -999999.0 -999999.0 -999999.0 -999999.0 -999999.0 -999999.0 -999999.0 -999999.0 -999999.0 -999999.0 -999999.0 -999999.0 -999999.0 -999999.0 -999999.0 160.2475 156.03249 152.52 148.495 145.6 146.12 144.00499 136.27751 127.807495 133.11499 145.395 155.9775 163.41751 168.525 171.79999 174.96 176.18748 176.77748 177.195 175.9 196.38998 197.2975 198.4
-999999.0 -999999.0 -999999.0 -999999.0 -999999.0 -999999.0 -999999.0 -999999.0 -999999.0 -999999.0 -999999.0 -999999.0 -999999.0 -999999.0 -999999.0 -999999.0 -999999.0 -999999.0 -999999.0 -999999.0 -999999.0 -999999.0 -999999.0 -999999.0 -999999.0 -999999.0 -999999.0 -999999.0 -999999.0 -999999.0 -999999.0 -999999.0 -999999.0 -999999.0 -999999.0 -999999.0 -999999.0 166.00249 160.60748 157.215 157.075 149.84 145.3575 144.4825 144.555 141.975 127.494995 136.23999 147.5925 157.09 163.665 168.98001 175.0875 177.025 176.04251 175.14 175.38 176.2 191.58499 192.12 194.5075
-999999.0 -999999.0 -999999.0 -999999.0 -999999.0 -999999.0 -999999.0 -999999.0 -999999.0 -999999.0 -999999.0 -999999.0 -999999.0 -999999.0 -999999.0 -999999.0 -999999.0 -999999.0 -999999.0 -999999.0 -999999.0 -999999.0 -999999.0 -999999.0 -999999.0 -999999.0 -999999.0 -999999.0 -999999.0 -999999.0 -999999.0 -999999.0 -999999.0 -999999.0 -999999.0 -999999.0 157.08249 157.265 156.48999 157.4675 151.48749 143.035 143.51498 144.215 148.38 156.18 162.425 153.0375 155.5025 160.34499 165.0025 170.7175 176.7675 177.95 175.655 173.33499 173.5225 175.2925 176.89001 184.36249 186.6025
-999999.0 -999999.0 -999999.0 -999999.0 -999999.0 -999999.0 -999999.0 -999999.0 -999999.0 -999999.0 -999999.0 -999999.0 -999999.0 -999999.0 -999999.0 -999999.0 -999999.0 -999999.0 -999999.0 -999999.0 -999999.0 -999999.0 -999999.0 -999999.0 -999999.0 -999999.0 -999999.0 -999999.0 -999999.0 -999999.0 -999999.0 -999999.0 -999999.0 -999999.0 -999999.0 147.1275 143.92499 145.4025 148.92 151.84 147.005 141.76 143.1225 141.79498 146.575 156.02249 161.505 160.33 161.7575 164.1725 166.22499 170.63249 175.29999 177.095 172.85 169.9225 170.0075 172.50499 174.18 175.43 181.57
-999999.0 -999999.0 -999999.0 -999999.0 -999999.0 -999999.0 -999999.0 -999999.0 -999999.0 -999999.0 -999999.0 -999999.0 -999999.0 -999999.0 -999999.0 -999999.0 -999999.0 -999999.0 -999999.0 -999999.0 -999999.0 -999999.0 -999999.0 -999999.0 -999999.0 -999999.0 -999999.0 -999999.0 -999999.0 -999999.0 -999999.0 -999999.0 -999999.0 -999999.0 143.46251 142.72499 140.81749 141.215 142.65 145.4775 146.035 143.3125 141.94751 134.16501 140.93 149.09248 155.305 157.62001 160.965 163.34499 164.5375 167.23749 169.5 170.1125 164.0475 163.08249 164.7 168.495 171.21999 173.24 178.555
-999999.0 -999999.0 -999999.0 -999999.0 -999999.0 -999999.0 -999999.0 -999999.0 -999999.0 -999999.0 -999999.0 -999999.0 -999999.0 -999999.0 -999999.0 -999999.0 -999999.0 -999999.0 -999999.0 -999999.0 -999999.0 -999999.0 -999999.0 -999999.0 -999999.0 -999999.0 -999999.0 -999999.0 -999999.0 -999999.0 -999999.0 137.3775 139.7975 141.155 142.87251 142.64001 142.05751 143.39749 140.23251 144.455 146.47 142.6625 135.22 132.45999 136.8425 142.485 148.075 151.47499 156.4875 158.0425 158.6975 159.69751 160.2275 157.73 154.92499 155.93001 158.83 165.0925 167.7525 172.07498 177.90999
-999999.0 -999999.0 -999999.0 -999999.0 -999999.0 -999999.0 -999999.0 -999999.0 -999999.0 -999999.0 -999999.0 -999999.0 -999999.0 -999999.0 -999999.0 -999999.0 -999999.0 -999999.0 -999999.0 -999999.0 -999999.0 -999999.0 -999999.0 -999999.0 -999999.0 -999999.0 -999999.0 -999999.0 -999999.0 -999999.0 132.215 135.25249 139.33499 143.75749 144.8475 144.09 143.66 144.86499 146.97499 149.14 149.465 145.89 141.2 137.2425 134.16751 135.67 141.7675 147.45001 150.0025 150.485 150.6975 151.10999 152.09 149.7725 149.08249 151.0325 154.72499 158.09999 164.03 170.36249 175.79
-999999.0 -999999.0 -999999.0 -999999.0 -999999.0 -999999.0 -999999.0 -999999.0 -999999.0 -999999.0 -999999.0 -999999.0 -999999.0 -999999.0 -999999.0 -999999.0 -999999.0 -999999.0 -999999.0 -999999.0 -999999.0 -999999.0 -999999.0 -999999.0 -999999.0 -999999.0 -999999.0 -999999.0 -999999.0 -999999.0 131.91 134.8825 138.66249 144.22499 147.8525 149.84499 151.1625 151.40001 151.275 151.7075 150.8775 149.18 147.65 142.95749 135.9325 132.9675 135.67249 139.62498 141.9325 144.04999 146.695 148.2825 146.62749 145.66 145.42 147.13 149.3725 150.43251 157.555 165.51001 169.63501
-999999.0 -999999.0 -999999.0 -999999.0 -999999.0 -999999.0 -999999.0 -999999.0 -999999.0 -999999.0 -999999.0 -999999.0 -999999.0 -999999.0 -999999.0 -999999.0 -999999.0 -999999.0 -999999.0 -999999.0 -999999.0 -999999.0 -999999.0 -999999.0 -999999.0 -999999.0 -999999.0 -999999.0 -999999.0 -999999.0 129.7325 134.2525 139.0025 144.6175 149.3575 154.91 156.68 153.83 151.045 151.4325 152.76248 154.41 157.60501 150.47499 135.93 131.3425 131.01498 133.185 134.3425 137.36 141.26 143.4025 142.6375 142.20999 141.5925 141.89249 142.655 143.125 150.1525 159.68 166.32748
-999999.0 -999999.0 -999999.0 -999999.0 -999999.0 -999999.0 -999999.0 -999999.0 -999999.0 -999999.0 -999999.0 -999999.0 -999999.0 -999999.0 -999999.0 -999999.0 -999999.0 -999999.0 -999999.0 -999999.0 -999999.0 -999999.0 -999999.0 -999999.0 -999999.0 -999999.0 -999999.0 -999999.0 -999999.0 -999999.0 -999999.0 132.3875 137.235 142.48 150.1525 159.26999 154.8725 149.525 145.87498 148.9175 153.9375 159.02 165.465 155.94499 139.25 134.72 133.6875 132.23999 130.98001 132.01999 134.08499 136.9975 140.16 139.1725 137.00749 135.12001 134.84 136.695 143.52249 155.66 166.035
-999999.0 -999999.0 -999999.0 -999999.0 -999999.0 -999999.0 -999999.0 -999999.0 -999999.0 -999999.0 -999999.0 -999999.0 -999999.0 -999999.0 -999999.0 -999999.0 -999999.0 -999999.0 -999999.0 -999999.0 -999999.0 -999999.0 -999999.0 -999999.0 -999999.0 -999999.0 -999999.0 -999999.0 -999999.0 -999999.0 -999999.0 129.8525 135.005 141.5025 145.9025 147.97498 146.595 141.93999 138.3825 142.70999 150.1075 157.4525 162.52249 151.19751 138.375 134.6525 134.42749 135.00749 134.2425 130.175 130.355 135.57498 140.23 137.42 133.5775 129.6875 128.435 133.115 141.39749 153.0875 162.9975
-999999.0 -999999.0 -999999.0 -999999.0 -999999.0 -999999.0 -999999.0 -999999.0 -999999.0 -999999.0 -999999.0 -999999.0 -999999.0 -999999.0 -999999.0 -999999.0 -999999.0 -999999.0 -999999.0 -999999.0 -999999.0 -999999.0 -999999.0 -999999.0 -999999.0 -999999.0 -999999.0 -999999.0 -999999.0 -999999.0 -999999.0 127.829994 131.525 135.9425 139.15 139.3825 137.57 132.3925 130.07498 133.39749 139.285 144.745 147.6275 138.83 130.815 129.0825 131.59749 137.74 138.7125 128.87999 129.61751 135.215 136.6875 136.455 132.5 128.5925 128.055 133.26999 142.30751 152.20999 160.815
-999999.0 -999999.0 -999999.0 -999999.0 -999999.0 -999999.0 -999999.0 -999999.0 -999999.0 -999999.0 -999999.0 -999999.0 -999999.0 -999999.0 -999999.0 -999999.0 -999999.0 -999999.0 -999999.0 -999999.0 -999999.0 -999999.0 -999999.0 -999999.0 -999999.0 -999999.0 -999999.0 -999999.0 -999999.0 -999999.0 -999999.0 -999999.0 126.38249 128.44998 132.2425 133.3925 129.2025 125.335 122.384995 122.2325 123.3425 122.9825 122.7675 121.832504 119.9025 120.439995 126.67 134.45499 133.7425 130.44998 138.06749 132.78749 133.2525 135.325 136.64 129.98499 129.28 134.9325 144.34 152.0775 158.8225
-999999.0 -999999.0 -999999.0 -999999.0 -999999.0 -999999.0 -999999.0 -999999.0 -999999.0 -999999.0 -999999.0 -999999.0 -999999.0 -999999.0 -999999.0 -999999.0 -999999.0 -999999.0 -999999.0 -999999.0 -999999.0 -999999.0 -999999.0 -999999.0 -999999.0 -999999.0 -999999.0 -999999.0 112.06 116.752495 120.590004 -999999.0 124.064995 122.09249 122.43749 122.9375 119.53249 117.195 113.335 109.81999 107.682495 101.48 99.72499 105.947495 108.88249 110.81 119.1575 127.14749 120.3475 115.75499 125.64749 133.46251 136.3025 134.695 135.5975 135.1025 133.58249 138.06248 146.055 152.6725 156.98
-999999.0 -999999.0 -999999.0 -999999.0 -999999.0 -999999.0 -999999.0 -999999.0 -999999.0 -999999.0 -999999.0 -999999.0 -999999.0 -999999.0 -999999.0 -999999.0 -999999.0 -999999.0 -999999.0 -999999.0 -999999.0 -999999.0 -999999.0 -999999.0 -999999.0 92.50499 96.7625 102.3475 109.8125 113.935 116.335 119.25749 119.81 118.895 116.6475 115.84 111.7325 110.1325 105.869995 99.7375 100.6625 95.24249 94.2175 97.82 101.8975 106.784996 111.479996 113.705 111.49749 110.53249 118.314995 133.9225 130.215 132.7225 133.1975 131.57999 126.81749 141.405 147.55249 153.3875 157.6825
-999999.0 -999999.0 -999999.0 -999999.0 -999999.0 -999999.0 -999999.0 -999999.0 -999999.0 -999999.0 -999999.0 -999999.0 -999999.0 -999999.0 -999999.0 -999999.0 -999999.0 -999999.0 -999999.0 -999999.0 -999999.0 -999999.0 -999999.0 -999999.0 -999999.0 88.17749 92.8775 97.2275 102.8425 109.619995 116.24999 115.3425 116.604996 115.0025 112.865 110.399994 106.1525 106.785 105.7825 105.49249 103.6825 98.087494 95.0525 94.615 98.634995 103.6325 106.1725 106.24 109.43 114.28749 118.869995 125.97 125.825 122.472496 117.8075 116.83 120.3725 146.48 146.64499 151.45999 160.44499
-999999.0 -999999.0 -999999.0 -999999.0 -999999.0 -999999.0 -999999.0 -999999.0 -999999.0 -999999.0 -999999.0 -999999.0 -999999.0 -999999.0 -999999.0 -999999.0 -999999.0 -999999.0 -999999.0 -999999.0 -999999.0 -999999.0 -999999.0 -999999.0 -999999.0 83.292496 87.755005 92.01249 96.56 103.1525 108.5625 110.7725 110.1225 111.1125 106.0575 105.807495 103.89 103.69499 105.572495 109.409996 107.4 100.4275 94.862495 91.6625 94.2925 98.52249 99.60249 101.877495 107.13 114.85249 123.2025 123.1625 109.005 105.837494 103.729996 105.225 111.3175 120.899994 134.0625 148.3425 160.3925
-999999.0 -999999.0 -999999.0 -999999.0 -999999.0 -999999.0 -999999.0 -999999.0 -999999.0 -999999.0 -999999.0 -999999.0 -999999.0 -999999.0 -999999.0 -999999.0 -999999.0 -999999.0 -999999.0 -999999.0 -999999.0 -999999.0 -999999.0 -999999.0 -999999.0 78.895 82.53 86.825 91.31999 97.055 101.2025 102.32 103.6125 105.087494 102.424995 99.17 100.0575 100.204994 101.445 102.87 101.1075 95.8475 92.017494 89.865 90.799995 93.985 94.8025 97.5475 100.9575 110.259995 126.435 119.4675 111.862495 103.729996 95.0925 -999999.0 114.97749 124.472496 136.34 147.75249 156.4725
-999999.0 -999999.0 -999999.0 -999999.0 -999999.0 -999999.0 -999999.0 -999999.0 -999999.0 -999999.0 -999999.0 -999999.0 -999999.0 -999999.0 -999999.0 -999999.0 -999999.0 -999999.0 -999999.0 -999999.0 -999999.0 -999999.0 -999999.0 67.83 71.665 73.4825 76.84 81.71999 85.942505 89.45 92.872505 94.0825 96.057495 101.53749 104.22 98.77 96.659996 96.2375 96.509995 95.7175 93.735 91.00749 88.645 87.7125 87.2325 88.302505 89.97 90.7175 89.130005 96.130005 113.3875 113.134995 115.5725 105.042496 97.23499 106.829994 111.520004 130.80249 139.325 145.8875 152.395
-999999.0 -999999.0 -999999.0 -999999.0 -999999.0 -999999.0 -999999.0 -999999.0 -999999.0 -999999.0 -999999.0 -999999.0 -999999.0 -999999.0 -999999.0 -999999.0 -999999.0 -999999.0 -999999.0 64.689995 64.947495 68.7325 60.274998 63.3975 67.439995 69.065 71.31 75.5375 78.6375 83.174995 85.520004 88.167496 90.8 96.22249 100.095 96.505 92.5775 91.85 91.635 90.465 88.56999 86.8175 85.587494 85.2875 84.9175 83.185 83.4375 80.715 82.165 87.814995 106.96 109.9875 107.104996 102.43 100.3825 -999999.0 107.2975 128.92 137.815 143.81 146.0925
-999999.0 -999999.0 -999999.0 -999999.0 -999999.0 -999999.0 -999999.0 -999999.0 -999999.0 -999999.0 -999999.0 -999999.0 -999999.0 -999999.0 -999999.0 -999999.0 -999999.0 -999999.0 62.265 64.0875 65.7525 64.3275 64.6025 61.79 62.365 68.24999 67.872505 65.0625 71.92999 76.659996 80.215004 82.1925 84.5475 87.33 89.215 88.725 87.8875 86.8025 87.244995 88.744995 86.115 82.7475 81.23499 83.36 84.3175 76.92249 75.88249 76.7325 79.524994 86.2475 94.009995 97.45 95.712494 94.649994 98.6775 -999999.0 107.625 104.635 137.31499 -999999.0 137.9175
-999999.0 -999999.0 -999999.0 -999999.0 -999999.0 -999999.0 -999999.0 -999999.0 -999999.0 -999999.0 -999999.0 -999999.0 -999999.0 -999999.0 -999999.0 -999999.0 -999999.0 -999999.0 60.449997 66.81749 62.35 62.985 66.015 57.925003 57.727497 59.0575 64.39 65.9525 67.13 71.2225 75.35 76.93 77.51 77.19249 78.337494 79.759995 81.244995 81.899994 81.6625 82.3425 81.939995 73.96001 74.2675 80.60249 82.7925 79.979996 76.935 77.142494 77.972496 81.3975 85.085 85.292496 86.6425 89.78999 95.12 101.535 102.43 98.06 135.25 -999999.0 -999999.0
-999999.0 -999999.0 -999999.0 -999999.0 -999999.0 -999999.0 -999999.0 -999999.0 -999999.0 -999999.0 -999999.0 -999999.0 -999999.0 -999999.0 -999999.0 -999999.0 -999999.0 -999999.0 -999999.0 56.197502 53.2675 56.72 62.945 58.579998 56.517498 55.149998 56.845 60.389996 61.3325 67.535 71.12 72.795 71.645004 67.035 69.095 73.3275 76.67749 77.53749 77.487495 75.115 74.2025 68.8675 68.979996 74.395 78.98499 78.3575 78.3425 77.369995 78.3425 77.634995 82.7625 85.4825 90.149994 94.67249 95.0325 -999999.0 -999999.0 -999999.0 122.770004 -999999.0 -999999.0
