data/TNO-HT-ATES/HT-ATES_msz3/msz3__efficiency_P50_basecase_80-45-40.asc
ncols  140
nrows  163
xllcorner  0.0
yllcorner  300000.0
cellsize  2000.0
NODATA_value  -999999.0
[rows 56 to 83 of 163, columns 62 to 123 of 140]
59.919556 61.940872 63.911873 65.08971 64.98452 65.16355 65.42955 65.86567 66.82403 66.91134 67.12616 66.83567 66.13107 65.52714 65.038536 64.558304 63.3891 61.444405 60.822247 61.686157 63.13552 62.63643 62.64981 63.19947 63.321095 63.550297 65.01067 66.47311 62.798004 61.724045 54.67625 47.49142 0.0 0.0 -999999.0 -999999.0 -999999.0 -999999.0 -999999.0 -999999.0 -999999.0 -999999.0 -999999.0 -999999.0 0.0 -999999.0 -999999.0 -999999.0 -999999.0 -999999.0 -999999.0 -999999.0 -999999.0 -999999.0 -999999.0 -999999.0 -999999.0 -999999.0 -999999.0 -999999.0 -999999.0 -999999.0
57.968708 60.528713 62.665504 63.668064 64.533905 64.78972 64.69018 65.03937 66.48497 66.92215 67.22243 66.561264 66.075195 65.513435 64.810844 63.886707 62.188736 59.122044 59.681812 61.92063 62.107872 62.298607 63.478863 63.67252 63.707714 64.38732 64.315346 63.707806 64.02188 63.02031 55.04144 47.029503 41.310535 0.0 0.0 -999999.0 -999999.0 -999999.0 -999999.0 -999999.0 -999999.0 -999999.0 -999999.0 -999999.0 -999999.0 -999999.0 -999999.0 -999999.0 -999999.0 -999999.0 -999999.0 -999999.0 -999999.0 -999999.0 -999999.0 -999999.0 -999999.0 -999999.0 -999999.0 -999999.0 -999999.0 -999999.0
55.960533 58.48888 60.417953 62.20306 63.651775 64.59306 63.92567 63.547283 65.36119 66.62755 66.73114 66.13187 66.03863 65.21575 63.606144 62.915226 59.12866 55.833336 58.94936 61.637978 62.358086 62.619576 60.20474 60.295376 64.50141 65.21702 67.24631 64.5283 63.849697 62.515545 57.62512 51.961254 47.790474 46.433117 46.804676 40.223213 0.0 -999999.0 -999999.0 -999999.0 -999999.0 -999999.0 -999999.0 -999999.0 -999999.0 -999999.0 -999999.0 -999999.0 -999999.0 -999999.0 -999999.0 -999999.0 -999999.0 -999999.0 -999999.0 -999999.0 -999999.0 -999999.0 -999999.0 -999999.0 -999999.0 -999999.0
55.044662 57.393806 58.67837 61.411102 62.590263 64.48304 63.56511 62.94785 64.04888 65.764206 65.415306 65.05115 64.87808 64.07904 62.622524 62.734055 57.909763 56.518894 58.729183 59.95856 61.86707 62.635796 60.695156 61.17587 61.66501 65.63692 64.541954 65.23724 64.25902 62.461735 59.016365 54.18279 54.78801 52.904514 53.38683 53.10791 48.720943 44.13129 -999999.0 -999999.0 -999999.0 -999999.0 -999999.0 -999999.0 -999999.0 -999999.0 -999999.0 -999999.0 -999999.0 -999999.0 -999999.0 -999999.0 -999999.0 -999999.0 -999999.0 -999999.0 -999999.0 -999999.0 -999999.0 -999999.0 -999999.0 -999999.0
55.494434 57.999115 55.255867 63.08295 62.705284 63.898598 63.665325 64.213455 64.593666 64.782684 65.05589 64.54103 63.52209 62.93323 63.53676 64.42298 61.67864 60.03931 59.561474 58.823742 60.85598 62.423496 60.79924 61.797237 62.854 62.787533 64.71459 65.63979 65.40105 63.919582 62.613773 60.150803 58.829876 57.633286 57.114758 53.939857 53.75733 48.775124 39.580227 0.0 40.107635 -999999.0 -999999.0 -999999.0 -999999.0 -999999.0 -999999.0 -999999.0 -999999.0 -999999.0 -999999.0 -999999.0 -999999.0 -999999.0 -999999.0 -999999.0 -999999.0 -999999.0 -999999.0 -999999.0 -999999.0 -999999.0
56.343853 58.260323 59.706684 63.29668 62.313225 63.34391 63.56691 64.34796 64.382866 64.44295 63.915585 64.043816 63.25401 63.008713 63.057976 62.12138 62.358135 62.05187 60.759037 59.22482 60.72243 62.546352 62.99767 61.64965 62.957527 67.0952 65.13984 66.59188 65.99865 65.6675 64.406685 63.592926 62.31774 59.85109 56.790573 58.983006 54.991302 47.904106 47.748573 53.220795 59.019268 0.0 -999999.0 -999999.0 -999999.0 -999999.0 -999999.0 -999999.0 -999999.0 -999999.0 -999999.0 -999999.0 -999999.0 -999999.0 -999999.0 -999999.0 -999999.0 -999999.0 -999999.0 -999999.0 -999999.0 -999999.0
57.52435 58.231823 58.888466 59.356327 61.251377 62.157295 63.199394 64.32117 64.331894 64.12212 64.15172 64.2558 64.628006 64.0854 61.575264 60.839188 61.284702 62.06789 61.53137 60.51061 61.268974 62.35096 59.916092 60.252335 60.885303 63.808693 65.1163 66.89257 66.89462 66.05267 65.572334 64.220245 63.112324 60.699177 58.025486 60.53659 55.13165 43.622673 44.204548 53.484074 51.778637 0.0 -999999.0 -999999.0 -999999.0 -999999.0 -999999.0 -999999.0 -999999.0 -999999.0 -999999.0 -999999.0 -999999.0 -999999.0 -999999.0 -999999.0 -999999.0 -999999.0 -999999.0 -999999.0 -999999.0 -999999.0
58.448593 57.904808 57.74341 59.19603 61.06896 61.19485 62.12443 64.2531 64.56282 63.78631 64.43485 64.843925 63.96186 62.96389 61.402348 62.25167 62.50789 62.89903 62.65856 61.823067 61.490078 61.32015 59.223885 59.22718 59.74459 60.07898 61.188953 61.332954 66.94106 65.53714 64.88537 62.140324 63.76582 61.201073 56.950665 59.136673 50.405956 46.73838 49.80471 51.12052 0.0 -999999.0 -999999.0 -999999.0 -999999.0 -999999.0 -999999.0 -999999.0 -999999.0 -999999.0 -999999.0 -999999.0 -999999.0 -999999.0 -999999.0 -999999.0 -999999.0 -999999.0 -999999.0 -999999.0 -999999.0 -999999.0
59.042854 56.94666 56.04278 58.536976 61.13252 60.922977 62.083977 63.958355 64.606476 64.100044 64.13037 64.37576 63.35501 61.888744 62.722763 63.829956 64.51436 64.39873 64.068504 63.4195 62.529644 62.19091 61.390816 60.774055 61.253975 60.94277 61.586792 61.432304 61.60091 63.244343 61.837772 64.4594 63.268505 61.65991 59.372917 58.692398 52.46225 46.901962 50.437466 42.892597 0.0 -999999.0 -999999.0 -999999.0 -999999.0 -999999.0 -999999.0 -999999.0 -999999.0 -999999.0 -999999.0 -999999.0 -999999.0 -999999.0 -999999.0 -999999.0 -999999.0 -999999.0 -999999.0 -999999.0 -999999.0 -999999.0
59.266495 56.586998 56.05575 58.279022 60.886738 61.6001 62.848118 63.895756 64.707375 65.46382 65.91898 64.36208 63.780415 63.268436 64.24618 65.299835 65.37347 65.600815 65.41583 65.07861 64.73782 63.738472 61.201683 59.0312 59.260807 59.68832 62.716564 63.354595 63.298775 62.68392 60.78586 63.324116 58.029903 59.991505 61.633404 61.575916 54.938152 46.607838 0.0 0.0 -999999.0 -999999.0 -999999.0 -999999.0 -999999.0 -999999.0 -999999.0 -999999.0 -999999.0 -999999.0 -999999.0 -999999.0 -999999.0 -999999.0 -999999.0 -999999.0 -999999.0 -999999.0 -999999.0 -999999.0 -999999.0 -999999.0
59.559406 58.466923 57.509235 58.700813 60.907536 61.79473 63.27493 63.843323 64.40953 64.2539 64.73491 64.8154 65.32619 65.78898 66.75494 67.26201 67.244514 66.768715 66.60868 66.5147 66.29882 65.23492 62.109913 59.123352 60.42044 61.091022 64.86348 63.261303 62.852055 62.918705 60.829956 61.656998 57.294415 57.997494 58.244026 59.499565 54.022045 0.0 0.0 -999999.0 -999999.0 0.0 0.0 0.0 -999999.0 -999999.0 -999999.0 -999999.0 -999999.0 -999999.0 -999999.0 -999999.0 -999999.0 -999999.0 -999999.0 -999999.0 -999999.0 -999999.0 -999999.0 -999999.0 -999999.0 -999999.0
60.740883 59.854366 59.287796 59.875767 61.126263 61.532913 62.33905 63.07059 63.822582 63.536106 64.167274 65.202614 65.90849 66.372734 67.01562 67.96618 67.50434 65.92041 65.7941 66.49757 66.71372 66.18503 64.13298 58.455612 57.796505 63.130665 65.13301 65.16426 63.916195 63.587048 60.121635 57.96316 59.407017 57.410206 51.180298 48.57897 45.111683 -999999.0 -999999.0 -999999.0 -999999.0 0.0 0.0 0.0 0.0 -999999.0 -999999.0 -999999.0 -999999.0 -999999.0 -999999.0 -999999.0 -999999.0 -999999.0 -999999.0 -999999.0 -999999.0 -999999.0 -999999.0 -999999.0 -999999.0 -999999.0
61.029617 60.4501 60.229656 60.714005 60.891743 60.88639 61.553577 62.370457 63.309086 63.7105 64.10124 65.40136 65.99178 66.25242 67.02516 67.53965 66.74903 64.22988 63.48315 64.47088 64.86057 62.108143 61.734913 61.714108 62.19261 63.441772 64.29363 65.07651 64.00796 60.10599 58.58717 55.523586 58.935688 60.799137 50.520855 -999999.0 -999999.0 -999999.0 -999999.0 -999999.0 0.0 0.0 0.0 0.0 0.0 -999999.0 -999999.0 -999999.0 -999999.0 -999999.0 -999999.0 -999999.0 -999999.0 -999999.0 -999999.0 -999999.0 -999999.0 -999999.0 -999999.0 -999999.0 -999999.0 -999999.0
61.08539 60.704662 60.54729 60.3679 59.940742 59.986855 60.740593 61.760525 62.684063 63.127594 63.712753 64.81356 65.19049 65.03204 65.855415 66.65828 66.07906 64.37217 62.13056 60.75856 58.79651 57.771584 60.948196 63.140804 63.334656 62.476025 62.707798 63.69889 63.32093 60.202885 60.386955 58.58087 59.90632 60.514442 52.739002 0.0 -999999.0 -999999.0 -999999.0 0.0 0.0 0.0 0.0 0.0 0.0 -999999.0 -999999.0 -999999.0 -999999.0 -999999.0 -999999.0 -999999.0 -999999.0 -999999.0 -999999.0 -999999.0 -999999.0 -999999.0 -999999.0 -999999.0 -999999.0 -999999.0
60.93452 60.603455 60.26366 59.79916 59.40689 59.75766 59.89786 60.472515 62.03443 63.28647 63.870834 64.43606 64.47135 64.09803 62.311127 63.608494 63.83027 61.798717 58.520115 52.075443 47.882477 55.68353 61.84359 63.259007 63.027058 62.02565 60.66431 60.236507 61.083668 60.398907 60.66601 60.27002 57.69434 56.546135 55.641026 55.78789 48.891647 0.0 -999999.0 0.0 41.498833 0.0 0.0 0.0 -999999.0 -999999.0 -999999.0 -999999.0 -999999.0 -999999.0 -999999.0 -999999.0 -999999.0 -999999.0 -999999.0 -999999.0 -999999.0 -999999.0 -999999.0 -999999.0 -999999.0 -999999.0
60.95363 60.539482 60.01789 59.9823 59.53486 58.78108 59.87494 60.56357 61.816666 62.905266 62.041798 64.024025 64.169235 62.504036 59.911926 58.267017 55.610386 53.24213 48.61046 0.0 0.0 55.51339 60.613533 62.78579 61.875546 60.79435 58.017696 59.089146 58.476334 59.392406 59.257942 58.52835 59.167957 57.420128 59.766747 59.896313 56.251667 55.06355 57.335262 52.87701 47.975838 0.0 0.0 -999999.0 -999999.0 -999999.0 -999999.0 -999999.0 -999999.0 -999999.0 -999999.0 -999999.0 -999999.0 -999999.0 -999999.0 -999999.0 -999999.0 -999999.0 -999999.0 -999999.0 -999999.0 -999999.0
60.82802 60.48638 59.832626 59.45491 59.765537 59.48689 60.248917 60.865273 58.424458 55.202816 60.85856 63.140015 64.4507 62.483418 59.226532 52.909462 0.0 0.0 49.013573 49.789318 54.37536 58.99642 60.441174 61.48851 60.919178 57.791134 56.690083 58.930386 56.92879 58.669037 59.383152 57.919132 57.774174 57.7309 61.117176 61.07559 59.335037 59.09644 57.344124 57.57537 54.408504 52.664433 0.0 -999999.0 -999999.0 -999999.0 -999999.0 -999999.0 -999999.0 -999999.0 -999999.0 -999999.0 -999999.0 -999999.0 -999999.0 -999999.0 -999999.0 -999999.0 -999999.0 -999999.0 -999999.0 -999999.0
60.701866 60.423973 60.316048 59.554153 61.83387 60.44213 56.34449 52.71097 0.0 0.0 58.160877 60.989273 61.662575 59.366272 52.915813 0.0 0.0 49.820282 54.736717 56.80112 54.483643 54.71291 59.01091 60.600735 59.27498 56.025852 55.97553 55.9356 57.697945 59.255478 59.110767 58.230946 57.522926 58.08723 60.03538 60.933563 60.690754 57.80954 55.394672 59.53998 56.76283 49.24541 0.0 0.0 -999999.0 -999999.0 -999999.0 -999999.0 -999999.0 -999999.0 -999999.0 -999999.0 -999999.0 -999999.0 -999999.0 -999999.0 -999999.0 -999999.0 -999999.0 -999999.0 -999999.0 -999999.0
59.58082 59.843582 59.579113 58.429142 60.039204 60.503193 0.0 0.0 0.0 56.02188 55.874584 56.927788 59.495987 56.477127 0.0 -999999.0 0.0 55.21221 56.066467 53.24243 51.142673 54.68421 57.374012 58.96496 56.51049 50.577866 53.208828 54.976616 57.37333 59.23147 59.1051 59.077473 58.413174 57.446598 59.119205 61.125767 59.676792 56.335056 54.62869 58.86149 53.96816 50.351177 0.0 0.0 0.0 -999999.0 -999999.0 -999999.0 -999999.0 -999999.0 -999999.0 -999999.0 -999999.0 -999999.0 -999999.0 -999999.0 -999999.0 -999999.0 -999999.0 -999999.0 -999999.0 -999999.0
56.43334 57.702072 57.97996 55.230373 0.0 0.0 0.0 49.95737 56.805557 61.050293 60.43055 59.37735 60.96658 60.1717 0.0 47.79611 54.655857 58.267906 54.82055 50.107716 52.342487 54.07329 54.760056 54.98517 47.465706 0.0 41.03659 51.870987 56.39141 57.909733 57.31972 58.179356 57.92792 58.204044 59.605194 60.44559 58.22351 53.17748 50.543247 54.077686 53.86703 0.0 0.0 0.0 0.0 0.0 -999999.0 -999999.0 -999999.0 -999999.0 -999999.0 -999999.0 -999999.0 -999999.0 -999999.0 -999999.0 -999999.0 -999999.0 -999999.0 -999999.0 -999999.0 -999999.0
55.01394 56.33608 56.331837 55.39347 52.936237 0.0 53.42738 60.27408 64.23121 64.87666 59.49615 58.32542 59.32887 58.99646 55.027416 53.067566 55.09206 53.91762 50.127266 48.27598 51.99304 51.9838 52.5413 51.877113 0.0 -999999.0 0.0 45.394905 52.71287 53.36489 56.11129 54.547787 49.279358 54.597137 58.725002 59.007782 55.323723 47.785175 44.92479 51.54104 57.248478 47.683586 0.0 0.0 -999999.0 -999999.0 -999999.0 -999999.0 -999999.0 -999999.0 -999999.0 -999999.0 -999999.0 -999999.0 -999999.0 -999999.0 -999999.0 -999999.0 -999999.0 -999999.0 -999999.0 -999999.0
55.812748 57.126396 57.453705 58.00798 56.444664 48.383472 55.088158 61.428936 64.063515 64.93144 59.44999 58.405426 57.810955 57.977734 55.500416 50.238182 49.589905 50.021355 47.68828 0.0 50.920097 56.017128 54.188282 54.633026 49.380142 0.0 43.845375 51.880142 59.68143 59.414505 58.412186 53.271984 46.262352 58.71715 61.758698 53.625664 45.96392 52.13744 51.270058 52.357204 55.86491 49.621895 0.0 -999999.0 -999999.0 -999999.0 -999999.0 -999999.0 -999999.0 -999999.0 -999999.0 -999999.0 -999999.0 -999999.0 -999999.0 -999999.0 -999999.0 -999999.0 -999999.0 -999999.0 -999999.0 -999999.0
57.157307 57.563377 57.444603 56.967785 55.764412 0.0 51.659447 59.560307 60.436802 60.590878 56.544086 52.464745 53.966652 56.336277 56.247364 51.475075 0.0 0.0 0.0 0.0 48.741817 54.929207 55.350395 56.301224 55.642616 53.892754 53.695076 57.870018 63.14063 66.16522 64.73531 62.145847 61.393234 60.859196 61.593998 55.502815 51.08941 55.916916 54.37722 50.408115 49.878136 0.0 0.0 0.0 -999999.0 -999999.0 -999999.0 -999999.0 -999999.0 -999999.0 -999999.0 -999999.0 -999999.0 -999999.0 -999999.0 -999999.0 -999999.0 -999999.0 -999999.0 -999999.0 -999999.0 -999999.0
57.845875 59.08545 59.096558 57.907585 55.68275 56.851257 54.36482 60.40437 58.676918 58.042118 53.41026 47.756844 46.76534 49.52851 51.51117 0.0 -999999.0 -999999.0 -999999.0 0.0 48.774822 52.985962 53.39753 53.928963 54.97562 55.93862 55.553524 61.0252 65.35316 67.367584 64.56465 63.184868 63.470913 61.708435 60.309406 57.94648 57.22025 60.012978 57.48932 50.009785 49.10785 0.0 0.0 0.0 0.0 -999999.0 -999999.0 -999999.0 -999999.0 -999999.0 -999999.0 -999999.0 -999999.0 -999999.0 -999999.0 -999999.0 -999999.0 -999999.0 -999999.0 -999999.0 -999999.0 -999999.0
58.259415 59.60662 60.57576 60.448326 55.902794 52.849583 58.069614 61.80746 59.319008 54.591434 0.0 0.0 -999999.0 0.0 0.0 -999999.0 -999999.0 -999999.0 -999999.0 -999999.0 48.683495 48.533504 49.7219 51.27763 52.536133 52.888718 51.571545 61.65834 64.006035 63.511448 61.247334 60.569336 60.466927 60.01329 58.612896 60.96347 60.23564 59.938515 59.121017 56.697094 50.303238 0.0 0.0 0.0 0.0 -999999.0 -999999.0 -999999.0 -999999.0 -999999.0 -999999.0 -999999.0 -999999.0 -999999.0 -999999.0 -999999.0 -999999.0 -999999.0 -999999.0 -999999.0 -999999.0 -999999.0
57.070915 60.65437 60.79048 60.115543 56.687996 52.470966 48.188488 57.63089 54.362186 44.652004 -999999.0 -999999.0 -999999.0 -999999.0 0.0 -999999.0 -999999.0 -999999.0 -999999.0 0.0 45.849888 50.342636 50.22943 50.124714 48.81586 46.30476 55.23064 59.478096 60.202034 59.013752 59.02993 59.374504 57.65937 57.754772 57.511158 62.20853 61.50984 60.775337 59.31494 57.94026 55.317562 54.845436 0.0 0.0 0.0 0.0 -999999.0 -999999.0 -999999.0 -999999.0 -999999.0 -999999.0 -999999.0 -999999.0 -999999.0 -999999.0 -999999.0 -999999.0 -999999.0 -999999.0 -999999.0 -999999.0
67.67691 65.74709 61.941906 61.15399 60.29931 53.71931 48.844807 45.74391 56.731125 44.082844 0.0 0.0 0.0 0.0 54.185368 0.0 -999999.0 -999999.0 0.0 0.0 0.0 52.851795 53.361607 53.5734 51.718254 48.3209 50.59497 56.424034 56.24678 54.57611 52.463543 51.93555 56.064156 57.355465 59.10827 61.233963 61.184628 61.020657 59.256496 61.902687 59.803974 0.0 0.0 0.0 0.0 -999999.0 -999999.0 -999999.0 -999999.0 -999999.0 -999999.0 -999999.0 -999999.0 -999999.0 -999999.0 -999999.0 -999999.0 -999999.0 -999999.0 -999999.0 -999999.0 -999999.0
65.485344 66.32562 68.60439 69.02179 59.041645 55.29526 52.71161 53.692276 49.1167 45.662426 53.342934 52.10995 54.7243 54.120827 51.32095 0.0 -999999.0 -999999.0 -999999.0 -999999.0 0.0 53.69731 55.68337 58.90437 55.171787 51.03954 46.479313 49.17178 49.66877 47.88612 0.0 40.63517 52.591175 60.021793 62.184822 61.826004 60.70064 59.105007 58.239643 60.957554 0.0 0.0 0.0 -999999.0 -999999.0 -999999.0 -999999.0 -999999.0 -999999.0 -999999.0 -999999.0 -999999.0 -999999.0 -999999.0 -999999.0 -999999.0 -999999.0 -999999.0 -999999.0 -999999.0 -999999.0 -999999.0
