data/TNO-HT-ATES/HT-ATES_msz3/msz3__k_P50_basecase_80-45-40.asc
ncols  140
nrows  163
xllcorner  0.0
yllcorner  300000.0
cellsize  2000.0
NODATA_value  -999999.0
[rows 54 to 80 of 163, columns 60 to 119 of 140]
5526.0356 5776.599 5599.782 5340.798 5655.12 5707.5093 5566.576 5681.327 5651.184 5891.6123 6339.5967 6589.41 6873.5566 7157.986 7177.58 7168.6406 7312.448 7647.7617 7772.189 7891.3965 7951.1816 8057.403 9461.491 9629.497 9659.387 10259.016 10336.906 10869.508 11833.964 13417.21 14018.955 14216.315 14543.899 16927.914 16707.826 15856.373 -999999.0 -999999.0 -999999.0 -999999.0 -999999.0 -999999.0 16674.309 14932.639 13492.015 11785.293 11911.713 -999999.0 -999999.0 -999999.0 -999999.0 -999999.0 -999999.0 -999999.0 -999999.0 -999999.0 -999999.0 -999999.0 -999999.0 -999999.0
5478.2275 5630.2 5693.854 5341.3154 5633.949 5638.1084 5467.03 5616.4224 5627.8096 5703.8667 6128.09 6204.7695 6653.964 6899.6885 7235.251 7383.453 7375.33 7592.5913 7888.5557 7932.8457 8057.411 8065.887 9479.855 9558.947 9553.653 10247.23 10329.758 10806.476 11467.234 13084.3125 14206.465 15003.172 15953.564 18222.697 18272.072 -999999.0 -999999.0 -999999.0 -999999.0 -999999.0 -999999.0 -999999.0 -999999.0 -999999.0 -999999.0 -999999.0 8903.964 -999999.0 -999999.0 -999999.0 -999999.0 -999999.0 -999999.0 -999999.0 -999999.0 -999999.0 -999999.0 -999999.0 -999999.0 -999999.0
5242.0356 5301.7017 5374.702 5343.8594 5417.8105 5571.239 5441.0073 5512.176 5537.6636 5654.038 6268.8916 6341.7305 6608.3223 6912.885 7165.3613 7263.886 7251.175 7618.95 7633.8965 8015.7354 8157.989 8028.995 9539.356 9630.226 9976.394 10554.357 10521.957 10290.476 10604.061 12964.086 14985.867 16840.291 20709.148 21903.523 18892.672 18015.924 -999999.0 -999999.0 -999999.0 -999999.0 -999999.0 -999999.0 -999999.0 -999999.0 -999999.0 -999999.0 13685.09 -999999.0 -999999.0 -999999.0 -999999.0 -999999.0 -999999.0 -999999.0 -999999.0 -999999.0 -999999.0 -999999.0 -999999.0 -999999.0
5049.184 5110.164 5170.212 5183.9805 5271.0166 5257.9326 5418.537 5372.555 5541.8486 5619.4077 6232.396 6329.4355 6835.2373 6931.579 7219.876 7243.868 7196.0186 7309.992 7967.1787 7881.558 7962.2397 8011.5166 8387.901 9179.602 10641.232 10923.035 10817.682 10517.187 9024.724 13807.063 16565.604 18710.75 22721.379 22604.71 20473.867 19211.729 20233.047 -999999.0 -999999.0 -999999.0 -999999.0 -999999.0 -999999.0 -999999.0 -999999.0 -999999.0 -999999.0 -999999.0 -999999.0 -999999.0 -999999.0 -999999.0 -999999.0 -999999.0 -999999.0 -999999.0 -999999.0 -999999.0 -999999.0 -999999.0
4888.763 5180.263 5145.193 4984.8945 5025.2446 5243.992 5390.375 5357.0557 5551.2593 5580.3765 6032.7627 6329.2734 6834.866 6938.9463 7258.8203 7202.243 6816.227 7278.319 8112.51 8073.8486 8194.613 8207.361 8602.199 9237.283 10730.152 11003.733 11285.884 10913.924 11937.996 14740.97 16581.504 17572.445 18331.018 20072.105 19627.652 19178.865 19736.947 22951.42 23090.299 -999999.0 -999999.0 -999999.0 -999999.0 -999999.0 -999999.0 -999999.0 -999999.0 -999999.0 -999999.0 -999999.0 -999999.0 -999999.0 -999999.0 -999999.0 -999999.0 -999999.0 -999999.0 -999999.0 -999999.0 -999999.0
4738.2295 4974.817 5181.5005 5169.742 5119.7734 5299.115 5405.7383 5378.5356 5583.56 5679.3594 5771.3174 6354.5654 6467.4707 6522.449 6784.0615 7002.494 6694.961 7063.836 8021.4346 8143.811 8142.7305 8133.9507 8455.778 9195.055 11147.552 11536.359 11539.262 11386.123 13404.178 16171.444 17486.588 17639.146 17324.512 18268.426 21311.426 19946.986 21170.473 25995.443 26888.82 24230.658 -999999.0 -999999.0 -999999.0 -999999.0 -999999.0 -999999.0 -999999.0 -999999.0 -999999.0 -999999.0 -999999.0 -999999.0 -999999.0 -999999.0 -999999.0 -999999.0 -999999.0 -999999.0 -999999.0 -999999.0
4577.8965 4864.591 5029.792 5154.8535 5183.71 5275.035 5418.679 5449.1157 5562.3735 5708.9746 5758.3086 6216.618 6665.1196 6540.928 6822.9766 7129.521 7206.319 7530.415 7807.6807 7862.0146 8270.625 8166.675 8405.795 9149.331 11199.814 11658.702 11779.457 11709.366 14137.981 16946.314 18688.734 18714.117 19362.223 21105.252 22015.285 22496.338 25480.559 28633.854 27208.94 24636.09 24730.521 26305.168 22234.219 -999999.0 -999999.0 -999999.0 -999999.0 -999999.0 -999999.0 -999999.0 -999999.0 -999999.0 -999999.0 -999999.0 -999999.0 -999999.0 -999999.0 -999999.0 -999999.0 -999999.0
4365.9834 4587.129 4899.883 5074.023 5034.3726 5083.2075 5293.5767 5457.119 5440.5503 5528.0073 5527.9556 6178.7085 6239.037 6517.301 6575.491 7199.5425 7792.352 8184.036 8082.308 8137.6226 8249.719 8306.26 8409.236 9331.98 9670.322 11517.258 11657.988 11690.562 14402.235 17785.936 18287.865 20113.465 19985.72 22628.73 23236.182 23881.441 24735.896 26811.932 27544.645 26545.725 28210.764 27077.17 23345.758 22431.934 -999999.0 -999999.0 -999999.0 -999999.0 -999999.0 -999999.0 -999999.0 -999999.0 -999999.0 -999999.0 -999999.0 -999999.0 -999999.0 -999999.0 -999999.0 -999999.0
4581.631 4837.5493 4918.5107 5062.3677 5036.0874 5119.7646 5328.0283 5211.366 5269.811 5372.792 5480.707 6100.644 6193.819 6294.3506 6816.9463 7590.301 7822.495 8228.73 8099.7617 8200.989 8475.078 8623.685 8513.476 9600.065 11367.998 11510.89 11568.814 11945.654 13994.939 17666.434 19528.697 20213.55 20658.498 21081.459 21422.32 22638.186 24327.828 25657.51 29019.793 24865.66 20927.656 23638.738 21326.121 20665.047 -999999.0 -999999.0 -999999.0 -999999.0 -999999.0 -999999.0 -999999.0 -999999.0 -999999.0 -999999.0 -999999.0 -999999.0 -999999.0 -999999.0 -999999.0 -999999.0
4680.756 4954.502 4990.1294 5101.8896 5083.7637 5164.2417 5245.78 5047.3853 4817.497 5371.1226 5763.309 6090.2695 6535.5596 6566.533 6349.3315 7099.974 7334.606 8269.515 8323.871 8443.51 8597.227 8719.635 8568.474 8971.292 11728.828 11620.547 11619.668 11984.324 14225.639 17831.295 19359.975 18973.434 18916.0 15922.262 20942.184 22390.281 22897.492 25483.943 28943.248 26942.273 25937.924 22182.484 20210.574 -999999.0 -999999.0 -999999.0 -999999.0 -999999.0 -999999.0 -999999.0 -999999.0 -999999.0 -999999.0 -999999.0 -999999.0 -999999.0 -999999.0 -999999.0 -999999.0 -999999.0
4938.6436 5160.2363 5180.6733 5176.702 5343.823 5328.9297 5348.623 5115.5283 5003.0415 5469.2964 5864.739 5923.384 6161.4287 6235.286 6726.9785 6802.6562 7262.6733 7682.742 8261.314 8365.164 8477.194 8545.371 8829.596 9320.542 10104.143 10014.626 9988.581 10998.402 15117.15 18273.953 18634.55 19285.959 18920.805 21712.816 23079.238 24383.016 25761.352 27814.72 29577.695 28757.91 27402.16 23704.547 20796.992 -999999.0 -999999.0 -999999.0 -999999.0 -999999.0 -999999.0 -999999.0 -999999.0 -999999.0 -999999.0 -999999.0 -999999.0 -999999.0 -999999.0 -999999.0 -999999.0 -999999.0
4864.802 5155.2314 5225.665 5125.134 5359.9404 5319.349 5411.5234 5310.243 5585.1533 5762.7344 5905.164 5954.207 6185.2603 6239.946 6846.9727 6804.989 7230.644 7640.3604 7844.9565 8310.342 8347.441 8408.034 8731.413 9272.866 9467.046 9937.715 9918.095 11023.789 15044.637 17426.592 17873.89 18423.0 18463.59 24681.246 26628.14 25241.01 26084.205 28255.72 27244.752 26425.303 24613.715 22341.04 -999999.0 -999999.0 -999999.0 -999999.0 -999999.0 -999999.0 -999999.0 -999999.0 -999999.0 -999999.0 -999999.0 -999999.0 -999999.0 -999999.0 -999999.0 -999999.0 -999999.0 -999999.0
4823.0254 5149.4346 5234.824 5313.5947 5364.7397 5334.706 5468.8027 5389.689 5880.8813 5871.857 6230.3096 6159.977 6171.0044 6308.0464 6753.366 6776.456 7163.415 7547.336 7770.126 7865.522 8150.045 8182.6694 8604.92 9202.554 9433.828 9845.741 9803.215 10999.676 14646.5 15806.592 17108.646 18538.96 18894.475 23565.31 25653.176 25708.777 25927.346 26724.217 24259.857 23277.074 25834.777 -999999.0 -999999.0 22918.047 21430.168 18190.52 -999999.0 -999999.0 -999999.0 -999999.0 -999999.0 -999999.0 -999999.0 -999999.0 -999999.0 -999999.0 -999999.0 -999999.0 -999999.0 -999999.0
5130.197 5465.078 5574.918 5567.942 5524.792 5454.3877 5559.826 5579.1426 5718.7144 5832.637 6282.1016 5972.759 5965.464 6305.1787 6540.8667 6516.879 6678.099 7356.705 7519.5127 7575.833 7627.789 7583.88 8590.212 9676.547 10079.368 10793.729 10388.301 12934.617 14290.542 16975.035 18582.33 21043.363 20992.29 21042.867 23537.168 24912.195 24322.074 24152.26 23362.756 -999999.0 -999999.0 -999999.0 -999999.0 23518.895 26779.64 21759.004 23159.344 -999999.0 -999999.0 -999999.0 -999999.0 -999999.0 -999999.0 -999999.0 -999999.0 -999999.0 -999999.0 -999999.0 -999999.0 -999999.0
5304.071 5557.317 5638.783 5620.283 5543.536 5509.5205 5483.816 5699.0615 5797.015 5906.9614 6110.766 5959.041 5825.9336 6344.074 6537.645 6468.6074 6533.559 6333.1943 6253.786 6596.83 6834.932 7331.6904 8769.616 10973.273 11564.767 12081.102 12151.397 14221.81 16218.206 18124.639 19164.932 21336.566 19978.97 20968.27 21979.738 24770.121 24310.984 -999999.0 -999999.0 -999999.0 -999999.0 -999999.0 24600.994 24791.03 29451.748 24258.602 21866.113 -999999.0 -999999.0 -999999.0 -999999.0 -999999.0 -999999.0 -999999.0 -999999.0 -999999.0 -999999.0 -999999.0 -999999.0 -999999.0
5367.3145 5556.7563 5646.4766 5648.135 5542.312 5294.734 5166.046 5595.9414 5687.295 5864.647 5898.1943 5613.832 5660.157 6019.6396 6238.862 6083.63 6240.463 5885.37 5774.796 6723.704 7180.2383 7636.7183 9032.1 10857.926 10816.73 11921.54 13322.628 15086.455 15595.076 17597.297 18606.719 20697.012 20679.559 21020.695 21988.166 24122.867 24349.184 24307.531 -999999.0 -999999.0 -999999.0 38591.93 24889.805 22379.852 21875.69 20678.523 23052.96 -999999.0 -999999.0 -999999.0 -999999.0 -999999.0 -999999.0 -999999.0 -999999.0 -999999.0 -999999.0 -999999.0 -999999.0 -999999.0
5369.282 5311.741 5550.1167 5623.708 5547.6465 5232.7046 5120.7744 5551.507 5667.7256 5637.3145 5894.4067 6087.692 6005.548 6262.6675 6276.553 6587.745 5926.1406 6419.9824 6967.793 7237.305 7576.7544 7670.8867 9164.279 10282.773 10937.79 10162.4795 12777.938 15422.509 15943.322 18694.73 19996.373 19850.549 19390.125 20905.996 23628.834 24325.432 24286.012 23998.496 24580.105 25930.812 -999999.0 26443.777 23032.107 19982.016 18876.105 14533.338 -999999.0 -999999.0 -999999.0 -999999.0 -999999.0 -999999.0 -999999.0 -999999.0 -999999.0 -999999.0 -999999.0 -999999.0 -999999.0 -999999.0
5268.836 4775.534 5505.7495 5737.86 5683.082 5784.853 5612.311 5643.9854 5985.9526 6010.3184 6231.253 6417.782 6603.0547 6944.9077 6903.813 6707.9253 7043.732 7438.0303 7476.5303 8272.127 8231.957 8153.787 9981.586 10676.866 11320.596 12234.736 13673.265 14832.682 15264.448 17555.957 19300.057 20720.453 20631.504 22165.742 24574.559 23818.396 23725.133 23855.977 24652.74 23989.64 24842.225 22117.79 19566.25 22327.049 18319.908 -999999.0 -999999.0 -999999.0 -999999.0 -999999.0 -999999.0 -999999.0 -999999.0 -999999.0 -999999.0 -999999.0 -999999.0 -999999.0 -999999.0 -999999.0
5545.6924 5401.83 5624.617 5762.553 5821.628 5759.9585 6026.8857 5993.196 6228.989 6611.3555 6747.192 6551.953 6677.051 6962.995 7880.3687 7279.8164 7561.678 8271.036 8242.685 8209.548 8134.645 8519.45 8193.071 11238.129 12198.581 12601.65 13766.141 14228.933 14984.627 17388.32 18738.145 20582.867 20718.354 22367.863 24232.936 23790.625 23646.55 22795.777 24004.023 24754.21 23782.434 19242.89 20469.588 22715.156 20228.088 -999999.0 -999999.0 -999999.0 -999999.0 -999999.0 -999999.0 -999999.0 -999999.0 -999999.0 -999999.0 -999999.0 -999999.0 -999999.0 -999999.0 -999999.0
6186.3105 6215.3765 5922.418 5968.448 6435.4927 6012.782 7198.6416 6131.9614 6229.962 6634.9893 6561.1196 6954.3115 6998.076 7623.3955 7926.7637 7263.7793 8075.8125 8449.53 9270.6 9366.646 9315.219 10141.199 10075.0625 10588.889 12074.73 13379.925 14042.483 14739.625 15701.738 18121.707 19003.656 20781.695 20830.238 21102.113 22598.83 24621.53 22323.695 22645.95 22422.734 22439.635 20479.674 20127.451 19081.303 17605.285 16543.006 13049.545 -999999.0 -999999.0 -999999.0 -999999.0 -999999.0 -999999.0 -999999.0 -999999.0 -999999.0 -999999.0 -999999.0 -999999.0 -999999.0 -999999.0
6306.8257 6324.2563 5972.423 6390.5547 6431.0566 6027.4697 7168.498 7234.5 6263.924 6740.0215 6548.9854 8262.992 7053.5723 7667.605 7819.136 6966.6436 7617.298 -999999.0 8560.873 9468.3 9250.251 10452.638 11325.19 11396.305 11592.313 13390.309 14304.023 14738.585 16257.8 18329.285 19045.28 21391.281 21085.277 21053.883 22388.215 22722.916 22627.283 21009.145 18753.377 20708.926 20953.23 19346.645 17572.096 16769.172 14565.988 11715.031 10113.929 -999999.0 -999999.0 -999999.0 -999999.0 -999999.0 -999999.0 -999999.0 -999999.0 -999999.0 -999999.0 -999999.0 -999999.0 -999999.0
6308.032 6326.2256 5975.3066 6401.752 6424.081 6091.461 7279.295 7406.6133 7863.6025 7876.121 7918.6396 9736.898 8004.5547 7536.37 7717.091 7737.3594 7101.582 8380.843 8992.801 9845.164 9604.894 9175.492 10011.703 10722.576 13181.721 14172.641 14428.446 15278.54 16280.4795 18290.32 20392.041 21012.34 20808.818 20655.736 21771.355 22787.402 23164.104 22030.48 20647.143 18736.723 18065.924 17246.309 17318.447 12829.664 14624.648 10778.61 8576.934 10607.706 -999999.0 -999999.0 -999999.0 -999999.0 -999999.0 -999999.0 -999999.0 -999999.0 -999999.0 -999999.0 -999999.0 -999999.0
7395.1045 6997.6836 6817.8726 6955.627 7188.038 7403.2744 8072.089 8313.705 8324.978 9276.011 9620.186 10546.877 8446.766 7913.729 8231.801 8735.998 8684.797 8236.395 9103.418 9762.643 9367.491 8921.873 10139.041 11605.452 12506.232 14257.462 14517.289 -999999.0 17308.512 18232.309 19536.652 20469.604 20631.754 20445.332 20740.326 21936.518 22047.166 21025.111 19994.379 18638.512 17704.68 14441.287 16789.795 14809.741 11687.742 12747.097 -999999.0 -999999.0 -999999.0 -999999.0 -999999.0 -999999.0 -999999.0 -999999.0 -999999.0 -999999.0 -999999.0 -999999.0 -999999.0 -999999.0
9569.602 9343.262 8566.537 8821.633 9551.42 9440.727 8869.427 8896.273 8890.541 9888.817 9942.99 11491.296 9126.439 8451.043 8448.779 9280.628 9469.778 9043.509 9307.174 9098.349 9748.799 8807.419 10116.4795 11573.91 12438.027 14041.863 14951.546 16698.629 16931.152 16950.479 18690.135 19952.922 19825.037 19625.213 19845.676 20722.352 20037.248 20822.543 18085.9 16215.587 15789.557 14528.055 15444.035 14077.693 12462.839 -999999.0 -999999.0 -999999.0 -999999.0 -999999.0 -999999.0 -999999.0 -999999.0 -999999.0 -999999.0 -999999.0 -999999.0 -999999.0 -999999.0 -999999.0
9601.368 10232.298 9315.29 9723.738 9826.297 9216.167 9082.709 9070.56 8979.507 9656.672 9999.621 11443.821 9206.82 8659.136 8692.661 10032.037 10100.348 9190.719 9363.147 9077.638 10618.089 10347.699 10481.022 11567.005 13415.352 14431.731 14948.754 16058.938 17006.33 17184.725 17480.363 20248.033 20092.027 19150.29 20414.023 19621.832 19703.576 19970.0 18073.154 15420.084 14746.713 14869.088 14690.148 11929.129 9883.528 9987.835 -999999.0 -999999.0 -999999.0 -999999.0 -999999.0 -999999.0 -999999.0 -999999.0 -999999.0 -999999.0 -999999.0 -999999.0 -999999.0 -999999.0
10333.554 10417.95 9475.387 11297.219 11512.441 10916.132 10061.4375 10630.363 11095.806 12658.303 11934.978 11933.174 10770.701 10866.75 10850.281 10210.794 10081.723 9583.34 -999999.0 -999999.0 -999999.0 10707.861 11227.036 11962.327 13637.343 12860.117 14785.801 16075.33 17063.521 17566.566 18374.451 20894.033 19530.146 19132.023 20614.3 19597.174 19215.393 17699.441 18071.137 14906.072 14705.032 13377.43 12257.434 11112.975 9539.681 9045.137 11529.02 -999999.0 -999999.0 -999999.0 -999999.0 -999999.0 -999999.0 -999999.0 -999999.0 -999999.0 -999999.0 -999999.0 -999999.0 -999999.0
10918.602 10021.957 9633.574 11748.274 12238.345 12199.169 9866.121 10629.357 11748.623 13912.592 13807.865 13494.201 13665.451 11552.371 -999999.0 10680.508 11078.374 -999999.0 -999999.0 -999999.0 -999999.0 -999999.0 11958.497 12324.92 14143.301 13838.4 14329.299 17307.172 16646.45 16529.316 17564.234 19161.25 17232.771 17627.492 17703.404 18409.033 17890.477 16360.764 15560.283 14632.162 14161.502 12996.836 12460.627 11403.826 10492.556 9468.394 12010.249 -999999.0 -999999.0 -999999.0 -999999.0 -999999.0 -999999.0 -999999.0 -999999.0 -999999.0 -999999.0 -999999.0 -999999.0 -999999.0
