data/TNO-HT-ATES/HT-ATES_msz3/msz3__temp_end_prod_P50_basecase_80-45-40.asc
ncols  140
nrows  163
xllcorner  0.0
yllcorner  300000.0
cellsize  2000.0
NODATA_value  -999999.0
[rows 54 to 80 of 163, columns 62 to 123 of 140]
50.018604 51.107132 52.09038 52.699047 52.971138 53.14338 53.186058 53.15915 53.164272 53.292686 53.330154 53.26003 53.074375 52.790997 52.50075 52.2609 51.910263 50.934124 50.468 50.74313 50.142834 49.762222 49.99504 50.30012 50.59271 50.70395 50.986675 51.347904 51.15364 50.623653 48.94163 47.128605 45.025253 0.0 -999999.0 -999999.0 -999999.0 -999999.0 -999999.0 -999999.0 0.0 0.0 0.0 0.0 0.0 -999999.0 -999999.0 -999999.0 -999999.0 -999999.0 -999999.0 -999999.0 -999999.0 -999999.0 -999999.0 -999999.0 -999999.0 -999999.0 -999999.0 -999999.0 -999999.0 -999999.0
51.266747 51.42135 52.245377 52.680874 52.798595 52.892353 53.18306 53.25962 53.330975 53.42363 53.283566 53.16635 52.81721 52.489708 52.27255 51.833042 51.46605 50.437374 50.164177 50.77398 50.32863 50.20839 50.299934 50.42934 50.6441 51.055275 51.54078 51.75792 51.21492 50.59171 48.754074 46.868965 0.0 -999999.0 -999999.0 -999999.0 -999999.0 -999999.0 -999999.0 -999999.0 -999999.0 -999999.0 -999999.0 -999999.0 0.0 -999999.0 -999999.0 -999999.0 -999999.0 -999999.0 -999999.0 -999999.0 -999999.0 -999999.0 -999999.0 -999999.0 -999999.0 -999999.0 -999999.0 -999999.0 -999999.0 -999999.0
50.672768 51.49471 52.282074 52.699398 52.747066 52.812138 52.955746 53.13995 53.228485 53.27244 53.27497 52.98326 52.552013 52.28723 52.120823 51.768585 51.313305 50.4153 50.171467 50.629086 50.609837 50.435074 50.356297 50.423843 50.58458 50.9074 51.583733 51.393368 51.61449 50.86015 47.65098 45.77656 0.0 0.0 -999999.0 -999999.0 -999999.0 -999999.0 -999999.0 -999999.0 -999999.0 -999999.0 -999999.0 -999999.0 0.0 -999999.0 -999999.0 -999999.0 -999999.0 -999999.0 -999999.0 -999999.0 -999999.0 -999999.0 -999999.0 -999999.0 -999999.0 -999999.0 -999999.0 -999999.0 -999999.0 -999999.0
50.01154 51.029144 51.86652 52.304607 52.579147 52.749844 52.635197 52.790195 53.10484 53.29651 53.15087 52.839092 52.49862 52.273304 52.028656 51.634457 50.662342 49.59219 49.81025 50.71327 50.67797 50.4722 50.39155 50.436623 50.601456 51.148037 51.971996 52.196953 51.74874 50.989746 47.56578 45.728596 45.540913 0.0 0.0 -999999.0 -999999.0 -999999.0 -999999.0 -999999.0 -999999.0 -999999.0 -999999.0 -999999.0 -999999.0 -999999.0 -999999.0 -999999.0 -999999.0 -999999.0 -999999.0 -999999.0 -999999.0 -999999.0 -999999.0 -999999.0 -999999.0 -999999.0 -999999.0 -999999.0 -999999.0 -999999.0
49.271347 50.30495 51.076405 51.695686 52.238583 52.690754 52.31246 52.171474 52.721478 53.145412 52.920963 52.635147 52.448814 52.157085 51.70267 51.21025 49.477818 48.416744 49.444397 50.491943 50.655113 50.55217 50.86594 50.863693 50.69889 51.307323 51.926888 52.3071 51.645897 50.95717 48.95915 46.9297 45.979973 45.52331 45.593483 45.03564 0.0 -999999.0 -999999.0 -999999.0 -999999.0 -999999.0 -999999.0 -999999.0 -999999.0 -999999.0 -999999.0 -999999.0 -999999.0 -999999.0 -999999.0 -999999.0 -999999.0 -999999.0 -999999.0 -999999.0 -999999.0 -999999.0 -999999.0 -999999.0 -999999.0 -999999.0
48.931095 49.804104 50.313942 51.33641 51.79095 52.65641 52.15275 51.854393 52.316795 52.737465 52.56082 52.39774 52.197563 51.774784 51.34083 51.23774 49.07548 48.593098 49.373558 49.849335 50.497456 50.53221 50.952984 51.12337 51.443035 51.24223 52.511944 52.146736 51.51037 50.87827 49.61277 47.791016 47.684555 47.25832 47.33037 46.91233 45.802834 45.03005 -999999.0 -999999.0 -999999.0 -999999.0 -999999.0 -999999.0 -999999.0 -999999.0 -999999.0 -999999.0 -999999.0 -999999.0 -999999.0 -999999.0 -999999.0 -999999.0 -999999.0 -999999.0 -999999.0 -999999.0 -999999.0 -999999.0 -999999.0 -999999.0
49.1525 50.05441 49.0025 52.104225 51.863148 52.38261 52.231457 52.4061 52.560986 52.404015 52.278854 52.1678 51.587685 51.205353 51.44094 51.692635 50.522438 49.902504 49.60244 49.41892 50.10068 50.45031 50.95058 51.361454 51.90729 51.993164 52.335426 52.038383 51.615757 51.174164 50.634624 49.374302 48.924797 48.542133 48.09853 47.850567 47.075623 45.903965 45.0349 0.0 45.012245 -999999.0 -999999.0 -999999.0 -999999.0 -999999.0 -999999.0 -999999.0 -999999.0 -999999.0 -999999.0 -999999.0 -999999.0 -999999.0 -999999.0 -999999.0 -999999.0 -999999.0 -999999.0 -999999.0 -999999.0 -999999.0
49.536343 50.218727 50.868813 52.401337 51.77325 52.14894 52.268417 52.579197 52.62087 52.28192 52.036175 51.96021 51.60736 51.202515 50.96689 50.487595 50.637512 50.52524 50.034435 49.495934 50.04194 50.39432 50.511433 51.309258 51.97399 51.679615 52.43738 52.225243 51.98762 51.518078 51.212612 50.451237 49.996384 49.15591 48.144608 48.727867 47.49343 45.616276 45.52274 47.27932 48.480686 0.0 -999999.0 -999999.0 -999999.0 -999999.0 -999999.0 -999999.0 -999999.0 -999999.0 -999999.0 -999999.0 -999999.0 -999999.0 -999999.0 -999999.0 -999999.0 -999999.0 -999999.0 -999999.0 -999999.0 -999999.0
50.01762 50.237473 50.54628 50.69759 51.33261 51.78689 52.20588 52.6618 52.620575 52.17804 52.165276 52.166107 52.04573 51.432953 50.388523 49.968376 50.224915 50.483322 50.204994 49.8235 50.195892 50.189598 50.498146 50.675564 50.97892 52.406685 52.57267 52.419254 52.046444 51.651688 51.491714 51.041946 50.710594 49.72213 48.630276 49.53514 47.49314 45.06771 45.078064 47.666298 46.251186 0.0 -999999.0 -999999.0 -999999.0 -999999.0 -999999.0 -999999.0 -999999.0 -999999.0 -999999.0 -999999.0 -999999.0 -999999.0 -999999.0 -999999.0 -999999.0 -999999.0 -999999.0 -999999.0 -999999.0 -999999.0
50.38684 50.103878 50.051105 50.607815 51.310078 51.465263 52.024216 52.638847 52.548275 52.037167 52.091137 52.265434 52.035522 51.228638 50.536438 50.44737 50.549164 50.681477 50.55006 50.232258 50.242775 50.065422 50.118874 50.18629 50.449 50.56656 50.601433 49.98846 52.11177 51.76168 51.602066 51.245193 51.081104 50.016235 48.50064 49.064575 46.146114 45.422405 46.207268 46.831223 0.0 -999999.0 -999999.0 -999999.0 -999999.0 -999999.0 -999999.0 -999999.0 -999999.0 -999999.0 -999999.0 -999999.0 -999999.0 -999999.0 -999999.0 -999999.0 -999999.0 -999999.0 -999999.0 -999999.0 -999999.0 -999999.0
50.576153 49.703617 49.285046 50.24691 51.30206 51.328377 51.924862 52.47534 52.5277 52.285603 52.179024 52.27177 51.566322 50.944866 51.071922 51.33107 51.340492 51.29955 51.151443 50.929092 50.521236 50.223915 49.710606 49.575752 49.816055 49.466034 50.525337 49.928104 50.114967 50.8708 50.574642 50.940365 50.473934 49.894398 49.021572 48.61777 46.61826 45.34498 46.258156 45.394115 0.0 -999999.0 -999999.0 -999999.0 -999999.0 -999999.0 -999999.0 -999999.0 -999999.0 -999999.0 -999999.0 -999999.0 -999999.0 -999999.0 -999999.0 -999999.0 -999999.0 -999999.0 -999999.0 -999999.0 -999999.0 -999999.0
50.67097 49.594166 49.29184 50.17887 51.18471 51.556282 51.945915 52.313187 52.586433 52.92077 52.984375 52.261215 51.66293 51.492207 51.694473 51.939228 51.902416 51.79443 51.78247 51.70151 51.47161 50.84413 49.86084 49.01859 49.1514 50.647564 51.01138 50.81262 50.895252 50.75964 50.18904 50.249756 49.42763 49.143127 49.824646 49.624485 47.506325 45.322533 0.0 0.0 -999999.0 -999999.0 -999999.0 -999999.0 -999999.0 -999999.0 -999999.0 -999999.0 -999999.0 -999999.0 -999999.0 -999999.0 -999999.0 -999999.0 -999999.0 -999999.0 -999999.0 -999999.0 -999999.0 -999999.0 -999999.0 -999999.0
50.823776 50.31091 49.87249 50.354664 51.203457 51.63503 52.010822 52.278534 52.3261 52.304146 52.49851 52.450386 52.390293 52.5837 52.785328 52.773796 52.66797 52.483437 52.37332 52.458656 52.21779 51.491924 50.191463 49.0678 49.54885 51.165997 51.98487 51.16474 50.83818 50.744503 50.00919 49.652153 49.18055 48.34158 48.510498 48.99873 47.47838 0.0 0.0 -999999.0 -999999.0 0.0 0.0 0.0 -999999.0 -999999.0 -999999.0 -999999.0 -999999.0 -999999.0 -999999.0 -999999.0 -999999.0 -999999.0 -999999.0 -999999.0 -999999.0 -999999.0 -999999.0 -999999.0 -999999.0 -999999.0
51.205555 50.796978 50.549168 50.812984 51.285847 51.458473 51.730507 52.00709 52.09634 52.147045 52.42114 52.674366 52.839756 53.03948 53.212006 53.169006 52.875156 52.275497 52.32394 52.817223 52.413116 51.644 50.650963 50.026276 49.872734 51.5583 52.13536 51.50602 50.812424 50.331127 49.254986 48.6239 48.896538 48.187405 46.491585 45.846363 45.22864 -999999.0 -999999.0 -999999.0 -999999.0 0.0 0.0 0.0 0.0 -999999.0 -999999.0 -999999.0 -999999.0 -999999.0 -999999.0 -999999.0 -999999.0 -999999.0 -999999.0 -999999.0 -999999.0 -999999.0 -999999.0 -999999.0 -999999.0 -999999.0
51.37247 51.08627 51.00027 51.178017 51.257664 51.151688 51.383163 51.70195 52.012234 52.276703 52.5261 52.788307 52.934414 53.07098 53.3575 53.641876 53.257286 52.05831 51.74252 52.008747 51.488365 51.44997 51.11352 50.98396 51.24773 51.26591 51.16275 51.087788 50.5885 50.31319 48.819683 47.817116 48.917953 49.342506 46.30386 -999999.0 -999999.0 -999999.0 -999999.0 -999999.0 0.0 0.0 0.0 0.0 0.0 -999999.0 -999999.0 -999999.0 -999999.0 -999999.0 -999999.0 -999999.0 -999999.0 -999999.0 -999999.0 -999999.0 -999999.0 -999999.0 -999999.0 -999999.0 -999999.0 -999999.0
51.45239 51.235413 51.179733 51.20119 51.062386 50.85225 51.135273 51.49784 51.89605 52.25851 52.50071 52.792965 52.827232 52.821476 53.05471 53.570328 53.257427 52.061646 50.992332 50.304947 49.090496 49.69436 50.960373 51.599037 51.350452 50.59188 50.62882 50.64064 50.392185 50.40088 49.2634 48.726177 49.205772 49.264214 46.882698 0.0 -999999.0 -999999.0 -999999.0 0.0 0.0 0.0 0.0 0.0 0.0 -999999.0 -999999.0 -999999.0 -999999.0 -999999.0 -999999.0 -999999.0 -999999.0 -999999.0 -999999.0 -999999.0 -999999.0 -999999.0 -999999.0 -999999.0 -999999.0 -999999.0
51.489246 51.254025 51.10818 51.033833 50.90239 50.8317 50.84661 51.115273 51.667583 52.141315 52.45069 52.55782 52.556377 52.17941 51.72717 51.98129 51.74998 50.82077 49.479374 47.39263 46.382133 49.039925 51.269855 52.162346 51.34206 50.295765 49.761078 50.461098 50.70993 50.53873 49.49739 49.25262 49.337543 48.9374 47.694065 47.869453 45.895584 0.0 -999999.0 0.0 45.048943 0.0 0.0 0.0 -999999.0 -999999.0 -999999.0 -999999.0 -999999.0 -999999.0 -999999.0 -999999.0 -999999.0 -999999.0 -999999.0 -999999.0 -999999.0 -999999.0 -999999.0 -999999.0 -999999.0 -999999.0
51.584335 51.234024 50.991257 50.905895 50.78283 50.42033 50.734283 51.024094 51.45077 51.852573 51.400146 52.08096 52.14115 51.500183 50.238293 49.44491 48.509644 47.609436 46.411064 0.0 0.0 48.909714 50.689373 51.346794 50.64154 49.98859 48.992237 48.978493 49.713978 49.96606 50.034542 49.64602 49.729443 49.25273 49.010918 49.244057 48.022846 47.82555 48.68437 47.501484 45.330727 0.0 0.0 -999999.0 -999999.0 -999999.0 -999999.0 -999999.0 -999999.0 -999999.0 -999999.0 -999999.0 -999999.0 -999999.0 -999999.0 -999999.0 -999999.0 -999999.0 -999999.0 -999999.0 -999999.0 -999999.0
51.5201 51.2562 50.902313 50.74835 50.76109 50.64154 50.85735 50.93051 49.862133 48.678055 50.913136 51.769604 51.852745 51.284863 49.834187 47.52239 0.0 0.0 46.490864 46.6431 47.960358 50.09771 50.444386 50.769394 50.238277 49.076073 48.631786 48.937916 49.249317 49.670853 49.993755 49.343895 49.193012 49.32429 49.444546 49.77669 49.10816 49.137753 48.860035 48.426525 47.284412 46.587517 0.0 -999999.0 -999999.0 -999999.0 -999999.0 -999999.0 -999999.0 -999999.0 -999999.0 -999999.0 -999999.0 -999999.0 -999999.0 -999999.0 -999999.0 -999999.0 -999999.0 -999999.0 -999999.0 -999999.0
51.372326 51.191727 50.88316 50.741528 51.200027 51.081116 49.267784 47.77883 0.0 0.0 49.717285 50.610954 50.75244 50.079082 47.567223 0.0 0.0 46.697155 47.856075 48.279842 47.617702 48.662537 49.972633 50.263115 49.627304 48.43704 48.299454 48.924435 49.41888 49.843666 49.850307 49.593735 49.231567 49.31988 49.213825 49.645756 49.746365 48.85725 48.44179 48.89911 48.32521 45.87448 0.0 0.0 -999999.0 -999999.0 -999999.0 -999999.0 -999999.0 -999999.0 -999999.0 -999999.0 -999999.0 -999999.0 -999999.0 -999999.0 -999999.0 -999999.0 -999999.0 -999999.0 -999999.0 -999999.0
50.858303 50.779922 50.63967 50.288246 50.511654 50.689278 0.0 0.0 0.0 48.536167 48.85713 49.0421 49.97048 49.0876 0.0 -999999.0 0.0 47.987797 48.300453 47.25511 47.365665 48.554474 49.489212 49.67928 48.655273 46.93709 47.477695 48.574135 49.32565 49.730648 49.769817 49.855827 49.565372 49.27088 48.841255 50.007088 49.89403 48.491623 48.027466 48.67431 47.350044 46.28922 0.0 0.0 0.0 -999999.0 -999999.0 -999999.0 -999999.0 -999999.0 -999999.0 -999999.0 -999999.0 -999999.0 -999999.0 -999999.0 -999999.0 -999999.0 -999999.0 -999999.0 -999999.0 -999999.0
49.455887 49.8581 49.974922 48.927296 0.0 0.0 0.0 46.696217 48.99568 50.001934 50.397568 50.12958 50.695396 50.36536 0.0 46.05555 47.9623 48.975304 47.863068 46.59676 47.0694 47.41579 48.32164 48.229694 46.293667 0.0 45.303158 47.600754 48.84853 49.31032 49.15615 49.52144 49.368717 49.53453 48.965534 49.655773 49.082565 47.569168 46.763653 47.119545 47.245872 0.0 0.0 0.0 0.0 0.0 -999999.0 -999999.0 -999999.0 -999999.0 -999999.0 -999999.0 -999999.0 -999999.0 -999999.0 -999999.0 -999999.0 -999999.0 -999999.0 -999999.0 -999999.0 -999999.0
48.637638 49.121258 49.05953 48.646545 47.61307 0.0 47.736557 50.00097 51.49809 51.35732 49.95246 49.645126 49.923412 49.647957 48.190052 47.64709 48.143436 47.608925 46.561623 46.123466 46.975094 47.619328 47.69503 47.29389 0.0 -999999.0 0.0 45.98165 47.759815 47.87228 48.752773 48.244843 46.70704 48.2399 48.794174 49.222492 48.130787 45.830704 45.10244 46.654514 48.742294 45.502686 0.0 0.0 -999999.0 -999999.0 -999999.0 -999999.0 -999999.0 -999999.0 -999999.0 -999999.0 -999999.0 -999999.0 -999999.0 -999999.0 -999999.0 -999999.0 -999999.0 -999999.0 -999999.0 -999999.0
48.46842 48.89094 48.82516 49.096706 48.67343 46.114365 48.213978 50.368263 51.46769 51.151726 49.783325 49.568336 49.34051 49.15751 48.23127 46.61429 46.40286 46.551098 45.882786 0.0 46.689854 47.89001 48.295082 48.189774 46.59062 0.0 45.573082 47.065907 49.08458 50.08734 49.712276 47.93272 46.097515 48.72841 50.282597 47.423443 45.37153 46.500298 46.340202 46.919888 48.366947 46.17249 0.0 -999999.0 -999999.0 -999999.0 -999999.0 -999999.0 -999999.0 -999999.0 -999999.0 -999999.0 -999999.0 -999999.0 -999999.0 -999999.0 -999999.0 -999999.0 -999999.0 -999999.0 -999999.0 -999999.0
48.78593 48.847076 48.806305 48.824615 48.43061 0.0 47.07467 49.8321 50.066227 49.588604 48.68617 47.38618 47.89836 48.420944 48.40152 46.984997 0.0 0.0 0.0 0.0 46.0766 47.6235 48.623234 48.77015 48.42413 47.732494 47.558033 48.809135 50.739216 51.31242 50.738552 50.033207 49.59989 49.778263 50.42364 48.198624 46.918148 47.85244 47.52753 46.235645 46.12857 0.0 0.0 0.0 -999999.0 -999999.0 -999999.0 -999999.0 -999999.0 -999999.0 -999999.0 -999999.0 -999999.0 -999999.0 -999999.0 -999999.0 -999999.0 -999999.0 -999999.0 -999999.0 -999999.0 -999999.0
49.08836 49.02213 49.006397 48.797802 48.222935 48.529137 47.606667 49.35794 48.911327 48.650307 47.34804 45.78609 45.52198 46.28925 46.88257 0.0 -999999.0 -999999.0 -999999.0 0.0 46.13004 47.038734 47.925495 48.198208 48.310993 48.442226 48.15276 49.97969 51.617985 51.836655 51.01255 50.650063 50.644024 50.331543 50.077633 49.464363 49.315266 49.68902 48.80055 46.24291 46.08097 0.0 0.0 0.0 0.0 -999999.0 -999999.0 -999999.0 -999999.0 -999999.0 -999999.0 -999999.0 -999999.0 -999999.0 -999999.0 -999999.0 -999999.0 -999999.0 -999999.0 -999999.0 -999999.0 -999999.0
49.298855 49.197674 49.45186 49.44699 48.407196 47.231323 48.855446 49.649754 48.768032 47.33841 0.0 0.0 -999999.0 0.0 0.0 -999999.0 -999999.0 -999999.0 -999999.0 -999999.0 45.911316 45.868988 46.675808 47.1897 47.546856 47.37147 47.028545 50.65479 51.459194 50.83101 50.349293 50.07446 50.15953 49.997944 49.694942 49.317646 49.461727 49.72723 49.65805 48.98617 46.50872 0.0 0.0 0.0 0.0 -999999.0 -999999.0 -999999.0 -999999.0 -999999.0 -999999.0 -999999.0 -999999.0 -999999.0 -999999.0 -999999.0 -999999.0 -999999.0 -999999.0 -999999.0 -999999.0 -999999.0
