data/TNO-HT-ATES/HT-ATES_msz3/msz3__welld_P50_basecase_80-45-40.asc
ncols  140
nrows  163
xllcorner  0.0
yllcorner  300000.0
cellsize  2000.0
NODATA_value  -999999.0
[rows 54 to 80 of 163, columns 61 to 121 of 140]
146.0164 144.81056 142.04237 146.05775 146.20407 143.68237 144.15872 142.55183 144.42603 148.57903 150.06395 151.74403 154.0828 153.43605 152.40724 153.04466 155.65218 155.85275 156.11194 155.0129 154.12729 166.54453 167.09248 165.53482 168.25491 166.22185 167.80646 171.57613 179.47102 179.95622 178.20119 178.74748 191.22366 188.61719 182.07043 -999999.0 -999999.0 -999999.0 -999999.0 -999999.0 -999999.0 163.3186 153.71007 144.9962 132.81764 129.55026 -999999.0 -999999.0 -999999.0 -999999.0 -999999.0 -999999.0 -999999.0 -999999.0 -999999.0 -999999.0 -999999.0 -999999.0 -999999.0 -999999.0 -999999.0
143.31755 145.08159 141.09464 144.99226 144.79004 142.04242 142.96101 141.92076 141.80515 145.7886 145.32104 149.4816 151.3393 154.24323 155.03839 154.17906 155.75883 157.59122 157.07755 156.49358 154.32042 166.66568 166.11292 164.36728 168.14214 166.35075 166.72108 167.32336 175.9479 180.3261 182.10327 186.70784 198.02745 197.52885 -999999.0 -999999.0 -999999.0 -999999.0 -999999.0 -999999.0 -999999.0 -999999.0 -999999.0 -999999.0 -999999.0 111.15757 -999999.0 -999999.0 -999999.0 -999999.0 -999999.0 -999999.0 -999999.0 -999999.0 -999999.0 -999999.0 -999999.0 -999999.0 -999999.0 -999999.0 -999999.0
138.14236 140.24722 140.32043 141.50693 143.4251 141.3074 141.44513 140.7704 141.00371 147.22823 147.00542 148.90196 151.7541 153.78038 154.09253 153.30595 156.31999 155.61069 158.38072 158.13406 155.04456 167.2127 166.74023 168.13373 170.8641 168.21275 163.48282 161.21564 174.54109 184.09221 191.95721 212.77573 216.6211 200.20412 193.88797 -999999.0 -999999.0 -999999.0 -999999.0 -999999.0 -999999.0 -999999.0 -999999.0 -999999.0 -999999.0 136.66156 -999999.0 -999999.0 -999999.0 -999999.0 -999999.0 -999999.0 -999999.0 -999999.0 -999999.0 -999999.0 -999999.0 -999999.0 -999999.0 -999999.0 -999999.0
134.97684 136.75298 137.42769 138.78427 138.69073 140.66515 139.52026 140.76382 140.50523 146.79355 146.95645 151.80817 152.26808 154.67165 154.30873 153.32153 153.7131 159.49094 157.62096 156.91917 155.38716 157.22707 163.15956 174.02693 174.21713 170.86957 165.16881 148.2047 179.72939 193.50607 202.30574 223.01535 219.96782 207.82147 199.5093 202.21426 -999999.0 -999999.0 -999999.0 -999999.0 -999999.0 -999999.0 -999999.0 -999999.0 -999999.0 -999999.0 -999999.0 -999999.0 -999999.0 -999999.0 -999999.0 -999999.0 -999999.0 -999999.0 -999999.0 -999999.0 -999999.0 -999999.0 -999999.0 -999999.0 -999999.0
135.16995 135.57051 133.99727 134.86766 138.03975 139.95863 138.98372 140.72203 140.10667 144.55266 147.10423 152.2265 152.72197 155.41388 154.29312 149.74072 153.97223 161.66916 160.06717 159.72514 158.09142 160.02565 164.28157 175.27728 175.3331 174.86566 168.39345 170.45638 186.25058 195.03275 197.34712 200.1232 207.42503 203.13837 198.76796 199.11365 211.4125 208.35332 -999999.0 -999999.0 -999999.0 -999999.0 -999999.0 -999999.0 -999999.0 -999999.0 -999999.0 -999999.0 -999999.0 -999999.0 -999999.0 -999999.0 -999999.0 -999999.0 -999999.0 -999999.0 -999999.0 -999999.0 -999999.0 -999999.0 -999999.0
131.53268 135.05524 135.75015 135.78636 138.42815 139.61815 138.6039 140.76083 141.29303 141.47514 147.52422 148.38222 148.33487 150.68037 152.59512 148.67653 151.95384 161.11125 160.92949 159.64034 158.38475 159.63873 164.63579 179.34164 179.94792 177.06932 172.61243 181.83952 196.96432 202.30215 199.69548 195.1586 198.1535 211.16225 201.80846 205.07648 223.73032 222.54741 206.48605 -999999.0 -999999.0 -999999.0 -999999.0 -999999.0 -999999.0 -999999.0 -999999.0 -999999.0 -999999.0 -999999.0 -999999.0 -999999.0 -999999.0 -999999.0 -999999.0 -999999.0 -999999.0 -999999.0 -999999.0 -999999.0 -999999.0
129.22397 131.97652 135.08253 135.98044 137.30081 138.95769 138.90953 139.88408 141.21465 141.17676 146.03464 150.71655 148.65765 151.5767 154.5062 154.37181 156.82971 158.19658 158.00928 161.28127 159.07802 159.86234 165.0152 180.39383 181.21515 178.59529 175.22333 188.08379 203.3117 210.33401 206.66672 206.41847 212.75566 214.28806 212.9115 222.61302 231.78885 220.22774 203.76712 198.2799 197.8295 177.91476 -999999.0 -999999.0 -999999.0 -999999.0 -999999.0 -999999.0 -999999.0 -999999.0 -999999.0 -999999.0 -999999.0 -999999.0 -999999.0 -999999.0 -999999.0 -999999.0 -999999.0 -999999.0 -999999.0
124.75513 130.1148 133.10062 131.79875 132.70142 136.92505 138.74792 138.12065 138.70946 138.16 145.60017 145.94005 148.66656 149.00641 155.37596 160.53545 162.89566 161.15865 161.00755 161.28905 160.76701 160.25626 166.93694 167.8617 180.31589 178.06393 174.40611 189.53922 207.21735 207.1632 214.086 209.97318 219.99597 219.17885 217.49464 216.04707 219.99208 216.5854 207.31673 206.32147 194.36472 172.49956 172.5484 -999999.0 -999999.0 -999999.0 -999999.0 -999999.0 -999999.0 -999999.0 -999999.0 -999999.0 -999999.0 -999999.0 -999999.0 -999999.0 -999999.0 -999999.0 -999999.0 -999999.0 -999999.0
127.87069 129.5841 131.99141 130.77669 132.27528 136.70488 135.23575 135.87013 136.7741 137.71222 144.89355 145.41356 146.18185 151.77228 159.46591 160.80519 163.96408 161.92792 162.19211 164.0206 164.20436 161.36116 169.7569 182.6961 181.65146 180.2797 176.36449 186.29141 205.34076 213.27362 214.55965 213.58272 212.03879 209.04414 209.32841 211.56146 211.84529 218.8822 196.28798 176.03596 182.84702 168.79633 165.25314 -999999.0 -999999.0 -999999.0 -999999.0 -999999.0 -999999.0 -999999.0 -999999.0 -999999.0 -999999.0 -999999.0 -999999.0 -999999.0 -999999.0 -999999.0 -999999.0 -999999.0 -999999.0
128.83626 129.7836 131.5771 130.93726 132.61063 135.1396 132.67094 129.59097 136.53024 141.15321 144.82407 149.40349 149.12967 146.32553 154.2191 155.96138 165.00653 164.68018 164.89912 165.49661 165.40819 162.1197 164.57095 186.5347 183.95798 182.15901 182.24109 194.349 212.24983 212.12335 208.06555 205.58798 185.62079 206.26753 206.47334 203.57787 209.82092 218.8674 203.67131 191.73482 178.05556 170.13933 -999999.0 -999999.0 -999999.0 -999999.0 -999999.0 -999999.0 -999999.0 -999999.0 -999999.0 -999999.0 -999999.0 -999999.0 -999999.0 -999999.0 -999999.0 -999999.0 -999999.0 -999999.0 -999999.0
130.68932 131.58965 131.583 133.60092 134.37698 135.99025 132.95178 131.41808 137.19249 141.7891 142.31665 144.84926 145.05391 150.53554 151.13113 155.58331 159.3993 164.31859 164.19737 164.13412 163.59232 164.59183 167.9359 173.73969 171.52711 169.32675 174.85861 200.7158 215.0656 210.47127 207.31873 199.87935 216.25928 215.64522 214.38708 214.76955 219.04358 222.58174 214.73233 202.56061 188.41109 174.69702 -999999.0 -999999.0 -999999.0 -999999.0 -999999.0 -999999.0 -999999.0 -999999.0 -999999.0 -999999.0 -999999.0 -999999.0 -999999.0 -999999.0 -999999.0 -999999.0 -999999.0 -999999.0 -999999.0
129.96327 131.41568 129.96686 133.2875 133.84058 136.00594 134.5396 138.0515 140.052 141.37503 141.50627 144.14627 145.08247 152.02858 151.35289 155.55896 159.1679 160.47284 163.86192 162.60506 161.48877 162.91676 167.3295 168.29498 171.24211 169.1212 175.16943 200.32172 210.74193 207.58565 204.14394 198.51895 221.8979 228.79855 218.72232 215.51683 219.383 214.08751 209.18636 199.36871 184.8026 -999999.0 -999999.0 -999999.0 -999999.0 -999999.0 -999999.0 -999999.0 -999999.0 -999999.0 -999999.0 -999999.0 -999999.0 -999999.0 -999999.0 -999999.0 -999999.0 -999999.0 -999999.0 -999999.0 -999999.0
128.55669 130.41397 131.63205 132.88954 133.47299 135.78035 134.72787 140.60394 140.14691 144.01958 143.11061 143.29956 145.06252 150.31412 150.60298 154.7467 158.74638 160.31102 159.8841 160.4791 158.14465 160.77066 166.0898 167.86163 170.87308 169.02174 175.55188 197.8423 201.48315 205.11537 207.33601 204.38255 222.31004 227.45818 223.71132 219.06844 215.80745 202.76709 198.15453 204.62457 -999999.0 -999999.0 169.28851 0.0 0.0 -999999.0 -999999.0 -999999.0 -999999.0 -999999.0 -999999.0 -999999.0 -999999.0 -999999.0 -999999.0 -999999.0 -999999.0 -999999.0 -999999.0 -999999.0 -999999.0
130.98895 133.3312 133.92624 134.13046 134.03497 135.7938 135.97148 137.55394 138.60854 143.6253 140.04062 139.98444 143.96861 146.7702 146.74548 148.97826 156.83711 158.60538 157.66017 155.3867 151.49818 160.25601 170.46695 173.90962 179.72665 175.39053 191.3429 197.21832 211.61887 216.07861 224.16212 219.82541 215.42549 221.26793 222.29907 216.1576 210.50725 202.34665 -999999.0 -999999.0 -999999.0 -999999.0 165.57748 0.0 0.0 0.0 -999999.0 -999999.0 -999999.0 -999999.0 -999999.0 -999999.0 -999999.0 -999999.0 -999999.0 -999999.0 -999999.0 -999999.0 -999999.0 -999999.0 -999999.0
130.57658 132.68198 133.40988 133.33559 133.71057 133.77295 136.34479 137.41122 138.52538 140.67473 138.77498 137.21414 143.19402 145.49963 145.11653 146.40405 145.35672 145.87283 147.91669 147.61789 150.39885 163.50197 182.89687 187.52655 190.80438 189.20576 201.55783 212.23416 220.49911 221.85928 228.93446 217.42484 218.14479 215.54617 221.42819 218.43628 -999999.0 -999999.0 -999999.0 -999999.0 -999999.0 179.94156 0.0 0.0 0.0 0.0 -999999.0 -999999.0 -999999.0 -999999.0 -999999.0 -999999.0 -999999.0 -999999.0 -999999.0 -999999.0 -999999.0 -999999.0 -999999.0 -999999.0 -999999.0
128.96965 131.17259 132.34491 132.0094 129.69408 128.47089 133.91046 134.95465 136.88377 137.00519 133.3949 133.91002 138.1129 140.83768 139.57747 142.07367 139.31026 140.34343 148.9843 151.4775 154.51607 167.35382 183.43607 182.95345 191.00304 199.32365 209.19882 210.00833 219.42708 220.99031 228.10042 223.24446 219.76039 217.66693 221.3658 219.82097 216.98051 -999999.0 -999999.0 -999999.0 253.28935 182.24211 0.0 0.0 0.0 0.0 -999999.0 -999999.0 -999999.0 -999999.0 -999999.0 -999999.0 -999999.0 -999999.0 -999999.0 -999999.0 -999999.0 -999999.0 -999999.0 -999999.0 -999999.0
124.284256 128.4963 130.51103 130.54686 127.297295 126.22731 131.86955 133.1794 132.80223 135.5738 137.35022 136.4613 139.29315 139.78885 143.93126 137.1605 143.88553 150.5972 152.4404 154.63641 154.91098 168.99028 179.04222 184.8719 177.69576 196.15749 212.86237 214.15442 228.2063 231.40073 225.59001 218.51328 221.44635 229.04948 226.5918 221.76305 213.08453 211.22704 212.2568 -999999.0 203.08827 173.52826 0.0 0.0 0.0 -999999.0 -999999.0 -999999.0 -999999.0 -999999.0 -999999.0 -999999.0 -999999.0 -999999.0 -999999.0 -999999.0 -999999.0 -999999.0 -999999.0 -999999.0 -999999.0
116.08374 126.23132 130.22626 130.52449 132.14406 130.41983 131.19427 135.07846 135.46355 137.94035 139.73256 141.37448 145.06772 145.07619 143.72758 148.02269 152.4207 152.71552 160.22453 159.11475 158.26439 175.64151 181.6475 186.8336 193.36572 202.37689 208.8391 210.08783 222.47566 229.54974 233.52843 227.73184 230.71024 236.44194 226.862 220.62099 214.00203 212.5676 201.74951 199.11484 177.89285 160.95488 160.98172 0.0 -999999.0 -999999.0 -999999.0 -999999.0 -999999.0 -999999.0 -999999.0 -999999.0 -999999.0 -999999.0 -999999.0 -999999.0 -999999.0 -999999.0 -999999.0 -999999.0 -999999.0
122.23736 126.18524 128.90749 130.4537 130.12231 133.1669 133.00934 135.79182 140.14006 141.76303 139.58844 140.53722 143.59213 153.15587 147.74718 151.03717 158.04564 157.67851 156.9783 156.00974 159.88936 157.40616 184.13599 191.8232 194.58905 202.35881 204.84154 208.38159 221.85321 227.47949 234.8196 230.79868 234.51035 237.93628 229.32983 222.14891 212.05136 212.08948 207.10791 193.53722 161.34134 160.30284 163.97632 0.0 -999999.0 -999999.0 -999999.0 -999999.0 -999999.0 -999999.0 -999999.0 -999999.0 -999999.0 -999999.0 -999999.0 -999999.0 -999999.0 -999999.0 -999999.0 -999999.0 -999999.0
130.3396 128.33977 129.75185 135.46211 131.10593 143.28027 132.35982 133.78447 138.45992 137.96338 142.07387 142.25053 148.58702 151.89574 145.63144 153.58562 157.0912 164.24036 164.87529 164.46759 172.0565 172.0669 176.10458 188.43773 198.79572 203.58392 208.40515 213.27075 226.5795 229.46602 237.07132 233.41034 230.05612 232.18407 235.6389 217.84528 214.14299 208.47833 201.31512 181.92268 166.78192 154.6866 143.67015 0.0 0.0 -999999.0 -999999.0 -999999.0 -999999.0 -999999.0 -999999.0 -999999.0 -999999.0 -999999.0 -999999.0 -999999.0 -999999.0 -999999.0 -999999.0 -999999.0 -999999.0
131.20444 128.2874 133.27559 133.91966 129.6021 140.98465 141.48079 132.09564 0.0 135.84985 152.62108 140.88661 147.23997 149.26959 141.03839 146.69974 -999999.0 154.81233 162.62457 161.19139 172.19196 179.6546 180.32874 182.45688 197.15709 204.92484 208.39677 217.11775 228.02522 229.94406 241.19661 236.62453 231.8867 233.37314 227.7903 220.1127 206.70056 192.665 195.65607 186.45593 167.51772 152.76785 142.40504 0.0 0.0 0.0 -999999.0 -999999.0 -999999.0 -999999.0 -999999.0 -999999.0 -999999.0 -999999.0 -999999.0 -999999.0 -999999.0 -999999.0 -999999.0 -999999.0 -999999.0
131.45514 128.53683 132.71872 132.58736 128.86333 140.52255 140.68915 145.35922 145.76053 146.23975 162.27405 147.4556 143.6626 145.99344 146.03435 138.66699 150.19557 155.45602 162.7457 161.47798 158.84193 166.40703 173.10538 192.75395 201.41023 205.58525 213.0322 217.94553 227.92354 238.13803 239.8981 237.09326 232.88168 233.43033 229.19362 221.35104 209.51897 200.49979 186.80702 176.46274 164.50832 155.58575 127.5085 0.0 0.0 0.0 0.0 -999999.0 -999999.0 -999999.0 -999999.0 -999999.0 -999999.0 -999999.0 -999999.0 -999999.0 -999999.0 -999999.0 -999999.0 -999999.0 -999999.0
138.65164 136.66924 137.13797 138.55382 140.0116 145.60416 147.02191 146.71724 154.60529 157.00073 164.55275 148.64618 144.69778 147.7452 151.55197 149.96397 145.16771 152.47644 158.85037 156.8274 154.03946 164.8248 177.2292 185.15044 199.58913 204.36365 -999999.0 224.14265 226.96983 232.72485 237.12839 236.84003 235.83533 234.13168 228.33249 217.02928 204.71033 196.54654 186.61508 176.00429 149.96649 149.41208 136.83577 0.0 0.0 -999999.0 -999999.0 -999999.0 -999999.0 -999999.0 -999999.0 -999999.0 -999999.0 -999999.0 -999999.0 -999999.0 -999999.0 -999999.0 -999999.0 -999999.0 -999999.0
158.7009 151.35033 152.3653 157.39684 155.65778 150.41844 150.19609 149.11327 156.22154 156.13087 168.36336 151.84235 146.91461 146.78366 152.93823 153.2752 148.50038 150.79265 150.11273 156.65346 150.01924 161.47154 173.43921 180.75743 193.73631 202.50342 216.06543 216.94847 215.38858 223.76598 229.01305 229.19955 230.33177 229.61386 221.86343 205.81332 203.51959 185.24803 171.05653 163.46584 150.55023 144.77538 136.83636 126.85244 -999999.0 -999999.0 -999999.0 -999999.0 -999999.0 -999999.0 -999999.0 -999999.0 -999999.0 -999999.0 -999999.0 -999999.0 -999999.0 -999999.0 -999999.0 -999999.0 -999999.0
162.74884 155.04588 157.4698 157.23164 151.44257 149.86304 149.39677 147.35399 151.08354 153.92105 166.15672 150.56071 146.0709 145.90761 155.87337 155.51573 147.86137 149.3841 147.45192 160.0799 158.89822 160.69841 169.46349 183.28688 191.42336 196.6019 205.36269 211.62547 211.94577 210.30963 223.3135 224.28664 219.05592 222.79478 210.82428 200.89133 196.54605 181.88567 162.76364 155.36363 152.35027 146.71594 129.54349 114.0141 0.0 -999999.0 -999999.0 -999999.0 -999999.0 -999999.0 -999999.0 -999999.0 -999999.0 -999999.0 -999999.0 -999999.0 -999999.0 -999999.0 -999999.0 -999999.0 -999999.0
161.32515 153.55429 166.91356 167.39575 162.0396 154.96608 158.61742 160.13596 169.46782 165.34917 166.71602 159.54399 160.01126 159.35283 153.95103 152.7238 149.3341 -999999.0 -999999.0 -999999.0 158.18248 162.4269 168.52463 180.78021 176.4407 190.4588 199.96204 207.38397 208.58815 209.6231 221.12456 215.81142 211.54527 215.09229 204.12589 195.44238 180.92322 177.41072 155.29193 152.11316 145.12494 134.96683 125.55816 110.9795 0.0 0.0 -999999.0 -999999.0 -999999.0 -999999.0 -999999.0 -999999.0 -999999.0 -999999.0 -999999.0 -999999.0 -999999.0 -999999.0 -999999.0 -999999.0 -999999.0
159.3331 151.816 167.00262 169.07689 167.73425 150.87009 155.23141 160.43887 173.98479 174.08536 173.28105 174.94095 160.22018 -999999.0 153.7829 156.58383 -999999.0 -999999.0 -999999.0 -999999.0 -999999.0 163.36546 167.46523 180.31453 179.10542 183.1647 202.60373 200.33418 196.45273 200.34444 210.69655 199.6048 199.5365 195.47534 194.31636 186.17464 172.31796 162.93324 153.4092 147.12709 138.65392 135.05908 125.087814 113.192314 0.0 0.0 -999999.0 -999999.0 -999999.0 -999999.0 -999999.0 -999999.0 -999999.0 -999999.0 -999999.0 -999999.0 -999999.0 -999999.0 -999999.0 -999999.0 -999999.0
