data/TNO-HT-ATES/HT-ATES_msz3/msz3__k_P50_basecase_80-45-40.asc
ncols  140
nrows  163
xllcorner  0.0
yllcorner  300000.0
cellsize  2000.0
NODATA_value  -999999.0
[rows 27 to 53 of 163, columns 60 to 119 of 140]
5835.0264 5940.6436 5748.334 5677.3413 5954.5957 5937.9805 5735.5776 5552.244 5723.52 6030.954 6103.338 5913.282 5829.47 5804.372 5803.104 5827.224 5905.4634 6195.8696 6180.2666 6425.775 6820.5884 7120.9087 7334.3433 7266.0903 7200.911 7603.375 8082.8755 8351.864 8879.873 9585.3125 9672.336 10347.239 9904.767 9759.094 9711.326 10318.616 10033.465 9931.945 9610.539 9216.7 9293.725 9338.982 9513.599 -999999.0 -999999.0 -999999.0 -999999.0 -999999.0 8238.122 -999999.0 -999999.0 -999999.0 -999999.0 -999999.0 -999999.0 -999999.0 -999999.0 -999999.0 -999999.0 -999999.0
5959.263 6012.7344 5805.887 5795.543 5855.715 5837.3037 5649.1694 5858.063 5914.487 6179.577 6166.2837 5978.339 6209.5293 5889.9277 5887.2114 5900.057 5884.8384 6160.8643 6474.62 6449.709 6785.8975 7134.1113 7170.8223 7447.6045 7803.974 7866.175 8255.512 8983.253 9155.873 9796.015 9813.963 10208.256 10141.782 10017.153 9780.218 10028.292 9970.856 -999999.0 -999999.0 10733.076 10318.374 9789.912 9176.428 -999999.0 -999999.0 -999999.0 -999999.0 -999999.0 -999999.0 -999999.0 -999999.0 -999999.0 -999999.0 -999999.0 -999999.0 -999999.0 -999999.0 -999999.0 -999999.0 -999999.0
6051.0015 6090.242 5897.921 5822.347 5885.395 5872.2925 6053.2637 5916.358 6026.1074 6066.3174 6080.8955 5917.072 5906.728 6242.757 6118.666 6140.009 6219.3057 6212.7466 6459.9595 6268.2153 7046.7065 7390.961 7518.045 7513.0576 7835.0205 8249.159 8759.822 9443.282 9844.4375 10356.541 10584.657 10498.994 10180.934 9798.383 9772.5 -999999.0 -999999.0 -999999.0 -999999.0 12057.984 11476.046 9906.286 9032.107 8308.533 -999999.0 -999999.0 -999999.0 -999999.0 -999999.0 -999999.0 -999999.0 -999999.0 8402.598 -999999.0 -999999.0 -999999.0 -999999.0 -999999.0 -999999.0 -999999.0
6118.837 6120.1313 6133.2534 5869.3604 5915.911 6098.9053 6105.337 6144.0215 6153.0444 6142.9863 6152.3164 5988.7847 5958.56 6123.163 6193.508 6121.9746 6544.1953 6570.0415 6538.1265 6528.2217 6797.799 7397.4087 7460.9243 7570.247 7961.8984 8412.693 8772.07 9127.439 9646.8125 10363.898 11216.644 11679.942 -999999.0 -999999.0 -999999.0 -999999.0 -999999.0 -999999.0 -999999.0 10864.532 10193.896 9390.762 9479.524 8265.34 8654.342 9167.508 9082.689 9391.679 9764.228 -999999.0 -999999.0 -999999.0 -999999.0 -999999.0 -999999.0 -999999.0 -999999.0 -999999.0 -999999.0 -999999.0
6232.124 6159.644 6121.9756 6044.214 6049.645 6032.7793 6171.0757 6202.395 6391.672 6416.1235 6181.582 6033.1924 5994.8193 6357.611 6230.2593 6162.466 6540.963 6558.7744 6547.147 6526.8125 7147.468 7460.833 7851.825 7900.5107 8030.5215 8497.549 8524.175 9139.209 9630.619 10107.815 11057.869 -999999.0 -999999.0 -999999.0 -999999.0 -999999.0 -999999.0 -999999.0 -999999.0 -999999.0 9711.044 9220.369 9049.531 -999999.0 9048.746 9179.574 8940.3955 9304.341 9477.514 9563.6875 -999999.0 9802.379 -999999.0 9455.512 -999999.0 -999999.0 -999999.0 -999999.0 -999999.0 -999999.0
6428.9873 6227.2104 5970.0903 6117.7397 6128.5312 6121.045 6122.8906 6102.4727 6414.54 6430.659 6434.815 6652.661 6415.297 6552.719 6501.8594 6182.749 6523.6113 6536.0967 6515.368 6525.8027 7860.3335 7847.57 7897.546 7924.1323 8081.5293 8551.055 8610.319 8900.9795 9929.388 9928.189 11473.64 -999999.0 -999999.0 -999999.0 -999999.0 -999999.0 -999999.0 -999999.0 -999999.0 -999999.0 -999999.0 -999999.0 -999999.0 -999999.0 -999999.0 9114.583 8227.438 8878.812 9201.646 8672.572 -999999.0 -999999.0 -999999.0 -999999.0 -999999.0 -999999.0 -999999.0 -999999.0 -999999.0 -999999.0
6446.3135 6451.209 6244.79 6298.424 6151.63 6147.3027 6151.1357 6343.319 6287.124 6435.6235 6456.877 6664.7607 6850.857 6544.493 6210.7744 6158.805 6416.656 6779.605 6787.3613 7126.0938 7909.6978 7834.895 7899.329 7977.2656 8114.9795 8586.577 8767.274 9730.401 10130.861 10837.656 -999999.0 -999999.0 -999999.0 -999999.0 -999999.0 -999999.0 -999999.0 -999999.0 -999999.0 -999999.0 -999999.0 -999999.0 -999999.0 -999999.0 -999999.0 9746.609 9105.518 9244.456 8851.242 8612.144 -999999.0 -999999.0 -999999.0 -999999.0 -999999.0 -999999.0 -999999.0 -999999.0 -999999.0 -999999.0
6437.672 6455.6514 6449.667 6324.165 6167.188 6146.9766 6163.425 6348.67 6499.0796 6437.359 6662.507 6888.073 6805.1333 6742.0645 6412.6733 6151.0083 6049.4526 6428.173 7140.6255 7595.507 7991.531 7954.5674 7983.8555 8009.845 8172.4307 8652.665 8959.871 10243.833 11127.982 10858.729 -999999.0 -999999.0 -999999.0 -999999.0 -999999.0 -999999.0 -999999.0 -999999.0 -999999.0 -999999.0 -999999.0 -999999.0 -999999.0 -999999.0 -999999.0 -999999.0 9541.05 9426.421 9060.962 -999999.0 -999999.0 -999999.0 -999999.0 -999999.0 -999999.0 -999999.0 -999999.0 -999999.0 -999999.0 -999999.0
6442.9346 6449.0205 6443.5244 6522.1304 6549.391 6188.6436 6160.747 6281.1255 6418.5635 6600.4634 6630.344 6857.0854 6795.143 6701.6855 6687.814 6656.88 6630.731 7315.4634 7496.125 8058.9565 8490.023 8168.698 8203.216 8156.325 8264.802 8515.83 9844.054 10344.892 10619.764 10415.244 -999999.0 -999999.0 -999999.0 -999999.0 -999999.0 -999999.0 -999999.0 -999999.0 -999999.0 -999999.0 -999999.0 -999999.0 -999999.0 -999999.0 -999999.0 -999999.0 9503.469 9571.494 -999999.0 -999999.0 -999999.0 -999999.0 -999999.0 -999999.0 -999999.0 -999999.0 -999999.0 -999999.0 -999999.0 -999999.0
6704.074 6696.898 6703.084 6793.088 6807.8896 6824.7393 6552.1514 6447.948 6415.0137 6474.4336 6671.077 6843.5093 6817.421 6744.9434 7217.205 7061.033 6729.157 7162.959 7795.1914 8027.1167 8704.9 8363.092 8778.33 8765.191 8915.447 9650.941 9735.4 10051.81 10417.1 10877.205 -999999.0 -999999.0 -999999.0 -999999.0 -999999.0 10714.459 10366.428 10607.35 -999999.0 -999999.0 -999999.0 -999999.0 -999999.0 -999999.0 -999999.0 -999999.0 9339.4 9330.211 -999999.0 -999999.0 -999999.0 -999999.0 -999999.0 -999999.0 -999999.0 -999999.0 -999999.0 -999999.0 -999999.0 -999999.0
6603.2275 6603.9297 6666.1133 6790.66 6756.4526 6736.6533 6794.955 6692.6772 6900.8926 7071.747 7076.6587 7070.3555 7055.362 7006.072 6931.393 6747.1416 6822.548 7201.707 7330.929 7530.5356 8053.5024 8576.406 8456.182 8419.213 9249.822 9181.411 9146.137 9313.625 10453.109 -999999.0 -999999.0 -999999.0 -999999.0 -999999.0 -999999.0 9885.244 9474.561 10461.662 -999999.0 -999999.0 -999999.0 -999999.0 -999999.0 -999999.0 -999999.0 -999999.0 9328.281 9038.619 -999999.0 -999999.0 -999999.0 -999999.0 -999999.0 10545.284 10720.343 -999999.0 -999999.0 -999999.0 -999999.0 -999999.0
6591.582 6732.077 6953.5693 7120.4336 6926.327 6761.707 6793.287 7185.5537 6954.288 7060.317 7062.215 7084.7153 7032.493 7007.3506 6988.9346 6978.676 7165.826 7289.3413 7337.9087 7486.9004 7917.375 8331.477 8434.42 8824.139 9212.071 9322.567 9235.387 9281.213 10260.775 -999999.0 -999999.0 -999999.0 -999999.0 -999999.0 -999999.0 10828.869 10312.195 10756.883 -999999.0 -999999.0 -999999.0 -999999.0 -999999.0 -999999.0 -999999.0 -999999.0 9425.051 -999999.0 -999999.0 -999999.0 -999999.0 -999999.0 -999999.0 10766.109 10956.998 -999999.0 -999999.0 -999999.0 -999999.0 -999999.0
6597.6367 6845.1064 7470.408 8014.967 7153.256 6830.326 6808.2173 7211.29 7263.7466 7406.141 7338.743 7285.8994 7173.789 7228.6777 7280.1567 7720.927 7280.3174 6950.4766 7232.6426 7343.339 7785.773 7883.6167 8932.931 8586.597 8638.561 9059.264 9307.823 9668.068 10410.641 -999999.0 -999999.0 -999999.0 -999999.0 -999999.0 -999999.0 -999999.0 -999999.0 -999999.0 -999999.0 -999999.0 -999999.0 -999999.0 -999999.0 -999999.0 -999999.0 -999999.0 -999999.0 -999999.0 -999999.0 -999999.0 -999999.0 -999999.0 -999999.0 -999999.0 -999999.0 -999999.0 -999999.0 -999999.0 -999999.0 -999999.0
6596.514 6803.5645 7264.759 7741.517 7380.4956 7086.015 7009.877 7004.3486 7362.1694 7391.6465 7268.74 7075.0557 6540.2456 7167.133 7611.744 7678.572 7319.161 7034.1523 7268.412 7720.3364 8209.811 8727.879 9068.271 8984.826 8747.685 9113.109 9473.53 9863.949 10483.854 -999999.0 -999999.0 -999999.0 -999999.0 -999999.0 -999999.0 -999999.0 -999999.0 -999999.0 -999999.0 -999999.0 -999999.0 -999999.0 -999999.0 -999999.0 -999999.0 -999999.0 -999999.0 -999999.0 -999999.0 -999999.0 9620.363 -999999.0 -999999.0 -999999.0 -999999.0 -999999.0 -999999.0 -999999.0 -999999.0 -999999.0
6539.375 6664.199 7106.6963 7151.4165 7092.4414 6969.1816 6958.176 7247.125 7582.976 7700.9434 7481.4526 7338.927 7334.3784 7490.395 7616.1426 7669.623 7658.5947 7324.631 7336.7725 7891.7354 8068.09 8617.123 8910.841 8891.908 8907.069 9143.981 9511.414 9881.276 10546.485 -999999.0 -999999.0 -999999.0 -999999.0 -999999.0 -999999.0 -999999.0 -999999.0 -999999.0 -999999.0 -999999.0 -999999.0 -999999.0 -999999.0 -999999.0 -999999.0 -999999.0 -999999.0 -999999.0 -999999.0 9799.152 -999999.0 -999999.0 -999999.0 -999999.0 -999999.0 -999999.0 -999999.0 -999999.0 -999999.0 -999999.0
6829.2266 6895.46 6953.7764 7289.1855 7350.9985 7287.5186 7279.7896 7188.2026 7550.965 7588.663 7517.3364 7391.059 7418.4946 7609.835 7667.4316 7830.783 7833.1465 7461.16 6573.182 7817.5366 8166.671 8650.039 8776.614 8895.947 8918.697 9126.102 9262.059 9837.361 10953.11 -999999.0 -999999.0 -999999.0 -999999.0 -999999.0 -999999.0 -999999.0 -999999.0 -999999.0 -999999.0 -999999.0 -999999.0 -999999.0 -999999.0 -999999.0 -999999.0 -999999.0 -999999.0 -999999.0 9969.729 10055.039 -999999.0 -999999.0 -999999.0 -999999.0 -999999.0 -999999.0 -999999.0 -999999.0 -999999.0 -999999.0
6901.33 6914.672 6912.567 7179.0454 7279.1826 7237.855 7177.784 7082.454 7396.154 7460.875 7505.5894 7432.1577 7487.019 7570.8115 7581.9346 7608.28 7857.5083 7512.408 7433.7227 7857.397 8160.4033 8305.004 8727.202 8734.479 8436.305 8718.822 9111.095 9520.342 10646.054 10236.857 -999999.0 -999999.0 -999999.0 -999999.0 -999999.0 -999999.0 -999999.0 -999999.0 -999999.0 -999999.0 -999999.0 -999999.0 -999999.0 -999999.0 -999999.0 8751.915 8532.961 9128.535 9310.428 -999999.0 -999999.0 -999999.0 -999999.0 -999999.0 -999999.0 -999999.0 -999999.0 -999999.0 -999999.0 -999999.0
6969.6797 6912.9277 6841.254 6803.1377 7111.0225 7156.203 7109.9736 7023.617 7109.418 7275.5425 7410.1772 7424.3574 7591.581 7600.5723 7825.1895 7857.374 7750.0845 7769.416 7727.0547 7775.203 7867.4976 8257.994 8485.971 8491.718 7844.838 8470.967 9040.928 9063.566 10005.52 9940.909 9604.17 -999999.0 -999999.0 -999999.0 -999999.0 -999999.0 -999999.0 -999999.0 -999999.0 -999999.0 -999999.0 -999999.0 -999999.0 -999999.0 8952.05 8265.245 8507.114 -999999.0 9058.449 -999999.0 -999999.0 -999999.0 -999999.0 -999999.0 -999999.0 -999999.0 -999999.0 -999999.0 -999999.0 -999999.0
6664.8247 6932.239 6833.121 6654.1235 6975.17 7004.4697 6951.6816 6862.597 6735.826 6689.4 7250.9297 7415.468 7491.941 7512.5996 7630.873 7663.9907 7460.9404 7690.5425 7761.4014 7924.114 7902.9233 7964.7383 8043.79 8016.4023 8427.148 8538.273 9156.271 9363.583 9858.001 9482.105 9243.608 -999999.0 -999999.0 -999999.0 -999999.0 -999999.0 -999999.0 -999999.0 -999999.0 -999999.0 -999999.0 -999999.0 -999999.0 -999999.0 -999999.0 -999999.0 8969.316 -999999.0 -999999.0 -999999.0 -999999.0 -999999.0 -999999.0 -999999.0 -999999.0 -999999.0 -999999.0 -999999.0 -999999.0 -999999.0
6609.9487 6922.7754 6608.6772 6737.3125 7076.7363 7014.4316 6987.8506 6890.8516 6733.04 6664.2393 7011.7188 7434.12 7132.2437 7142.705 7230.7812 7295.7646 7458.7773 7674.511 7649.49 7897.8447 7916.983 8036.71 8018.975 8046.99 8604.087 8703.741 9187.051 9103.79 11557.674 9894.1 9345.245 8982.619 -999999.0 -999999.0 -999999.0 -999999.0 -999999.0 -999999.0 -999999.0 -999999.0 -999999.0 -999999.0 -999999.0 -999999.0 -999999.0 -999999.0 -999999.0 -999999.0 -999999.0 -999999.0 -999999.0 -999999.0 -999999.0 -999999.0 -999999.0 -999999.0 -999999.0 -999999.0 -999999.0 -999999.0
6545.5547 6621.3384 6626.258 6781.856 7114.1514 7017.366 6966.405 6863.937 6812.51 6827.44 6913.5703 7404.751 7085.6743 6925.7236 6664.078 7017.6953 7417.0244 7662.1797 7653.507 7654.936 7820.268 7906.665 7912.9263 8005.5264 8916.0205 9068.614 8774.134 9133.654 11368.675 11657.32 9384.643 9033.258 -999999.0 -999999.0 -999999.0 -999999.0 -999999.0 -999999.0 -999999.0 -999999.0 -999999.0 -999999.0 -999999.0 -999999.0 -999999.0 -999999.0 -999999.0 9678.014 -999999.0 -999999.0 -999999.0 -999999.0 -999999.0 -999999.0 -999999.0 -999999.0 -999999.0 -999999.0 -999999.0 -999999.0
6149.8057 6531.5283 6586.1953 6742.877 6512.7373 6517.833 6447.2573 6410.2466 6599.8228 6610.6553 6680.4062 6719.454 6698.8936 7025.4194 6966.132 7038.4077 7399.303 7608.4883 7617.7344 7665.4336 7567.67 7642.0405 7838.408 8104.9224 8521.601 9064.706 9435.032 9237.045 10739.107 11537.299 11452.549 11123.121 11491.73 -999999.0 -999999.0 -999999.0 13043.372 12520.936 10603.644 8673.886 -999999.0 -999999.0 -999999.0 -999999.0 -999999.0 -999999.0 -999999.0 9555.467 -999999.0 -999999.0 -999999.0 -999999.0 -999999.0 -999999.0 -999999.0 -999999.0 -999999.0 -999999.0 -999999.0 -999999.0
6352.205 6392.218 6196.3325 6394.7764 6484.757 6534.585 6498.5264 6479.797 6490.0273 6482.581 6697.2637 6842.4814 6903.666 6861.1855 6965.836 7272.042 7434.488 7566.7847 7708.661 7569.7314 7370.2485 7165.5024 7745.539 8194.622 8437.587 9084.435 9155.49 9067.227 10765.286 11108.117 11292.822 11017.311 10970.183 12811.426 -999999.0 13980.081 14446.579 12540.156 11898.66 11102.141 11699.017 -999999.0 -999999.0 -999999.0 -999999.0 -999999.0 10510.376 9636.354 -999999.0 -999999.0 -999999.0 -999999.0 -999999.0 -999999.0 -999999.0 -999999.0 -999999.0 -999999.0 -999999.0 -999999.0
6312.602 6131.8345 6147.2236 5911.451 6401.657 6468.497 6504.7314 6423.963 6403.1953 6463.883 6673.7476 6852.092 6858.447 6904.951 7034.212 7046.559 7539.9307 7504.054 7600.346 7621.89 7567.9126 7687.75 8356.709 8543.934 8756.013 10065.354 10159.737 10062.073 10621.11 10859.082 10994.283 11397.997 11354.355 13443.955 13989.967 14286.772 15166.559 14375.614 13466.986 12082.696 12247.094 -999999.0 -999999.0 -999999.0 -999999.0 -999999.0 9052.584 9171.969 -999999.0 -999999.0 -999999.0 -999999.0 -999999.0 -999999.0 -999999.0 -999999.0 -999999.0 -999999.0 -999999.0 -999999.0
5838.1323 6061.715 6058.803 5794.7246 5898.072 6104.7344 6147.2236 6564.1865 6496.326 6207.826 6167.255 6380.961 6904.1553 6929.7075 7074.3643 7093.673 7256.66 7419.3906 7561.825 7606.1655 7617.3887 7826.5967 8384.947 8569.279 9753.208 10131.009 10189.951 10508.069 10930.283 11044.469 11763.654 12771.477 12783.746 14092.803 13998.622 14934.198 14148.509 14007.205 15761.831 15654.19 -999999.0 -999999.0 -999999.0 -999999.0 -999999.0 -999999.0 11296.209 10660.328 -999999.0 -999999.0 -999999.0 -999999.0 -999999.0 -999999.0 -999999.0 -999999.0 -999999.0 -999999.0 -999999.0 -999999.0
5820.808 6044.9165 6010.0566 5714.676 5800.1577 5821.289 6032.028 6027.6934 6459.0195 6170.496 6152.471 6367.1904 6670.3267 6955.922 7095.3535 7280.8154 7226.125 6994.6895 7616.0146 7772.236 7614.6704 7815.0156 8367.049 8685.482 9922.671 10291.52 10372.776 10729.6 11494.889 12002.42 13223.561 13177.092 13872.43 14645.16 14364.803 14985.28 14984.35 15729.352 -999999.0 -999999.0 -999999.0 -999999.0 -999999.0 -999999.0 -999999.0 12058.794 11834.971 -999999.0 -999999.0 -999999.0 -999999.0 -999999.0 -999999.0 -999999.0 -999999.0 -999999.0 -999999.0 -999999.0 -999999.0 -999999.0
5771.1655 6036.2183 6003.597 5612.002 5810.77 5692.203 5831.4727 5792.257 5970.6006 6073.2324 6458.6587 6551.928 6651.882 7178.5923 7164.5244 7134.207 7025.971 6459.873 7539.6836 7808.201 7900.1914 7996.811 8221.25 8517.053 9848.325 10222.402 10562.391 10676.287 11491.066 12093.559 11684.794 13124.23 13917.904 14879.432 14922.07 15149.794 15044.464 -999999.0 -999999.0 -999999.0 -999999.0 -999999.0 -999999.0 -999999.0 14159.723 11709.924 11761.785 -999999.0 -999999.0 -999999.0 -999999.0 -999999.0 -999999.0 -999999.0 -999999.0 -999999.0 -999999.0 -999999.0 -999999.0 -999999.0
