data/TNO-HT-ATES/HT-ATES_msz3/msz3__flowr_P50_basecase_80-45-40.asc
ncols  140
nrows  163
xllcorner  0.0
yllcorner  300000.0
cellsize  2000.0
NODATA_value  -999999.0
[rows 27 to 53 of 163, columns 61 to 121 of 140]
155.30634 142.14369 129.20499 123.39364 115.18422 109.11293 105.36085 104.34062 104.47797 102.31177 97.50183 97.67776 105.25512 115.25784 124.86829 129.32591 129.10658 126.24795 143.93233 171.31601 190.2801 192.57138 175.66391 157.91864 148.22906 136.92767 123.820145 113.22748 104.56944 86.297646 71.24399 66.01519 45.041153 28.15164 23.924767 25.84619 14.208187 1.9630234 3.2036946 14.351196 13.000173 1.8897816 -999999.0 -999999.0 -999999.0 -999999.0 -999999.0 0.9118098 -999999.0 -999999.0 -999999.0 -999999.0 -999999.0 -999999.0 -999999.0 -999999.0 -999999.0 -999999.0 -999999.0 -999999.0 -999999.0
150.83757 135.60243 125.267525 115.219 104.7517 96.761185 99.00282 94.04072 93.03209 90.43085 87.183136 95.40151 105.71135 120.505295 126.07586 123.07388 123.44367 126.14193 126.19143 154.21951 189.02188 190.54842 192.9502 186.07552 164.5286 148.1489 139.01932 119.007965 100.062 81.9394 63.826267 47.093525 33.48005 19.822365 9.81514 4.264961 -999999.0 -999999.0 11.148803 24.46864 17.7591 4.83284 -999999.0 -999999.0 -999999.0 -999999.0 -999999.0 -999999.0 -999999.0 -999999.0 -999999.0 -999999.0 -999999.0 -999999.0 -999999.0 -999999.0 -999999.0 -999999.0 -999999.0 -999999.0 -999999.0
143.95195 128.49239 118.560844 109.215034 97.48387 91.32026 86.02601 82.61031 78.902374 76.67833 76.10359 83.067635 112.12839 117.77126 120.39049 123.27876 119.76393 119.93622 101.88532 146.25337 195.30963 207.97885 205.7283 201.97997 187.11052 169.75235 148.68372 119.7139 95.5441 68.32923 35.318924 6.288921 5.9868584 0.7792533 -999999.0 -999999.0 -999999.0 -999999.0 22.784658 31.841894 15.802875 5.0249233 1.528041 -999999.0 -999999.0 -999999.0 -999999.0 -999999.0 -999999.0 -999999.0 -999999.0 0.66297376 -999999.0 -999999.0 -999999.0 -999999.0 -999999.0 -999999.0 -999999.0 -999999.0 -999999.0
131.29375 129.43419 111.42776 102.152275 93.91795 82.76926 74.57577 72.38057 69.25264 67.34884 68.570946 83.557846 94.93467 103.934364 109.08157 123.13991 130.38086 120.616554 117.766884 143.7363 193.39084 214.58972 217.68059 219.7261 206.56534 179.44026 139.64197 105.42745 74.85261 46.886105 10.185656 -999999.0 -999999.0 -999999.0 -999999.0 -999999.0 -999999.0 -999999.0 9.255095 17.151003 9.12975 3.4033284 2.016828 1.0600672 1.7488533 2.3304782 3.287575 7.6836967 -999999.0 -999999.0 -999999.0 -999999.0 -999999.0 -999999.0 -999999.0 -999999.0 -999999.0 -999999.0 -999999.0 -999999.0 -999999.0
125.303764 114.07086 106.89743 95.88142 84.40342 75.64722 64.980934 61.71308 64.39098 64.34386 65.31056 71.08969 83.2688 95.1423 106.506424 122.458244 127.388 125.13292 124.06343 147.9424 185.0098 231.24956 242.35794 244.01889 226.85068 178.71611 142.89307 101.84615 60.288315 22.140366 -999999.0 -999999.0 -999999.0 -999999.0 -999999.0 -999999.0 -999999.0 -999999.0 -999999.0 4.9334836 3.2106533 2.1041408 -999999.0 1.0614753 3.1909482 7.1534333 13.301088 16.147087 5.4199815 -999999.0 5.585832 -999999.0 2.116641 -999999.0 -999999.0 -999999.0 -999999.0 -999999.0 -999999.0 -999999.0 -999999.0
120.425285 103.78214 96.78637 89.79855 80.51512 68.07088 57.043858 57.836864 59.679947 58.585247 56.556953 60.332275 74.21637 88.74101 97.33734 112.43137 119.45433 122.40408 126.3604 154.90482 176.62552 226.98163 250.10811 256.295 225.15735 176.20862 132.9475 95.652794 45.72044 3.0287812 -999999.0 -999999.0 -999999.0 -999999.0 -999999.0 -999999.0 -999999.0 -999999.0 -999999.0 -999999.0 -999999.0 -999999.0 -999999.0 -999999.0 3.9923742 7.441259 11.147025 13.836717 12.140031 -999999.0 -999999.0 -999999.0 -999999.0 -999999.0 -999999.0 -999999.0 -999999.0 -999999.0 -999999.0 -999999.0 -999999.0
118.243744 102.16809 91.44162 83.16824 75.957695 63.67714 54.769955 49.91564 52.397274 49.18976 41.51664 54.807144 67.80575 76.142494 86.50876 101.43475 116.530945 125.09624 138.46596 160.78654 181.01324 217.20583 232.76631 230.43163 209.5521 168.25714 133.43445 84.22347 37.384956 -999999.0 -999999.0 -999999.0 -999999.0 -999999.0 -999999.0 -999999.0 -999999.0 -999999.0 -999999.0 -999999.0 -999999.0 -999999.0 -999999.0 -999999.0 2.693463 6.330255 6.8791304 4.8155165 4.0318 -999999.0 -999999.0 -999999.0 -999999.0 -999999.0 -999999.0 -999999.0 -999999.0 -999999.0 -999999.0 -999999.0 -999999.0
110.928665 98.60363 86.12865 75.74539 66.99682 58.839436 51.829006 42.99999 46.61251 50.470596 48.09861 55.34897 67.661285 72.42799 79.20093 90.27895 105.13985 129.44438 144.87206 163.04253 183.28299 209.3702 213.72113 203.31908 185.92714 151.9229 122.70805 78.11258 28.504316 -999999.0 -999999.0 -999999.0 -999999.0 -999999.0 -999999.0 -999999.0 -999999.0 -999999.0 -999999.0 -999999.0 -999999.0 -999999.0 -999999.0 -999999.0 -999999.0 5.736899 5.8654146 1.3549117 -999999.0 -999999.0 -999999.0 -999999.0 -999999.0 -999999.0 -999999.0 -999999.0 -999999.0 -999999.0 -999999.0 -999999.0 -999999.0
102.20589 92.70481 81.609344 70.888695 56.575375 48.25137 49.526577 42.789417 51.12408 56.049206 53.83881 53.09331 64.705666 71.23682 79.843895 91.99816 109.95337 127.7272 148.39795 167.28831 177.11534 191.78929 191.95358 176.60306 153.9149 138.74588 98.82457 57.019585 14.467577 -999999.0 -999999.0 -999999.0 -999999.0 -999999.0 -999999.0 -999999.0 -999999.0 -999999.0 -999999.0 -999999.0 -999999.0 -999999.0 -999999.0 -999999.0 -999999.0 5.2613106 7.1484823 -999999.0 -999999.0 -999999.0 -999999.0 -999999.0 -999999.0 -999999.0 -999999.0 -999999.0 -999999.0 -999999.0 -999999.0 -999999.0 -999999.0
96.91049 86.57068 76.265205 65.44097 54.51832 44.410587 42.501625 43.042313 53.05826 61.743286 58.892952 55.861965 61.82377 78.28052 86.13971 88.6604 101.95031 122.414925 137.14308 157.12688 159.43362 177.66908 184.71869 163.99149 142.84717 109.15894 72.129456 35.22912 2.1334352 -999999.0 -999999.0 -999999.0 -999999.0 -999999.0 11.181868 17.107426 7.8666325 -999999.0 -999999.0 -999999.0 -999999.0 -999999.0 -999999.0 -999999.0 -999999.0 4.7209115 6.812716 -999999.0 -999999.0 -999999.0 -999999.0 -999999.0 -999999.0 -999999.0 -999999.0 -999999.0 -999999.0 -999999.0 -999999.0 -999999.0 -999999.0
90.06259 80.19242 70.388596 59.572323 49.709064 42.415276 37.98968 40.268173 61.49697 75.21078 71.06183 65.18147 70.85602 82.407555 86.15505 86.67204 95.3491 108.0437 120.995636 134.56813 145.47919 147.12286 150.08563 143.54459 111.327995 78.70345 45.388344 16.154676 -999999.0 -999999.0 -999999.0 -999999.0 -999999.0 -999999.0 22.498371 27.92847 10.776913 -999999.0 -999999.0 -999999.0 -999999.0 -999999.0 -999999.0 -999999.0 -999999.0 4.434776 8.056649 -999999.0 -999999.0 -999999.0 -999999.0 -999999.0 3.7036202 12.067142 -999999.0 -999999.0 -999999.0 -999999.0 -999999.0 -999999.0 -999999.0
85.52061 78.34179 70.178024 59.238495 48.293964 40.924717 41.41078 42.605053 63.040176 78.83088 80.75652 79.26218 84.50714 95.61989 100.7425 99.88939 99.18136 104.20937 112.48851 120.91365 123.99687 121.737366 122.647026 113.65339 92.829094 56.938763 23.606758 5.601391 -999999.0 -999999.0 -999999.0 -999999.0 -999999.0 -999999.0 16.565687 18.614248 1.3942745 -999999.0 -999999.0 -999999.0 -999999.0 -999999.0 -999999.0 -999999.0 -999999.0 0.7437903 -999999.0 -999999.0 -999999.0 -999999.0 -999999.0 -999999.0 10.980599 9.640802 -999999.0 -999999.0 -999999.0 -999999.0 -999999.0 -999999.0 -999999.0
77.199974 76.48758 74.99351 60.40033 48.67768 41.80491 47.253525 50.86099 63.325287 76.51525 86.360954 95.430176 100.51025 110.13941 123.12745 112.865524 99.16853 96.96118 97.62747 102.828575 100.6163 107.960625 91.33048 84.47616 75.54853 47.52178 18.81607 1.8977203 -999999.0 -999999.0 -999999.0 -999999.0 -999999.0 -999999.0 -999999.0 -999999.0 -999999.0 -999999.0 -999999.0 -999999.0 -999999.0 -999999.0 -999999.0 -999999.0 -999999.0 -999999.0 -999999.0 -999999.0 -999999.0 -999999.0 -999999.0 -999999.0 -999999.0 -999999.0 -999999.0 -999999.0 -999999.0 -999999.0 -999999.0 -999999.0 -999999.0
65.7591 66.480194 67.30168 59.30485 52.104546 49.19819 52.28444 46.796406 55.094254 67.99057 78.939575 92.14192 103.418884 115.29131 118.89087 108.92232 94.03522 84.976875 86.63996 92.19994 95.82829 107.069954 90.965935 75.85989 63.83327 43.827335 21.214535 4.3953257 -999999.0 -999999.0 -999999.0 -999999.0 -999999.0 -999999.0 -999999.0 -999999.0 -999999.0 -999999.0 -999999.0 -999999.0 -999999.0 -999999.0 -999999.0 -999999.0 -999999.0 -999999.0 -999999.0 -999999.0 -999999.0 6.5224853 -999999.0 -999999.0 -999999.0 -999999.0 -999999.0 -999999.0 -999999.0 -999999.0 -999999.0 -999999.0 -999999.0
54.37249 56.82129 58.885468 57.05798 56.690323 58.947746 56.419933 52.327404 49.99306 61.534023 79.154686 83.106926 96.72629 109.831154 113.519516 104.7326 92.18607 76.773766 79.689476 89.11149 102.51412 97.07457 87.69179 78.44639 64.78874 41.251606 22.211035 2.4678447 -999999.0 -999999.0 -999999.0 -999999.0 -999999.0 -999999.0 -999999.0 -999999.0 -999999.0 -999999.0 -999999.0 -999999.0 -999999.0 -999999.0 -999999.0 -999999.0 -999999.0 -999999.0 -999999.0 -999999.0 6.9978786 -999999.0 -999999.0 -999999.0 -999999.0 -999999.0 -999999.0 -999999.0 -999999.0 -999999.0 -999999.0 -999999.0 -999999.0
47.459763 48.823185 56.432972 61.001514 64.533806 66.77846 61.11285 54.69932 48.789093 61.432293 78.80895 78.20615 89.74605 99.43412 109.841835 114.892715 101.16875 76.77019 82.37053 92.08173 106.99591 104.66678 99.33597 87.8348 68.30329 38.07189 22.96109 7.407468 -999999.0 -999999.0 -999999.0 -999999.0 -999999.0 -999999.0 -999999.0 -999999.0 -999999.0 -999999.0 -999999.0 -999999.0 -999999.0 -999999.0 -999999.0 -999999.0 -999999.0 -999999.0 -999999.0 5.1714215 19.191607 -999999.0 -999999.0 -999999.0 -999999.0 -999999.0 -999999.0 -999999.0 -999999.0 -999999.0 -999999.0 -999999.0 -999999.0
41.07693 45.669235 55.995632 66.18068 69.47587 68.20286 66.185356 65.01467 57.8363 69.73566 87.40074 82.60067 88.51408 94.24276 107.72258 126.259514 117.13057 103.5102 96.84486 94.77867 105.030556 124.99613 115.30233 90.30609 66.851814 36.553486 22.464731 14.664147 5.3538094 -999999.0 -999999.0 -999999.0 -999999.0 -999999.0 -999999.0 -999999.0 -999999.0 -999999.0 -999999.0 -999999.0 -999999.0 -999999.0 -999999.0 -999999.0 0.5657641 1.868109 1.138845 8.907788 -999999.0 -999999.0 -999999.0 -999999.0 -999999.0 -999999.0 -999999.0 -999999.0 -999999.0 -999999.0 -999999.0 -999999.0 -999999.0
36.900173 45.50032 56.073097 70.41144 74.734505 70.56165 73.093445 79.9818 74.343285 81.53357 98.86417 94.92078 97.80946 105.77513 112.80939 123.35549 132.79996 129.07605 113.65803 104.059204 116.526855 144.17833 121.5554 86.710236 66.259346 40.300976 26.530993 19.60938 12.058454 2.0776336 -999999.0 -999999.0 -999999.0 -999999.0 -999999.0 -999999.0 -999999.0 -999999.0 -999999.0 -999999.0 -999999.0 -999999.0 -999999.0 3.0290682 0.64446896 1.2119008 -999999.0 2.585615 -999999.0 -999999.0 -999999.0 -999999.0 -999999.0 -999999.0 -999999.0 -999999.0 -999999.0 -999999.0 -999999.0 -999999.0 -999999.0
34.50462 46.04937 57.119812 69.31477 75.53654 79.07969 78.00825 85.60871 86.84024 97.42088 104.828636 115.00321 117.1658 111.69673 104.537254 101.17126 127.880035 156.11508 133.50278 126.13842 153.64273 133.06009 112.565765 95.34572 72.15853 49.16766 29.492338 21.392586 15.7227 6.487708 -999999.0 -999999.0 -999999.0 -999999.0 -999999.0 -999999.0 -999999.0 -999999.0 -999999.0 -999999.0 -999999.0 -999999.0 -999999.0 -999999.0 -999999.0 1.2183816 -999999.0 -999999.0 -999999.0 -999999.0 -999999.0 -999999.0 -999999.0 -999999.0 -999999.0 -999999.0 -999999.0 -999999.0 -999999.0 -999999.0 -999999.0
32.215965 42.668518 58.521763 70.27175 77.20706 84.47457 87.57442 90.95208 103.316345 119.39061 129.42581 124.86067 123.152466 105.0649 98.439026 110.2069 120.586205 155.7387 157.96634 153.01817 162.33885 140.93776 118.64532 102.88897 77.396126 53.544247 30.626707 26.571625 15.789447 7.4430876 0.0 -999999.0 -999999.0 -999999.0 -999999.0 -999999.0 -999999.0 -999999.0 -999999.0 -999999.0 -999999.0 -999999.0 -999999.0 -999999.0 -999999.0 -999999.0 -999999.0 -999999.0 -999999.0 -999999.0 -999999.0 -999999.0 -999999.0 -999999.0 -999999.0 -999999.0 -999999.0 -999999.0 -999999.0 -999999.0 -999999.0
31.63389 42.540176 56.692326 73.58436 83.53136 90.53677 95.02937 100.15432 113.58611 127.44319 140.96027 131.40895 118.70137 102.98134 112.12245 129.82921 137.78546 174.25557 170.90117 155.50883 145.61858 128.61383 116.893135 106.301155 78.8004 48.96124 30.291628 26.912497 22.092264 11.303302 5.31036 -999999.0 -999999.0 -999999.0 -999999.0 -999999.0 -999999.0 -999999.0 -999999.0 -999999.0 -999999.0 -999999.0 -999999.0 -999999.0 -999999.0 -999999.0 0.9307115 -999999.0 -999999.0 -999999.0 -999999.0 -999999.0 -999999.0 -999999.0 -999999.0 -999999.0 -999999.0 -999999.0 -999999.0 -999999.0 -999999.0
33.937897 47.24438 63.370808 75.34755 87.292984 94.55142 99.399666 110.05243 118.90644 127.40573 132.42601 130.59154 128.93173 123.195335 130.80273 144.84244 150.04128 176.9412 173.9306 148.22057 127.72731 113.75068 104.13836 93.874374 76.66652 49.975937 30.982615 35.173336 30.18726 24.178038 13.108823 2.4309642 -999999.0 -999999.0 -999999.0 0.6778782 5.0606117 6.9267898 3.7243717 -999999.0 -999999.0 -999999.0 -999999.0 -999999.0 -999999.0 -999999.0 2.740053 -999999.0 -999999.0 -999999.0 -999999.0 -999999.0 -999999.0 -999999.0 -999999.0 -999999.0 -999999.0 -999999.0 -999999.0 -999999.0 -999999.0
35.654186 52.315796 74.394806 87.22571 96.63023 105.00915 110.414505 122.116974 127.83426 136.56557 143.90897 145.7509 140.22968 137.5887 143.64417 148.58943 148.67941 157.17894 157.0803 140.26234 112.763565 102.7192 86.78388 81.32375 79.227745 60.510506 42.746548 53.41258 49.563286 36.277027 23.09567 11.44347 4.1234727 -999999.0 5.3410616 10.632828 15.41529 15.7827215 7.959055 0.9757628 -999999.0 -999999.0 -999999.0 -999999.0 -999999.0 6.25495 2.2815099 -999999.0 -999999.0 -999999.0 -999999.0 -999999.0 -999999.0 -999999.0 -999999.0 -999999.0 -999999.0 -999999.0 -999999.0 -999999.0 -999999.0
34.23077 56.30784 76.73759 94.804405 100.24847 107.36951 112.31006 128.35956 131.62029 141.96101 158.35985 156.41946 146.26173 143.41724 141.18507 148.71826 146.62483 132.51332 135.92548 128.75218 110.834984 97.23377 82.77666 73.85334 85.61865 91.23993 66.16249 83.50464 73.00702 52.35661 35.18937 24.679586 20.904276 15.064671 13.462641 19.195496 28.11031 23.052372 11.051736 1.3922675 -999999.0 -999999.0 -999999.0 -999999.0 -999999.0 7.528768 1.1818734 -999999.0 -999999.0 -999999.0 -999999.0 -999999.0 -999999.0 -999999.0 -999999.0 -999999.0 -999999.0 -999999.0 -999999.0 -999999.0 -999999.0
35.493362 55.88817 72.75765 86.050064 96.61438 106.74825 127.91493 129.88527 121.70509 123.87767 138.9817 159.20055 156.48126 151.20512 145.83408 144.44603 132.07018 121.77365 118.5048 109.77662 94.16972 85.45944 76.251656 77.48327 76.84286 76.91898 90.24142 94.65304 87.90727 75.02635 55.93716 40.586597 31.530361 21.93698 18.869064 17.61913 16.972599 16.76581 8.930974 -999999.0 -999999.0 -999999.0 -999999.0 -999999.0 -999999.0 8.016771 0.88453996 -999999.0 -999999.0 -999999.0 -999999.0 -999999.0 -999999.0 -999999.0 -999999.0 -999999.0 -999999.0 -999999.0 -999999.0 -999999.0 -999999.0
40.217316 54.124226 65.67635 78.88531 91.077675 108.26794 117.76165 127.082375 116.60378 116.06516 125.808365 139.90721 158.71628 155.89847 147.38518 135.59483 119.36623 117.72226 106.40241 92.201035 83.00537 72.70016 66.17524 75.58074 77.03613 84.92567 109.410706 105.35951 99.15552 100.92718 77.60931 54.046528 38.793472 27.774141 17.193092 9.660409 3.3158646 -999999.0 -999999.0 -999999.0 -999999.0 -999999.0 -999999.0 -999999.0 0.9130715 9.187786 -999999.0 -999999.0 -999999.0 -999999.0 -999999.0 -999999.0 -999999.0 -999999.0 -999999.0 -999999.0 -999999.0 -999999.0 -999999.0 -999999.0 -999999.0
39.95504 48.82209 59.355125 77.03104 89.91786 104.62168 110.44956 114.25367 112.91579 119.592 125.58679 133.73373 155.76318 149.51859 134.30016 120.79604 103.58249 109.1725 91.96514 80.927284 77.167274 61.97412 55.56685 72.26497 81.24886 93.409096 106.86355 95.5877 100.78776 108.28432 94.088524 64.19507 45.486843 30.466412 12.952389 0.5706918 -999999.0 -999999.0 -999999.0 -999999.0 -999999.0 -999999.0 -999999.0 3.0705643 7.3298635 13.687043 -999999.0 -999999.0 -999999.0 -999999.0 -999999.0 -999999.0 -999999.0 -999999.0 -999999.0 -999999.0 -999999.0 -999999.0 -999999.0 -999999.0 -999999.0
