data/TNO-HT-ATES/HT-ATES_msz3/msz3__utc_P50_basecase_80-45-40.asc
ncols  140
nrows  163
xllcorner  0.0
yllcorner  300000.0
cellsize  2000.0
NODATA_value  -999999.0
[rows 54 to 80 of 163, columns 62 to 123 of 140]
8.496641 6.640655 4.819521 4.007668 3.7583923 3.4974556 3.4409745 3.313692 3.0358381 2.794825 2.6031005 2.5578904 2.715843 2.9763803 3.1701076 3.2665308 3.5827136 4.6058464 5.234058 4.777335 4.8564334 5.3119454 4.975922 4.289497 3.895693 3.6674006 3.1428378 2.908076 2.965176 3.396168 5.011235 7.4759703 24.309826 0.0 -999999.0 -999999.0 -999999.0 -999999.0 -999999.0 -999999.0 0.0 0.0 0.0 0.0 0.0 -999999.0 -999999.0 -999999.0 -999999.0 -999999.0 -999999.0 -999999.0 -999999.0 -999999.0 -999999.0 -999999.0 -999999.0 -999999.0 -999999.0 -999999.0 -999999.0 -999999.0
5.935407 6.052609 4.6267333 4.043811 4.0032434 3.7523005 3.4593353 3.3151731 3.0155115 2.8851032 2.7690055 2.7293754 2.8945384 3.1523716 3.3955088 3.7334971 4.000213 5.287958 5.620888 4.7145405 4.5471888 4.679184 4.61537 4.1484694 3.8951852 3.3552747 2.7556627 2.673882 2.8565521 3.2320225 4.983528 7.7542353 0.0 -999999.0 -999999.0 -999999.0 -999999.0 -999999.0 -999999.0 -999999.0 -999999.0 -999999.0 -999999.0 -999999.0 0.0 -999999.0 -999999.0 -999999.0 -999999.0 -999999.0 -999999.0 -999999.0 -999999.0 -999999.0 -999999.0 -999999.0 -999999.0 -999999.0 -999999.0 -999999.0 -999999.0 -999999.0
7.293236 5.8967004 4.7153006 4.0769496 4.0790677 3.9232142 3.7287827 3.4580362 3.0113206 2.9281046 2.8014743 2.8909776 3.1296325 3.3935075 3.6073709 3.7909052 4.2715025 5.2698994 5.534614 4.9344797 4.188416 4.3802695 4.301713 4.0111294 3.886055 3.6749651 2.955699 2.5319302 2.4963837 2.774718 5.535004 11.466482 0.0 0.0 -999999.0 -999999.0 -999999.0 -999999.0 -999999.0 -999999.0 -999999.0 -999999.0 -999999.0 -999999.0 0.0 -999999.0 -999999.0 -999999.0 -999999.0 -999999.0 -999999.0 -999999.0 -999999.0 -999999.0 -999999.0 -999999.0 -999999.0 -999999.0 -999999.0 -999999.0 -999999.0 -999999.0
8.94446 6.832428 5.3748446 4.7351213 4.2755623 4.084529 4.0932837 3.8285818 3.1424415 2.895537 2.7895405 3.016016 3.1890092 3.420857 3.718349 4.1230607 4.953094 6.7638254 6.2974873 4.840418 4.643956 4.5266128 4.0047073 3.864105 3.7475924 3.3497345 3.089428 2.2499912 2.1874392 2.449711 5.3106885 11.986394 31.38501 0.0 0.0 -999999.0 -999999.0 -999999.0 -999999.0 -999999.0 -999999.0 -999999.0 -999999.0 -999999.0 -999999.0 -999999.0 -999999.0 -999999.0 -999999.0 -999999.0 -999999.0 -999999.0 -999999.0 -999999.0 -999999.0 -999999.0 -999999.0 -999999.0 -999999.0 -999999.0 -999999.0 -999999.0
10.889248 8.480694 6.8857436 5.614876 4.7214956 4.168818 4.475042 4.590191 3.618792 3.0471191 2.9970024 3.2073195 3.2305012 3.5682697 4.307548 4.5952153 6.8510165 9.328003 6.8075438 5.0729976 4.5879126 4.4374957 3.9105773 3.769299 3.4868875 3.0772834 2.2938695 2.071352 2.2455025 2.5676908 4.2376847 7.0802503 11.699733 11.793621 11.265087 26.147982 0.0 -999999.0 -999999.0 -999999.0 -999999.0 -999999.0 -999999.0 -999999.0 -999999.0 -999999.0 -999999.0 -999999.0 -999999.0 -999999.0 -999999.0 -999999.0 -999999.0 -999999.0 -999999.0 -999999.0 -999999.0 -999999.0 -999999.0 -999999.0 -999999.0 -999999.0
11.779689 9.360251 8.269069 6.1077166 5.299714 4.1776443 4.6408606 4.9343753 4.255661 3.401718 3.5587425 3.6956553 3.7661695 4.1147385 4.8175936 4.7190905 7.746587 8.68964 6.9816623 6.0860023 4.8822465 4.412561 3.7040894 3.437999 3.206613 2.9442759 2.1200156 1.9681022 2.2036035 2.6340928 3.7103722 5.864771 5.395343 6.3792 6.0499573 5.999398 8.627432 16.078972 -999999.0 -999999.0 -999999.0 -999999.0 -999999.0 -999999.0 -999999.0 -999999.0 -999999.0 -999999.0 -999999.0 -999999.0 -999999.0 -999999.0 -999999.0 -999999.0 -999999.0 -999999.0 -999999.0 -999999.0 -999999.0 -999999.0 -999999.0 -999999.0
11.184599 8.718381 11.639028 4.9828196 5.167947 4.446506 4.545004 4.2198744 3.9819696 3.8791037 3.7424662 3.956939 4.443359 4.704504 4.325811 3.9109492 5.232593 6.1683636 6.4186897 6.84986 5.4556537 4.557014 3.674321 3.229304 2.7810707 2.737779 2.106802 1.9289112 1.9954996 2.2753992 2.5785878 3.2324076 3.7160404 4.079904 4.2036657 4.275441 5.5042343 8.667203 24.5482 0.0 25.79517 -999999.0 -999999.0 -999999.0 -999999.0 -999999.0 -999999.0 -999999.0 -999999.0 -999999.0 -999999.0 -999999.0 -999999.0 -999999.0 -999999.0 -999999.0 -999999.0 -999999.0 -999999.0 -999999.0 -999999.0 -999999.0
10.246852 8.348239 7.036149 4.6571646 5.3820806 4.735793 4.5687413 4.123659 4.0638824 4.0455008 4.290563 4.2202044 4.5945377 4.686794 4.6007943 5.0372553 4.842616 4.993027 5.6930356 6.5918193 5.5727754 4.501378 4.218515 3.2634282 2.756433 2.5007274 2.0044954 1.711092 1.8218075 1.9123226 2.1367216 2.3453646 2.626813 3.2998943 4.272186 3.4285219 4.815402 9.240279 9.155074 5.468483 4.428972 0.0 -999999.0 -999999.0 -999999.0 -999999.0 -999999.0 -999999.0 -999999.0 -999999.0 -999999.0 -999999.0 -999999.0 -999999.0 -999999.0 -999999.0 -999999.0 -999999.0 -999999.0 -999999.0 -999999.0 -999999.0
8.916936 8.262411 7.5994945 7.2330275 5.9737926 5.387547 4.775634 4.129789 4.0981784 4.2155004 4.1742463 4.101154 3.9218462 4.1792226 5.425948 5.7838144 5.4955726 5.0084085 5.280523 5.799664 5.2598467 4.6221757 4.063562 3.8532264 3.531574 2.4087336 1.9680018 1.6188958 1.6382477 1.8232491 1.8921059 2.1471105 2.363366 2.9611363 3.781912 2.9016478 4.718322 13.0911455 13.293829 5.3841352 8.873863 0.0 -999999.0 -999999.0 -999999.0 -999999.0 -999999.0 -999999.0 -999999.0 -999999.0 -999999.0 -999999.0 -999999.0 -999999.0 -999999.0 -999999.0 -999999.0 -999999.0 -999999.0 -999999.0 -999999.0 -999999.0
7.95962 8.439486 8.544087 7.3202133 6.0559974 5.991379 5.362931 4.1359954 3.9857106 4.3893685 4.04246 3.8186588 4.2213955 4.681823 5.5524716 5.033925 4.853117 4.597554 4.6830764 5.042789 5.146967 5.171903 4.3980427 4.3522515 4.068375 3.8339741 3.2968807 3.1794126 1.6293637 1.8936661 2.0045342 2.6131687 2.176256 2.777642 4.1197214 3.309872 7.2674923 11.470069 7.5979023 6.854374 0.0 -999999.0 -999999.0 -999999.0 -999999.0 -999999.0 -999999.0 -999999.0 -999999.0 -999999.0 -999999.0 -999999.0 -999999.0 -999999.0 -999999.0 -999999.0 -999999.0 -999999.0 -999999.0 -999999.0 -999999.0 -999999.0
7.356565 9.241034 10.090007 7.8505154 5.957726 6.1208763 5.3061824 4.2406626 3.9034908 4.165096 4.154559 3.9931111 4.521716 5.302077 4.7980256 4.253375 3.9271328 3.9256103 3.9923215 4.2346587 4.621647 4.733299 5.1163645 5.383274 5.027776 5.0944824 3.1646178 3.148552 2.986348 2.4227092 2.6886425 2.1364005 2.3200426 2.6759472 3.3011692 3.4730034 6.0209746 9.888616 7.145134 24.389183 0.0 -999999.0 -999999.0 -999999.0 -999999.0 -999999.0 -999999.0 -999999.0 -999999.0 -999999.0 -999999.0 -999999.0 -999999.0 -999999.0 -999999.0 -999999.0 -999999.0 -999999.0 -999999.0 -999999.0 -999999.0 -999999.0
7.0754857 9.5048895 10.001579 7.9846344 6.0552325 5.5639486 4.818653 4.2296014 3.7951438 3.4281194 3.247637 3.9939768 4.2976007 4.5594726 4.068611 3.5968628 3.546292 3.408153 3.422548 3.4885187 3.5814433 4.0060716 5.222256 6.400369 6.1773024 4.054877 2.8071477 2.5931146 2.520928 2.5522442 3.0365899 2.3516235 2.9701984 3.1838245 2.628429 2.5964026 4.847837 10.40416 0.0 0.0 -999999.0 -999999.0 -999999.0 -999999.0 -999999.0 -999999.0 -999999.0 -999999.0 -999999.0 -999999.0 -999999.0 -999999.0 -999999.0 -999999.0 -999999.0 -999999.0 -999999.0 -999999.0 -999999.0 -999999.0 -999999.0 -999999.0
6.7190003 7.6048474 8.486943 7.556626 5.954456 5.3767977 4.513455 4.19975 3.9050152 3.986054 3.7418911 3.7221205 3.5235121 3.3248777 2.958293 2.809359 2.798999 2.9448206 2.9267395 2.8469877 2.91876 3.3495166 4.7157745 6.37738 5.53589 3.3997145 2.202921 2.5853379 2.6508865 2.565787 3.0807753 2.8360536 3.2231882 3.853393 3.7206507 3.2112658 5.3456917 0.0 0.0 -999999.0 -999999.0 0.0 0.0 0.0 -999999.0 -999999.0 -999999.0 -999999.0 -999999.0 -999999.0 -999999.0 -999999.0 -999999.0 -999999.0 -999999.0 -999999.0 -999999.0 -999999.0 -999999.0 -999999.0 -999999.0 -999999.0
5.7667947 6.4314003 6.9199986 6.5497804 5.6989303 5.4402013 4.9730105 4.5517516 4.165785 4.2866726 3.9564512 3.4947064 3.2069905 3.0219274 2.7793016 2.5288434 2.713151 3.272089 3.1884658 2.7492557 2.7392845 3.0400405 3.8532212 4.830117 5.198874 2.7806268 2.1657612 2.182252 2.4414966 2.4899771 3.4203117 4.0923786 3.5124028 4.118871 7.139468 8.991074 14.138593 -999999.0 -999999.0 -999999.0 -999999.0 0.0 0.0 0.0 0.0 -999999.0 -999999.0 -999999.0 -999999.0 -999999.0 -999999.0 -999999.0 -999999.0 -999999.0 -999999.0 -999999.0 -999999.0 -999999.0 -999999.0 -999999.0 -999999.0 -999999.0
5.419882 5.8871293 6.0939856 5.8566775 5.7719345 5.769895 5.3551726 4.864452 4.3485365 4.138453 3.9438014 3.3448262 3.1218681 3.0221093 2.722376 2.560878 2.953162 4.0046225 4.214247 3.6493556 3.540693 3.2926116 3.40638 3.3893688 3.177605 2.7342641 2.4622636 2.2683678 2.4634502 2.7195077 4.008663 5.1942773 3.6757054 2.9967282 7.5996437 -999999.0 -999999.0 -999999.0 -999999.0 -999999.0 0.0 0.0 0.0 0.0 0.0 -999999.0 -999999.0 -999999.0 -999999.0 -999999.0 -999999.0 -999999.0 -999999.0 -999999.0 -999999.0 -999999.0 -999999.0 -999999.0 -999999.0 -999999.0 -999999.0 -999999.0
5.276039 5.5985136 5.7778907 5.9842215 6.347361 6.309339 5.772823 5.1437817 4.6040196 4.361251 4.058622 3.520111 3.366909 3.4569898 3.1446595 2.8371398 3.221334 3.9158304 4.897357 5.6347055 6.787466 5.3497534 3.799416 2.947205 2.831806 3.0708513 2.9465024 2.6372721 2.6652932 2.7201343 3.408143 3.9448688 3.3908339 3.1220198 6.2594805 0.0 -999999.0 -999999.0 -999999.0 0.0 0.0 0.0 0.0 0.0 0.0 -999999.0 -999999.0 -999999.0 -999999.0 -999999.0 -999999.0 -999999.0 -999999.0 -999999.0 -999999.0 -999999.0 -999999.0 -999999.0 -999999.0 -999999.0 -999999.0 -999999.0
5.275945 5.5612354 5.8575177 6.2727194 6.614492 6.3165474 6.20174 5.8049755 4.870872 4.168781 3.884479 3.6124055 3.620437 3.8557703 4.7964015 4.1896906 4.1517 5.149085 7.1605763 13.174221 21.518707 6.646405 3.462631 2.9654996 2.9577103 3.251054 3.676277 2.877505 2.5834868 2.677445 3.3432894 3.393781 3.2195244 3.5257552 4.875045 4.6676445 8.65966 0.0 -999999.0 0.0 24.41471 0.0 0.0 0.0 -999999.0 -999999.0 -999999.0 -999999.0 -999999.0 -999999.0 -999999.0 -999999.0 -999999.0 -999999.0 -999999.0 -999999.0 -999999.0 -999999.0 -999999.0 -999999.0 -999999.0 -999999.0
5.1553283 5.4731984 5.882956 5.9305806 6.287765 6.866822 6.079884 5.628186 4.881693 4.2757993 4.729645 3.772965 3.7069018 4.5591598 6.159137 7.311989 9.524659 11.557936 17.598852 0.0 0.0 6.654325 3.8957918 3.0405145 3.3219006 3.683819 4.7483644 4.219185 3.3894322 3.0295017 2.9648795 3.0993254 2.8611965 3.2660499 3.343261 3.179864 4.432835 4.8188925 3.8107986 5.751603 12.693039 0.0 0.0 -999999.0 -999999.0 -999999.0 -999999.0 -999999.0 -999999.0 -999999.0 -999999.0 -999999.0 -999999.0 -999999.0 -999999.0 -999999.0 -999999.0 -999999.0 -999999.0 -999999.0 -999999.0 -999999.0
5.1394563 5.4047585 5.8853717 6.176613 5.9194937 6.1201496 5.649413 5.294766 6.9236255 9.760299 5.3117747 4.0958486 3.5703018 4.498087 6.446824 11.787916 0.0 0.0 16.836632 15.49359 10.353419 4.5385456 3.8900137 3.4631224 3.6220827 4.9603705 5.3937373 4.287989 3.9521756 3.2636125 2.958237 3.3189263 3.2776222 3.1985848 2.9440563 2.8727574 3.3407416 3.2792804 3.784053 5.1008596 6.8236837 7.9621687 0.0 -999999.0 -999999.0 -999999.0 -999999.0 -999999.0 -999999.0 -999999.0 -999999.0 -999999.0 -999999.0 -999999.0 -999999.0 -999999.0 -999999.0 -999999.0 -999999.0 -999999.0 -999999.0 -999999.0
5.131406 5.3554335 5.4682007 5.955524 4.5690446 5.34386 8.4901705 12.277567 0.0 0.0 6.994369 5.169739 4.812798 6.2134285 11.622195 0.0 0.0 17.065516 9.599423 7.8087974 9.720874 6.964002 4.4267035 3.755657 4.2961535 5.835057 5.76526 4.432564 3.6511269 3.1192582 3.1016955 3.2724228 3.428103 3.126306 3.2896926 2.9460347 2.9451177 3.7979867 4.673853 4.235673 5.3746624 11.174807 0.0 0.0 -999999.0 -999999.0 -999999.0 -999999.0 -999999.0 -999999.0 -999999.0 -999999.0 -999999.0 -999999.0 -999999.0 -999999.0 -999999.0 -999999.0 -999999.0 -999999.0 -999999.0 -999999.0
5.8108025 5.631691 5.823852 6.6533675 5.507594 5.214525 0.0 0.0 0.0 8.4351425 8.712863 7.805318 5.9975066 8.29628 0.0 -999999.0 0.0 8.945197 8.268824 10.650617 9.634871 6.785111 5.217221 4.378456 5.5763626 9.5594635 7.335235 4.8450985 3.8079536 3.1210005 3.1273818 3.0647187 3.158944 3.3454719 3.6182947 2.8493063 3.2471175 4.436197 5.06762 4.5738206 7.2757583 10.139071 0.0 0.0 0.0 -999999.0 -999999.0 -999999.0 -999999.0 -999999.0 -999999.0 -999999.0 -999999.0 -999999.0 -999999.0 -999999.0 -999999.0 -999999.0 -999999.0 -999999.0 -999999.0 -999999.0
8.294257 7.1272483 6.870667 9.301421 0.0 0.0 0.0 14.871594 7.6466146 4.9125576 5.2382107 5.9052877 4.986116 5.4436383 0.0 17.936077 9.307141 6.501617 9.1164665 14.248007 11.468918 9.716863 6.541796 6.3680487 13.873026 0.0 25.71384 6.512538 4.184931 3.5721424 3.7328398 3.398807 3.3717337 3.1316907 3.426399 3.0640044 3.7644522 6.1132655 7.788093 7.4944234 7.4034386 0.0 0.0 0.0 0.0 0.0 -999999.0 -999999.0 -999999.0 -999999.0 -999999.0 -999999.0 -999999.0 -999999.0 -999999.0 -999999.0 -999999.0 -999999.0 -999999.0 -999999.0 -999999.0 -999999.0
9.388526 8.114024 8.021264 8.751725 11.001091 0.0 10.358434 5.141534 3.2709904 3.1261368 5.6335955 6.448673 5.8110495 5.969302 8.840953 10.675674 8.688739 9.698886 13.891853 16.79257 11.588178 8.664728 8.090369 8.406684 0.0 -999999.0 0.0 12.977227 5.8994007 5.48613 4.2192965 4.851632 7.7357893 4.50902 3.7688205 3.5124538 4.9811664 10.279906 13.810051 9.6291065 5.1708775 13.582934 0.0 0.0 -999999.0 -999999.0 -999999.0 -999999.0 -999999.0 -999999.0 -999999.0 -999999.0 -999999.0 -999999.0 -999999.0 -999999.0 -999999.0 -999999.0 -999999.0 -999999.0 -999999.0 -999999.0
8.353022 7.2470913 6.8744826 6.485993 7.5681643 16.361233 8.605958 4.3930464 3.2418525 3.046419 5.5357995 6.2415175 6.640621 6.450716 8.154634 13.498306 14.238516 13.815072 17.004908 0.0 12.632526 7.803031 6.7744884 6.3730726 10.3191185 0.0 18.88173 8.001809 3.8585787 3.0211399 3.329281 5.510267 11.480716 3.9473867 2.7309537 5.8738074 12.376073 9.374333 10.05508 8.925511 6.0033116 11.338222 0.0 -999999.0 -999999.0 -999999.0 -999999.0 -999999.0 -999999.0 -999999.0 -999999.0 -999999.0 -999999.0 -999999.0 -999999.0 -999999.0 -999999.0 -999999.0 -999999.0 -999999.0 -999999.0 -999999.0
7.0769067 6.7547817 6.7673416 7.0758686 7.9721155 0.0 11.759216 5.2355804 4.79679 4.7863164 7.3517575 11.04425 9.513614 7.3825197 7.431881 11.8228245 0.0 0.0 0.0 0.0 15.042509 8.443265 5.8003354 5.2555704 5.6246395 6.5999994 6.6634183 4.537984 2.6264377 1.9286653 2.2595475 2.9071174 3.0953171 3.1310277 2.721326 4.880118 7.5242033 6.545419 7.468139 10.785047 11.212623 0.0 0.0 0.0 -999999.0 -999999.0 -999999.0 -999999.0 -999999.0 -999999.0 -999999.0 -999999.0 -999999.0 -999999.0 -999999.0 -999999.0 -999999.0 -999999.0 -999999.0 -999999.0 -999999.0 -999999.0
6.486855 5.681207 5.6453876 6.299684 7.805798 6.9602437 8.6686535 4.788275 5.684986 6.107884 9.618234 16.159351 17.641376 13.786522 11.494485 0.0 -999999.0 -999999.0 -999999.0 0.0 16.5388 9.89116 6.9273114 6.5894675 5.843247 5.3141255 5.5236354 3.228076 1.9768212 1.6248085 2.1898687 2.4866574 2.3837485 2.741163 3.0470855 3.6949244 3.970938 4.133936 5.338906 11.382125 12.452685 0.0 0.0 0.0 0.0 -999999.0 -999999.0 -999999.0 -999999.0 -999999.0 -999999.0 -999999.0 -999999.0 -999999.0 -999999.0 -999999.0 -999999.0 -999999.0 -999999.0 -999999.0 -999999.0 -999999.0
6.0755997 5.303926 4.7636 4.781164 7.550695 9.966137 5.894837 4.0509934 5.2048173 8.214841 0.0 0.0 -999999.0 0.0 0.0 -999999.0 -999999.0 -999999.0 -999999.0 -999999.0 14.28209 14.459604 9.614508 8.32287 7.3389497 6.888047 7.9272265 2.885729 2.2192335 2.407601 2.9910507 3.17494 3.1304436 3.2023962 3.6077278 4.0608616 4.1894164 4.1631713 4.3949966 5.631679 10.93607 0.0 0.0 0.0 0.0 -999999.0 -999999.0 -999999.0 -999999.0 -999999.0 -999999.0 -999999.0 -999999.0 -999999.0 -999999.0 -999999.0 -999999.0 -999999.0 -999999.0 -999999.0 -999999.0 -999999.0
