data/TNO-HT-ATES/HT-ATES_msz3/msz3__kh_P50_basecase_80-45-40.asc
ncols  140
nrows  163
xllcorner  0.0
yllcorner  300000.0
cellsize  2000.0
NODATA_value  -999999.0
[rows 27 to 53 of 163, columns 60 to 119 of 140]
223.8398 224.99779 203.44019 184.53183 177.09392 164.53354 156.01164 152.21222 151.09935 148.5857 144.90012 141.13094 139.74715 150.32811 166.77936 182.84068 191.56955 190.61235 183.95096 215.5465 257.7824 292.55417 295.105 265.2214 239.98837 222.62187 208.09915 192.91245 175.92642 164.98703 138.0904 114.34367 108.96919 74.669586 46.47449 40.077034 43.448303 23.863932 3.4356782 5.502976 25.765823 23.66436 3.2784963 -999999.0 -999999.0 -999999.0 -999999.0 -999999.0 1.5378805 -999999.0 -999999.0 -999999.0 -999999.0 -999999.0 -999999.0 -999999.0 -999999.0 -999999.0 -999999.0 -999999.0
223.45148 222.35191 197.01088 183.86504 167.88536 151.82033 139.0367 143.42152 135.65662 135.58737 129.91774 126.902725 137.87976 153.98595 177.89233 187.47139 181.25943 183.7312 185.5327 188.77884 235.44865 291.6912 291.00003 294.72516 283.70367 251.40268 226.73029 215.59386 187.39499 157.86148 130.45274 102.76931 76.377075 54.62525 32.01236 15.340408 6.962986 -999999.0 -999999.0 19.218653 46.098747 33.628872 9.479443 -999999.0 -999999.0 -999999.0 -999999.0 -999999.0 -999999.0 -999999.0 -999999.0 -999999.0 -999999.0 -999999.0 -999999.0 -999999.0 -999999.0 -999999.0 -999999.0 -999999.0
215.998 216.5284 189.26736 175.73248 159.5863 142.87148 132.19362 123.86586 120.20858 114.67945 111.361725 110.41192 122.61103 167.68672 175.63889 180.67091 182.66205 176.37321 177.96628 151.11322 217.37163 299.5929 320.42648 319.6474 313.08923 286.54526 265.61237 231.56235 187.19417 150.14447 107.88759 54.448902 9.325807 8.831916 1.3445293 -999999.0 -999999.0 -999999.0 -999999.0 41.234 60.860367 29.590986 9.476245 3.1207874 -999999.0 -999999.0 -999999.0 -999999.0 -999999.0 -999999.0 -999999.0 -999999.0 1.4962049 -999999.0 -999999.0 -999999.0 -999999.0 -999999.0 -999999.0 -999999.0
207.95251 192.28294 192.55151 165.49821 149.23152 137.80116 119.35145 108.10888 105.77127 100.61949 99.10626 101.59003 124.53733 142.2127 156.23993 163.45932 183.41441 197.90594 180.9663 172.59512 214.96437 294.33023 329.0007 335.86685 332.54657 320.55075 277.66742 218.16132 166.02905 117.90024 72.905266 14.764114 -999999.0 -999999.0 -999999.0 -999999.0 -999999.0 -999999.0 -999999.0 16.226112 32.15995 17.636227 5.993253 3.727313 2.348388 3.2471695 5.0988264 7.412625 18.476265 -999999.0 -999999.0 -999999.0 -999999.0 -999999.0 -999999.0 -999999.0 -999999.0 -999999.0 -999999.0 -999999.0
205.79474 187.57811 170.47412 159.94038 143.65166 123.563095 111.41238 95.43819 91.31361 95.50841 96.71845 97.55762 105.76839 124.95797 144.3914 159.7055 184.28458 191.09195 184.93295 182.09 218.61606 276.16995 347.55695 370.43976 375.6643 352.7849 279.33194 217.53595 159.8805 94.37439 33.66891 -999999.0 -999999.0 -999999.0 -999999.0 -999999.0 -999999.0 -999999.0 -999999.0 -999999.0 8.591116 5.547013 3.8235593 -999999.0 1.6906762 7.0167856 15.583611 32.35308 39.87473 12.594796 -999999.0 13.110766 -999999.0 5.365314 -999999.0 -999999.0 -999999.0 -999999.0 -999999.0 -999999.0
206.82358 182.09166 156.0334 143.97401 133.95465 120.15956 100.748665 84.195076 85.42625 87.94193 87.36597 85.229645 89.59849 111.02304 134.40378 146.91414 167.66718 181.07019 182.1357 183.6422 228.18265 257.55667 345.18817 381.18076 391.6449 351.08417 273.7702 210.63205 148.96484 71.05494 4.110786 -999999.0 -999999.0 -999999.0 -999999.0 -999999.0 -999999.0 -999999.0 -999999.0 -999999.0 -999999.0 -999999.0 -999999.0 -999999.0 -999999.0 8.337758 17.45888 27.313332 33.754986 30.320024 -999999.0 -999999.0 -999999.0 -999999.0 -999999.0 -999999.0 -999999.0 -999999.0 -999999.0 -999999.0
199.8233 180.34721 152.73643 138.22804 124.73267 113.3965 95.22874 80.98845 73.67906 78.09341 74.50954 61.62577 81.26762 102.26345 114.83107 129.48167 152.22632 174.02214 184.44052 202.87645 233.29367 266.08688 329.74576 356.6271 353.3345 322.4155 261.7324 209.65247 130.56856 57.854534 -999999.0 -999999.0 -999999.0 -999999.0 -999999.0 -999999.0 -999999.0 -999999.0 -999999.0 -999999.0 -999999.0 -999999.0 -999999.0 -999999.0 -999999.0 5.50802 14.336367 15.9958 11.788492 9.56324 -999999.0 -999999.0 -999999.0 -999999.0 -999999.0 -999999.0 -999999.0 -999999.0 -999999.0 -999999.0
188.62915 170.43796 151.76976 131.16003 113.441284 99.62969 87.30758 76.65384 63.36176 69.820694 75.95924 71.5794 81.92215 102.106865 108.80042 117.392654 134.62968 155.15807 190.39722 211.90797 233.5029 268.79337 314.1891 322.64413 313.09363 288.40604 236.91487 191.041 122.473236 43.17205 -999999.0 -999999.0 -999999.0 -999999.0 -999999.0 -999999.0 -999999.0 -999999.0 -999999.0 -999999.0 -999999.0 -999999.0 -999999.0 -999999.0 -999999.0 -999999.0 12.913156 13.911226 3.463383 -999999.0 -999999.0 -999999.0 -999999.0 -999999.0 -999999.0 -999999.0 -999999.0 -999999.0 -999999.0 -999999.0
178.33028 155.36223 141.26132 122.74705 105.49445 82.22098 70.63178 73.245026 62.324795 76.24603 84.03556 80.88144 77.95709 97.09943 105.0936 119.39922 136.82396 162.48434 187.55862 216.79596 243.2582 257.55234 284.5932 292.243 269.75018 238.25089 212.94795 153.68172 88.53929 21.760916 -999999.0 -999999.0 -999999.0 -999999.0 -999999.0 -999999.0 -999999.0 -999999.0 -999999.0 -999999.0 -999999.0 -999999.0 -999999.0 -999999.0 -999999.0 -999999.0 12.101598 17.31527 -999999.0 -999999.0 -999999.0 -999999.0 -999999.0 -999999.0 -999999.0 -999999.0 -999999.0 -999999.0 -999999.0 -999999.0
168.24165 147.0282 132.33673 116.28927 98.17771 80.3229 65.00825 61.585148 63.461155 78.516426 92.94117 88.20663 83.35457 92.23514 116.26044 128.27448 131.51593 150.1473 181.73515 199.08096 225.89531 232.47893 264.07608 280.07224 251.51256 219.3372 171.24203 112.67347 54.103947 2.7213488 -999999.0 -999999.0 -999999.0 -999999.0 -999999.0 19.939726 31.712969 14.756373 -999999.0 -999999.0 -999999.0 -999999.0 -999999.0 -999999.0 -999999.0 -999999.0 11.395835 16.809027 -999999.0 -999999.0 -999999.0 -999999.0 -999999.0 -999999.0 -999999.0 -999999.0 -999999.0 -999999.0 -999999.0 -999999.0
156.93008 138.72466 121.153366 105.218956 87.95988 72.53736 61.09181 54.837082 58.200314 92.25338 114.08709 105.255455 96.11939 105.283226 125.101204 130.06128 128.38072 140.00594 159.52486 176.27484 194.4342 211.29582 220.61824 229.04538 220.77534 172.48727 121.71124 69.853905 23.952833 -999999.0 -999999.0 -999999.0 -999999.0 -999999.0 -999999.0 42.367435 54.584904 20.51976 -999999.0 -999999.0 -999999.0 -999999.0 -999999.0 -999999.0 -999999.0 -999999.0 10.943181 20.266632 -999999.0 -999999.0 -999999.0 -999999.0 -999999.0 10.364302 33.658615 -999999.0 -999999.0 -999999.0 -999999.0 -999999.0
142.4989 129.2315 118.44354 104.71423 87.7011 69.63313 58.993507 58.77445 60.47269 94.4367 118.79554 120.59909 117.4277 126.956184 143.56044 150.17235 148.93228 147.25874 153.70639 167.82823 179.49881 184.03905 182.75049 189.09763 174.49927 144.60997 88.85858 35.913628 7.8200383 -999999.0 -999999.0 -999999.0 -999999.0 -999999.0 -999999.0 31.346416 35.827847 2.392535 -999999.0 -999999.0 -999999.0 -999999.0 -999999.0 -999999.0 -999999.0 -999999.0 1.703332 -999999.0 -999999.0 -999999.0 -999999.0 -999999.0 -999999.0 37.10621 31.50259 -999999.0 -999999.0 -999999.0 -999999.0 -999999.0
122.17439 115.16546 115.87326 111.88482 88.91928 70.95004 59.51616 68.08603 73.44205 92.741295 112.76931 131.55753 143.47554 150.77324 166.512 185.53052 168.94832 145.59926 146.13426 145.7426 154.62901 149.48717 162.76291 139.35251 130.26593 117.88205 73.454025 28.306967 2.6913955 -999999.0 -999999.0 -999999.0 -999999.0 -999999.0 -999999.0 -999999.0 -999999.0 -999999.0 -999999.0 -999999.0 -999999.0 -999999.0 -999999.0 -999999.0 -999999.0 -999999.0 -999999.0 -999999.0 -999999.0 -999999.0 -999999.0 -999999.0 -999999.0 -999999.0 -999999.0 -999999.0 -999999.0 -999999.0 -999999.0 -999999.0
103.54132 97.34168 99.65232 99.53183 86.228645 75.174545 70.04538 74.89448 65.330505 79.17256 99.42538 115.9077 139.84639 155.19337 172.93733 176.55779 163.73923 139.27466 126.78826 129.49936 136.86023 143.02225 163.24539 141.82217 117.054985 100.781815 69.522835 33.10668 6.690881 -999999.0 -999999.0 -999999.0 -999999.0 -999999.0 -999999.0 -999999.0 -999999.0 -999999.0 -999999.0 -999999.0 -999999.0 -999999.0 -999999.0 -999999.0 -999999.0 -999999.0 -999999.0 -999999.0 -999999.0 -999999.0 19.663832 -999999.0 -999999.0 -999999.0 -999999.0 -999999.0 -999999.0 -999999.0 -999999.0 -999999.0
83.34952 79.48555 82.40415 85.28381 82.13063 80.87194 84.82746 80.306656 75.1796 70.20213 88.027405 116.08147 122.01692 145.0394 165.83923 172.04288 157.11096 138.1882 114.237854 120.22467 135.15105 158.85669 149.98636 137.40903 123.19995 104.97964 65.939804 34.75168 3.5476818 -999999.0 -999999.0 -999999.0 -999999.0 -999999.0 -999999.0 -999999.0 -999999.0 -999999.0 -999999.0 -999999.0 -999999.0 -999999.0 -999999.0 -999999.0 -999999.0 -999999.0 -999999.0 -999999.0 -999999.0 19.50334 -999999.0 -999999.0 -999999.0 -999999.0 -999999.0 -999999.0 -999999.0 -999999.0 -999999.0 -999999.0
72.55462 67.68507 69.62548 79.496445 87.08127 91.54332 95.14831 86.48645 77.51443 69.076485 88.203896 115.36657 113.504684 132.32474 148.00789 165.63461 175.65952 153.2748 115.68062 126.56217 142.51097 167.35889 164.84726 158.16272 141.63483 110.61946 60.203957 37.09161 11.236643 -999999.0 -999999.0 -999999.0 -999999.0 -999999.0 -999999.0 -999999.0 -999999.0 -999999.0 -999999.0 -999999.0 -999999.0 -999999.0 -999999.0 -999999.0 -999999.0 -999999.0 -999999.0 -999999.0 14.312423 57.260445 -999999.0 -999999.0 -999999.0 -999999.0 -999999.0 -999999.0 -999999.0 -999999.0 -999999.0 -999999.0
59.646614 58.196728 64.30511 78.88504 92.18398 98.52804 96.34969 93.103615 92.016525 81.692055 100.90816 126.41646 119.80074 130.12521 138.68172 162.2834 194.25644 181.6901 159.06038 152.10265 150.50223 168.01776 206.63731 190.18568 148.96309 111.4861 60.17836 36.313095 23.344988 8.349326 -999999.0 -999999.0 -999999.0 -999999.0 -999999.0 -999999.0 -999999.0 -999999.0 -999999.0 -999999.0 -999999.0 -999999.0 -999999.0 -999999.0 -999999.0 1.3607366 4.811519 2.9272623 24.81651 -999999.0 -999999.0 -999999.0 -999999.0 -999999.0 -999999.0 -999999.0 -999999.0 -999999.0 -999999.0 -999999.0
50.865845 51.333015 63.522907 79.190956 98.52766 104.63425 98.972626 102.51789 113.375114 104.49243 117.35653 144.50014 140.51512 144.90271 157.28226 169.63191 191.03754 207.77176 202.55818 183.03716 168.67183 190.31056 244.14462 203.14056 146.19316 112.81076 67.91971 44.677223 32.901978 20.354992 3.7096832 -999999.0 -999999.0 -999999.0 -999999.0 -999999.0 -999999.0 -999999.0 -999999.0 -999999.0 -999999.0 -999999.0 -999999.0 -999999.0 7.108053 1.5386645 3.577433 -999999.0 7.127919 -999999.0 -999999.0 -999999.0 -999999.0 -999999.0 -999999.0 -999999.0 -999999.0 -999999.0 -999999.0 -999999.0
44.59351 47.470734 61.779095 77.491646 94.241325 105.576225 108.410484 107.63411 119.20037 121.78869 139.73994 152.81725 172.45056 174.36702 168.54106 159.32173 155.30876 201.53473 251.95403 219.1298 209.50154 259.6551 228.35106 190.4586 163.05772 124.80357 84.080826 50.95934 36.344875 27.579023 11.251592 -999999.0 -999999.0 -999999.0 -999999.0 -999999.0 -999999.0 -999999.0 -999999.0 -999999.0 -999999.0 -999999.0 -999999.0 -999999.0 -999999.0 -999999.0 3.0449133 -999999.0 -999999.0 -999999.0 -999999.0 -999999.0 -999999.0 -999999.0 -999999.0 -999999.0 -999999.0 -999999.0 -999999.0 -999999.0
41.138367 43.348427 57.800125 79.32824 95.29003 104.028595 114.20809 119.53969 126.744194 147.34647 171.93834 188.93465 185.15833 184.83415 156.53564 148.92308 170.13979 188.21767 257.0103 266.09677 263.68787 284.30078 242.95511 206.14247 178.62047 136.35135 93.84744 53.035946 46.603622 27.755447 13.06788 0.6996468 -999999.0 -999999.0 -999999.0 -999999.0 -999999.0 -999999.0 -999999.0 -999999.0 -999999.0 -999999.0 -999999.0 -999999.0 -999999.0 -999999.0 -999999.0 -999999.0 -999999.0 -999999.0 -999999.0 -999999.0 -999999.0 -999999.0 -999999.0 -999999.0 -999999.0 -999999.0 -999999.0 -999999.0
37.949905 42.18509 56.23236 74.81369 97.74478 111.421936 121.24042 130.11989 139.1593 158.50871 185.50229 209.98192 195.88727 180.18407 153.71568 170.67569 201.03377 221.74928 291.2644 292.00348 271.87146 253.63225 225.90225 207.8654 186.6889 138.52641 85.23549 53.289223 47.585262 40.27828 20.224932 9.822008 -999999.0 -999999.0 -999999.0 -999999.0 -999999.0 -999999.0 -999999.0 -999999.0 -999999.0 -999999.0 -999999.0 -999999.0 -999999.0 -999999.0 -999999.0 2.7877266 -999999.0 -999999.0 -999999.0 -999999.0 -999999.0 -999999.0 -999999.0 -999999.0 -999999.0 -999999.0 -999999.0 -999999.0
35.685135 44.44479 61.97271 82.62438 99.49141 114.79791 125.65971 135.31775 152.8319 166.76321 183.25092 196.40605 194.78363 195.11823 188.8777 200.8592 225.95024 242.5321 296.56503 298.3749 253.70885 220.22353 197.83711 183.25142 165.85512 136.19862 88.02757 54.207546 62.834442 55.82645 45.103813 24.87882 4.4982853 -999999.0 -999999.0 -999999.0 1.5428296 11.591052 17.123857 9.0792465 -999999.0 -999999.0 -999999.0 -999999.0 -999999.0 -999999.0 -999999.0 9.704398 -999999.0 -999999.0 -999999.0 -999999.0 -999999.0 -999999.0 -999999.0 -999999.0 -999999.0 -999999.0 -999999.0 -999999.0
43.042545 46.488205 67.86045 96.82547 112.87785 125.83485 138.43028 147.68187 167.83209 180.8273 196.77592 215.93158 218.71361 213.23747 209.70454 224.4689 236.057 237.88974 258.83142 267.632 241.87697 193.70618 178.95374 152.83124 143.02466 142.76741 109.59655 77.554245 100.565445 94.80984 71.432976 45.65051 22.21638 8.34701 -999999.0 12.1887 25.25728 39.730717 42.220287 20.722525 2.8610666 -999999.0 -999999.0 -999999.0 -999999.0 -999999.0 19.776047 7.813382 -999999.0 -999999.0 -999999.0 -999999.0 -999999.0 -999999.0 -999999.0 -999999.0 -999999.0 -999999.0 -999999.0 -999999.0
49.20476 44.20815 72.369736 97.95212 120.53231 130.63165 142.39828 152.10086 178.6155 186.1573 202.94405 237.03575 237.9637 222.70895 223.12267 220.58566 235.51515 235.18584 212.84918 229.50537 223.61273 189.42723 168.23189 144.27328 130.09755 155.73447 170.91742 123.34691 164.59537 145.30211 105.686615 72.05476 52.117695 45.418438 33.333588 31.543564 47.195885 76.3899 64.17129 29.717686 3.7250125 -999999.0 -999999.0 -999999.0 -999999.0 -999999.0 24.224457 4.29828 -999999.0 -999999.0 -999999.0 -999999.0 -999999.0 -999999.0 -999999.0 -999999.0 -999999.0 -999999.0 -999999.0 -999999.0
47.47503 45.003895 72.530655 92.97714 109.500336 124.159386 140.2518 176.0835 180.97623 173.21214 177.9445 205.19751 239.63133 240.02023 235.3744 231.06491 226.96236 211.83641 194.65683 195.689 186.76389 160.65724 147.61191 131.9516 136.37079 137.32405 141.14919 174.32672 187.86574 180.67845 156.9928 117.9372 88.00476 69.77915 50.56616 44.26598 44.033012 44.29326 45.97693 24.383785 -999999.0 -999999.0 -999999.0 -999999.0 -999999.0 -999999.0 25.666492 3.2917707 -999999.0 -999999.0 -999999.0 -999999.0 -999999.0 -999999.0 -999999.0 -999999.0 -999999.0 -999999.0 -999999.0 -999999.0
41.50706 52.723083 70.592415 85.02923 102.09721 118.64883 143.37123 160.24052 177.33104 165.84003 166.0688 185.59245 209.45192 242.24141 238.93256 229.71214 214.0721 191.43858 188.85487 174.78198 154.63168 140.07744 124.67749 112.93849 131.72678 139.47562 157.98082 211.38864 213.87746 206.88493 212.75627 167.62987 119.916916 87.11239 63.727867 40.53161 22.276537 8.481301 -999999.0 -999999.0 -999999.0 -999999.0 -999999.0 -999999.0 -999999.0 2.5812254 29.548483 -999999.0 -999999.0 -999999.0 -999999.0 -999999.0 -999999.0 -999999.0 -999999.0 -999999.0 -999999.0 -999999.0 -999999.0 -999999.0
39.168083 53.104515 64.0069 76.30766 100.18377 119.88354 140.732 150.26431 159.2254 159.75943 170.48239 182.69785 201.0813 235.46866 229.53879 208.92952 189.86275 164.10075 175.60675 149.13463 134.12 128.8874 104.8694 94.278 126.74944 147.77596 174.2557 209.88226 188.34615 206.8214 234.92041 210.25829 143.78606 104.55554 68.43733 29.055832 1.3194923 -999999.0 -999999.0 -999999.0 -999999.0 -999999.0 -999999.0 -999999.0 8.758088 22.59489 45.909863 -999999.0 -999999.0 -999999.0 -999999.0 -999999.0 -999999.0 -999999.0 -999999.0 -999999.0 -999999.0 -999999.0 -999999.0 -999999.0
