data/TNO-HT-ATES/HT-ATES_msz3/msz3__h_sampled_lod_basecase_80-45-40.asc
ncols  140
nrows  163
xllcorner  0.0
yllcorner  300000.0
cellsize  2000.0
NODATA_value  -999999.0
[rows 84 to 111 of 163, columns 0 to 62 of 140]
-999999.0 -999999.0 -999999.0 -999999.0 -999999.0 -999999.0 -999999.0 -999999.0 -999999.0 -999999.0 -999999.0 -999999.0 -999999.0 -999999.0 -999999.0 -999999.0 -999999.0 -999999.0 -999999.0 -999999.0 -999999.0 -999999.0 -999999.0 -999999.0 -999999.0 -999999.0 -999999.0 -999999.0 -999999.0 -999999.0 -999999.0 -999999.0 -999999.0 -999999.0 -999999.0 -999999.0 -999999.0 -999999.0 -999999.0 28.615 32.307495 37.3375 35.7925 32.777496 33.33 37.565 43.247498 45.699997 45.1125 46.3425 49.7025 53.6825 56.4525 51.739998 45.55 40.0325 36.3225 29.69 28.5975 28.4875 27.657501 25.079998 22.724998
-999999.0 -999999.0 -999999.0 -999999.0 -999999.0 -999999.0 -999999.0 -999999.0 -999999.0 -999999.0 -999999.0 -999999.0 -999999.0 -999999.0 -999999.0 -999999.0 -999999.0 -999999.0 -999999.0 -999999.0 -999999.0 -999999.0 -999999.0 -999999.0 -999999.0 -999999.0 -999999.0 -999999.0 -999999.0 -999999.0 -999999.0 -999999.0 -999999.0 -999999.0 -999999.0 -999999.0 -999999.0 -999999.0 24.68 20.2625 24.729998 35.3675 39.9125 37.854996 36.975 41.9325 50.14 51.6475 49.5475 49.485 52.454994 57.36 60.3225 53.940002 46.549995 41.2725 37.825 36.495 28.737497 27.925 27.312498 20.4425 7.6625
-999999.0 -999999.0 -999999.0 -999999.0 -999999.0 -999999.0 -999999.0 -999999.0 -999999.0 -999999.0 -999999.0 -999999.0 -999999.0 -999999.0 -999999.0 -999999.0 -999999.0 -999999.0 -999999.0 -999999.0 -999999.0 -999999.0 -999999.0 -999999.0 -999999.0 -999999.0 -999999.0 -999999.0 -999999.0 -999999.0 -999999.0 -999999.0 -999999.0 -999999.0 -999999.0 -999999.0 -999999.0 33.507504 23.332499 15.73 25.454998 44.719997 47.010002 43.4 39.21 37.9875 48.357502 47.78 47.7475 49.265 53.7275 60.242496 62.635 52.715 43.4625 38.484997 35.0175 29.992498 26.645 26.445 26.545 21.7725 12.369999
-999999.0 -999999.0 -999999.0 -999999.0 -999999.0 -999999.0 -999999.0 -999999.0 -999999.0 -999999.0 -999999.0 -999999.0 -999999.0 -999999.0 -999999.0 -999999.0 -999999.0 -999999.0 -999999.0 -999999.0 -999999.0 -999999.0 -999999.0 -999999.0 -999999.0 -999999.0 -999999.0 -999999.0 -999999.0 -999999.0 -999999.0 -999999.0 -999999.0 -999999.0 -999999.0 -999999.0 46.332497 39.045 27.11 17.96 41.817497 64.027504 53.67 46.985 39.035 28.7075 21.8475 35.19 41.0 45.0175 49.120003 52.585 52.249996 41.21 34.2425 31.7675 28.865 23.7875 20.39 22.222498 21.88 19.8875 16.4825
-999999.0 -999999.0 -999999.0 -999999.0 -999999.0 -999999.0 -999999.0 -999999.0 -999999.0 -999999.0 -999999.0 -999999.0 -999999.0 -999999.0 -999999.0 -999999.0 -999999.0 -999999.0 -999999.0 -999999.0 -999999.0 -999999.0 -999999.0 -999999.0 -999999.0 -999999.0 -999999.0 -999999.0 -999999.0 -999999.0 -999999.0 -999999.0 -999999.0 -999999.0 -999999.0 52.7575 54.08 47.25 35.25 26.474998 41.935 54.957497 50.457497 49.7425 42.864998 32.004997 26.1575 29.942501 34.565002 38.76 40.525 38.265 30.3575 20.34 22.422499 24.942501 23.467499 19.1175 15.449999 13.0275 15.6425 16.3275 16.1075
-999999.0 -999999.0 -999999.0 -999999.0 -999999.0 -999999.0 -999999.0 -999999.0 -999999.0 -999999.0 -999999.0 -999999.0 -999999.0 -999999.0 -999999.0 -999999.0 -999999.0 -999999.0 -999999.0 -999999.0 -999999.0 -999999.0 -999999.0 -999999.0 -999999.0 -999999.0 -999999.0 -999999.0 -999999.0 -999999.0 -999999.0 -999999.0 -999999.0 -999999.0 53.164997 53.692497 53.802498 49.767498 43.6875 38.25 39.3675 44.1325 46.602497 55.505 48.177498 38.9975 32.364998 30.932499 31.712498 33.3075 33.004997 28.457499 20.045 10.9425 19.789999 22.9975 21.6875 17.125 12.605 10.702499 12.277499 12.3475 16.665
-999999.0 -999999.0 -999999.0 -999999.0 -999999.0 -999999.0 -999999.0 -999999.0 -999999.0 -999999.0 -999999.0 -999999.0 -999999.0 -999999.0 -999999.0 -999999.0 -999999.0 -999999.0 -999999.0 -999999.0 -999999.0 -999999.0 -999999.0 -999999.0 -999999.0 -999999.0 -999999.0 -999999.0 -999999.0 -999999.0 -999999.0 53.359997 53.6475 52.6275 50.927498 50.845 50.297497 46.78 47.784996 42.1675 39.795 43.99 52.77 55.409996 50.565 44.2425 38.112495 34.39 30.822498 30.73 29.785 26.59 22.634998 20.225 24.287498 25.874998 23.4275 17.462502 14.532499 11.125 6.6825 6.44 11.525
-999999.0 -999999.0 -999999.0 -999999.0 -999999.0 -999999.0 -999999.0 -999999.0 -999999.0 -999999.0 -999999.0 -999999.0 -999999.0 -999999.0 -999999.0 -999999.0 -999999.0 -999999.0 -999999.0 -999999.0 -999999.0 -999999.0 -999999.0 -999999.0 -999999.0 -999999.0 -999999.0 -999999.0 -999999.0 -999999.0 53.375 52.6675 51.447502 47.185 45.91 46.674995 47.0375 45.3625 42.105 39.105 38.159996 41.4725 45.98 48.947502 51.122498 48.36 41.46 35.2375 33.1 31.227499 29.619999 27.9475 24.602499 24.8275 27.762499 28.7525 26.127499 23.4525 17.869999 12.0375 6.6274996 7.9025 14.98
-999999.0 -999999.0 -999999.0 -999999.0 -999999.0 -999999.0 -999999.0 -999999.0 -999999.0 -999999.0 -999999.0 -999999.0 -999999.0 -999999.0 -999999.0 -999999.0 -999999.0 -999999.0 -999999.0 -999999.0 -999999.0 -999999.0 -999999.0 -999999.0 -999999.0 -999999.0 -999999.0 -999999.0 -999999.0 -999999.0 50.5575 49.604996 48.172497 43.47 39.83 38.01 37.5725 38.37 39.045 37.34 36.53 37.104996 38.11 42.149998 47.945 46.742496 41.9925 38.565002 37.4 33.8775 29.932499 27.4575 26.685 29.7675 32.859997 33.2525 32.1725 31.734999 24.3575 16.935 15.072499 21.919998 17.9025
-999999.0 -999999.0 -999999.0 -999999.0 -999999.0 -999999.0 -999999.0 -999999.0 -999999.0 -999999.0 -999999.0 -999999.0 -999999.0 -999999.0 -999999.0 -999999.0 -999999.0 -999999.0 -999999.0 -999999.0 -999999.0 -999999.0 -999999.0 -999999.0 -999999.0 -999999.0 -999999.0 -999999.0 -999999.0 -999999.0 48.92 46.332497 43.832497 39.345 34.612495 29.210001 29.2325 35.03 40.54 37.762497 33.205 29.752499 25.982498 31.3725 41.86 39.6725 36.885002 37.32 37.8175 33.2225 28.8825 28.8175 30.6225 36.41 39.14 38.914997 38.55 37.799995 30.117498 20.315 13.9574995 12.844999 13.494999
-999999.0 -999999.0 -999999.0 -999999.0 -999999.0 -999999.0 -999999.0 -999999.0 -999999.0 -999999.0 -999999.0 -999999.0 -999999.0 -999999.0 -999999.0 -999999.0 -999999.0 -999999.0 -999999.0 -999999.0 -999999.0 -999999.0 -999999.0 -999999.0 -999999.0 -999999.0 -999999.0 -999999.0 -999999.0 -999999.0 -999999.0 44.3375 41.439995 37.1325 29.6875 20.345001 27.462498 36.275 42.58 36.84 28.34 21.2075 14.025001 20.9975 32.1625 26.404999 26.055 33.7425 35.5775 30.6775 27.8125 29.485 31.155 41.51 44.9475 45.155 45.1125 42.0725 34.795 21.377499 9.7575 3.2825 1.3125
-999999.0 -999999.0 -999999.0 -999999.0 -999999.0 -999999.0 -999999.0 -999999.0 -999999.0 -999999.0 -999999.0 -999999.0 -999999.0 -999999.0 -999999.0 -999999.0 -999999.0 -999999.0 -999999.0 -999999.0 -999999.0 -999999.0 -999999.0 -999999.0 -999999.0 -999999.0 -999999.0 -999999.0 -999999.0 -999999.0 -999999.0 43.9725 39.0 33.524998 30.08 29.179998 32.3925 38.3125 42.105 35.4025 24.7725 15.735 10.369999 20.092499 31.039997 32.3675 37.197502 39.24 34.542496 31.055 27.869999 25.5675 25.3975 40.4875 47.204998 50.625 51.5025 46.429996 37.122498 23.919998 12.9625 6.4275002 1.0124999
-999999.0 -999999.0 -999999.0 -999999.0 -999999.0 -999999.0 -999999.0 -999999.0 -999999.0 -999999.0 -999999.0 -999999.0 -999999.0 -999999.0 -999999.0 -999999.0 -999999.0 -999999.0 -999999.0 -999999.0 -999999.0 -999999.0 -999999.0 -999999.0 -999999.0 -999999.0 -999999.0 -999999.0 -999999.0 -999999.0 -999999.0 45.177498 41.185 36.3425 33.7175 34.332497 36.92 42.632496 43.789997 37.15 27.02 20.6525 19.2575 28.902498 38.2175 43.4825 45.67 38.7725 30.807499 29.619999 23.275 18.265 19.189999 23.749998 42.4325 52.155 51.847496 46.2975 36.265 25.145 15.662499 8.352499 3.6100001
-999999.0 -999999.0 -999999.0 -999999.0 -999999.0 -999999.0 -999999.0 -999999.0 -999999.0 -999999.0 -999999.0 -999999.0 -999999.0 -999999.0 -999999.0 -999999.0 -999999.0 -999999.0 -999999.0 -999999.0 -999999.0 -999999.0 -999999.0 -999999.0 -999999.0 -999999.0 -999999.0 -999999.0 -999999.0 -999999.0 -999999.0 -999999.0 43.534996 42.035 38.43 37.6075 42.277496 46.08 47.7175 43.66 37.085 37.0325 40.5675 43.7075 47.817497 51.095 48.3125 33.6275 22.884998 24.787498 15.0725 13.9 16.297499 20.9625 23.21 48.355 50.105 43.987495 33.754997 25.23 17.39 9.6925 5.9749994
-999999.0 -999999.0 -999999.0 -999999.0 -999999.0 -999999.0 -999999.0 -999999.0 -999999.0 -999999.0 -999999.0 -999999.0 -999999.0 -999999.0 -999999.0 -999999.0 -999999.0 -999999.0 -999999.0 -999999.0 -999999.0 -999999.0 -999999.0 -999999.0 -999999.0 -999999.0 -999999.0 -999999.0 50.84 45.985 41.642498 -999999.0 40.195 46.36 47.067497 46.344997 50.22 51.8825 54.227497 54.254997 52.574997 57.817497 61.9125 57.6325 56.614998 58.1425 54.1025 44.8425 34.122498 36.602497 26.1475 17.867498 16.935001 19.994999 23.04 29.025 45.19 40.1975 31.597498 24.747498 16.189999 12.0725 9.182499
-999999.0 -999999.0 -999999.0 -999999.0 -999999.0 -999999.0 -999999.0 -999999.0 -999999.0 -999999.0 -999999.0 -999999.0 -999999.0 -999999.0 -999999.0 -999999.0 -999999.0 -999999.0 -999999.0 -999999.0 -999999.0 -999999.0 -999999.0 -999999.0 -999999.0 40.74 43.9975 47.212498 49.0125 51.7275 43.445 36.3125 38.512497 46.8075 50.0025 51.3675 57.0925 57.242496 59.7025 63.337498 59.6525 63.6275 65.575 63.3975 60.534996 57.642498 54.92 49.61 44.780003 40.192497 31.039999 22.7025 22.355 21.182499 24.465 28.3375 43.252495 36.8275 30.072498 24.935001 19.8525 10.905 7.185
-999999.0 -999999.0 -999999.0 -999999.0 -999999.0 -999999.0 -999999.0 -999999.0 -999999.0 -999999.0 -999999.0 -999999.0 -999999.0 -999999.0 -999999.0 -999999.0 -999999.0 -999999.0 -999999.0 -999999.0 -999999.0 -999999.0 -999999.0 -999999.0 -999999.0 38.207497 41.549995 47.184998 51.3825 53.815 41.995 36.5025 41.4725 45.9425 49.405 54.472496 62.179996 59.364998 58.5375 56.609997 55.8275 59.4725 61.1 62.2325 57.7225 53.3275 50.985 48.684998 42.769997 32.177498 22.564999 13.802499 8.815001 34.0025 26.6275 15.469999 41.0225 35.69 28.6875 23.5425 14.7575 10.785 4.4125
-999999.0 -999999.0 -999999.0 -999999.0 -999999.0 -999999.0 -999999.0 -999999.0 -999999.0 -999999.0 -999999.0 -999999.0 -999999.0 -999999.0 -999999.0 -999999.0 -999999.0 -999999.0 -999999.0 -999999.0 -999999.0 -999999.0 -999999.0 -999999.0 -999999.0 36.715 40.467495 46.34 51.93 55.177498 50.135002 41.275 44.29 47.175 57.019997 60.64 62.617496 60.0925 56.464996 50.464996 49.600002 54.2 58.175 58.089996 53.544994 49.237495 46.542496 41.5 32.864998 23.972498 12.785 5.84 14.457499 13.2175 9.39 12.5525 30.885 36.57 31.907497 20.73 10.055 6.74 -999999.0
-999999.0 -999999.0 -999999.0 -999999.0 -999999.0 -999999.0 -999999.0 -999999.0 -999999.0 -999999.0 -999999.0 -999999.0 -999999.0 -999999.0 -999999.0 -999999.0 -999999.0 -999999.0 -999999.0 -999999.0 -999999.0 -999999.0 -999999.0 -999999.0 -999999.0 35.23 39.532497 44.5425 50.2725 55.497498 57.9275 51.332497 46.222496 49.0575 64.285 71.0175 66.5225 61.8975 57.0925 51.605 50.5275 54.9075 57.507496 55.3575 52.725 51.6625 48.594997 43.2625 37.4625 27.262497 7.12 11.235 9.4875 9.55 16.5 -999999.0 22.7375 29.325 22.2975 15.1975 7.9174995 2.475 1.73
-999999.0 -999999.0 -999999.0 -999999.0 -999999.0 -999999.0 -999999.0 -999999.0 -999999.0 -999999.0 -999999.0 -999999.0 -999999.0 -999999.0 -999999.0 -999999.0 -999999.0 -999999.0 -999999.0 -999999.0 -999999.0 -999999.0 -999999.0 -999999.0 30.835 34.7575 38.745 42.5775 48.3475 56.0225 64.63 65.212494 56.2375 52.4725 67.81 74.997505 70.03 62.8075 55.785 50.545 49.159996 51.297497 53.437496 53.012497 53.547497 52.675 50.102497 49.9725 48.355 39.81 22.1675 15.66 6.6975 5.8500004 6.105 0.38 0.63 13.004999 12.089999 9.9025 5.5625 -999999.0 -999999.0
-999999.0 -999999.0 -999999.0 -999999.0 -999999.0 -999999.0 -999999.0 -999999.0 -999999.0 -999999.0 -999999.0 -999999.0 -999999.0 -999999.0 -999999.0 -999999.0 -999999.0 -999999.0 -999999.0 25.035 21.4575 19.914999 31.729998 31.802498 31.037498 33.6125 37.729996 41.6075 47.762497 53.674995 63.052498 73.14 78.015 68.9575 68.759995 73.095 69.86 60.0225 51.682495 46.934998 45.975 47.0075 48.645 51.9075 53.322502 53.4775 51.285 53.244995 49.9525 42.687496 22.0175 16.98 14.68 9.0824995 3.8225 -999999.0 2.7399998 11.512501 6.77 3.435 2.1275 -999999.0 -999999.0
-999999.0 -999999.0 -999999.0 -999999.0 -999999.0 -999999.0 -999999.0 -999999.0 -999999.0 -999999.0 -999999.0 -999999.0 -999999.0 -999999.0 -999999.0 -999999.0 -999999.0 -999999.0 -999999.0 23.454998 18.789999 23.637499 25.887499 29.915 31.482498 29.135 34.760002 44.454998 45.51 50.0725 57.460003 66.7825 74.01 73.517494 73.6875 73.417496 65.677505 54.4825 49.15 43.657497 46.0175 50.152496 53.114998 53.089996 50.78 53.07 51.059998 48.7 45.075 37.127502 28.864998 23.699999 21.58 15.9225 5.8875 -999999.0 0.1525 33.675 2.5275002 -999999.0 1.1975 -999999.0 -999999.0
-999999.0 -999999.0 -999999.0 -999999.0 -999999.0 -999999.0 -999999.0 -999999.0 -999999.0 -999999.0 -999999.0 -999999.0 -999999.0 -999999.0 -999999.0 -999999.0 -999999.0 -999999.0 18.625 24.774998 23.9725 26.34 22.705 28.4925 30.735 32.9625 32.0125 35.605 40.71 44.405 50.879997 59.552498 66.3025 71.9225 74.59 75.9825 68.439995 61.947502 56.2525 51.352497 50.335 58.749996 58.079998 49.549995 44.505 43.4575 42.85 41.487495 38.665 34.535 30.644999 30.06 27.0425 16.9525 8.5525 0.6424999 -999999.0 3.9325 -999999.0 -999999.0 -999999.0 -999999.0 -999999.0
-999999.0 -999999.0 -999999.0 -999999.0 -999999.0 -999999.0 -999999.0 -999999.0 -999999.0 -999999.0 -999999.0 -999999.0 -999999.0 -999999.0 -999999.0 -999999.0 -999999.0 -999999.0 -999999.0 16.827501 27.5525 27.935 21.0775 23.289999 26.9025 31.269999 33.114998 33.5025 36.995003 37.052498 44.7175 52.49 57.727497 66.229996 68.1875 67.5775 67.237495 66.89749 62.0375 58.53 55.6975 57.4075 54.58 47.0 39.5325 37.135002 35.045 34.565 30.807499 29.647501 24.6975 22.695 18.1675 10.455 4.83 -999999.0 -999999.0 -999999.0 7.5074997 -999999.0 -999999.0 -999999.0 -999999.0
-999999.0 -999999.0 -999999.0 -999999.0 -999999.0 -999999.0 -999999.0 -999999.0 -999999.0 -999999.0 -999999.0 -999999.0 -999999.0 -999999.0 -999999.0 -999999.0 -999999.0 -999999.0 -999999.0 -999999.0 20.519999 23.809998 21.4025 20.502499 22.1225 27.232498 31.572498 28.455 35.670002 24.025 41.199997 45.857502 47.114998 61.412502 56.0925 53.692497 57.7025 60.229996 59.9475 55.844997 51.7325 50.322502 48.159996 45.079998 36.8975 33.275 29.265 26.3175 24.82 23.342499 17.9225 14.555 10.452499 5.785 1.1225 -999999.0 -999999.0 -999999.0 -999999.0 -999999.0 -999999.0 -999999.0 -999999.0
-999999.0 -999999.0 -999999.0 -999999.0 -999999.0 -999999.0 -999999.0 -999999.0 -999999.0 -999999.0 -999999.0 -999999.0 -999999.0 -999999.0 -999999.0 -999999.0 -999999.0 -999999.0 -999999.0 15.4375 21.555 20.7425 19.672499 19.0625 21.41 23.05 27.342499 29.3475 34.614998 29.905 27.617498 41.68 36.42 37.5725 44.149998 47.7025 51.809998 56.4 57.472496 57.59 51.3425 45.8675 41.7175 39.275 34.9775 31.39 24.99 21.6325 19.03 16.725 14.5575 13.224999 7.2175 10.049999 6.8924994 -999999.0 -999999.0 -999999.0 -999999.0 -999999.0 -999999.0 -999999.0 -999999.0
-999999.0 -999999.0 -999999.0 -999999.0 -999999.0 -999999.0 -999999.0 -999999.0 -999999.0 -999999.0 -999999.0 -999999.0 -999999.0 -999999.0 -999999.0 -999999.0 -999999.0 -999999.0 7.63 9.1275 12.23 16.164999 15.9025 14.874999 14.3025 13.73 16.6175 21.824999 28.0025 31.71 28.15 28.974998 25.277498 25.9 29.837498 36.9675 49.155 52.024998 52.7075 49.85 43.5225 38.69 35.86 34.255 29.8 28.3 23.425 20.06 19.002499 15.779999 13.4625 10.575001 3.5724998 18.91 16.695 4.4125004 0.9499999 3.115 -999999.0 -999999.0 -999999.0 -999999.0 -999999.0
-999999.0 -999999.0 -999999.0 -999999.0 -999999.0 -999999.0 -999999.0 -999999.0 -999999.0 -999999.0 -999999.0 -999999.0 -999999.0 -999999.0 -999999.0 -999999.0 -999999.0 -999999.0 -999999.0 8.6425 12.895 14.662499 13.5875 8.127501 8.3375 10.272499 11.5825 17.8 22.2125 22.555 19.625 16.14 14.427499 15.9525 19.5975 27.6675 39.58 43.1875 42.235 34.18 30.9925 28.5625 27.97 26.060001 24.592499 24.650002 21.717499 17.189999 16.564999 15.642499 13.602499 12.1050005 5.4599996 10.1449995 10.702499 1.51 3.9774997 4.0924997 11.4175 -999999.0 -999999.0 5.7075 6.1049995
